0.5162510567242753
0.5786298269344067
0.5670471209192076
0.5576159061540013
0.550356658029675
0.5448990719156571
0.5408694012801738
0.5379332212338126
0.535813192805022
0.5342909241170496
0.533200519319556
0.5324190943966814
0.531857219206101
0.5314506104069601
0.5311534580348741
0.5309333120579138
0.5307672807854983
0.5306392603812087
0.5305379427641919
0.5304553962707125
0.5303860607381014
0.530326039077518
0.5302725993386431
0.5302238254271874
0.5301783724232223
0.530135295319463
0.5300939292059127
0.53005380546272
0.530014593137437
0.5299760579289178
0.529938033477801
0.5299004012589381
0.5298630764872918
0.5298259982290423
0.5297891224547295
0.5297524171519521
0.5297158588809572
0.5296794303420697
0.5296431186535056
0.529606914128626
0.5295708094049106
0.5295347988211143
0.5294988779699532
0.5294630433752759
0.5294272922577936
0.5293916223640446
0.529356031840697
0.529320519141509
0.529285082957942
0.5292497221670007
0.5292144357917045
0.5291792229708805
0.5291440829358948
0.5291090149925786
0.5290740185070817
0.5290390928947195
0.529004237611118
0.5289694521451374
0.5289347360131851
0.5289000887546219
0.5288655099280326
0.5288309991081844
0.528796555883541
0.5287621798542196
0.5287278706303109
0.5286936278304915
0.5286594510808762
0.5286253400140677
0.5285912942683662
0.528557313487114
0.5285233973181469
0.528489545413339
0.5284557574282215
0.5284220330216626
0.5283883718556015
0.5283547735948236
0.528321237906771
0.5282877644613849
0.5282543529309698
0.5282210029900812
0.5281877143154279
0.52815448658579
0.5281213194819498
0.5280882126866295
0.5280551658844406
0.528022178761838
0.5279892510070813
0.5279563823101999
0.5279235723629632
0.5278908208588523
0.5278581274930377
0.5278254919623558
0.5277929139652906
0.5277603932019543
0.5277279293740718
0.5276955221849637
0.527663171339534
0.5276308765442541
0.527598637507152
0.5275664539377981
0.5275343255472948
0.5275022520482652
0.5274702331548407
0.527438268582652
0.5274063580488177
0.5273745012719353
0.5273426979720701
0.527310947870747
0.5272792506909387
0.527247606157059
0.5272160139949527
0.527184473931885
0.5271529856965349
0.5271215490189851
0.527090163630713
0.5270588292645835
0.5270275456548382
0.5269963125370891
0.5269651296483092
0.5269339967268238
0.5269029135123033
0.5268718797457541
0.526840895169511
0.5268099595272293
0.5267790725638759
0.5267482340257227
0.5267174436603376
0.5266867012165777
0.5266560064445807
0.5266253590957579
0.5265947589227864
0.5265642056796009
0.5265336991213877
0.5265032390045755
0.5264728250868298
0.5264424571270436
0.5264121348853321
0.5263818581230242
0.5263516266026557
0.5263214400879623
0.5262912983438726
0.5262612011365005
0.5262311482331394
0.5262011394022541
0.5261711744134746
0.5261412530375892
0.5261113750465378
0.526081540213405
0.5260517483124137
0.526021999118918
0.5259922924093975
0.5259626279614503
0.525933005553786
0.5259034249662203
0.5258738859796682
0.5258443883761377
0.5258149319387231
0.5257855164515992
0.5257561417000158
0.5257268074702901
0.5256975135498013
0.5256682597269854
0.5256390457913275
0.5256098715333573
0.5255807367446423
0.5255516412177825
0.5255225847464043
0.5254935671251544
0.5254645881496945
0.5254356476166957
0.5254067453238325
0.5253778810697772
0.5253490546541941
0.5253202658777347
0.5252915145420314
0.5252628004496926
0.5252341234042969
0.5252054832103875
0.525176879673468
0.5251483125999954
0.5251197817973763
0.5250912870739606
0.525062828239037
0.5250344051028277
0.5250060174764829
0.524977665172076
0.5249493480025986
0.5249210657819556
0.5248928183249596
0.5248646054473262
0.5248364269656699
0.5248082826974981
0.5247801724612069
0.5247520960760759
0.5247240533622636
0.5246960441408027
0.524668068233596
0.5246401254634099
0.5246122156538718
0.5245843386294643
0.5245564942155212
0.5245286822382222
0.5245009025245893
0.5244731549024815
0.5244454392005913
0.5244177552484389
0.5243901028763692
0.524362481915547
0.5243348921979517
0.5243073335563744
0.524279805824413
0.5242523088364676
0.524224842427737
0.5241974064342141
0.5241700006926818
0.5241426250407086
0.5241152793166455
0.5240879633596203
0.524060677009535
0.5240334201070611
0.5240061924936358
0.523978994011458
0.5239518245034842
0.5239246838134248
0.5238975717857401
0.5238704882656365
0.5238434330990629
0.5238164061327062
0.5237894072139881
0.5237624361910616
0.5237354929128063
0.5237085772288258
0.523681688989443
0.5236548280456973
0.5236279942493405
0.523601187452833
0.5235744075093413
0.5235476542727325
0.523520927597573
0.5234942273391232
0.5234675533533351
0.5234409054968482
0.5234142836269866
0.5233876876017547
0.5233611172798351
0.5233345725205842
0.5233080531840287
0.5232815591308637
0.5232550902224473
0.5232286463207994
0.5232022272885968
0.5231758329891707
0.5231494632865039
0.5231231180452265
0.523096797130613
0.5230705004085805
0.5230442277456836
0.5230179790091124
0.5229917540666893
0.522965552786866
0.5229393750387191
0.5229132206919495
0.5228870896168776
0.5228609816844404
0.5228348967661889
0.5228088347342859
0.522782795461501
0.5227567788212099
0.5227307846873899
0.5227048129346179
0.5226788634380675
0.522652936073505
0.5226270307172886
0.5226011472463632
0.5225752855382596
0.5225494454710912
0.5225236269235498
0.5224978297749051
0.5224720539050003
0.5224462991942502
0.5224205655236384
0.5223948527747135
0.522369160829589
0.5223434895709376
0.5223178388819908
0.5222922086465352
0.5222665987489102
0.5222410090740054
0.5222154395072586
0.5221898899346515
0.522164360242709
0.5221388503184963
0.5221133600496155
0.5220878893242041
0.5220624380309318
0.5220370060589982
0.5220115932981313
0.5219861996385833
0.5219608249711295
0.5219354691870659
0.5219101321782059
0.5218848138368783
0.5218595140559257
0.5218342327287011
0.521808969749066
0.5217837250113877
0.5217584984105383
0.5217332898418905
0.5217080992013167
0.5216829263851861
0.5216577712903627
0.5216326338142029
0.5216075138545533
0.5215824113097483
0.5215573260786088
0.5215322580604383
0.5215072071550227
0.5214821732626262
0.5214571562839909
0.5214321561203328
0.5214071726733418
0.5213822058451776
0.521357255538469
0.5213323216563108
0.5213074041022624
0.5212825027803454
0.5212576175950413
0.52123274845129
0.5212078952544877
0.5211830579104842
0.5211582363255816
0.5211334304065315
0.5211086400605345
0.5210838651952359
0.5210591057187257
0.5210343615395365
0.5210096325666399
0.5209849187094463
0.5209602198778018
0.520935535981987
0.5209108669327154
0.5208862126411296
0.5208615730188016
0.52083694797773
0.5208123374303376
0.5207877412894708
0.5207631594683961
0.5207385918807997
0.5207140384407848
0.5206894990628703
0.5206649736619884
0.5206404621534831
0.5206159644531085
0.5205914804770271
0.5205670101418068
0.5205425533644212
0.5205181100622459
0.5204936801530581
0.5204692635550339
0.5204448601867466
0.5204204699671661
0.5203960928156552
0.5203717286519702
0.5203473773962572
0.5203230389690512
0.5202987132912744
0.5202744002842349
0.5202500998696233
0.520225811969514
0.5202015365063603
0.520177273402995
0.5201530225826275
0.5201287839688431
0.5201045574856005
0.5200803430572304
0.5200561406084344
0.5200319500642824
0.520007771350212
0.5199836043920261
0.5199594491158919
0.5199353054483385
0.5199111733162562
0.5198870526468945
0.5198629433678602
0.5198388454071166
0.5198147586929814
0.5197906831541247
0.5197666187195686
0.5197425653186848
0.5197185228811931
0.5196944913371602
0.5196704706169979
0.5196464606514618
0.5196224613716496
0.5195984727089993
0.5195744945952887
0.5195505269626324
0.5195265697434819
0.5195026228706225
0.5194786862771734
0.5194547598965849
0.5194308436626375
0.5194069375094408
0.5193830413714311
0.5193591551833708
0.5193352788803464
0.5193114123977675
0.5192875556713645
0.5192637086371883
0.5192398712316082
0.5192160433913104
0.5191922250532969
0.5191684161548837
0.5191446166336997
0.5191208264276854
0.5190970454750905
0.5190732737144741
0.5190495110847022
0.5190257575249462
0.5190020129746822
0.5189782773736884
0.5189545506620462
0.5189308327801357
0.5189071236686364
0.5188834232685249
0.5188597315210742
0.5188360483678518
0.5188123737507185
0.5187887076118268
0.5187650498936199
0.5187414005388307
0.5187177594904795
0.5186941266918726
0.5186705020866026
0.5186468856185452
0.5186232772318586
0.5185996768709826
0.5185760844806361
0.5185525000058171
0.5185289233918003
0.5185053545841369
0.5184817935286518
0.5184582401714437
0.5184346944588828
0.5184111563376099
0.518387625754535
0.5183641026568366
0.5183405869919593
0.518317078707613
0.518293577751772
0.5182700840726727
0.5182465976188136
0.5182231183389535
0.518199646182109
0.5181761810975554
0.5181527230348235
0.5181292719436995
0.5181058277742232
0.518082390476687
0.5180589600016343
0.518035536299858
0.5180121193224003
0.5179887090205506
0.517965305345844
0.5179419082500605
0.5179185176852238
0.5178951336035997
0.5178717559576954
0.517848384700257
0.51782501978427
0.5178016611629568
0.5177783087897752
0.5177549626184187
0.5177316226028134
0.517708288697118
0.5176849608557224
0.5176616390332456
0.5176383231845354
0.5176150132646669
0.5175917092289407
0.5175684110328826
0.517545118632242
0.5175218319829897
0.5174985510413181
0.5174752757636396
0.5174520061065843
0.5174287420270003
0.5174054834819513
0.5173822304287158
0.5173589828247861
0.5173357406278668
0.517312503795873
0.5172892722869304
0.5172660460593732
0.5172428250717421
0.5172196092827852
0.5171963986514547
0.5171731931369067
0.5171499926984998
0.5171267972957934
0.5171036068885477
0.5170804214367208
0.5170572409004689
0.5170340652401442
0.5170108944162941
0.5169877283896596
0.5169645671211746
0.5169414105719643
0.5169182587033437
0.5168951114768174
0.5168719688540769
0.5168488307970007
0.5168256972676525
0.5168025682282795
0.5167794436413123
0.5167563234693625
0.5167332076752222
0.516710096221863
0.5166869890724336
0.5166638861902599
0.5166407875388426
0.5166176930818571
0.5165946027831516
0.5165715166067456
0.5165484345168295
0.5165253564777629
0.5165022824540729
0.516479212410454
0.5164561463117655
0.5164330841230316
0.5164100258094394
0.5163869713363374
0.516363920669235
0.5163408737738009
0.516317830615862
0.516294791161402
0.5162717553765597
0.5162487232276287
0.5162256946810558
0.5162026697034396
0.5161796482615293
0.5161566303222231
0.516133615852568
0.5161106048197572
0.5160875971911305
0.5160645929341705
0.5160415920165047
0.5160185944059013
0.5159956000702696
0.5159726089776582
0.5159496210962534
0.515926636394379
0.515903654840494
0.515880676403192
0.5158577010511992
0.5158347287533741
0.5158117594787053
0.5157887931963111
0.5157658298754376
0.5157428694854576
0.5157199119958692
0.5156969573762952
0.5156740055964806
0.5156510566262926
0.5156281104357189
0.5156051669948657
0.515582226273957
0.5155592882433339
0.5155363528734522
0.5155134201348821
0.515490489998306
0.5154675624345179
0.5154446374144216
0.5154217149090302
0.5153987948894639
0.5153758773269489
0.5153529621928168
0.5153300494585025
0.5153071390955429
0.5152842310755765
0.5152613253703409
0.5152384219516721
0.5152155207915035
0.5151926218618639
0.5151697251348764
0.5151468305827576
0.5151239381778154
0.5151010478924484
0.5150781596991445
0.5150552735704789
0.5150323894791133
0.5150095073977949
0.5149866272993545
0.514963749156705
0.5149408729428411
0.5149179986308363
0.5148951261938434
0.5148722556050918
0.5148493868378865
0.5148265198656075
0.5148036546617067
0.5147807911997091
0.5147579294532082
0.514735069395868
0.5147122110014192
0.5146893542436587
0.5146664990964485
0.5146436455337138
0.514620793529442
0.514597943057681
0.5145750940925383
0.5145522466081789
0.5145294005788245
0.5145065559787516
0.514483712782291
0.5144608709638254
0.5144380304977886
0.5144151913586636
0.514392353520982
0.5143695169593216
0.514346681648306
0.5143238475626021
0.5143010146769196
0.5142781829660089
0.5142553524046605
0.5142325229677029
0.5142096946300009
0.5141868673664548
0.5141640411519993
0.5141412159616011
0.5141183917702574
0.5140955685529957
0.5140727462848711
0.5140499249409656
0.5140271044963859
0.5140042849262632
0.51398146620575
0.5139586483100201
0.5139358312142667
0.5139130148937003
0.5138901993235482
0.5138673844790522
0.5138445703354678
0.513821756868062
0.5137989440521125
0.5137761318629057
0.5137533202757354
0.5137305092659015
0.5137076988087077
0.5136848888794613
0.5136620794534703
0.513639270506043
0.5136164620124857
0.5135936539481014
0.5135708462881886
0.5135480390080396
0.5135252320829383
0.5135024254881599
0.5134796191989683
0.513456813190615
0.5134340074383373
0.5134112019173576
0.5133883966028802
0.5133655914700912
0.5133427864941567
0.5133199816502203
0.5132971769134028
0.5132743722587996
0.5132515676614796
0.5132287630964835
0.5132059585388222
0.5131831539634757
0.5131603493453902
0.513137544659478
0.5131147398806148
0.5130919349836388
0.5130691299433485
0.5130463247345016
0.513023519331813
0.5130007137099535
0.5129779078435475
0.5129551017071721
0.5129322952753558
0.512909488522575
0.5128866814232546
0.5128638739517647
0.5128410660824199
0.5128182577894775
0.512795449047135
0.5127726398295297
0.5127498301107358
0.5127270198647639
0.5127042090655582
0.5126813976869955
0.5126585857028836
0.5126357730869585
0.5126129598128847
0.512590145854251
0.5125673311845715
0.5125445157772813
0.5125216996057363
0.5124988826432113
0.5124760648628981
0.5124532462379034
0.5124304267412478
0.5124076063458632
0.5123847850245922
0.512361962750185
0.5123391394952982
0.512316315232494
0.5122934899342366
0.5122706635728919
0.5122478361207249
0.5122250075498985
0.5122021778324712
0.5121793469403957
0.5121565148455166
0.5121336815195693
0.5121108469341774
0.5120880110608519
0.512065173870988
0.5120423353358647
0.5120194954266419
0.5119966541143592
0.5119738113699337
0.5119509671641587
0.5119281214677006
0.5119052742510988
0.5118824254847623
0.5118595751389688
0.5118367231838625
0.5118138695894521
0.5117910143256088
0.5117681573620653
0.5117452986684125
0.511722438214099
0.5116995759684281
0.5116767119005567
0.511653845979493
0.5116309781740943
0.5116081084530657
0.5115852367849579
0.5115623631381649
0.511539487480923
0.5115166097813078
0.5114937300072325
0.5114708481264467
0.5114479641065338
0.511425077914909
0.511402189518817
0.5113792988853314
0.511356405981351
0.511333510773599
0.5113106132286207
0.5112877133127811
0.5112648109922632
0.5112419062330664
0.5112189990010041
0.5111960892617006
0.5111731769805915
0.5111502621229198
0.5111273446537339
0.5111044245378867
0.5110815017400325
0.5110585762246254
0.511035647955917
0.5110127168979548
0.5109897830145795
0.5109668462694235
0.5109439066259079
0.5109209640472424
0.5108980184964202
0.5108750699362186
0.510852118329196
0.5108291636376886
0.5108062058238103
0.5107832448494491
0.5107602806762656
0.5107373132656906
0.5107143425789231
0.5106913685769285
0.5106683912204353
0.5106454104699341
0.5106224262856753
0.5105994386276663
0.5105764474556695
0.5105534527292009
0.5105304544075266
0.5105074524496618
0.5104844468143677
0.51046143746015
0.510438424345256
0.5104154074276732
0.5103923866651261
0.5103693620150747
0.5103463334347118
0.5103233008809613
0.5103002643104754
0.5102772236796327
0.5102541789445353
0.5102311300610076
0.510208076984593
0.5101850196705522
0.5101619580738604
0.5101388921492058
0.5101158218509869
0.5100927471333091
0.5100696679499845
0.5100465842545278
0.5100234960001546
0.5100004031397798
0.5099773056260133
0.5099542034111599
0.5099310964472155
0.509907984685865
0.5098848680784798
0.5098617465761167
0.5098386201295133
0.5098154886890874
0.5097923522049338
0.5097692106268221
0.5097460639041942
0.5097229119861617
0.5096997548215041
0.5096765923586657
0.5096534245457534
0.5096302513305343
0.5096070726604329
0.5095838884825294
0.5095606987435566
0.509537503389897
0.5095143023675814
0.5094910956222858
0.5094678830993291
0.5094446647436697
0.5094214404999046
0.5093982103122656
0.5093749741246172
0.5093517318804541
0.5093284835228984
0.5093052289946975
0.509281968238221
0.5092587011954585
0.5092354278080166
0.5092121480171171
0.5091888617635937
0.5091655689878897
0.5091422696300549
0.5091189636297442
0.5090956509262132
0.5090723314583172
0.5090490051645076
0.5090256719828299
0.5090023318509201
0.5089789847060031
0.5089556304848895
0.5089322691239725
0.5089089005592262
0.5088855247262023
0.5088621415600273
0.5088387509954
0.5088153529665888
0.5087919474074288
0.5087685342513193
0.508745113431221
0.508721684879653
0.5086982485286901
0.5086748043099606
0.5086513521546422
0.5086278919934613
0.5086044237566879
0.5085809473741344
0.5085574627751519
0.5085339698886283
0.5085104686429845
0.5084869589661719
0.5084634407856699
0.5084399140284823
0.5084163786211354
0.5083928344896745
0.5083692815596611
0.5083457197561698
0.508322149003786
0.5082985692266022
0.5082749803482163
0.5082513822917271
0.5082277749797325
0.5082041583343261
0.5081805322770943
0.5081568967291138
0.5081332516109478
0.5081095968426432
0.5080859323437288
0.5080622580332103
0.5080385738295689
0.5080148796507572
0.5079911754141975
0.5079674610367771
0.5079437364348469
0.5079200015242167
0.5078962562201536
0.5078725004373777
0.5078487340900604
0.5078249570918196
0.5078011693557183
0.5077773707942602
0.5077535613193871
0.5077297408424758
0.5077059092743349
0.5076820665252014
0.5076582125047382
0.5076343471220299
0.5076104702855808
0.5075865819033105
0.5075626818825514
0.5075387701300456
0.5075148465519415
0.50749091105379
0.5074669635405421
0.5074430039165454
0.5074190320855403
0.5073950479506576
0.5073710514144143
0.5073470423787111
0.5073230207448284
0.5072989864134236
0.5072749392845273
0.5072508792575401
0.5072268062312294
0.5072027201037257
0.5071786207725197
0.5071545081344583
0.5071303820857418
0.5071062425219202
0.5070820893378891
0.507057922427888
0.5070337416854955
0.5070095470036258
0.5069853382745257
0.5069611153897712
0.5069368782402639
0.5069126267162267
0.5068883607072019
0.5068640801020461
0.5068397847889277
0.5068154746553226
0.5067911495880117
0.506766809473076
0.5067424541958937
0.5067180836411367
0.5066936976927667
0.5066692962340321
0.5066448791474634
0.5066204463148707
0.5065959976173386
0.5065715329352246
0.5065470521481533
0.5065225551350138
0.5064980417739557
0.5064735119423861
0.5064489655169643
0.5064244023735996
0.5063998223874469
0.5063752254329025
0.5063506113836013
0.5063259801124118
0.5063013314914337
0.5062766653919931
0.5062519816846384
0.5062272802391371
0.506202560924472
0.506177823608837
0.5061530681596331
0.506128294443465
0.5061035023261361
0.5060786916726462
0.5060538623471859
0.5060290142131337
0.506004147133052
0.5059792609686822
0.5059543555809418
0.5059294308299196
0.5059044865748722
0.5058795226742192
0.5058545389855403
0.50582953536557
0.5058045116701945
0.5057794677544467
0.505754403472503
0.5057293186776782
0.5057042132224224
0.5056790869583161
0.5056539397360658
0.5056287714055003
0.5056035818155672
0.5055783708143268
0.5055531382489497
0.5055278839657111
0.5055026078099876
0.5054773096262526
0.5054519892580716
0.5054266465480983
0.50540128133807
0.5053758934688041
0.5053504827801919
0.5053250491111961
0.5052995922998456
0.5052741121832305
0.5052486085974994
0.505223081377853
0.5051975303585409
0.505171955372856
0.5051463562531316
0.505120732830736
0.505095084936067
0.5050694123985495
0.5050437150466288
0.5050179927077676
0.5049922452084405
0.50496647237413
0.5049406740293211
0.504914849997497
0.5048890001011355
0.504863124161702
0.5048372219996472
0.5048112934344009
0.5047853382843677
0.5047593563669224
0.5047333474984045
0.5047073114941147
0.5046812481683094
0.5046551573341952
0.5046290388039251
0.5046028923885935
0.5045767178982304
0.5045505151417978
0.5045242839271838
0.5044980240611985
0.5044717353495678
0.5044454175969301
0.5044190706068293
0.5043926941817121
0.5043662881229211
0.5043398522306904
0.5043133863041409
0.5042868901412746
0.50426036353897
0.5042338062929766
0.5042072181979099
0.5041805990472468
0.5041539486333186
0.5041272667473083
0.5041005531792438
0.5040738077179927
0.5040470301512578
0.5040202202655708
0.5039933778462884
0.5039665026775851
0.5039395945424501
0.5039126532226794
0.503885678498873
0.5038586701504277
0.5038316279555322
0.5038045516911619
0.5037774411330729
0.5037502960557972
0.5037231162326369
0.5036959014356583
0.5036686514356867
0.5036413660023011
0.5036140449038282
0.5035866879073368
0.5035592947786323
0.5035318652822509
0.5035043991814545
0.5034768962382239
0.5034493562132544
0.5034217788659487
0.5033941639544125
0.5033665112354476
0.5033388204645466
0.5033110913958871
0.5032833237823259
0.5032555173753925
0.5032276719252843
0.5031997871808596
0.5031718628896322
0.5031438987977658
0.503115894650067
0.5030878501899803
0.5030597651595813
0.5030316392995715
0.5030034723492711
0.5029752640466139
0.5029470141281408
0.5029187223289935
0.5028903883829084
0.5028620120222109
0.5028335929778085
0.5028051309791846
0.5027766257543929
0.5027480770300503
0.5027194845313312
0.5026908479819612
0.5026621671042099
0.5026334416188853
0.5026046712453276
0.5025758557014017
0.5025469947034921
0.502518087966495
0.5024891352038132
0.5024601361273484
0.5024310904474956
0.5024019978731356
0.5023728581116292
0.5023436708688103
0.502314435848979
0.502285152754895
0.5022558212877715
0.5022264411472674
0.5021970120314819
0.5021675336369464
0.5021380056586183
0.5021084277898744
0.5020787997225039
0.5020491211467011
0.5020193917510589
0.5019896112225622
0.5019597792465801
0.5019298955068596
0.5018999596855184
0.5018699714630378
0.5018399305182558
0.5018098365283598
0.5017796891688797
0.5017494881136807
0.5017192330349562
0.5016889236032206
0.5016585594873021
0.5016281403543348
0.5015976658697534
0.501567135697283
0.5015365494989346
0.5015059069349961
0.5014752076640253
0.5014444513428429
0.5014136376265242
0.5013827661683931
0.5013518366200128
0.5013208486311804
0.5012898018499172
0.501258695922463
0.5012275304932673
0.5011963052049823
0.5011650196984553
0.5011336736127204
0.5011022665849919
0.501070798250656
0.5010392682432625
0.5010076761945179
0.5009760217342777
0.5009443044905377
0.5009125240894274
0.5008806801552004
0.5008487723102288
0.5008168001749929
0.5007847633680753
0.5007526615061513
0.5007204942039823
0.5006882610744072
0.5006559617283333
0.5006235957747304
0.5005911628206205
0.5005586624710721
0.5005260943291889
0.5004934579961049
0.5004607530709736
0.5004279791509616
0.5003951358312393
0.5003622227049728
0.500329239363316
0.5002961853954015
0.5002630603883338
0.5002298639271784
0.5001965955949559
0.5001632549726321
0.5001298416391103
0.5000963551712218
0.5000627951437185
0.5000291611292642
0.4999954526984248
0.4999616694196618
0.49992781085932186
0.49989387658162887
0.4998598661486757
0.4998257791204147
0.49979161505464936
0.49975737350702587
0.4997230540310237
0.49968865617794755
0.499654179496918
0.4996196235348629
0.49958498783650823
0.49955027194436974
0.49951547539874364
0.49948059773769793
0.4994456384970628
0.4994105972104227
0.4993754734091064
0.49934026662217834
0.49930497637642995
0.49926960219636984
0.499234143604215
0.499198600119882
0.4991629712609775
0.4991272565427891
0.49909145547827616
0.49905556757806097
0.499019592350419
0.4989835293012696
0.49894737793416744
0.49891113775029255
0.4988748082484409
0.4988383889250158
0.498801879274018
0.4987652787870363
0.4987285869532382
0.49869180325936074
0.49865492718970067
0.4986179582261055
0.49858089584796283
0.49854373953219266
0.49850648875323667
0.4984691429830486
0.4984317016910856
0.4983941643442974
0.49835653040711775
0.4983187993414546
0.49828097060668025
0.49824304365962135
0.49820501795455036
0.4981668929431746
0.49812866807462747
0.49809034279545844
0.49805191654962283
0.49801338877847334
0.49797475892074866
0.497936026412565
0.4978971906874056
0.49785825117611127
0.49781920730687046
0.49778005850520957
0.4977408041939826
0.4977014437933619
0.4976619767208283
0.49762240239116057
0.49758272021642624
0.4975429296059716
0.4975030299664112
0.49746302070161896
0.49742290121271693
0.49738267089806665
0.4973423291532585
0.4973018753711018
0.49726130894161497
0.4972206292520155
0.4971798356867101
0.4971389276272845
0.4970979044524935
0.4970567655382517
0.4970155102576218
0.4969741379808066
0.4969326480751376
0.49689103990506567
0.49684931283215067
0.4968074662150518
0.4967654994095172
0.49672341176837437
0.49668120264151966
0.49663887137590873
0.49659641731554627
0.49655383980147594
0.4965111381717706
0.4964683117615225
0.4964253599028322
0.4963822819248001
0.49633907715351544
0.49629574491204625
0.49625228452043024
0.4962086952956639
0.4961649765516932
0.4961211275994033
0.49607714774660844
0.49603303629804274
0.495988792555349
0.4959444158170707
0.49589990537864015
0.4958552605323695
0.4958104805674411
0.49576556476989725
0.4957205124226305
0.4956753228053738
0.49562999519469075
0.49558452886396576
0.49553892308339414
0.495493177119973
0.4954472902374905
0.49540126169651694
0.49535509075439504
0.4953087766652299
0.49526231867987947
0.4952157160459457
0.4951689680077635
0.4951220738063927
0.49507503267960723
0.4950278438618873
0.4949805065844078
0.4949330200750309
0.49488538355829526
0.49483759625540774
0.494789657384233
0.49474156615928544
0.4946933217917187
0.49464492348931766
0.4945963704564884
0.49454766189424965
0.4944987970002235
0.49444977496862597
0.4944005949902592
0.494351256252501
0.49430175793929754
0.49425209923115315
0.49420227930512234
0.49415229733480115
0.4941021524903177
0.4940518439383246
0.49400137084198953
0.4939507323609874
0.4938999276514917
0.49384895586616556
0.4937978161541546
0.4937465076610777
0.49369502952901917
0.4936433808965207
0.49359156089857353
0.49353956866660964
0.4934874033284951
0.493435064008521
0.49338254982739704
0.4933298599022423
0.49327699334657915
0.49322394927032487
0.4931707267797844
0.49311732497764316
0.4930637429629598
0.49300997983115885
0.4929560346740238
0.4929019065796902
0.4928475946326385
0.49279309791368786
0.49273841549998854
0.49268354646501616
0.49262848987856506
0.4925732448067415
0.49251781031195796
0.49246218545292636
0.49240636928465287
0.4923503608584311
0.49229415922183667
0.49223776341872194
0.4921811724892093
0.492124385469687
0.49206740139280314
0.4920102192874605
0.4919528381788114
0.4918952570882531
0.4918374750334227
0.4917794910281926
0.49172130408266584
0.4916629132031719
0.4916043173922625
0.4915455156487068
0.4914865069674885
0.4914272903398017
0.49136786475304634
0.49130822919082606
0.49124838263294424
0.49118832405540036
0.49112805243038815
0.4910675667262921
0.4910068659076841
0.49094594893532245
0.4908848147661482
0.4908234623532838
0.490761890646031
0.49070009858986874
0.49063808512645235
0.490575849193611
0.4905133897253474
0.49045070565183685
0.4903877958994259
0.4903246593906319
0.49026129504414295
0.4901977017748174
0.4901338784936841
0.4900698241079422
0.4900055375209625
0.48994101763228703
0.4898762633376314
0.48981127352888404
0.48974604709410974
0.4896805829175495
0.4896148798796234
0.48954893685693224
0.4894827527222603
0.4894163263445774
0.48934965658904245
0.4892827423170062
0.48921558238601437
0.48914817564981167
0.4890805209583458
0.489012617157771
0.48894446309045375
0.4888760575949761
0.4888073995061419
0.48873848765498107
0.4886693208687562
0.4885998979709678
0.48853021778136096
0.4884602791159315
0.4883900807869332
0.48831962160288417
0.48824890036857577
0.4881779158850791
0.4881066669497533
0.48803515235625455
0.4879633708945445
0.48789132135089963
0.48781900250792015
0.4877464131445403
0.48767355203603896
0.4876004179540489
0.4875270096665691
0.48745332593797486
0.48737936552903016
0.4873051271968992
0.48723060969515947
0.48715581177381345
0.48708073217930287
0.48700536965452174
0.48692972293883013
0.48685379076806873
0.48677757187457404
0.48670106498719296
0.4866242688312985
0.4865471821288061
0.4864698035981899
0.4863921319544995
0.4863141659093776
0.4862359041710777
0.4861573454444821
0.4860784884311211
0.48599933182919114
0.48591987433357586
0.48584011463586485
0.48576005142437484
0.4856796833841711
0.4855990091970878
0.4855180275417514
0.485436737093602
0.48535513652491746
0.4852732245048359
0.4851909996993802
0.48510846077148273
0.4850256063810101
0.4849424351847893
0.4848589458366328
0.4847751369873665
0.48469100728485615
0.4846065553740353
0.48452177989693396
0.48443667949270697
0.4843512527976642
0.4842654984452997
0.484179415066323
0.4840930012886905
0.4840062557376363
0.48391917703570564
0.4838317638027875
0.4837440146561482
0.4836559282104658
0.48356750307786445
0.4834787378679507
0.4833896311878487
0.4833001816422383
0.4832103878333906
0.4831202483612073
0.4830297618232594
0.48293892681482564
0.48284774192893387
0.48275620575640027
0.4826643168858718
0.482572073903868
0.4824794753948235
0.48238651994113174
0.4822932061231889
0.4821995325194388
0.4821054977064187
0.48201110025880545
0.481916338749462
0.481821211749486
0.4817257178282581
0.48162985555348997
0.4815336234912764
0.48143702020614365
0.48134004426110305
0.4812426942177016
0.48114496863607603
0.48104686607500574
0.4809483850919681
0.4808495242431931
0.48075028208372034
0.480650657167455
0.48055064804722586
0.4804502532748444
0.48034947140116324
0.4802483009761368
0.4801467405488825
0.4800447886677416
0.4799424438803427
0.47983970473366505
0.479736569774103
0.47963303754752984
0.4795291065993661
0.4794247754746441
0.47932004271807727
0.4792149068741276
0.479109366487076
0.47900342010109187
0.4788970662603048
0.4787903035088761
0.47868313039107224
0.4785755454513386
0.4784675472343739
0.478359134285206
0.47825030514926825
0.47814105837247733
0.4780313925013111
0.4779213060828882
0.477810797665048
0.4776998657964314
0.47758850902656386
0.4774767259059363
0.47736451498609145
0.47725187481970677
0.47713880396068037
0.4770253009642187
0.4769113643869226
0.47679699278687704
0.4766821847237399
0.4765669387588325
0.4764512534552309
0.4763351273778582
0.4762185590935776
0.4761015471712868
0.4759840901820126
0.4758661866990077
0.4757478352978472
0.47562903455652605
0.47550978305555947
0.47539007937808087
0.47526992210994434
0.4751493098398252
0.4750282411593231
0.47490671466306633
0.4747847289488148
0.4746622826175676
0.4745393742736677
0.47441600252491056
0.47429216598265156
0.4741678632619166
0.4740430929815109
0.4739178537641313
0.4737921442364778
0.47366596302936687
0.4735393087778452
0.47341218012130504
0.4732845757035997
0.4731564941731604
0.4730279341831138
0.4728988943914009
0.47276937346089665
0.47263937005952955
0.47250888286040377
0.4723779105419212
0.472246451787904
0.47211450528771914
0.47198206973640344
0.47184914383478804
0.47171572628962666
0.4715818158137214
0.4714474111260525
0.47131251095190624
0.4711771140230054
0.4710412190776406
0.4709048248608005
0.4707679301243056
0.47063053362694085
0.47049263413458886
0.4703542304203667
0.4702153212647595
0.4700759054557571
0.46993598178899265
0.469795549067878
0.469654606103744
0.4695131517159793
0.46937118473217004
0.4692287039882407
0.46908570832859514
0.4689421966062593
0.4687981676830227
0.4686536204295829
0.4685085537256888
0.468362966460285
0.46821685753165726
0.46807022584757846
0.46792307032545405
0.4677753898924696
0.4676271834857375
0.46747845005244604
0.4673291885500063
0.467179397946202
0.4670290772193382
0.4668782253583918
0.46672684136316145
0.4665749242444175
0.466422473024054
0.46626948673523994
0.46611596442257014
0.4659619051422184
0.46580730796208925
0.4656521719619712
0.46549649623368866
0.4653402798812562
0.4651835220210318
0.46502622178186986
0.4648683783052757
0.4647099907455591
0.46455105826998877
0.4643915800589462
0.46423155530608073
0.4640709832184624
0.4639098630167383
0.46374819393528555
0.4635859752223663
0.46342320614028154
0.46325988596552675
0.4630960139889446
0.4629315895158795
0.46276661186633217
0.46260108037511255
0.46243499439199404
0.46226835328186594
0.46210115642488736
0.4619334032166401
0.46176509306827995
0.4615962254066902
0.46142679967463185
0.4612568153308966
0.461086271850456
0.46091516872461324
0.460743505461152
0.46057128158448646
0.46039849663580956
0.46022515017324156
0.4600512417719771
0.4598767710244324
0.45970173754039145
0.45952614094715094
0.4593499808896652
0.4591732570306906
0.45899596905092693
0.45881811664916117
0.4586396995424079
0.45846071746604944
0.4582811701739758
0.45810105743872176
0.4579203790516053
0.4577391348228627
0.4575573245817842
0.45737494817684776
0.45719200547585104
0.45700849636604346
0.4568244207542559
0.45663977856702975
0.45645456975074433
0.4562687942717427
0.4560824521164565
0.45589554329152865
0.45570806782393636
0.4555200257611096
0.4553314171710506
0.4551422421424506
0.4549525007848051
0.4547621932285276
0.4545713196250615
0.4543798801469898
0.4541878749881436
0.4539953043637094
0.45380216851033195
0.4536084676862188
0.4534142021712396
0.45321937226702536
0.4530239782970653
0.45282802060680094
0.4526314995637193
0.45243441555744257
0.4522367689998162
0.4520385603249959
0.45183978998952984
0.45164045847244116
0.45144056627530665
0.45124011392233293
0.45103910196043145
0.4508375309592898
0.4506354015114411
0.4504327142323312
0.45022946976038225
0.4500256687570549
0.44982131190690683
0.44961639991764935
0.44941093352020167
0.4492049134687405
0.4489983405407492
0.4487912155370629
0.4485835392819107
0.448375312622956
0.44816653643133264
0.44795721160167856
0.4477473390521675
0.4475369197245357
0.447325954584108
0.44711444461981814
0.4469023908442289
0.4466897942935463
0.4464766560276328
0.4462629771300164
0.44604875870789656
0.4458340018921465
0.4456187078373135
0.4454028777216143
0.445186512746929
0.44496961413878916
0.44475218314636544
0.44453422104244944
0.444315729123433
0.44409670870928475
0.4438771611435221
0.44365708779318075
0.44343649004877894
0.4432153693242805
0.4429937270570531
0.4427715647078223
0.44254888376062373
0.44232568572275
0.4421019721246952
0.44187774452009426
0.44165300448566175
0.4414277536211221
0.4412019935491412
0.4409757259152506
0.44074895238777084
0.440521674657728
0.44029389443876976
0.4400656134670749
0.43983683350126124
0.43960755632228754
0.439377783733355
0.43914751755980064
0.4389167596489909
0.4386855118702088
0.4384537761145384
0.4382215542947458
0.4379888483451551
0.4377556602215218
0.43752199190090146
0.4372878453815156
0.4370532226826127
0.43681812584432583
0.43658255692752657
0.43634651801367585
0.43611001120466886
0.4358730386226789
0.435635602409995
0.4353977047288576
0.4351593477612892
0.43492053370892236
0.4346812647928231
0.4344415432533103
0.43420137134977255
0.43396075136048085
0.43371968558239665
0.4334781763309769
0.43323622593997674
0.43299383676124537
0.43275101116452197
0.43250775153722454
0.4322640602842386
0.43201993982769843
0.43177539260676856
0.43153042107741924
0.4312850277121983
0.43103921500000186
0.43079298544583905
0.43054634157059396
0.43029928591078553
0.4300518210183214
0.4298039494602514
0.42955567381851506
0.4293069966896877
0.42905792068472165
0.42880844842868604
0.42855858256050094
0.4283083257326714
0.42805768061101485
0.42780664987438793
0.4275552362144098
0.427303442335181
0.4270512709530009
0.42679872479608116
0.4265458066042561
0.42629251912869165
0.42603886513158956
0.42578484738588923
0.42553046867496747
0.42527573179233513
0.42502063954133024
0.42476519473480934
0.4245094001948361
0.42425325875236675
0.4239967732469332
0.4237399465263239
0.4234827814462617
0.42322528087008
0.422967447668395
0.42270928471877756
0.4224507949054216
0.42219198111880973
0.421932846255378
0.421673393217177
0.42141362491153245
0.42115354425070206
0.42089315415153067
0.42063245753510525
0.4203714573264048
0.42011015645395056
0.4198485578494544
0.4195866644474634
0.41932447918500515
0.4190620050012294
0.4187992448370488
0.41853620163477845
0.41827287833777294
0.41800927789006204
0.4177454032359857
0.417481257319826
0.41721684308544027
0.4169521634758893
0.41668722143306786
0.41642201989733124
0.41615656180712207
0.4158908500985956
0.41562488770524275
0.4153586775575149
0.41509222258244416
0.41482552570326503
0.41455858983903426
0.4142914179042505
0.41402401280847145
0.4137563774559321
0.41348851474516085
0.4132204275685966
0.41295211881220223
0.412683591355081
0.4124148480690892
0.41214589181845074
0.41187672545936904
0.41160735183964103
0.41133777379826764
0.4110679941650665
0.4107980157602829
0.4105278413942018
0.4102574738667569
0.409986915967143
0.40971617047342523
0.4094452401521502
0.4091741277579555
0.4089028360331795
0.4086313677074729
0.4083597254974072
0.40808791210608547
0.4078159302227528
0.40754378252240575
0.4072714716654035
0.40699900029707803
0.4067263710473451
0.4064535865303152
0.4061806493439046
0.40590756206944756
0.4056343272713071
0.4053609474964883
0.40508742527425057
0.40481376311572037
0.40453996351350474
0.4042660289413057
0.4039919618535338
0.40371776468492393
0.4034434398501496
0.4031689897434399
0.4028944167381954
0.4026197231866059
0.40234491141926687
0.4020699837447996
0.4017949424494681
0.40151978979680075
0.4012445280272089
0.40096915935760924
0.4006936859810447
0.4004181100663071
0.40014243375756064
0.39986665917396463
0.39959078840930023
0.3993148235315942
0.3990387665827455
0.39876261957815307
0.39848638450634194
0.39821006332859427
0.3979336579785769
0.3976571703619715
0.3973806023561078
0.39710395580959273
0.39682723254194485
0.3965504343432277
0.3962735629736833
0.3959966201633687
0.3957196076117912
0.39544252698754523
0.3951653799279504
0.39488816803869026
0.39461089289345064
0.39433355603356124
0.39405615896763624
0.3937787031712156
0.39350119008640816
0.39322362112153564
0.39294599765077604
0.3926683210138092
0.392390592515463
0.39211281342535914
0.3918349849775619
0.39155710837022517
0.39127918476524226
0.391001215287895
0.39072320102650465
0.39044514303208283
0.3901670423179836
0.3898888998595565
0.3896107165937986
0.3893324934190096
0.3890542311944466
0.38877593073997846
0.3884975928357427
0.38821921822180133
0.3879408075977987
0.38766236162261947
0.3873838809140458
0.38710536604841783
0.3868268175602923
0.38654823594210286
0.3862696216438211
0.38599097507261737
0.3857122965925218
0.3854335865240886
0.3851548451440557
0.3848760726850106
0.3845972693350526
0.384318435237457
0.3840395704903393
0.3837606751463214
0.3834817492121945
0.383202792648588
0.38292380536963244
0.382644787242628
0.3823657380877108
0.3820866576775198
0.38180754573686476
0.3815284019423937
0.3812492259222613
0.38097001725579827
0.3806907754731785
0.3804115000550904
0.38013219043240426
0.379852845985844
0.379573466045656
0.3792940498912807
0.3790145967510217
0.3787351058017192
0.37845557616841935
0.37817600692404685
0.37789639708907774
0.3776167456312107
0.3773370514650403
0.37705731345172994
0.3767775303986857
0.37649770105923036
0.376217824132277
0.3759378982620042
0.37565792203753107
0.37537789399259364
0.3750978126052191
0.37481767629740453
0.3745374834347925
0.37425723232634955
0.37397692122404447
0.3736965483225265
0.3734161117588062
0.3731356096119343
0.3728550399026843
0.37257440059323277
0.3722936895868433
0.3720129047275494
0.3717320437998393
0.37145110452834096
0.3711700845775098
0.37088898155131483
0.3706077929929288
0.3703265163844177
0.3700451491464326
0.3697636886379019
0.3694821321557263
0.369200476934474
0.36891872014607874
0.36863685889953907
0.3683548902406184
0.36807281115154966
0.3677906185507389
0.3675083092924726
0.36722588016662744
0.36694332789838163
0.36666064914792906
0.3663778405101962
0.366094898514561
0.36581181962457543
0.3655286002376905
0.36524523668498454
0.3649617252308948
0.3646780620729522
0.36439424334151954
0.364110265099534
0.36382612334225223
0.3635418139970015
0.3632573329229331
0.36297267591078003
0.362687838682622
0.36240281689165177
0.3621176061219472
0.3618322018882508
0.3615465996357511
0.3612607947398727
0.36097478250606857
0.3606885581696224
0.3604021168954536
0.36011545377793014
0.35982856384068856
0.359541442036459
0.3592540832468998
0.3589664822824372
0.3586786338821134
0.3583905327134434
0.35810217337227784
0.3578135503826769
0.35752465819678986
0.3572354911947464
0.35694604368455457
0.35665630990201036
0.3563662840106163
0.35607596010150855
0.35578533219339686
0.3554943942325139
0.35520314009257553
0.3549115635747525
0.354619658407654
0.35432741824732256
0.3540348366772424
0.3537419072083585
0.35344862327911025
0.3531549782554775
0.35286096543104084
0.3525665780270547
0.35227180919253614
0.3519766520043672
0.3516810994674128
0.3513851445146535
0.35108878000733496
0.350791998735132
0.3504947934163307
0.3501971566980248
0.3498990811563339
0.34960055929663303
0.34930158355380514
0.34900214629250903
0.348702239807468
0.3484018563237752
0.3481009879972198
0.3477996269146331
0.34749776509425295
0.34719539448611175
0.3468925069724409
0.3465890943681013
0.3462851484210313
0.34598066081271894
0.34567562315869516
0.3453700270090508
0.3450638638489749
0.34475712509931816
0.34444980211717785
0.34414188619650854
0.3438333685687565
0.34352424040351764
0.34321449280922073
0.34290411683383804
0.34259310346561755
0.34228144363384344
0.3419691282096222
0.3416561480066943
0.34134249378227344
0.3410281562379109
0.34071312602038933
0.3403973937226405
0.3400809498846937
0.3397637849946497
0.339445889489683
0.33912725375707264
0.3388078681352593
0.33848772291493356
0.33816680834015017
0.3378451146094703
0.33752263187713644
0.33719935025426945
0.3368752598101009
0.33655035057322963
0.3362246125329087
0.3358980356403617
0.335570609810126
0.3352423249214269
0.3349131708195785
0.33458313731741424
0.3342522141967459
0.3339203912098504
0.3335876580809852
0.33325400450793197
0.33291942016356774
0.3325838946974638
0.33224741773751265
0.3319099788915808
0.3315715677491906
0.3312321738832266
0.33089178685166964
0.33055039619935683
0.3302079914597661
0.32986456215682747
0.3295200978067583
0.3291745879199236
0.32882802200271927
0.32848038955948033
0.3281316800944106
0.327781883113537
0.32743098812668325
0.32707898464946683
0.32672586220531663
0.3263716103275106
0.3260162185612321
0.3256596764656468
0.32530197361599794
0.3249430996057174
0.3245830440485555
0.3242217965807271
0.32385934686307166
0.3234956845832303
0.3231307994578359
0.32276468123471513
0.3223973196951064
0.3220287046558854
0.32165882597180606
0.3212876735377471
0.32091523729097127
0.3205415072133922
0.32016647333384785
0.3197901257303817
0.3194124545325303
0.3190334499236149
0.3186531021430373
0.3182714014885811
0.31788833831871277
0.31750390305488563
0.31711808618384574
0.3167308782599363
0.31634226990740116
0.31595225182268816
0.31556081477674786
0.31516794961733186
0.31477364727128276
0.3143778987468245
0.31398069513584126
0.3135820276161554
0.3131818874537933
0.3127802660052471
0.31237715471972444
0.31197254514139183
0.3115664289116048
0.3111587977711303
0.3107496435623549
0.3103389582314831
0.3099267338307212
0.30951296252044863
0.3090976365713766
0.3086807483666894
0.30826229040417397
0.30784225529833165
0.3074206357824762
0.30699742471081326
0.3065726150605048
0.30614619993371633
0.3057181725596453
0.30528852629653325
0.30485725463365887
0.3044243511933149
0.30398980973276146
0.30355362414616693
0.3031157884665253
0.3026762968675556
0.30223514366558263
0.30179232332139794
0.3013478304421012
0.3009016597829218
0.300453806249021
0.30000426489727566
0.2995530309380399
0.299100099736889
0.29864546681634446
0.2981891278575771
0.2977310787020935
0.2972713153534005
0.296809833978654
0.2963466309102853
0.2958817026476105
0.295415045858421
0.2949466573805564
0.29447653422345565
0.29400467356969506
0.2935310727765042
0.2930557293772667
0.29257864108300163
0.29209980578382944
0.2916192215504191
0.29113688663541915
0.29065279947487294
0.29016695868961423
0.2896793630866512
0.2891900116605293
0.2886989035946821
0.2882060382627636
0.28771141522996685
0.2872150342543246
0.28671689528799715
0.28621699847854337
0.28571534417017486
0.2852119329049988
0.2847067654242418
0.2841998426694591
0.283691165783731
0.28318073611284
0.2826685552064357
0.28215462481918274
0.28163894691189223
0.2811215236526388
0.28060235741786105
0.2800814507934434
0.27955880657578575
0.279034427772851
0.27850831760519906
0.2779804795070011
0.27745091712703596
0.27691963432966804
0.2763866351958057
0.27585192402384073
0.2753155053305661
0.2747773838520734
0.2742375645446292
0.27369605258552815
0.2731528533739237
0.27260797253163455
0.27206141590392635
0.27151318956026826
0.27096329979506306
0.27041175312834975
0.2698585563064779
0.26930371630275296
0.26874724031805136
0.2681891357814035
0.26762941035054644
0.267068071912439
0.26650512858374875
0.2659405887112962
0.26537446087246697
0.264806753875584
0.26423747676024023
0.26366663879759206
0.2630942494906087
0.26252031857428215
0.261944856015788
0.26136787201460465
0.26078937700258453
0.260209381643976
0.25962789683539683
0.25904493370575676
0.25846050361612766
0.25787461815956103
0.2572872891608499
0.25669852867623466
0.25610834899305435
0.2555167626293351
0.2549237823333226
0.25432942108295187
0.25373369208525576
0.2531366087757096
0.252538184817511
0.25193843410079597
0.2513373707417861
0.25073500908186974
0.25013136368661365
0.24952644934470453
0.24892028106682215
0.24831287408443753
0.24770424384854073
0.2470944060282967
0.24648337650962307
0.24587117139369716
0.24525780699538674
0.24464329984160121
0.2440276666695727
0.24341092442505396
0.24279309026044182
0.24217418153282289
0.24155421580193892
0.240933210828076
0.2403111845698736
0.2396881551820554
0.23906414101308066
0.23843916060271714
0.2378132326795351
0.23718637615832303
0.23655861013742327
0.235929953895992
0.2353004268911789
0.2346700487552305
0.2340388392925174
0.23340681847648298
0.23277400644651883
0.23214042350476302
0.23150609011282547
0.23087102688843986
0.23023525460204192
0.22959879417327778
0.228961666667441
0.22832389329184083
0.22768549539210178
0.22704649444839717
0.22640691207161714
0.22576676999947143
0.22512609009253204
0.22448489433021293
0.2238432048066903
0.22320104372676716
0.2225584334016789
0.22191539624484818
0.22127195476758307
0.22062813157473063
0.2199839493602749
0.21933943090289454
0.21869459906147312
0.21804947677056638
0.21740408703583153
0.21675845292941678
0.21611259758531562
0.21546654419468741
0.21482031600114768
0.21417393629602727
0.21352742841360745
0.21288081572632994
0.21223412163998412
0.2115873695888773
0.2109405830309852
0.2102937854430914
0.2096470003159115
0.20900025114921195
0.20835356144691833
0.2077069547122213
0.20706045444268156
0.2064140841253329
0.20576786723179208
0.2051218272133722
0.20447598749620555
0.20383037147637698
0.20318500251507096
0.20253990393373542
0.20189509900926256
0.20125061096919206
0.20060646298693707
0.19996267817703606
0.1993192795904332
0.19867629020978889
0.19803373294482515
0.19739163062770226
0.19675000600843864
0.19610888175036492
0.19546828042562497
0.19482822451071705
0.19418873638208461
0.19354983831175399
0.19291155246302172
0.19227390088619672
0.19163690551439527
0.19100058815939228
0.1903649705075311
0.1897300741156944
0.18909592040733397
0.18846253066856705
0.18782992604433568
0.18719812753463289
0.18656715599079743
0.18593703211187854
0.18530777644106958
0.18467940936221616
0.18405195109639688
0.18342542169857845
0.18279984105434668
0.18217522887671522
0.18155160470301135
0.18092898789184064
0.18030739762013218
0.17968685288026345
0.17906737247726737
0.17844897502612037
0.1778316789491139
0.17721550247330892
0.17660046362807374
0.17598658024270686
0.17537386994414356
0.17476235015474736
0.1741520380901867
0.1735429507573969
0.17293510495262848
0.17232851725957812
0.17172320404760866
0.1711191814700516
0.17051646546259752
0.16991507174176856
0.16931501580347846
0.1687163129216765
0.16811897814707513
0.16752302630596258
0.16692847199909777
0.16633532960068986
0.16574361325745884
0.1651533368877787
0.16456451418090298
0.1639771585962686
0.16339128336288236
0.1628069014787849
0.1622240257105933
0.16164266859312296
0.16106284242908325
0.16048455928885239
0.15990783101032421
0.15933266919883196
0.1587590852271422
0.1581870902355222
0.15761669513187843
0.1570479105919638
0.15648074705965476
0.15591521474729533
0.1553513236361071
0.1547890834766656
0.1542285037894399
0.15366959386539505
0.1531123627666571
0.1525568193272363
0.15200297215381153
0.15145082962657216
0.15090039990011467
0.1503516909043968
0.1498047103457441
0.1492594657079093
0.14871596425318345
0.14817421302355632
0.14763421884192562
0.1470959883133534
0.14655952782636872
0.1460248435543141
0.14549194145673583
0.144960827280816
0.14443150656284476
0.1439039846297319
0.1433782666005565
0.14285435738815272
0.14233226170073154
0.14181198404353498
0.14129352872052459
0.14077689983609987
0.14026210129684727
0.1397491368133181
0.1392380099018336
0.13872872388631596
0.1382212819001445
0.13771568688803612
0.13721194160794717
0.13671004863299763
0.13621001035341454
0.1357118289784951
0.135215506538587
0.13472104488708572
0.1342284457024469
0.13373771049021402
0.1332488405850577
0.13276183715282944
0.13227670119262458
0.13179343353885659
0.13131203486333953
0.13083250567737997
0.13035484633387445
0.12987905702941427
0.12940513780639493
0.12893308855513025
0.1284629090159694
0.12799459878141697
0.12752815729825412
0.1270635838696612
0.12660087765733963
0.12614003768363366
0.12568106283364977
0.12522395185737423
0.12476870337178766
0.12431531586297476
0.12386378768823093
0.12341411707816238
0.12296630213878101
0.12252034085359262
0.12207623108567756
0.1216339705797643
0.12119355696429424
0.12075498775347707
0.12031826034933726
0.11988337204375099
0.11945032002047118
0.11901910135714226
0.118589713027304
0.11816215190238172
0.11773641475366595
0.11731249825427792
0.11689039898112273
0.11647011341682742
0.11605163795166731
0.11563496888547548
0.11522010242953927
0.11480703470848144
0.11439576176212485
0.11398627954734342
0.1135785839398954
0.11317267073624124
0.1127685356553449
0.11236617434045931
0.11196558236089274
0.11156675521376093
0.11116968832571934
0.11077437705468007
0.11038081669150925
0.10998900246170776
0.10959892952707434
0.1092105929873492
0.10882398788184096
0.10843910919103389
0.1080559518381782
0.10767451069086077
0.10729478056255781
0.10691675621416816
0.10654043235552937
0.10616580364691347
0.10579286470050511
0.10542161008186043
0.10505203431134669
0.10468413186556419
0.10431789717874847
0.10395332464415363
0.10359040861541798
0.10322914340790952
0.10286952330005299
0.10251154253463961
0.10215519532011577
0.10180047583185528
0.10144737821341172
0.101095896577753
0.10074602500847701
0.10039775756100919
0.1000510882637821
0.09970601111939575
0.09936252010576166
0.09902060917722692
0.09868027226568178
0.09834150328164881
0.09800429611535426
0.09766864463778283
0.09733454270171331
0.09700198414273861
0.09667096278026767
0.09634147241851007
0.09601350684744436
0.09568705984376927
0.09536212517183838
0.09503869658457768
0.09471676782438752
0.09439633262402798
0.0940773847074878
0.09375991779083807
0.09344392558306942
0.09312940178691409
0.09281634009965167
0.09250473421390064
0.09219457781839432
0.09188586459874098
0.09157858823816985
0.09127274241826311
0.09096832081967093
0.09066531712281511
0.0903637250085769
0.09006353815896985
0.08976475025780117
0.08946735499131726
0.08917134604883657
0.08887671712336911
0.08858346191222258
0.08829157411759483
0.08800104744715448
0.08771187561460847
0.08742405234025626
0.08713757135153244
0.08685242638353698
0.086568611179553
0.08628611949155318
0.08600494508069399
0.08572508171779819
0.08544652318382655
0.08516926327033755
0.08489329577993675
0.08461861452671408
0.0843452133366719
0.08407308604814068
0.08380222651218583
0.08353262859300292
0.08326428616830346
0.08299719312969064
0.0827313433830249
0.08246673084877972
0.08220334946238833
0.08194119317458107
0.08168025595171265
0.08142053177608086
0.08116201464623712
0.08090469857728613
0.08064857760117901
0.08039364576699717
0.08013989714122681
0.07988732580802665
0.07963592586948678
0.07938569144587955
0.07913661667590288
0.07888869571691566
0.07864192274516553
0.07839629195600989
0.0781517975641284
0.0779084338037292
0.07766619492874824
0.07742507521304068
0.07718506895056654
0.0769461704555693
0.07670837406274758
0.07647167412742092
0.07623606502568926
0.0760015411545856
0.07576809693222306
0.07553572679793646
0.07530442521241669
0.07507418665784071
0.07484500563799536
0.07461687667839516
0.07438979432639589
0.07416375315130183
0.07393874774446782
0.07371477271939744
0.0734918227118343
0.07326989237984996
0.0730489764039267
0.07282906948703519
0.07261016635470754
0.07239226175510655
0.07217535045908982
0.07195942726026996
0.07174448697507048
0.071530524442777
0.0713175345255856
0.0711055121086461
0.07089445210010178
0.07068434943112556
0.07047519905595215
0.07026699595190672
0.07005973511943034
0.06985341158210114
0.0696480203866523
0.0694435566029882
0.06924001532419449
0.06903739166654783
0.06883568076952065
0.06863487779578388
0.06843497793120587
0.0682359763848495
0.06803786838896583
0.06784064919898466
0.06764431409350338
0.06744885837427206
0.06725427736617706
0.06706056641722156
0.06686772089850367
0.06667573620419215
0.06648460775150017
0.0662943309806569
0.06610490135487562
0.06591631436032146
0.06572856550607631
0.0655416503241012
0.0653555643691973
0.06517030321896522
0.06498586247376169
0.06480223775665485
0.06461942471337798
0.06443741901228113
0.06425621634428115
0.06407581242281037
0.06389620298376325
0.06371738378544194
0.0635393506085001
0.06336209925588518
0.06318562555277973
0.0630099253465407
0.06283499450663828
0.0626608289245925
0.06248742451390937
0.06231477721001516
0.062142882970190425
0.061971737773501755
0.06180133762073345
0.061631678534317315
0.061462756558262485
0.06129456775808295
0.061127108220725146
0.06096037405449423
0.06079436138897961
0.06062906637497942
0.06046448518442435
0.06030061401030068
0.06013744906657247
0.05997498658810309
0.059813222830575885
0.059652154070414534
0.05949177660470237
0.05933208675110136
0.05917308084776998
0.05901475525328161
0.05885710634654103
0.05870013052670141
0.058543824213080325
0.05838818384507548
0.05823320588207991
0.05807888680339694
0.05792522310815408
0.05777221131521783
0.05761984796310653
0.0574681296099044
0.05731705283317394
0.05716661422986903
0.05701681041624718
0.05686763802778169
0.056719093719073854
0.056571174163763935
0.056423876054443704
0.056277196102566845
0.056131131038360406
0.05598567761073579
0.05584083258719981
0.05569659275376489
0.05555295491486006
0.05540991589324123
0.05526747252990191
0.055125621683983134
0.054984360232684326
0.05484368507117293
0.054703593112495105
0.05456408128748586
0.05442514654467921
0.054286785850218344
0.054148996187766335
0.05401177455841581
0.053875117980599616
0.053739023490001425
0.053603488139465694
0.0534685089989088
0.05333408315522924
0.05320020771221863
0.05306687979047255
0.052934096527301175
0.052801855076641015
0.052670152608965334
0.05253898631119645
0.05240835338661628
0.05227825105477908
0.05214867655142237
0.052019627128379556
0.05189110005349185
0.051763092610521005
0.05163560209906155
0.05150862583445402
0.051382161147697475
0.05125620538536334
0.05113075590950836
0.05100581009758876
0.050881365342373704
0.05075741905186004
0.05063396864918617
0.050511011572547164
0.05038854527510966
0.05026656722492664
0.050145074904853496
0.05002406581246342
0.04990353745996359
