0.497218217690508
0.5257205973257543
0.5256862298300026
0.5255917874521926
0.5255162993653515
0.5254546910532998
0.5254031325112184
0.5253588632153702
0.5253198929571838
0.5252847858415686
0.5252525048547251
0.5252223000899745
0.52519362839625
0.5251660956208979
0.5251394150884658
0.5251133777420915
0.5250878306609829
0.5250626615937125
0.5250377878129167
0.52501314807525
0.5249886968137821
0.5249643999363625
0.5249402317802213
0.5249161728998404
0.5248922084560512
0.5248683270395671
0.5248445198089415
0.5248207798565574
0.5247971017403634
0.524773481136406
0.5247499145796665
0.5247263992696743
0.5247029329238198
0.5246795136659494
0.5246561399411851
0.5246328104503343
0.5246095240990264
0.5245862799579835
0.5245630772317669
0.5245399152340182
0.5245167933677146
0.5244937111093209
0.5244706679959945
0.5244476636151946
0.5244246975962048
0.5244017696031802
0.5243788793294251
0.5243560264926633
0.5243332108311168
0.5243104321002453
0.5242876900700277
0.5242649845226928
0.5242423152508169
0.5242196820557309
0.5241970847461819
0.5241745231372068
0.5241519970491874
0.5241295063070498
0.524107050739594
0.5240846301789237
0.5240622444599687
0.5240398934200785
0.5240175768986794
0.5239952947369855
0.5239730467777522
0.523950832865069
0.5239286528441823
0.5239065065613469
0.5238843938636972
0.5238623145991415
0.5238402686162682
0.5238182557642689
0.5237962758928705
0.5237743288522794
0.5237524144931318
0.5237305326664528
0.5237086832236195
0.5236868660163312
0.5236650808965817
0.5236433277166368
0.5236216063290142
0.5235999165864659
0.5235782583419628
0.5235566314486806
0.5235350357599889
0.5235134711294408
0.5234919374107615
0.5234704344578416
0.5234489621247288
0.5234275202656203
0.5234061087348578
0.5233847273869199
0.5233633760764173
0.523342054658088
0.5233207629867922
0.5232995009175072
0.5232782683053242
0.5232570650054433
0.5232358908731701
0.5232147457639114
0.523193629533172
0.5231725420365512
0.5231514831297387
0.5231304526685128
0.5231094505087355
0.5230884765063499
0.5230675305173782
0.5230466123979165
0.5230257220041341
0.5230048591922692
0.5229840238186265
0.5229632157395746
0.5229424348115423
0.5229216808910174
0.5229009538345424
0.5228802534987131
0.5228595797401755
0.5228389324156232
0.5228183113817947
0.5227977164954715
0.522777147613475
0.5227566045926644
0.522736087289934
0.5227155955622118
0.5226951292664553
0.5226746882596511
0.5226542723988115
0.5226338815409721
0.5226135155431909
0.5225931742625445
0.5225728575561269
0.5225525652810468
0.5225322972944257
0.5225120534533966
0.5224918336151003
0.5224716376366845
0.5224514653753016
0.5224313166881065
0.5224111914322549
0.5223910894649009
0.5223710106431956
0.5223509548242847
0.5223309218653072
0.5223109116233933
0.5222909239556619
0.52227095871922
0.5222510157711602
0.5222310949685588
0.5222111961684746
0.5221913192279468
0.5221714640039931
0.5221516303536089
0.5221318181337645
0.5221120272014047
0.5220922574134457
0.5220725086267749
0.5220527806982486
0.5220330734846903
0.5220133868428902
0.5219937206296021
0.5219740747015436
0.5219544489153927
0.5219348431277886
0.5219152571953282
0.5218956909745658
0.5218761443220117
0.5218566170941301
0.5218371091473388
0.5218176203380065
0.5217981505224527
0.5217786995569458
0.5217592672977016
0.5217398536008828
0.5217204583225963
0.5217010813188938
0.5216817224457695
0.5216623815591581
0.5216430585149353
0.5216237531689156
0.521604465376851
0.5215851949944306
0.5215659418772782
0.5215467058809525
0.5215274868609455
0.521508284672681
0.5214890991715132
0.5214699302127273
0.5214507776515364
0.5214316413430816
0.5214125211424309
0.5213934169045777
0.5213743284844399
0.5213552557368589
0.5213361985165992
0.5213171566783461
0.5212981300767063
0.5212791185662053
0.5212601220012878
0.5212411402363161
0.5212221731255688
0.5212032205232408
0.5211842822834415
0.5211653582601943
0.5211464483074362
0.5211275522790153
0.5211086700286919
0.521089801410136
0.5210709462769274
0.5210521044825541
0.5210332758804124
0.5210144603238052
0.5209956576659414
0.5209768677599352
0.5209580904588051
0.5209393256154733
0.5209205730827643
0.5209018327134048
0.520883104360023
0.5208643878751466
0.5208456831112029
0.5208269899205191
0.5208083081553184
0.5207896376677229
0.5207709783097498
0.520752329933313
0.5207336923902202
0.5207150655321737
0.5206964492107692
0.5206778432774948
0.5206592475837303
0.5206406619807471
0.5206220863197062
0.5206035204516586
0.5205849642275442
0.5205664174981909
0.520547880114314
0.5205293519265155
0.5205108327852834
0.5204923225409911
0.520473821043896
0.52045532814414
0.5204368436917471
0.5204183675366247
0.5203998995285617
0.5203814395172272
0.5203629873521711
0.5203445428828233
0.5203261059584912
0.5203076764283617
0.5202892541414987
0.5202708389468425
0.5202524306932094
0.5202340292292917
0.5202156344036557
0.5201972460647417
0.5201788640608636
0.5201604882402073
0.520142118450831
0.5201237545406636
0.5201053963575046
0.5200870437490235
0.5200686965627583
0.5200503546461156
0.5200320178463695
0.5200136860106609
0.5199953589859975
0.5199770366192512
0.5199587187571604
0.5199404052463258
0.5199220959332127
0.5199037906641486
0.5198854892853225
0.5198671916427855
0.5198488975824482
0.5198306069500817
0.5198123195913155
0.5197940353516379
0.5197757540763945
0.5197574756107877
0.5197391997998763
0.5197209264885737
0.5197026555216487
0.5196843867437239
0.5196661199992745
0.5196478551326282
0.5196295919879648
0.5196113304093144
0.5195930702405571
0.5195748113254232
0.5195565535074903
0.5195382966301848
0.5195200405367797
0.519501785070394
0.5194835300739926
0.5194652753903848
0.5194470208622237
0.5194287663320056
0.5194105116420689
0.5193922566345935
0.5193740011516002
0.5193557450349491
0.5193374881263402
0.5193192302673104
0.5193009712992351
0.5192827110633258
0.5192644494006293
0.519246186152028
0.5192279211582378
0.5192096542598079
0.5191913852971194
0.5191731141103857
0.51915484053965
0.5191365644247853
0.5191182856054936
0.5191000039213047
0.5190817192115753
0.5190634313154886
0.5190451400720526
0.5190268453201
0.5190085468982868
0.5189902446450911
0.5189719383988133
0.5189536279975737
0.5189353132793131
0.5189169940817904
0.5188986702425821
0.5188803415990827
0.5188620079885016
0.5188436692478637
0.5188253252140071
0.518806975723584
0.5187886206130581
0.5187702597187034
0.5187518928766051
0.5187335199226567
0.5187151406925601
0.5186967550218239
0.5186783627457627
0.5186599636994966
0.5186415577179488
0.518623144635846
0.5186047242877162
0.5185862965078885
0.5185678611304918
0.5185494179894535
0.5185309669184984
0.5185125077511485
0.5184940403207202
0.518475564460325
0.518457080002867
0.5184385867810432
0.5184200846273408
0.5184015733740374
0.5183830528531989
0.5183645228966793
0.5183459833361186
0.5183274340029427
0.5183088747283611
0.5182903053433665
0.5182717256787335
0.5182531355650175
0.5182345348325532
0.5182159233114532
0.5181973008316081
0.5181786672226834
0.5181600223141204
0.5181413659351328
0.5181226979147067
0.5181040180816
0.5180853262643397
0.5180666222912211
0.5180479059903077
0.5180291771894281
0.5180104357161759
0.5179916813979086
0.5179729140617453
0.5179541335345662
0.5179353396430111
0.5179165322134784
0.517897711072123
0.517878876044856
0.5178600269573421
0.5178411636349999
0.5178222859029992
0.5178033935862603
0.5177844865094519
0.5177655644969914
0.5177466273730416
0.5177276749615105
0.5177087070860497
0.5176897235700526
0.517670724236654
0.5176517089087271
0.5176326774088837
0.5176136295594718
0.5175945651825746
0.517575484100009
0.5175563861333237
0.5175372711037988
0.5175181388324431
0.5174989891399941
0.5174798218469145
0.517460636773393
0.5174414337393412
0.5174222125643926
0.5174029730679014
0.5173837150689408
0.5173644383863012
0.5173451428384893
0.5173258282437256
0.5173064944199444
0.5172871411847902
0.5172677683556185
0.5172483757494923
0.5172289631831815
0.5172095304731611
0.51719007743561
0.5171706038864086
0.517151109641138
0.5171315945150782
0.5171120583232062
0.5170925008801949
0.5170729220004107
0.5170533214979132
0.517033699186452
0.5170140548794664
0.5169943883900829
0.5169746995311139
0.516954988115056
0.5169352539540887
0.516915496860072
0.5168957166445449
0.5168759131187248
0.5168560860935041
0.5168362353794496
0.5168163607868012
0.5167964621254684
0.5167765392050307
0.5167565918347348
0.5167366198234926
0.5167166229798804
0.5166966011121362
0.516676554028159
0.5166564815355058
0.516636383441391
0.5166162595526836
0.5165961096759069
0.516575933617235
0.5165557311824919
0.5165355021771504
0.5165152464063285
0.5164949636747892
0.5164746537869384
0.5164543165468224
0.5164339517581265
0.5164135592241738
0.516393138747922
0.5163726901319629
0.5163522131785198
0.5163317076894455
0.5163111734662215
0.516290610309955
0.5162700180213777
0.5162493964008432
0.5162287452483264
0.5162080643634204
0.5161873535453351
0.5161666125928949
0.5161458413045379
0.516125039478313
0.5161042069118782
0.5160833434024983
0.5160624487470442
0.5160415227419899
0.5160205651834103
0.5159995758669809
0.5159785545879738
0.5159575011412572
0.5159364153212929
0.5159152969221343
0.5158941457374249
0.5158729615603954
0.5158517441838629
0.5158304934002279
0.5158092090014728
0.51578789077916
0.5157665385244297
0.5157451520279981
0.5157237310801547
0.5157022754707612
0.5156807849892492
0.5156592594246183
0.515637698565433
0.5156161021998221
0.5155944701154764
0.5155728020996458
0.515551097939138
0.5155293574203164
0.5155075803290976
0.5154857664509498
0.5154639155708904
0.5154420274734844
0.5154201019428422
0.5153981387626164
0.5153761377160018
0.5153540985857312
0.515332021154075
0.5153099052028383
0.5152877505133581
0.5152655568665028
0.5152433240426693
0.5152210518217802
0.5151987399832829
0.5151763883061464
0.5151539965688602
0.5151315645494312
0.5151090920253825
0.51508657877375
0.5150640245710818
0.5150414291934348
0.5150187924163732
0.5149961140149657
0.5149733937637849
0.5149506314369029
0.5149278268078907
0.5149049796498159
0.5148820897352393
0.5148591568362149
0.5148361807242852
0.514813161170481
0.5147900979453184
0.5147669908187966
0.5147438395603956
0.5147206439390746
0.5146974037232686
0.5146741186808877
0.5146507885793139
0.5146274131853994
0.514603992265463
0.5145805255852904
0.51455701291013
0.5145334540046907
0.5145098486331412
0.5144861965591059
0.5144624975456638
0.5144387513553461
0.5144149577501335
0.514391116491455
0.5143672273401841
0.5143432900566374
0.5143193044005732
0.5142952701311871
0.5142711870071123
0.5142470547864147
0.5142228732265932
0.514198642084575
0.5141743611167154
0.5141500300787942
0.514125648726014
0.5141012168129974
0.5140767340937854
0.5140522003218347
0.5140276152500156
0.5140029786306096
0.5139782902153065
0.5139535497552035
0.5139287570008017
0.513903911702004
0.5138790136081135
0.51385406246783
0.5138290580292492
0.5138040000398586
0.5137788882465366
0.5137537223955502
0.5137285022325511
0.5137032275025752
0.5136778979500393
0.5136525133187393
0.513627073351847
0.513601577791909
0.5135760263808434
0.5135504188599375
0.5135247549698462
0.5134990344505889
0.5134732570415478
0.5134474224814646
0.5134215305084395
0.5133955808599275
0.5133695732727371
0.5133435074830274
0.5133173832263058
0.5132912002374254
0.5132649582505837
0.5132386569993188
0.5132122962165081
0.5131858756343656
0.5131593949844391
0.5131328539976089
0.5131062524040844
0.5130795899334017
0.5130528663144225
0.5130260812753304
0.5129992345436294
0.51297232584614
0.5129453549089996
0.5129183214576568
0.5128912252168722
0.5128640659107138
0.5128368432625549
0.5128095569950731
0.5127822068302464
0.5127547924893516
0.5127273136929615
0.5126997701609429
0.512672161612454
0.5126444877659418
0.5126167483391406
0.5125889430490684
0.512561071612025
0.5125331337435901
0.5125051291586202
0.5124770575712466
0.5124489186948727
0.5124207122421721
0.5123924379250857
0.5123640954548194
0.512335684541842
0.5123072048958826
0.5122786562259279
0.5122500382402204
0.5122213506462554
0.5121925931507794
0.5121637654597863
0.5121348672785165
0.5121058983114539
0.512076858262323
0.5120477468340874
0.5120185637289465
0.5119893086483337
0.5119599812929139
0.5119305813625807
0.5119011085564547
0.51187156257288
0.5118419431094232
0.5118122498628698
0.5117824825292219
0.5117526408036968
0.5117227243807232
0.5116927329539399
0.5116626662161926
0.5116325238595321
0.5116023055752114
0.5115720110536832
0.5115416399845982
0.5115111920568018
0.5114806669583327
0.511450064376419
0.5114193839974771
0.5113886255071088
0.5113577885900986
0.5113268729304119
0.5112958782111919
0.5112648041147577
0.5112336503226012
0.5112024165153856
0.5111711023729423
0.5111397075742685
0.5111082317975251
0.5110766747200335
0.5110450360182746
0.5110133153678849
0.5109815124436548
0.5109496269195255
0.510917658468588
0.510885606763079
0.5108534714743793
0.5108212522730113
0.5107889488286365
0.5107565608100527
0.5107240878851923
0.5106915297211191
0.5106588859840263
0.5106261563392339
0.5105933404511862
0.5105604379834496
0.5105274485987096
0.5104943719587689
0.5104612077245447
0.5104279555560665
0.5103946151124729
0.5103611860520099
0.5103276680320282
0.510294060708981
0.5102603637384202
0.5102265767749964
0.5101926994724539
0.5101587314836298
0.5101246724604509
0.5100905220539312
0.5100562799141705
0.5100219456903493
0.5099875190307299
0.5099529995826507
0.5099183869925257
0.5098836809058411
0.5098488809671533
0.509813986820086
0.5097789981073281
0.5097439144706306
0.509708735550805
0.5096734609877196
0.5096380904202985
0.5096026234865179
0.5095670598234039
0.5095313990670302
0.5094956408525153
0.5094597848140201
0.5094238305847459
0.5093877777969309
0.5093516260818484
0.5093153750698036
0.5092790243901322
0.5092425736711967
0.5092060225403847
0.5091693706241055
0.5091326175477886
0.5090957629358801
0.5090588064118412
0.5090217475981449
0.5089845861162732
0.5089473215867157
0.5089099536289663
0.5088724818615198
0.5088349059018713
0.508797225366512
0.5087594398709269
0.5087215490295931
0.5086835524559761
0.5086454497625277
0.5086072405606838
0.5085689244608611
0.5085305010724547
0.5084919700038357
0.5084533308623487
0.5084145832543085
0.5083757267849985
0.5083367610586671
0.5082976856785255
0.5082585002467456
0.5082192043644558
0.5081797976317404
0.5081402796476353
0.5081006500101262
0.5080609083161457
0.5080210541615706
0.5079810871412189
0.5079410068488484
0.5079008128771523
0.5078605048177576
0.5078200822612221
0.5077795447970315
0.5077388920135977
0.5076981234982543
0.5076572388372557
0.5076162376157729
0.5075751194178921
0.5075338838266107
0.5074925304238356
0.5074510587903797
0.5074094685059597
0.5073677591491929
0.5073259302975948
0.5072839815275756
0.5072419124144391
0.5071997225323774
0.5071574114544704
0.5071149787526817
0.5070724239978562
0.5070297467597171
0.5069869466068635
0.506944023106767
0.506900975825769
0.5068578043290785
0.506814508180768
0.5067710869437715
0.5067275401798822
0.5066838674497478
0.5066400683128691
0.5065961423275971
0.5065520890511289
0.506507908039506
0.5064635988476109
0.506419161029164
0.506374594136721
0.5063298977216695
0.506285071334227
0.5062401145234361
0.5061950268371638
0.5061498078220965
0.5061044570237385
0.5060589739864079
0.5060133582532342
0.5059676093661554
0.505921726865914
0.505875710292055
0.5058295591829228
0.5057832730756571
0.505736851506191
0.5056902940092471
0.5056436001183349
0.5055967693657475
0.5055498012825586
0.5055026953986186
0.5054554512425533
0.5054080683417586
0.5053605462223983
0.5053128844094017
0.505265082426459
0.5052171397960187
0.505169056039285
0.5051208306762133
0.5050724632255086
0.5050239532046203
0.5049753001297412
0.504926503515802
0.5048775628764697
0.5048284777241434
0.5047792475699517
0.5047298719237485
0.5046803502941106
0.5046306821883338
0.5045808671124299
0.5045309045711228
0.5044807940678456
0.5044305351047378
0.5043801271826405
0.504329569801094
0.5042788624583343
0.5042280046512894
0.5041769958755761
0.5041258356254965
0.5040745233940345
0.5040230586728525
0.5039714409522875
0.5039196697213479
0.5038677444677108
0.5038156646777164
0.503763429836367
0.5037110394273216
0.5036584929328931
0.5036057898340451
0.5035529296103873
0.5034999117401731
0.5034467357002947
0.503393400966281
0.5033399070122934
0.5032862533111211
0.5032324393341792
0.5031784645515044
0.5031243284317501
0.5030700304421853
0.5030155700486887
0.5029609467157461
0.5029061599064462
0.5028512090824776
0.5027960937041239
0.5027408132302618
0.5026853671183552
0.5026297548244536
0.5025739758031863
0.5025180295077607
0.5024619153899568
0.5024056329001243
0.5023491814871789
0.5022925605985981
0.5022357696804177
0.502178808177228
0.5021216755321695
0.5020643711869299
0.5020068945817397
0.5019492451553687
0.5018914223451214
0.5018334255868344
0.5017752543148718
0.5017169079621213
0.5016583859599903
0.5015996877384027
0.5015408127257943
0.5014817603491092
0.501422530033796
0.5013631212038037
0.5013035332815781
0.5012437656880576
0.5011838178426697
0.5011236891633267
0.5010633790664222
0.5010028869668266
0.500942212277884
0.5008813544114078
0.5008203127776767
0.5007590867854311
0.5006976758418694
0.5006360793526434
0.500574296721855
0.5005123273520522
0.500450170644225
0.5003878259978015
0.5003252928106444
0.5002625704790469
0.5001996583977287
0.5001365559598324
0.5000732625569189
0.5000097775789645
0.49994610041435705
0.49988223044989094
0.4998181670707646
0.4997539096605758
0.4996894576013181
0.4996248102733774
0.49955996705552735
0.4994949273249263
0.4994296904571134
0.4993642558260041
0.4992986228038875
0.49923279076142196
0.4991667590676314
0.4991005270899019
0.4990340941939774
0.4989674597439569
0.49890062310229033
0.4988335836297744
0.49876634068555004
0.498698893627098
0.4986312418102359
0.4985633845891137
0.49849532131621144
0.49842705134233445
0.4983585740166112
0.4982898886864889
0.49822099469772996
0.4981518913944094
0.4980825781189109
0.49801305421192354
0.49794331901243866
0.4978733718577463
0.49780321208343237
0.49773283902337506
0.4976622520097416
0.4975914503729857
0.497520433441844
0.49744920054333275
0.49737775100274545
0.4973060841436494
0.49723419928788304
0.49716209575555276
0.49708977286503037
0.4970172299329498
0.49694446627420497
0.4968714812019469
0.4967982740275806
0.4967248440607629
0.4966511906094001
0.4965773129796448
0.49650321047589413
0.49642888240078675
0.49635432805520113
0.49627954673825286
0.49620453774729273
0.4961293003779042
0.4960538339239017
0.49597813767732857
0.4959022109284549
0.49582605296577587
0.4957496630760097
0.49567304054409644
0.4955961846531959
0.49551909468468536
0.4954417699181602
0.49536420963142985
0.4952864131005186
0.4952083795996632
0.4951301084013118
0.49505159877612315
0.49497284999296587
0.4948938613189162
0.494814632019259
0.4947351613574863
0.49465544859529587
0.49457549299259185
0.4944952938074834
0.49441485029628585
0.4943341617135183
0.49425322731190563
0.4941720463423772
0.4940906180540672
0.49400894169431525
0.4939270165086665
0.49384484174087206
0.4937624166328894
0.4936797404248837
0.49359681235522795
0.4935136316605044
0.4934301975755052
0.49334650933323404
0.49326256616490716
0.49317836729995496
0.4930939119660239
0.4930091993889778
0.4929242287929
0.4928389994000953
0.4927535104310923
0.4926677611046457
0.49258175063773874
0.4924954782455856
0.4924089431416351
0.4923221445375727
0.4922350816433241
0.49214775366705854
0.49206015981519236
0.4919722992923925
0.49188417130157996
0.4917957750439348
0.4917071097188994
0.4916181745241835
0.49152896865576795
0.49143949130791065
0.49134974167315026
0.49125971894231185
0.49116942230451266
0.4910788509471671
0.49098800405599263
0.4908968808150157
0.49080548040657795
0.4907138020113426
0.49062184480830123
0.4905296079747802
0.4904370906864479
0.4903442921173221
0.49025121143977723
0.4901578478245527
0.4900642004407598
0.4899702684558906
0.489876051035827
0.489781547344848
0.4896867565456398
0.4895916777993046
0.48949631026537
0.48940065310179887
0.4893047054649988
0.48920846650983385
0.48911193538963327
0.4890151112562031
0.4889179932598375
0.4888205805493299
0.4887228722719843
0.4886248675736278
0.48852656559862245
0.48842796548987766
0.48832906638886375
0.4882298674356239
0.4881303677687887
0.4880305665255895
0.48793046284187214
0.48783005585211214
0.48772934468942836
0.487628328485599
0.48752700637107643
0.48742537747500303
0.4873234409252274
0.48722119584832013
0.48711864136959176
0.4870157766131085
0.4869126007017106
0.4868091127570297
0.4867053118995071
0.48660119724841233
0.4864967679218621
0.4863920230368397
0.486286961709214
0.4861815830537604
0.48607588618418063
0.48596987021312393
0.48586353425220746
0.48575687741203954
0.4856498988022399
0.4855425975314631
0.48543497270742125
0.4853270234369069
0.4852187488258173
0.48511014797917795
0.4850012200011671
0.48489196399514123
0.4847823790636601
0.48467246430851285
0.4845622188307436
0.4844516417306788
0.4843407321079544
0.4842294890615433
0.48411791168978335
0.4840059990904061
0.4838937503605661
0.4837811645968696
0.483668240895405
0.4835549783517742
0.48344137606112186
0.4833274331181681
0.48321314861723963
0.48309852165230316
0.48298355131699744
0.482868236704667
0.4827525769083965
0.48263657102104446
0.4825202181352788
0.4824035173436123
0.4822864677384386
0.482169068412068
0.48205131845676663
0.48193321696479147
0.48181476302843046
0.4816959557400404
0.4815767941920862
0.4814572774771815
0.48133740468812747
0.4812171749179558
0.48109658725996846
0.48097564080778094
0.4808543346553641
0.4807326678970877
0.4806106396277646
0.4804882489426945
0.4803654949377092
0.4802423767092184
0.48011889335425506
0.4799950439705234
0.47987082765644473
0.4797462435112067
0.4796212906348111
0.47949596812812345
0.4793702750929222
0.47924421063194983
0.47911777384896304
0.47899096384878503
0.4788637797373573
0.4787362206217929
0.4786082856104293
0.4784799738128831
0.4783512843401047
0.4782222163044333
0.47809276881965274
0.4779629410010492
0.47783273196546705
0.4777021408313681
0.47757116671888944
0.4774398087499023
0.47730806604807297
0.47717593773892253
0.4770434229498879
0.4769105208103842
0.47677723045186704
0.4766435510078949
0.47650948161419443
0.4763750214087236
0.4762401695317365
0.4761049251258505
0.4759692873361118
0.47583325531006215
0.475696828197807
0.47556000515208396
0.47542278532833193
0.47528516788475955
0.47514715198241786
0.47500873678526895
0.4748699214602591
0.4747307051773903
0.474591087109794
0.474451066433804
0.47431064232903103
0.47416981397843794
0.4740285805684147
0.47388694128885533
0.47374489533323433
0.4736024418986843
0.47345958018607426
0.47331630940008834
0.4731726287493057
0.47302853744628
0.4728840347076199
0.472739119754072
0.4725937918106011
0.4724480501064744
0.47230189387534294
0.4721553223553269
0.4720083347891002
0.47186093042397503
0.47171310851198717
0.4715648683099836
0.47141620907970816
0.47126713008789006
0.4711176306063317
0.4709677099119974
0.47081736728710194
0.47066660201920213
0.47051541340128555
0.470363800731863
0.4702117633150589
0.470059300460704
0.46990641148442847
0.4697530957077539
0.46959935245818885
0.4694451810693211
0.46929058088091413
0.46913555123900186
0.46898009149598374
0.46882420101072253
0.46866787914863994
0.46851112528181443
0.46835393878907894
0.4681963190561186
0.4680382654755707
0.467879777447122
0.46772085437761013
0.46756149568112215
0.4674017007790958
0.4672414691004197
0.46708080008153524
0.4669196931665376
0.466758147807278
0.4665961634634657
0.466433739602771
0.46627087570092857
0.4661075712418393
0.46594382571767595
0.4657796386289859
0.4656150094847955
0.4654499378027146
0.4652844231090414
0.46511846493886794
0.4649520628361845
0.4647852163539855
0.4646179250543756
0.4644501885086747
0.4642820062975246
0.46411337801099484
0.46394430324869
0.4637747816198551
0.4636048127434822
0.46343439624841837
0.4632635317734712
0.46309221896751607
0.4629204574896033
0.462748247009065
0.4625755872056221
0.46240247776949084
0.4622289184014905
0.4620549088131497
0.46188044872681366
0.46170553787575086
0.46153017600425955
0.46135436286777465
0.46117809823297384
0.461001381877885
0.4608242135919904
0.4606465931763344
0.4604685204436285
0.4602899952183568
0.4601110173368817
0.4599315866475486
0.4597517030107906
0.45957136629923306
0.4593905763977978
0.4592093332038066
0.45902763662708446
0.4588454865900636
0.45866288302788405
0.45847982588849795
0.45829631513276975
0.4581123507345779
0.45792793268091503
0.45774306097198947
0.45755773562132296
0.45737195665585123
0.45718572411602126
0.45699903805588993
0.45681189854322063
0.45662430565957995
0.456436259500434
0.4562477601752421
0.4560588078075523
0.4558694025350951
0.45567954450987513
0.4554892338982637
0.4552984708810906
0.455107255653733
0.4549155884262064
0.45472346942325137
0.45453089888442266
0.454337877064175
0.45414440423194863
0.45395048067225446
0.45375610668475674
0.4535612825843564
0.45336600870127197
0.4531702853811202
0.45297411298499485
0.4527774918895448
0.4525804224870514
0.45238290518550306
0.45218494040867063
0.4519865285961801
0.451787670203584
0.451588365702433
0.45138861558034354
0.45118842034106743
0.45098778050455723
0.45078669660703097
0.450585169201037
0.4503831988555151
0.4501807861558573
0.44997793170396766
0.4497746361183189
0.4495709000340098
0.4493667241028179
0.44916210899325465
0.4489570553906147
0.4487515639970265
0.4485456355315001
0.4483392707299737
0.4481324703453576
0.4479252351475771
0.4477175659236142
0.44750946347754655
0.4473009286305843
0.4470919622211064
0.4468825651046946
0.4466727381541644
0.44646248225959595
0.4462517983283619
0.4460406872851536
0.44582915007200485
0.44561718764831504
0.44540480099086877
0.4451919910938541
0.4449787589688793
0.4447651056449861
0.4445510321686629
0.4443365396038543
0.4441216290319682
0.44390630155188326
0.443690558279951
0.4434744003499986
0.4432578289133268
0.44304084513870867
0.44282345021238334
0.44260564533804936
0.4423874317368548
0.44216881064738595
0.4419497833256534
0.4417303510450748
0.4415105150964578
0.4412902767879784
0.4410696374451573
0.4408485984108359
0.4406271610451473
0.4404053267254865
0.4401830968464783
0.439960472819942
0.43973745607485465
0.43951404805731137
0.43929025023048307
0.4390660640745728
0.4388414910867684
0.43861653278119384
0.43839119068885746
0.43816546635759823
0.43793936135202927
0.4377128772534788
0.4374860156599303
0.43725877818595693
0.4370311664626566
0.436803182137584
0.4365748268746789
0.4363461023541928
0.4361170102726136
0.43588755234258747
0.43565773029283794
0.4354275458680832
0.4351970008289503
0.43496609695188765
0.4347348360290744
0.4345032198683284
0.43427125029300995
0.43403892914192577
0.43380625826922753
0.4335732395443116
0.43333987485171216
0.43310616609099584
0.43287211517665186
0.4326377240379796
0.43240299461897574
0.432167928878217
0.4319325287887421
0.43169679633792923
0.43146073352737524
0.4312243423727674
0.4309876249037572
0.4307505831638298
0.4305132192101712
0.4302755351135341
0.4300375329581012
0.4297992148413455
0.4295605828738902
0.4293216391793638
0.42908238589425607
0.4288428251677702
0.428602959161672
0.42836279005013955
0.42812232001960804
0.42788155126861505
0.427640486007642
0.4273991264589535
0.42715747485643757
0.42691553344543937
0.4266733044825972
0.426430790235674
0.42618799298338783
0.425944915015241
0.425701558631346
0.42545792614225125
0.42521401986876384
0.42496984214177097
0.4247253953020601
0.4244806817001363
0.42423570369603947
0.4239904636591583
0.42374496396804373
0.42349920701022076
0.4232531951819979
0.42300693088827584
0.4227604165423554
0.42251365456574136
0.4222666473879478
0.42201939744630085
0.42177190718573976
0.4215241790586167
0.42127621552449646
0.421028019049953
0.42077959210836624
0.42053093717971735
0.4202820567503823
0.42003295331292473
0.4197836293658884
0.4195340874135874
0.4192843299658952
0.41903435953803453
0.4187841786503646
0.418533789828168
0.418283195601437
0.4180323985046577
0.4177814010765963
0.4175302058600807
0.4172788154017847
0.4170272322520093
0.41677545896446533
0.4165234980960537
0.41627135220664524
0.4160190238588619
0.41576651561785494
0.4155138300510839
0.4152609697280954
0.41500793722030177
0.4147547351007569
0.4145013659439356
0.4142478323255093
0.413994136822124
0.41374028201117574
0.4134862704705883
0.41323210477858885
0.412977787513484
0.412723321253437
0.41246870857624335
0.41221395205910627
0.4119590542784147
0.4117040178095184
0.41144884522650477
0.4111935391019755
0.4109381020068236
0.41068253651001085
0.4104268451783445
0.4101710305762554
0.409915095265576
0.409659041805319
0.4094028727514555
0.40914659065669523
0.4088901980702665
0.40863369753769485
0.4083770916005863
0.4081203827964066
0.40786357365826487
0.40760666671469586
0.40734966448944343
0.4070925695012445
0.406835384263614
0.4065781112846313
0.40632075306672544
0.4060633121064636
0.405805790894339
0.40554819191455965
0.40529051764483953
0.40503277055618814
0.40477495311270406
0.404517067771367
0.4042591169818322
0.4040011031862263
0.4037430288189424
0.40348489630643936
0.40322670806703853
0.4029684665107244
0.40271017403894666
0.40245183304442056
0.40219344591093203
0.401935015013142
0.40167654271639197
0.4014180313765132
0.40115948333963347
0.40090090094198866
0.400642286509735
0.4003836423587598
0.40012497079449894
0.39986627411175046
0.3996075545944938
0.3993488145157078
0.3990900561371913
0.39883128170938603
0.39857249347119916
0.39831369364982977
0.3980548844605942
0.3977960681067562
0.3975372467793557
0.3972784226570407
0.3970195979059022
0.39676077467930665
0.39650195511773534
0.3962431413486207
0.3959843354861883
0.3957255396312974
0.39546675587128555
0.39520798627981335
0.3949492329167122
0.39469049782783244
0.39443178304489535
0.39417309058534405
0.39391442245219954
0.3936557806339155
0.3933971671042367
0.3931385838220591
0.3928800327312906
0.3926215157607158
0.39236303482386004
0.39210459181885693
0.39184618862831727
0.3915878271192005
0.39132950914268627
0.39107123653404974
0.3908130111125382
0.3905548346812484
0.3902967090270075
0.3900386359202547
0.38978061711492556
0.3895226543483368
0.38926474934107475
0.3890069037968852
0.38874911940256307
0.3884913978278472
0.3882337407253148
0.3879761497302785
0.3877186264606852
0.3874611725170159
0.38720378948218953
0.3869464789214663
0.38668924238235397
0.3864320813945161
0.386174997469682
0.38591799210155764
0.3856610667657401
0.38540422291963183
0.38514746200235833
0.38489078543468724
0.38463419461894793
0.38437769093895535
0.38412127575993255
0.3838649504284385
0.383608716272294
0.38335257460051214
0.38309652670322947
0.3828405738516384
0.38258471729792215
0.38232895827519053
0.38207329799741896
0.3818177376593868
0.38156227843661955
0.38130692148533146
0.3810516679423705
0.3807965189251637
0.38054147553166595
0.3802865388403093
0.3800317099099525
0.37977698977983626
0.379522379469535
0.3792678799789136
0.3790134922880843
0.37875921735736556
0.3785050561272425
0.37825100951832813
0.3779970784313263
0.37774326374699724
0.3774895663261229
0.37723598700947425
0.37698252661778103
0.3767291859517009
0.3764759657917917
0.37622286689848433
0.37596989001205716
0.37571703585261124
0.3754643051200477
0.37521169849404556
0.3749592166340414
0.3747068601792104
0.37445462974844734
0.37420252594035097
0.37395054933320737
0.37369870048497605
0.3734469799332767
0.3731953881953767
0.3729439257681796
0.3726925931282169
0.37244139073163757
0.3721903190142006
0.37193937839126867
0.3716885692578025
0.37143789198835564
0.3711873469370714
0.37093693443767906
0.37068665480349383
0.3704365083274144
0.37018649528192404
0.369936615919091
0.3696868704705709
0.36943725914760894
0.36918778214104386
0.3689384396213126
0.3686892317384549
0.3684401586221193
0.3681912203815706
0.36794241710569703
0.3676937488630185
0.36744521570169486
0.367196817649537
0.36694855471401633
0.36670042688227583
0.36645243412114137
0.3662045763771349
0.3659568535764864
0.36570926562514794
0.36546181240880754
0.3652144937929032
0.3649673096226388
0.36472025972299893
0.3644733438987663
0.3642265619345361
0.3639799135947355
0.36373339862363935
0.36348701674538864
0.3632407676640095
0.3629946510634302
0.3627486666075024
0.3625028139400184
0.36225709268473266
0.36201150244538044
0.36176604280569974
0.3615207133294503
0.3612755135604356
0.3610304430225234
0.36078550121966846
0.3605406876359324
0.36029600173550624
0.3600514429627333
0.3598070107421301
0.3595627044784095
0.35931852355650323
0.35907446734158377
0.35883053517908803
0.3585867263947399
0.35834304029457253
0.35809947616495214
0.3578560332726005
0.3576127108646187
0.3573695081685092
0.35712642439219994
0.35688345872406657
0.3566406103329559
0.35639787836820946
0.3561552619596855
0.3559127602177821
0.3556703722334612
0.35542809707826956
0.35518593380436236
0.35494388144452593
0.35470193901219943
0.3544601055014982
0.3542183798872344
0.35397676112494014
0.35373524815088864
0.3534938398821162
0.3532525352164431
0.353011333032495
0.3527702321897238
0.35252923152842863
0.3522883298697756
0.35204752601581857
0.3518068187495186
0.35156620683476425
0.35132568901639016
0.35108526402019635
0.35084493055296656
0.3506046873024877
0.350364532937567
0.3501244661080492
0.34988448544483536
0.34964458955989874
0.34940477704630146
0.3491650464782111
0.3489253964109166
0.34868582538084336
0.34844633190556806
0.3482069144838337
0.3479675715955638
0.34772830170187563
0.34748910324509397
0.3472499746487637
0.34701091431766246
0.34677192063781176
0.34653299197648957
0.3462941266822403
0.3460553230848859
0.34581657949553524
0.34557789420659396
0.3453392654917739
0.3451006916060997
0.34486217078591896
0.34462370124890823
0.3443852811940803
0.3441469088017901
0.34390858223374116
0.3436702996329897
0.3434320591239506
0.3431938588124
0.3429556967854802
0.34271757111170204
0.34247947984094573
0.3422414210044659
0.342003392614889
0.34176539266621697
0.3415274191338254
0.34128946997446274
0.34105154312625074
0.3408136365086808
0.3405757480226125
0.34033787555026984
0.3401000169552385
0.3398621700824604
0.3396243327582288
0.339386502790184
0.3391486779673055
0.338910856059906
0.33867303481962385
0.3384352119794142
0.338197385253541
0.3379595523375678
0.3377217109083463
0.337483858624007
0.3372459931239469
0.337008112028818
0.3367702129405146
0.33653229344215946
0.33629435109809064
0.3360563834538458
0.3358183880361475
0.3355803623528878
0.33534230389311065
0.33510421012699504
0.33486607850583744
0.33462790646203266
0.33438969140905545
0.33415143074143905
0.33391312183475713
0.3336747620456002
0.3334363487115559
0.33319787915118476
0.3329593506639992
0.3327207605304371
0.3324821060118406
0.3322433843504286
0.3320045927692731
0.33176572847227104
0.33152678864412
0.33128777045028784
0.3310486710369876
0.3308094875311469
0.3305702170403797
0.3303308566529557
0.33009140343777066
0.3298518544443155
0.32961220670264413
0.3293724572233419
0.3291326029974926
0.3288926409966457
0.3286525681727822
0.32841238145828044
0.32817207776588125
0.32793165398865315
0.3276911069999563
0.3274504336534051
0.3272096307828336
0.3269686952022564
0.32672762370583147
0.32648641306782245
0.3262450600425594
0.3260035613643999
0.3257619137476903
0.3255201138867249
0.3252781584557065
0.3250360441087052
0.3247937674796181
0.3245513251821277
0.3243087138096599
0.32406592993534344
0.3238229701119658
0.3235798308719325
0.3233365087272238
0.32309300016935094
0.32284930166931464
0.3226054096775607
0.3223613206239363
0.32211703091764754
0.3218725369472148
0.3216278350804289
0.3213829216643075
0.32113779302505163
0.32089244546800044
0.3206468752775885
0.32040107871730117
0.32015505202963096
0.3199087914360335
0.3196622931368846
0.3194155533114359
0.31916856811777194
0.31892133369276704
0.3186738461520428
0.3184261015899246
0.3181780960794007
0.3179298256720785
0.3176812863981454
0.31743247426632576
0.3171833852638414
0.31693401535637106
0.3166843604880112
0.31643441658123656
0.31618417953686306
0.3159336452340086
0.31568280953005723
0.31543166826062374
0.3151802172395165
0.31492845225870525
0.3146763690882858
0.3144239634764492
0.31417123114944956
0.31391816781157356
0.31366476914511177
0.3134110308103306
0.3131569484454458
0.31290251766659677
0.31264773406782304
0.31239259322104085
0.31213709067602396
0.31188122196038254
0.3116249825795465
0.3113683680167486
0.31111137373301156
0.31085399516713424
0.31059622773568196
0.3103380668329793
0.3100795078311009
0.3098205460798702
0.30956117690685625
0.30930139561737424
0.3090411974944891
0.3087805777990195
0.3085195317695477
0.3082580546224284
0.30799614155180366
0.3077337877296182
0.3074709883056393
0.3072077384074789
0.3069440331406187
0.30667986758844007
0.3064152368122543
0.30615013585134
0.30588455972298095
0.30561850342250924
0.3053519619233519
0.3050849301770814
0.3048174031134698
0.30454937564054707
0.30428084264466504
0.3040117989905629
0.3037422395214398
0.3034721590590309
0.3032015524036879
0.3029304143344647
0.302658739609209
0.3023865229646565
0.3021137591165335
0.30184044275966204
0.3015665685680725
0.30129213119511994
0.301017125273609
0.3007415454159217
0.3004653862141528
0.3001886422402517
0.29991130804616956
0.29963337816401336
0.2993548471062074
0.2990757093656599
0.2987959594159385
0.29851559171145103
0.2982346006876345
0.2979529807611511
0.29767072633009295
0.2973878317741917
0.2971042914550398
0.29682009971631645
0.29653525088402366
0.2962497392667301
0.2959635591558236
0.29567670482577185
0.29538917053439284
0.29510095052313323
0.29481203901735775
0.2945224302266448
0.29423211834509533
0.2939410975516489
0.29364936201041014
0.2933569058709854
0.2930637232688307
0.2927698083256079
0.29247515514955347
0.29217975783585687
0.2918836104670499
0.29158670711340784
0.29128904183336196
0.2909906086739217
0.2906914016711111
0.2903914148504154
0.2900906422272396
0.2897890778073796
0.28948671558750644
0.2891835495556614
0.288879573691765
0.2885747819681386
0.28826916835003913
0.28796272679620605
0.2876554512594231
0.2873473356870934
0.28703837402182647
0.2867285602020417
0.28641788816258457
0.2861063518353554
0.2857939451499566
0.28548066203435013
0.2851664964155323
0.2848514422202222
0.28453549337556533
0.28421864380985246
0.2839008874532539
0.28358221823856866
0.28326263010198904
0.28294211698388194
0.2826206728295846
0.2822982915902164
0.2819749672235087
0.28165069369464674
0.2813254649771327
0.2809992750536602
0.2806721179170099
0.28034398757095813
0.28001487803120273
0.2796847833263075
0.27935369749866146
0.27902161460545655
0.2786885287196796
0.27835443393112486
0.27801932434742005
0.27768319409507286
0.2773460373205314
0.27700784819126384
0.27666862089685473
0.27632834965011793
0.2759870286882277
0.275644652273866
0.27530121469638696
0.2749567102730004
0.2746111333499687
0.27426447830382567
0.27391673954260815
0.2735679115071065
0.27321798867213176
0.27286696554780054
0.272514836680835
0.27216159665588024
0.2718072400968386
0.27145176166822077
0.27109515607651136
0.2707374180715521
0.27037854244794185
0.27001852404645016
0.2696573577554487
0.269295038512356
0.26893156130510026
0.2685669211735949
0.2682011132112293
0.2678341325663758
0.26746597444390896
0.26709663410674084
0.2667261068773675
0.2663543881394325
0.2659814733393006
0.26560735798764645
0.2652320376610539
0.26485550800362995
0.26447776472862855
0.26409880362008686
0.26371862053447215
0.2633372114023404
0.2629545722300034
0.26257069910120856
0.2621855881788243
0.26179923570653857
0.26141163801056194
0.2610227915013426
0.2606326926752852
0.26024133811647926
0.2598487244984327
0.2594548485858118
0.25905970723618676
0.2586632974017809
0.2582656161312257
0.2578666605713177
0.25746642796878016
0.257064915672025
0.2566621211329177
0.2562580419085444
0.2558526756629758
0.25544602016903434
0.2550380733100577
0.2546288330816636
0.25421829759350784
0.25380646507104304
0.25339333385727136
0.2529789024144923
0.2525631693260471
0.25214613329805374
0.2517277931611371
0.2513081478721507
0.25088719651588903
0.25046493830679095
0.2500413725906326
0.24961649884620843
0.2491903166870016
0.24876282586283874
0.24833402626153367
0.24790391791051491
0.24747250097843743
0.24703977577677794
0.24660574276141392
0.24617040253418196
0.24573375584441848
0.2452958035904806
0.24485654682124386
0.24441598673758008
0.2439741246938108
0.24353096219913697
0.2430865009190445
0.24264074267668267
0.2421936894542178
0.24174534339415613
0.24129570680064172
0.2408447821407217
0.24039257204558317
0.23993907931175626
0.2394843069022879
0.23902825794787916
0.2385709357479915
0.23811234377191434
0.23765248565979963
0.2371913652236581
0.23672898644831697
0.23626535349234146
0.23580047068891355
0.23533434254667232
0.23486697375051188
0.23439836916233903
0.23392853382178463
0.23345747294687413
0.2329851919346525
0.2325116963617631
0.2320369919849813
0.23156108474170053
0.23108398075037068
0.23060568631088935
0.23012620790494148
0.22964555219629199
0.22916372603102558
0.2286807364377373
0.22819659062767064
0.22771129599480228
0.22722486011587673
0.22673729075038374
0.22624859584048534
0.22575878351088632
0.22526786206864985
0.2247758400029588
0.2242827259848203
0.22378852886671438
0.22329325768218583
0.2227969216453797
0.22229953015051881
0.2218010927713236
0.22130161926037653
0.2208011195484243
0.2202996037436261
0.2197970821307402
0.21929356517025542
0.21878906349746008
0.2182835879214557
0.21777714942411064
0.21726975915895558
0.21676142845001867
0.21625216879060546
0.2157419918420173
0.21523090943221318
0.21471893355441246
0.21420607636564173
0.2136923501852205
0.21317776749319356
0.21266234092870306
0.21214608328830595
0.21162900752423447
0.2111111267425999
0.21059245420154293
0.21007300330932654
0.2095527876223771
0.2090318208432699
0.20851011681866188
0.2079876895371715
0.20746455312720796
0.20694072185474727
0.20641621012105849
0.2058910324603824
0.2053652035375566
0.20483873814559714
0.20431165120323022
0.20378395775237754
0.20325567295559835
0.20272681209348387
0.20219739056201058
0.20166742386985032
0.20113692763563804
0.20060591758520036
0.20007440954874442
0.19954241945800694
0.1990099633433699
0.19847705733093607
0.19794371763957208
0.19740996057791835
0.19687580254136466
0.19634126000899796
0.19580634954051626
0.19527108777311786
0.19473549141836088
0.19419957725899822
0.19366336214578808
0.19312686299428009
0.19259009678158143
0.19205308054310127
0.1915158313692768
0.19097836640228205
0.19044070283271908
0.18990285789629713
0.18936484887049523
0.18882669307121627
0.18828840784942844
0.18775001058779792
0.1872115186973161
0.18667294961391817
0.18613432079509884
0.1855956497165251
0.18505695386864662
0.1845182507533058
0.18397955788035092
0.18344089276424913
0.1829022729207075
0.18236371586329658
0.18182523910008194
0.1812868601302647
0.18074859644083316
0.18021046550322306
0.17967248476999267
0.1791346716715117
0.17859704361266548
0.17805961796957634
0.1775224120863427
0.17698544327179916
0.17644872879629483
0.1759122858884976
0.17537613173221778
0.17484028346326003
0.17430475816629895
0.1737695728717828
0.17323474455286558
0.17270029012236784
0.1721662264297699
0.17163257025823472
0.17109933832166527
0.1705665472617955
0.17003421364531532
0.16950235396103377
0.16897098461707666
0.16844012193812385
0.16790978216268548
0.1673799814404172
0.16685073582947615
0.1663220612939197
0.16579397370114507
0.16526648881937242
0.16473962231517314
0.16421338975104094
0.16368780658300938
0.16316288815831564
0.16263864971310907
0.16211510637020976
0.1615922731369127
0.16107016490284073
0.16054879643784742
0.16002818238996758
0.1595083372834184
0.15898927551665126
0.15847101136045272
0.1579535589560972
0.15743693231355116
0.15692114530972795
0.15640621168679403
0.15589214505052898
0.1553789588687352
0.1548666664697015
0.15435528104071858
0.15384481562664654
0.15333528312853587
0.1528266963022994
0.152319067757439
0.1518124099558228
0.15130673521051546
0.15080205568466226
0.1502983833904225
0.14979573018795883
0.14929410778447408
0.14879352773330445
0.14829400143306082
0.14779554012682322
0.14729815490138556
0.1468018566865514
0.14630665625447986
0.1458125642190824
0.1453195910354685
0.14482774699944068
0.14433704224703964
0.14384748675413636
0.1433590903360734
0.14287186264735371
0.1423858131813755
0.14190095127021546
0.14141728608445658
0.14093482663306278
0.1404535817632976
0.13997356016068763
0.1394947703490303
0.13901722069044414
0.13854091938546298
0.13806587447316998
0.1375920938313761
0.13711958517683673
0.1366483560655092
0.1361784138928511
0.135709765894155
0.1352424191449231
0.1347763805612789
0.13431165690041402
0.1338482547610742
0.13338618058407692
0.1329254406528661
0.13246604109409965
0.13200798787826937
0.13155128682035552
0.13109594358051022
0.13064196366477324
0.13018935242581767
0.12973811506372507
0.1292882566267887
0.12883978201234503
0.12839269596763203
0.1279470030906741
0.12750270783119305
0.1270598144915427
0.1266183272276685
0.12617825005009034
0.1257395868249082
0.12530234127482898
0.12486651698021478
0.12443211738015243
0.1239991457735414
0.12356760532020111
0.12313749904199739
0.1227088298239848
0.12228160041556685
0.12185581343167251
0.12143147135394727
0.12100857653195998
0.12058713118442227
0.12016713740042274
0.11974859714067312
0.11933151223876698
0.11891588440244899
0.11850171521489554
0.11808900613600554
0.11767775850369998
0.11726797353523112
0.11685965232849961
0.11645279586337906
0.11604740500304786
0.1156434804953275
0.11524102297402625
0.11484003296028887
0.11444051086395139
0.11404245698489804
0.11364587151442448
0.11325075453660234
0.11285710602964763
0.11246492586729019
0.11207421382014503
0.1116849695570858
0.11129719264661805
0.11091088255825199
0.11052603866387689
0.11014266023913301
0.10976074646478344
0.10938029642808395
0.10900130912415108
0.10862378345732776
0.10824771824254625
0.10787311220668745
0.10749996398993727
0.10712827214713978
0.10675803514914396
0.10638925138414791
0.1060219191590374
0.10565603670071916
0.10529160215744864
0.10492861360015211
0.10456706902374219
0.10420696634842748
0.10384830342101511
0.10349107801620647
0.10313528783788559
0.10278093052040027
0.10242800362983515
0.1020765046652772
0.10172643106007301
0.10137778018307707
0.10103054933989253
0.10068473577410231
0.10034033666849172
0.09999734914626168
0.0996557702722326
0.09931559705403924
0.09897682644331532
0.09863945533686874
0.09830348057784691
0.09796889895689168
0.09763570721328457
0.09730390203608101
0.09697348006523546
0.09664443789271429
0.09631677206359934
0.09599047907718081
0.09566555538803799
0.09534199740711125
0.0950198015027609
0.094698964001817
0.09437948119061679
0.09406134931603119
0.09374456458648124
0.09342912317294173
0.0931150212099347
0.0928022547965115
0.09249081999722292
0.09218071284307906
0.09187192933249719
0.09156446543223756
0.09125831707833035
0.09095348017698775
0.09064995060550766
0.09034772421316464
0.09004679682208934
0.08974716422813808
0.08944882220174868
0.08915176648878757
0.08885599281138377
0.08856149686875253
0.08826827433800771
0.0879763208749625
0.08768563211491953
0.08739620367344973
0.08710803114715986
0.08682111011444954
0.08653543613625689
0.08625100475679331
0.08596781150426794
0.0856858518916005
0.08540512141712404
0.08512561556527652
0.08484732980728271
0.08457025960182374
0.08429440039569862
0.08401974762447326
0.08374629671311987
0.08347404307664688
0.08320298212071724
0.08293310924225766
0.08266441983005768
0.08239690926535807
0.0821305729224304
0.08186540616914612
0.08160140436753595
0.08133856287433983
0.08107687704154791
0.08081634221693043
0.0805569537445599
0.08029870696532351
0.08004159721742567
0.07978561983688243
0.079530770158006
0.07927704351388129
0.07902443523683254
0.07877294065888218
0.07852255511220048
0.07827327392954644
0.0780250924447012
0.07777800599289178
0.07753200991120739
0.07728709953900735
0.07704327021832097
0.07680051729423913
0.0765588361152981
0.07631822203385596
0.07607867040646041
0.07584017659420994
0.07560273596310658
0.07536634388440172
0.07513099573493469
0.07489668689746332
0.07466341276098853
0.07443116872107029
0.0741999501801383
0.0739697525477943
0.07374057124110844
0.07351240168490918
0.07328523931206482
0.07305907956376127
0.07283391788977048
0.07260974974871506
0.07238657060832465
0.07216437594568739
0.07194316124749452
0.07172292201027947
0.0715036537406508
0.07128535195551952
0.07106801218232024
0.07085162995922684
0.07063620083536298
0.07042172037100675
0.07020818413778931
0.06999558771888974
0.06978392670922302
0.06957319671562368
0.06936339335702445
0.06915451226462954
0.06894654908208284
0.06873949946563185
0.06853335908428662
0.06832812361997369
0.06812378876768532
0.06792035023562507
0.06771780374534801
0.06751614503189682
0.06731536984393345
0.06711547394386688
0.06691645310797616
0.06671830312652993
0.0665210198039014
0.06632459895867972
0.06612903642377696
0.06593432804653192
0.06574046968880944
0.06554745722709698
0.06535528655259618
0.06516395357131226
0.06497345420413898
0.06478378438694049
0.06459494007062976
0.0644069172212434
0.0642197118200142
0.06403331986343899
0.06384773736334447
0.06366296034694946
0.06347898485692453
0.06329580695144811
0.0631134227042601
0.06293182820471224
0.06275101955781634
0.06257099288428898
0.06239174432059408
0.06221327001898246
0.06203556614752895
0.061858628890167126
0.061682454446721276
0.061507039032936056
0.06133237888050386
0.061158470237089244
0.06098530936635234
0.0608128925479685
0.06064121607764677
0.06047027626714582
0.06030006944428788
0.060130591952970325
0.059961840153175856
0.05979381042098007
0.059626499148557305
0.05945990274418447
0.05929401763224352
0.0591288402532215
0.0589643670637092
0.0588005945363977
0.05863751916007382
0.05847513743961308
0.05831344589597198
0.05815244106617779
0.05799211950331753
0.05783247777652489
0.05767351247096619
0.057515220187824165
0.057357597544281214
0.0572006411735006
0.05704434772460649
0.05688871386266299
0.056733736268651275
0.05657941163944644
0.056425736687791724
0.05627270814227292
0.0561203227472912
0.05596857726303405
0.0558174684654462
0.05566699314619897
0.05551714811265836
0.05536793018785279
0.05521933621043893
0.0550713630346677
0.05492400753034794
0.05477726658281057
0.05463113709287105
0.054485615976790955
0.054340700166239264
0.054196386608252003
0.05405267226519225
0.05390955411470796
0.05376702914969021
0.05362509437823023
0.05348374682357597
0.053342983524087235
0.05320280153319134
0.05306319791933732
0.052924169765949464
0.052785714171381115
0.05264782824886645
0.052510509126473294
0.05237375394705398
0.052237559868197045
0.05210192406217697
0.05196684371590457
0.05183231603087651
0.05169833822312424
0.05156490752316259
0.051432021175937995
0.05129967644077649
0.051167870591330745
0.05103660091552728
0.05090586471551311
0.05077565930760218
0.050645982022221106
0.05051683020385496
0.05038820121099274
0.050260092416072065
0.050132501205424625
0.050005424979220066
0.049878861151410665
