2.4988052237993017
2.3571075174803857
2.3429846687535063
2.3207535405974724
2.2979375589737097
2.275906755554419
2.2547332755923626
2.234334225832264
2.214619058326911
2.195506952241537
2.1769282820011977
2.1588241777663812
2.1411458792812184
2.123854082509155
2.106918294821169
2.090316191802712
2.07403296634556
2.058060661499405
2.0423974804030314
2.027047069095274
2.0120177709113873
1.997321854294265
1.982974718972948
1.9689940883601424
1.9553991984854526
1.9422099956310104
1.9294463559389503
1.9171273405452538
1.9052704992615486
1.8938912345446266
1.8830022355933171
1.8726129900695148
1.862729378355369
1.8533533526346315
1.8444827006073523
1.8361108914622637
1.8282269999434335
1.8208157030100587
1.813857342706701
1.8073280484022316
1.801199911457044
1.7954412055613165
1.7900166463688372
1.7848876845530386
1.7800128269679796
1.7753479811568111
1.770846818980069
1.7664611556179552
1.7621413406286979
1.7578366581214548
1.7534957334331103
1.7490669439895468
1.7444988322861636
1.7397405191366593
1.734742115504746
1.7294551313363336
1.7238328798320812
1.7178308755232432
1.7114072243208978
1.7045230033889476
1.6971426282427595
1.6892342039076609
1.6807698563084037
1.671726039340348
1.6620838123480377
1.6518290820719843
1.6409528025934514
1.6294511264875853
1.6173255003627174
1.6045826982843705
1.5912347873061932
1.5772990204833002
1.5627976543237279
1.547757689605437
1.5322105367793728
1.5161916096906387
1.4997398539484434
1.4828972188097755
1.465708083750719
1.448218652825713
1.4304763313190105
1.412529099965308
1.394424902091596
1.376211058393488
1.3579337227435362
1.3396373905237633
1.3213644686097716
1.3031549134691671
1.2850459410470396
1.267071809368113
1.2492636722442085
1.2316495002627328
1.2142540634356562
1.1970989685574835
1.1802027434645648
1.1635809599827733
1.1472463873458603
1.1312091681951575
1.1154770098565066
1.1000553843548753
1.084947731498825
1.0701556602824507
1.0556791447599623
1.0415167114083275
1.0276656157788258
1.0141220069322097
1.0008810787465845
0.9879372076811996
0.9752840769775585
0.9629147875893622
0.9508219563647221
0.9389978021687235
0.9274342207426833
0.91612284915879
0.9050551207549017
0.894222311432497
0.88361557817857
0.8732259906358179
0.8630445564998154
0.853062241471253
0.8432699844389219
0.8336587085175285
0.8242193285155395
0.8149427553635229
0.8058198979938657
0.7968416631290748
0.7879989534084808
0.7792826642623865
0.7706836799286215
0.7621928689990136
0.7538010798823429
0.7454991365756106
0.7372778351465649
0.7291279413466634
0.7210401897945169
0.7130052851940356
0.7050139060780267
0.697056711594971
0.6891243518823723
0.6812074825917523
0.6732967841452445
0.6653829863082117
0.6574568986524343
0.64950944745558
0.6415317195299659
0.6335150133919314
0.6254508980671584
0.6173312796723178
0.6091484757153875
0.6008952968133162
0.5925651352357801
0.5841520593498338
0.5756509126680047
0.5670574158017618
0.5583682692079205
0.5495812542070633
0.5406953293747949
0.5317107190869487
0.5226289907698647
0.5134531172981494
0.5041875210246111
0.49483809614477
0.4854122065073741
0.47591865658687504
0.4663676341236556
0.4567706238869025
0.44714029308155384
0.4374903500487107
0.42783537903191043
0.4181906548278866
0.40857194203930386
0.3989952843354635
0.3894767895563505
0.3800324166358583
0.3706777701640175
0.3614279079705883
0.3522971664295542
0.3432990073086295
0.3344458889839632
0.3257491637765383
0.31721900211054804
0.30886434320517697
0.3006928711382384
0.2927110143974717
0.2849239664826544
0.27733572474453244
0.269949144438265
0.26276600491335794
0.2557870849361628
0.2490122443185741
0.24244050928024594
0.23607015927526032
0.22989881334421977
0.22392351438931846
0.21814081009721165
0.21254682954071213
0.20713735476750675
0.20190788692753092
0.19685370669845179
0.19196992894105164
0.18725155165495563
0.18269349941289637
0.17829066153196352
0.1740379252967808
0.16993020458595598
0.16596246427308503
0.16212974078025916
0.15842715915841987
0.15484994705752053
0.15139344593247236
0.14805311981005223
0.14482456191879714
0.14170349945955502
0.1386857967697038
0.13576745710975513
0.13294462327764794
0.13021357723379692
0.1275707388991793
0.12501266426949262
0.1225360429707658
0.12013769536578071
0.1178145693061712
0.11556373661208644
0.11338238934972115
0.11126783596674208
0.10921749733656283
0.10722890275444841
0.10529968592144043
0.10342758094600946
0.10161041838805467
0.09984612136528838
0.09813270173810475
0.09646825638564603
0.0948509635828802
0.09327907948604572
0.09175093473172322
0.09026493115304025
0.08881953861503358
0.08741329196996309
0.08604478813235798
0.08471268327273607
0.08341569012826602
0.08215257542809107
0.08092215743061451
0.07972330356970936
0.0785549282065697
0.07741599048374302
0.07630549227776362
0.07522247624673348
0.0741660239691709
0.07313525417044583
0.07212932103315504
0.07114741258784045
0.07018874918052431
0.06925258201361985
0.06833819175687009
0.06744488722506951
0.06657200411943455
0.06571890382959539
0.06488497229330592
0.06406961891106981
0.06327227551301319
0.06249239537543227
0.06172945228456981
0.06098293964527688
0.060252369632327406
0.05953727238225617
0.0588371952236953
0.058151701944275026
0.05748037209226073
0.05682280031117365
0.0561785957057456
0.055547381237626134
0.05492879314935409
0.054322480415169544
0.0537281042173236
0.05314533744660774
0.052573864225890596
0.05201337945551607
0.051463588379471716
0.05092420617129476
0.050394957538738634
0.04987557634627002
