2.136739077687427
2.31950034178372
2.2715506181586704
2.216213917596533
2.181400964844393
2.1564840902591147
2.1354015058580185
2.1158426374628108
2.097006324707308
2.078604640337804
2.060520754731015
2.0427006740146005
2.025118681320547
2.007765199725269
1.9906416581278128
1.9737577305239737
1.957129475560608
1.9407778513375749
1.9247273940276601
1.9090049713322759
1.89363857899559
1.8786561786607925
1.864084591459084
1.8499484693942696
1.8362693686456668
1.8230649470995417
1.8103483040003132
1.7981274736221753
1.7864050781868295
1.7751781386416408
1.7644380359539364
1.7541706106818955
1.7443563849769859
1.734970888913409
1.7259850720428311
1.717365781155155
1.7090762861501605
1.7010768374365457
1.6933252401359336
1.685777432377372
1.6783880569673446
1.6711110176040553
1.6639000125095849
1.656709039852026
1.6494928706204506
1.642207485714179
1.6348104749383945
1.6272613963876603
1.619522095372705
1.6115569826254608
1.6033332720194367
1.5948211784789237
1.5859940771289405
1.5768286250625039
1.5673048473748337
1.557406189335918
1.5471195367433237
1.5364352066159814
1.525346910457083
1.5138516923314702
1.5019498439725283
1.4896447990602057
1.476943008701939
1.463853800010955
1.4503892195227144
1.4365638630330002
1.422394693294235
1.4079008468837602
1.3931034314716197
1.3780253146757218
1.3626909057051158
1.3471259310588104
1.3313572056638352
1.3154124009927064
1.2993198118827902
1.2831081239703537
1.2668061838304023
1.250442774059473
1.2340463956337748
1.2176450599042672
1.2012660925429022
1.1849359516255815
1.1686800618284832
1.1525226664322423
1.1364866984848498
1.1205936720847847
1.1048635943288938
1.0893148980439284
1.073964395004957
1.058827248954871
1.0439169673909758
1.029245410787955
1.014822817688411
1.000657843916284
0.9867576140547333
0.9731277832760162
0.9597726076111819
0.9466950207955438
0.9338967159138793
0.9213782301890485
0.9091390314008115
0.8971776045803853
0.8854915377934622
0.8740776059938997
0.8629318520968728
0.8520496645797744
0.841425851068481
0.8310547075034932
0.8209300826036593
0.8110454374538805
0.801393900137526
0.7919683154144539
0.7827612895124514
0.773765230154535
0.76497238198803
0.7563748576150698
0.7479646644492864
0.7397337276414324
0.7316739093287045
0.723777024469805
0.7160348535314797
0.7084391522934048
0.7009816590378863
0.693654099389722
0.6864481890706599
0.6793556348328501
0.6723681338372907
0.6654773717471643
0.6586750198127002
0.6519527312344264
0.6453021371058101
0.638714842254867
0.6321824213276214
0.625696415484658
0.619248330115501
0.6128296340140791
0.606431760501779
0.6000461110317264
0.5936640618579345
0.587276974403798
0.5808762100137609
0.5744531498162634
0.5679992204608053
0.5615059265114508
0.5549648902763235
0.5483678998192388
0.54170696582606
0.5349743878741483
0.5281628304674302
0.5212654089416857
0.514275785005684
0.5071882712580226
0.4999979435062515
0.4927007591206202
0.4852936789955612
0.4777747899951852
0.47014342406460924
0.46240026954945285
0.4545474697447827
0.4465887033625314
0.4385292415338791
0.43037597621332496
0.422137415469408
0.4138236421507499
0.4054462337864833
0.3970181432574349
0.3885535416581759
0.3800676267255875
0.371576402080976
0.36309643415992165
0.35464459494263545
0.34623779933745197
0.33789274624955246
0.32962567198047454
0.32145212370112
0.31338675941865146
0.3054431792454571
0.2976337910213051
0.2899697115806276
0.2824607033210943
0.275115144314683
0.2679400290723435
0.26094099625799
0.2541223791463698
0.24748727440747642
0.24103762483587973
0.23477431187563952
0.22869725416656744
0.22280550880425765
0.21709737251917055
0.21157048050190003
0.20622190110401023
0.20104822510640621
0.1960456486575949
0.1912100493361272
0.18653705508367852
0.18202210598985819
0.17766050909152456
0.17344748648419311
0.16937821713762016
0.16544787286860768
0.16165164895777445
0.15798478990933057
0.1544426108488262
0.15102051503776812
0.14771400795950873
0.14451870840084677
0.1414303569206384
0.1384448220621907
0.13555810463163712
0.13276634033084306
0.13006580100132753
0.12745289470565274
0.1249241648449807
0.122476288486135
0.1201060740485497
0.11781045848088809
0.11558650403873555
0.11343139475850739
0.11134243270837432
0.10931703408444436
0.10735272520948363
0.10544713848193486
0.10359800831475918
0.10180316709652774
0.10006054120110427
0.09836814706704572
0.09672408736341576
0.09512654725494207
0.09357379077627062
0.09206415732239603
0.09059605826011227
0.08916797366346471
0.08777844917464965
0.08642609299053955
0.0851095729739895
0.08382761388824686
0.08257899475213155
0.08136254631313725
0.08017714863520958
0.0790217287976651
0.07789525870150141
0.07679675297921926
0.07572526700418614
0.07467989499554864
0.07365976821469775
0.07266405324933853
0.07169195038127053
0.07074269203407293
0.06981554129698535
0.06890979052138485
0.06802475998637707
0.06715979663014612
0.06631427284383111
0.0654875853248329
0.064679153986577
0.0638884209218958
0.06311484941731443
0.06235792301565278
0.06161714462447976
0.0608920356680686
0.06018213528062567
0.059486999538667255
0.05880620073053151
0.05813932666111381
0.0574859799900086
0.056845777601340255
0.05621835000364964
0.05560334075829314
0.05500040593488732
0.05440921359241525
0.05382944328467869
0.05326078558885488
0.052702941655978226
0.05215562278223496
0.05161855000001402
0.05109145368771592
0.05057407319737438
0.05006615649919695
0.049567459842175074
