0.5000760651633283
0.5509560908453128
0.5416081737274363
0.5342606458441362
0.5287439385127496
0.5246790062563663
0.5217249500457914
0.5195985753639398
0.5180767960179296
0.5169902796474531
0.516213815668945
0.5156565186615332
0.5152532808813705
0.514957896151282
0.5147377917419698
0.5145701164300943
0.514438895325033
0.5143329895859369
0.5142446475472633
0.5141684828391067
0.5141007571518997
0.5140388785755264
0.5139810516090544
0.5139260334450919
0.513872964500958
0.5138212507092197
0.51377048183297
0.5137203748236528
0.5136707345703528
0.5136214267175433
0.5135723588519172
0.5135234674894786
0.5134747090803498
0.5134260537950939
0.5133774812356899
0.5133289774775162
0.5132805330312609
0.5132321414402213
0.5131837983161471
0.5131355006775146
0.5130872464961711
0.5130390343873841
0.5129908633984623
0.512942732865031
0.5128946423136589
0.5128465913961786
0.5127985798456224
0.5127506074468562
0.5127026740171747
0.5126547793936147
0.5126069234247774
0.5125591059656556
0.5125113268744477
0.5124635860106703
0.5124158832341081
0.5123682184042928
0.5123205913803075
0.5122730020207872
0.5122254501840213
0.5121779357281133
0.512130458511157
0.5120830183914125
0.512035615227472
0.5119882488784058
0.5119409192038916
0.5118936260643231
0.5118463693209013
0.51179914883571
0.511751964471775
0.5117048160931145
0.5116577035647757
0.5116106267528653
0.5115635855245698
0.5115165797481733
0.5114696092930672
0.5114226740297582
0.5113757738298712
0.5113289085661512
0.5112820781124615
0.5112352823437818
0.5111885211362034
0.511141794366925
0.5110951019142459
0.5110484436575602
0.5110018194773487
0.5109552292551723
0.5109086728736636
0.5108621502165193
0.5108156611684915
0.5107692056153799
0.5107227834440224
0.5106763945422882
0.5106300387990677
0.5105837161042641
0.5105374263487865
0.510491169424539
0.5104449452244134
0.5103987536422805
0.5103525945729817
0.5103064679123197
0.5102603735570511
0.5102143114048768
0.5101682813544344
0.510122283305289
0.5100763171579256
0.5100303828137401
0.5099844801750308
0.5099386091449907
0.5098927696276987
0.5098469615281109
0.5098011847520536
0.5097554392062136
0.5097097247981305
0.5096640414361888
0.5096183890296092
0.5095727674884408
0.5095271767235525
0.5094816166466253
0.5094360871701437
0.509390588207388
0.509345119672426
0.509299681480105
0.5092542735460434
0.5092088957866233
0.5091635481189823
0.5091182304610046
0.5090729427313145
0.5090276848492671
0.5089824567349412
0.5089372583091311
0.5088920894933384
0.5088469502097647
0.5088018403813029
0.5087567599315302
0.5087117087846997
0.5086666868657328
0.5086216941002112
0.5085767304143687
0.5085317957350849
0.5084868899898756
0.5084420131068863
0.5083971650148839
0.5083523456432488
0.5083075549219681
0.5082627927816269
0.5082180591534011
0.5081733539690496
0.508128677160907
0.5080840286618753
0.5080394084054168
0.5079948163255468
0.507950252356825
0.5079057164343488
0.5078612084937452
0.5078167284711642
0.50777227630327
0.507727851927234
0.507683455280728
0.5076390863019155
0.5075947449294451
0.5075504311024428
0.5075061447605046
0.5074618858436889
0.5074176542925093
0.5073734500479269
0.5073292730513436
0.5072851232445936
0.5072410005699375
0.5071969049700531
0.5071528363880304
0.5071087947673623
0.5070647800519374
0.5070207921860348
0.5069768311143141
0.5069328967818102
0.5068889891339246
0.5068451081164189
0.5068012536754081
0.5067574257573519
0.5067136243090491
0.506669849277629
0.5066261006105457
0.5065823782555692
0.5065386821607799
0.5064950122745606
0.5064513685455895
0.5064077509228329
0.5063641593555385
0.5063205937932281
0.5062770541856909
0.5062335404829756
0.506190052635384
0.5061465905934637
0.5061031543080013
0.5060597437300157
0.5060163588107497
0.5059729995016644
0.5059296657544321
0.5058863575209284
0.5058430747532261
0.5057998174035883
0.5057565854244604
0.5057133787684647
0.5056701973883921
0.5056270412371963
0.5055839102679858
0.5055408044340179
0.505497723688692
0.5054546679855413
0.5054116372782276
0.5053686315205338
0.5053256506663566
0.5052826946697004
0.50523976348467
0.5051968570654646
0.5051539753663695
0.5051111183417509
0.505068285946048
0.5050254781337671
0.5049826948594742
0.5049399360777884
0.5048972017433754
0.5048544918109407
0.5048118062352226
0.5047691449709859
0.5047265079730147
0.5046838951961066
0.5046413065950646
0.5045987421246921
0.504556201739785
0.5045136853951255
0.5044711930454755
0.5044287246455696
0.5043862801501093
0.5043438595137553
0.5043014626911219
0.5042590896367694
0.5042167403051985
0.5041744146508431
0.5041321126280638
0.504089834191142
0.5040475792942716
0.5040053478915547
0.5039631399369935
0.5039209553844846
0.5038787941878116
0.5038366563006392
0.5037945416765072
0.5037524502688229
0.5037103820308547
0.5036683369157269
0.5036263148764119
0.5035843158657238
0.5035423398363132
0.5035003867406591
0.5034584565310637
0.5034165491596446
0.5033746645783304
0.5033328027388522
0.5032909635927387
0.5032491470913085
0.503207353185665
0.5031655818266891
0.5031238329650329
0.5030821065511141
0.5030404025351082
0.5029987208669433
0.5029570614962937
0.5029154243725729
0.5028738094449273
0.5028322166622309
0.5027906459730771
0.5027490973257747
0.5027075706683394
0.5026660659484886
0.5026245831136353
0.502583122110881
0.5025416828870098
0.5025002653884825
0.502458869561429
0.5024174953516443
0.5023761427045796
0.5023348115653377
0.5022935018786666
0.5022522135889527
0.502210946640215
0.5021697009760983
0.5021284765398673
0.502087273274401
0.5020460911221852
0.5020049300253072
0.501963789925449
0.5019226707638819
0.5018815724814591
0.501840495018611
0.5017994383153375
0.5017584023112025
0.501717386945328
0.5016763921563875
0.5016354178825997
0.5015944640617226
0.5015535306310476
0.5015126175273927
0.5014717246870964
0.5014308520460125
0.5013899995395025
0.5013491671024306
0.5013083546691571
0.5012675621735321
0.5012267895488896
0.5011860367280415
0.5011453036432715
0.501104590226328
0.5010638964084196
0.5010232221202081
0.5009825672918017
0.5009419318527506
0.5009013157320391
0.5008607188580809
0.5008201411587124
0.5007795825611865
0.5007390429921665
0.5006985223777206
0.5006580206433153
0.5006175377138091
0.5005770735134473
0.500536627965855
0.5004962009940316
0.5004557925203444
0.5004154024665229
0.5003750307536526
0.500334677302169
0.5002943420318507
0.5002540248618151
0.500213725710511
0.5001734444957127
0.5001331811345141
0.5000929355433235
0.500052707637856
0.500012497333129
0.4999723045434549
0.49993212918243596
0.4998919711629578
0.49985183039718367
0.4998117067965483
0.49977160027175194
0.4997315107327541
0.4996914380887682
0.4996513822482546
0.49961134311891553
0.4995713206076883
0.4995313146207401
0.49949132506346117
0.4994513518404594
0.4994113948555545
0.4993714540117709
0.4993315292113334
0.4992916203556592
0.4992517273453541
0.49921185008020497
0.499171988459174
0.4991321423803935
0.49909231174115887
0.49905249643792327
0.49901269636629175
0.4989729114210147
0.4989331414959823
0.4988933864842181
0.4988536462778743
0.4988139207682242
0.49877420984565657
0.498734513399671
0.4986948313188698
0.4986551634909543
0.498615509802717
0.4985758701400366
0.4985362443878719
0.49849663243025544
0.4984570341502882
0.4984174494301332
0.49837787815100926
0.4983383201931857
0.4982987754359763
0.49825924375773256
0.49821972503583867
0.49818021914670507
0.49814072596576253
0.49810124536745637
0.4980617772252405
0.49802232141157066
0.49798287779790007
0.49794344625467174
0.49790402665131406
0.4978646188562335
0.49782522273680935
0.49778583815938776
0.4977464649892758
0.49770710309073496
0.49766775232697597
0.49762841256015233
0.49758908365135424
0.49754976546060337
0.49751045784684583
0.4974711606679471
0.4974318737806856
0.49739259704074695
0.497353330302718
0.49731407342008016
0.4972748262452049
0.49723558862934625
0.4971963604226356
0.49715714147407586
0.497117931631535
0.49707873074174014
0.497039538650272
0.497000355201559
0.4969611802388698
0.49692201360430965
0.4968828551388122
0.49684370468213496
0.4968045620728532
0.4967654271483529
0.49672629974482585
0.49668717969726317
0.49664806683944934
0.4966089610039564
0.4965698620221376
0.4965307697241218
0.49649168393880727
0.4964526044938551
0.49641353121568477
0.49637446392946627
0.49633540245911495
0.496296346627286
0.49625729625536763
0.49621825116347495
0.4961792111704451
0.49614017609382943
0.49610114574988934
0.4960621199535886
0.4960230985185885
0.49598408125724125
0.495945067980584
0.4959060584983328
0.4958670526188764
0.49582805014927067
0.4957890508952322
0.4957500546611317
0.4957110612499891
0.49567207046346656
0.49563308210186263
0.49559409596410625
0.4955551118477507
0.49551612954896734
0.4954771488625396
0.49543816958185694
0.49539919149890843
0.49536021440427713
0.495321238087134
0.49528226233523076
0.49524328693489533
0.4952043116710242
0.4951653363270775
0.4951263606850721
0.49508738452557594
0.49504840762770114
0.49500942976909906
0.4949704507259531
0.49493147027297263
0.49489248818338766
0.4948535042289416
0.49481451817988575
0.4947755298049731
0.4947365388714516
0.4946975451450586
0.49465854839001444
0.4946195483690159
0.49458054484323044
0.49454153757228997
0.4945025263142843
0.49446351082575507
0.4944244908616896
0.49438546617551465
0.4943464365190897
0.49430740164270165
0.4942683612950578
0.4942293152232795
0.4941902631728966
0.4941512048878404
0.4941121401104379
0.4940730685814053
0.4940339900398416
0.4939949042232225
0.4939558108673937
0.4939167097065653
0.49387760047330487
0.4938384828985311
0.493799356711508
0.4937602216398378
0.4937210774094552
0.49368192374462105
0.4936427603679153
0.4936035870002312
0.4935644033607689
0.49352520916702897
0.4934860041348057
0.49344678797818115
0.49340756040951855
0.49336832113945583
0.49332906987689934
0.493289806329017
0.4932505302012327
0.49321124119721876
0.4931719390188902
0.49313262336639885
0.49309329393812473
0.4930539504306719
0.49301459253886115
0.4929752199557226
0.4929358323724909
0.49289642947859696
0.4928570109616628
0.49281757650749447
0.49277812580007524
0.4927386585215593
0.49269917435226557
0.4926596729706706
0.4926201540534024
0.49258061727523306
0.49254106230907346
0.49250148882596545
0.4924618964950763
0.4924222849836912
0.4923826539572067
0.49234300307912493
0.492303332011046
0.4922636404126617
0.49222392794174946
0.4921841942541645
0.49214443900383364
0.4921046618427496
0.49206486242096237
0.49202504038657424
0.4919851953857324
0.4919453270626217
0.4919054350594593
0.49186551901648656
0.49182557857196285
0.49178561336215876
0.4917456230213498
0.49170560718180856
0.491665565473799
0.49162549752556917
0.49158540296334396
0.4915452814113196
0.4915051324916554
0.49146495582446775
0.49142475102782324
0.4913845177177314
0.4913442555081384
0.49130396401091964
0.4912636428358734
0.4912232915907137
0.49118290988106295
0.49114249731044624
0.49110205348028346
0.4910615779898824
0.4910210704364324
0.490980530414997
0.4909399575185072
0.49089935133775425
0.4908587114613832
0.49081803747588515
0.49077732896559145
0.4907365855126652
0.4906958066970956
0.4906549920966904
0.4906141412870687
0.49057325384165423
0.49053232933166874
0.490491367326124
0.4904503673918154
0.4904093290933147
0.49036825199296347
0.4903271356508652
0.49028597962487885
0.49024478347061173
0.4902035467414121
0.49016226898836224
0.49012094976027165
0.4900795886036695
0.49003818506279767
0.48999673867960397
0.48995524899373427
0.48991371554252644
0.4898721378610023
0.4898305154818609
0.48978884793547117
0.48974713474986464
0.48970537545072934
0.4896635695614009
0.489621716602857
0.4895798160937093
0.4895378675501961
0.48949587048617615
0.48945382441312063
0.48941172884010586
0.48936958327380664
0.489327387218489
0.48928514017600266
0.4892428416457739
0.4892004911247987
0.48915808810763506
0.4891156320863959
0.4890731225507421
0.48903055898787495
0.4889879408825292
0.48894526771696567
0.48890253897096386
0.48885975412181526
0.4888169126443155
0.4887740140107572
0.48873105769092323
0.48868804315207914
0.4886449698589655
0.4886018372737915
0.48855864485622713
0.48851539206339606
0.4884720783498685
0.48842870316765374
0.4883852659661935
0.48834176619235364
0.48829820329041784
0.48825457670208017
0.4882108858664374
0.4881671302199827
0.48812330919659713
0.48807942222754347
0.4880354687414591
0.4879914481643474
0.4879473599195721
0.4879032034278493
0.48785897810724044
0.4878146833731452
0.48777031863829373
0.48772588331274047
0.4876813768038561
0.4876367985163208
0.4875921478521168
0.48754742421052183
0.4875026269881012
0.48745775557870086
0.4874128093734411
0.4873677877607081
0.4873226901261478
0.4872775158526583
0.48723226432038325
0.4871869349067041
0.4871415269862337
0.48709603993080913
0.48705047310948374
0.487004825888522
0.48695909763139056
0.4869132876987523
0.4868673954484596
0.4868214202355462
0.4867753614122212
0.48672921832786253
0.4866829903290086
0.4866366767593527
0.48659027695973556
0.4865437902681387
0.4864972160196773
0.48645055354659383
0.48640380217825097
0.4863569612411248
0.4863100300587987
0.4862630079519551
0.4862158942383709
0.4861686882329091
0.48612138924751264
0.48607399659119843
0.4860265095700501
0.4859789274872113
0.4859312496428798
0.4858834753343002
0.4858356038557587
0.4857876344985753
0.4857395665510981
0.4856913992986968
0.48564313202375675
0.4855947640056718
0.4855462945208391
0.48549772284265147
0.485449048241493
0.4854002699847312
0.4853513873367123
0.485302399558754
0.48525330590914023
0.48520410564311495
0.485154798012876
0.48510538226756966
0.485055857653284
0.4850062234130444
0.4849564787868062
0.4849066230114505
0.48485665532077704
0.48480657494550006
0.4847563811132418
0.48470607304852725
0.48465564997277855
0.48460511110431004
0.4845544556583224
0.4845036828468978
0.4844527918789947
0.4844017819604421
0.48435065229393504
0.4842994020790297
0.48424803051213783
0.48419653678652247
0.484144920092292
0.48409317961639753
0.48404131454262594
0.48398932405159634
0.4839372073207556
0.4838849635243738
0.4838325918335393
0.48378009141615524
0.4837274614369344
0.48367470105739574
0.48362180943586075
0.48356878572744777
0.4835156290840697
0.48346233865442956
0.4834089135840166
0.4833553530151031
0.4833016560867402
0.4832478219347551
0.4831938496917474
0.48313973848708536
0.48308548744690366
0.4830310956940994
0.4829765623483301
0.48292188652600965
0.48286706734030627
0.4828121039011401
0.48275699531518
0.4827017406858414
0.4826463391132838
0.48259078969440905
0.4825350915228584
0.4824792436890116
0.48242324527998376
0.48236709537962486
0.48231079306851704
0.48225433742397417
0.4821977275200392
0.4821409624274841
0.4820840412138084
0.4820269629432377
0.4819697266767236
0.4819123314719422
0.48185477638329416
0.4817970604619044
0.481739182755621
0.48168114230901593
0.4816229381633847
0.4815645693567464
0.4815060349238442
0.48144733389614636
0.48138846530184537
0.4813294281658604
0.4812702215098378
0.4812108443521513
0.4811512957079045
0.48109157458893215
0.4810316800038008
0.48097161095781205
0.48091136645300325
0.48085094548815077
0.4807903470587717
0.48072957015712664
0.48066861377222225
0.48060747688981426
0.48054615849241095
0.48048465755927605
0.4804229730664321
0.48036110398666504
0.4802990492895267
0.4802368079413408
0.48017437890520565
0.4801117611409995
0.48004895360538535
0.47998595525181553
0.4799227650305373
0.47985938188859834
0.4797958047698521
0.4797320326149639
0.479668064361417
0.4796038989435192
0.4795395352924092
0.4794749723360635
0.47941020899930387
0.479345244203804
0.4792800768680979
0.4792147059075875
0.4791491302345504
0.4790833487581486
0.47901736038443765
0.47895116401637455
0.4788847585538276
0.4788181428935861
0.4787513159293696
0.47868427655183815
0.4786170236486027
0.47854955610423566
0.478481872800282
0.4784139726152702
0.4783458544247238
0.4782775171011735
0.4782089595141691
0.4781401805302919
0.4780711790131677
0.47800195382347943
0.4779325038189811
0.47786282785451123
0.4777929247820069
0.47772279345051827
0.47765243270622326
0.47758184139244264
0.47751101834965515
0.4774399624155142
0.4773686724248624
0.47729714720975025
0.4772253855994504
0.4771533864204774
0.47708114849660277
0.47700867064887553
0.4769359516956384
0.4768629904525478
0.4767897857325918
0.4767163363461109
0.47664264110081717
0.4765686988018146
0.47649450825161954
0.47642006825018235
0.47634537759490814
0.4762704350806797
0.47619523949987824
0.4761197896424081
0.4760440842957181
0.47596812224482626
0.475891902272343
0.4758154231584967
0.47573868368115735
0.4756616826158627
0.4755844187358437
0.475506890812051
0.4754290976131812
0.4753510379057051
0.4752727104538933
0.47519411401984674
0.4751152473635235
0.47503610924276823
0.47495669841334265
0.47487701362895374
0.4747970536412861
0.4747168172000323
0.4746363030529237
0.4745555099457633
0.47447443662245814
0.47439308182505213
0.47431144429375943
0.474229522766999
0.4741473159814287
0.4740648226719812
0.47398204157189827
0.47389897141276854
0.4738156109245632
0.47373195883567354
0.4736480138729488
0.4735637747617346
0.47347924022591176
0.47339440898793617
0.4733092797688783
0.4732238512884642
0.4731381222651161
0.4730520914159958
0.4729657574570449
0.4728791191030292
0.4727921750675817
0.47270492406324716
0.47261736480152594
0.47252949599292043
0.4724413163469803
0.47235282457234884
0.472264019376811
0.47217489946734037
0.4720854635501476
0.4719957103307297
0.4719056385139197
0.4718152468039368
0.471724533904437
0.47163349851856506
0.471542139349006
0.47145045509803907
0.47135844446759
0.4712661061592854
0.4711734388745084
0.4710804413144523
0.4709871121801787
0.4708934501726724
0.4707994539928999
0.47070512234186734
0.4706104539206782
0.47051544743059426
0.47042010157309444
0.47032441504993616
0.47022838656321614
0.4701320148154334
0.4700352985095515
0.46993823634906146
0.469840827038047
0.469743069281249
0.46964496178413045
0.4695465032529433
0.4694476923947954
0.46934852791771764
0.4692490085307326
0.46914913294392346
0.4690488998685043
0.4689483080168887
0.4688473561027633
0.46874604284115823
0.46864436694851946
0.4685423271427829
0.4684399221434472
0.46833715067164994
0.46823401145024146
0.4681305032038619
0.46802662465901756
0.46792237454415825
0.4678177515897564
0.46771275452838446
0.46760738209479585
0.46750163302600445
0.46739550606136626
0.46728899994266054
0.4671821134141725
0.46707484522277676
0.46696719411802046
0.4668591588522087
0.46675073818048884
0.4666419308609371
0.4665327356546454
0.46642315132580797
0.46631317664181016
0.46620281037331623
0.4660920512943601
0.46598089818243377
0.46586934981857997
0.4657574049874821
0.4656450624775575
0.46553232108104947
0.4654191795941211
0.4653056368169497
0.4651916915538212
0.465077342613226
0.4649625888079546
0.4648474289551956
0.46473186187663157
0.46461588639853824
0.4644995013518832
0.4643827055724247
0.4642654979008126
0.46414787718268735
0.4640298422687835
0.46391139201502973
0.46379252528265236
0.46367324093827755
0.4635535378540359
0.4634334149076661
0.46331287098262036
0.4631919049681687
0.4630705157595063
0.46294870225785895
0.4628264633705909
0.4627037980113118
0.4625807050999856
0.4624571835630387
0.4623332323334695
0.46220885035095755
0.4620840365619745
0.4619587899198946
0.46183310938510547
0.46170699392512005
0.4615804425146892
0.4614534541359135
0.4613260277783565
0.4611981624391585
0.4610698571231499
0.4609411108429663
0.46081192261916176
0.46068229148032563
0.4605522164631964
0.46042169661277865
0.46029073098245826
0.4601593186341197
0.46002745863826205
0.4598951500741171
0.4597623920297656
0.45962918360225574
0.4594955238977207
0.4593614120314976
0.4592268471282448
0.4590918283220613
0.4589563547566057
0.45882042558521485
0.4586840399710236
0.4585471970870836
0.45840989611648336
0.45827213625246865
0.4581339166985602
0.4579952366686759
0.45785609538724964
0.4577164920893516
0.4575764260208087
0.4574358964383239
0.4572949026095977
0.4571534438134469
0.4570115193399259
0.45686912849044586
0.4567262705778959
0.4565829449267619
0.45643915087324705
0.4562948877653912
0.4561501549631911
0.45600495183871936
0.4558592777762437
0.45571313217234666
0.45556651443604335
0.45541942398890156
0.455271860265159
0.4551238227118416
0.45497531078888176
0.45482632396923567
0.454676861739
0.4545269235975294
0.45437650905755234
0.4542256176452874
0.45407424890055825
0.45392240237690995
0.45377007764172217
0.45361727427632414
0.4534639918761079
0.4533102300506421
0.45315598842378313
0.45300126663378804
0.45284606433342567
0.45269038119008664
0.4525342168858944
0.45237757111781357
0.4522204435977587
0.45206283405270253
0.45190474222478233
0.4517461678714071
0.4515871107653623
0.4514275706949139
0.45126754746391445
0.45110704089190334
0.45094605081421
0.45078457708205505
0.45062261956265
0.45046017813929634
0.45029725271148396
0.4501338431949876
0.4499699495219636
0.44980557164104384
0.44964070951743035
0.4494753631329874
0.4493095324863333
0.4491432175929305
0.44897641848517433
0.44880913521248156
0.44864136784137637
0.4484731164555756
0.4483043811560732
0.448135162061222
0.44796545930681575
0.4477952730461682
0.44762460345019217
0.44745345070747633
0.44728181502435993
0.44710969662500805
0.4469370957514831
0.4467640126638159
0.44659044764007577
0.44641640097643676
0.44624187298724594
0.44606686400508544
0.44589137438083737
0.44571540448374364
0.44553895470146554
0.44536202544014203
0.4451846171244451
0.4450067301976342
0.44482836512160745
0.4446495223769544
0.4444702024630018
0.4442904058978623
0.4441101332184787
0.44392938498066675
0.44374816175915616
0.44356646414762885
0.4433842927587577
0.443201648224239
0.4430185311948278
0.4428349423403672
0.44265088234981753
0.44246635193128325
0.44228135181203776
0.4420958827385443
0.4419099454764783
0.44172354081074433
0.44153666954549176
0.4413493325041292
0.4411615305293358
0.4409732644830695
0.4407845352465756
0.44059534372038966
0.4404056908243417
0.44021557749755436
0.44002500469844186
0.43983397340470504
0.43964248461332434
0.43945053934055
0.43925813862189134
0.4390652835121012
0.43887197508516085
0.4386782144342595
0.43848400267177384
0.43828934092924354
0.4380942303573453
0.4378986721258642
0.43770266742366093
0.43750621745863966
0.437309323457711
0.43711198666675255
0.4369142083505687
0.43671598979284515
0.436517332296104
0.4363182371816535
0.436118705789538
0.43591873947848125
0.43571833962583206
0.43551750762750435
0.43531624489791454
0.4351145528699182
0.43491243299474225
0.43470988674191546
0.43450691559919674
0.43430352107249987
0.43409970468581605
0.43389546798113454
0.43369081251835917
0.43348573987522415
0.4332802516472056
0.4330743494474315
0.4328680349065893
0.43266130967282906
0.43245417541166614
0.43224663380588146
0.43203868655541666
0.43183033537726895
0.43162158200538275
0.43141242819053927
0.43120287570024207
0.4309929263186014
0.4307825818462162
0.4305718441000521
0.43036071491331873
0.43014919613534247
0.4299372896314394
0.42972499728278263
0.4295123209862697
0.42929926265438617
0.42908582421506736
0.42887200761155725
0.42865781480226495
0.4284432477606193
0.42822830847492055
0.4280129989481898
0.4277973211980162
0.42758127725640094
0.42736486916960104
0.4271480989979681
0.426930968815787
0.4267134807111107
0.4264956367855936
0.42627743915432326
0.4260588899456482
0.42583999130100464
0.42562074537474137
0.42540115433394177
0.42518122035824335
0.424960945639656
0.42474033238237807
0.42451938280261
0.4242980991283661
0.4240764835992833
0.4238545384664305
0.42363226599211296
0.4234096684496761
0.4231867481233085
0.42296350730783994
0.42273994830854106
0.4225160734409185
0.42229188503050985
0.4220673854126754
0.42184257693238997
0.42161746194403094
0.4213920428111666
0.4211663219063401
0.42094030161085555
0.420713984314558
0.4204873724156166
0.4202604683203018
0.42003327444276356
0.4198057932048078
0.41957802703567065
0.41934997837179167
0.4191216496565855
0.4188930433402124
0.41866416187934696
0.41843500773694564
0.4182055833820138
0.41797589128937
0.4177459339394103
0.41751571381787067
0.4172852334155886
0.4170544952282631
0.4168235017562142
0.4165922555041414
0.41636075898088026
0.4161290146991583
0.41589702517535054
0.415664792929234
0.41543232048374007
0.41519961036470726
0.41496666510063274
0.4147334872224231
0.41450007926314403
0.4142664437577698
0.414032583242931
0.41379850025666337
0.41356419733815386
0.41332967702748724
0.41309494186539264
0.41285999439298804
0.41262483715152554
0.4123894726821354
0.41215390352556963
0.4119181322219463
0.4116821613104908
0.4114459933292801
0.41120963081498385
0.4109730763026069
0.41073633232523077
0.4104994014137552
0.4102622860966385
0.4100249888996398
0.40978751234555855
0.4095498589539761
0.40931203124099613
0.409074031718984
0.40883586289630913
0.4085975272770839
0.4083590273609043
0.4081203656425906
0.40788154461192777
0.40764256675340604
0.40740343454596173
0.4071641504627174
0.40692471697072397
0.4066851365307004
0.4064454115967765
0.4062055446162333
0.40596553802924606
0.40572539426862575
0.405485115759561
0.40524470491936204
0.405004164157203
0.4047634958738652
0.4045227024614822
0.40428178630328243
0.4040407497733355
0.4037995952362961
0.4035583250471506
0.4033169415509623
0.40307544708261855
0.40283384396657856
0.40259213451661935
0.40235032103558566
0.40210840581513774
0.4018663911355017
0.401624279265218
0.40138207246089447
0.4011397729669551
0.40089738301539324
0.4006549048255243
0.4004123406037379
0.4001696925432534
0.39992696282387347
0.3996841536117386
0.3994412670590854
0.39919830530400124
0.3989552704701829
0.398712164666694
0.39846898998772506
0.39822574851235176
0.39798244230429697
0.39773907341169046
0.3974956438668324
0.39725215568595484
0.39700861086898637
0.3967650113993156
0.3965213592435565
0.39627765635131523
0.396033904654955
0.39579010606936577
0.39554626249173075
0.395302375801296
0.3950584478591411
0.39481448050794854
0.39457047557177616
0.3943264348558287
0.39408236014623127
0.39383825320980254
0.3935941157938304
0.39334994962584546
0.3931057564133993
0.3928615378438393
0.3926172955840872
0.3923730312804175
0.39212874655823626
0.39188444302186043
0.39164012225429934
0.39139578581703466
0.391151435249803
0.3909070720703783
0.39066269777435536
0.3904183138349325
0.39017392170269793
0.3899295228054131
0.3896851185477995
0.3894407103113249
0.3891962994539901
0.38895188731011615
0.38870747519013327
0.3884630643803684
0.38821865614283513
0.387974251715023
0.3877298523096882
0.387485459114643
0.3872410732925479
0.38699669598070247
0.3867523282908373
0.3865079713089066
0.3862636260948809
0.38601929368253907
0.3857749750792632
0.38553067126583057
0.38528638319620895
0.3850421117973493
0.3847978579689818
0.38455362258340897
0.38430940648530165
0.3840652104914931
0.38382103539077383
0.3835768819436881
0.38333275088232754
0.3830886429101278
0.38284455870166295
0.3826004989024416
0.3823564641287013
0.38211245496720475
0.3818684719750345
0.3816245156793874
0.3813805865773714
0.38113668513579757
0.3808928117909777
0.380648966948516
0.38040515098310446
0.38016136423831726
0.37991760702640276
0.37967387962807747
0.3794301822923186
0.37918651523615676
0.3789428786444676
0.3786992726697629
0.37845569743198215
0.3782121530182823
0.3779686394828289
0.3777251568465835
0.3774817050970934
0.3772382841882796
0.3769948940402238
0.3767515345389552
0.3765082055362361
0.376264906849347
0.3760216382608708
0.37577839951847586
0.3755351903346996
0.3752920103867281
0.37504885931617926
0.37480573672887973
0.3745626421946461
0.37431957524706083
0.37407653538324936
0.3738335220636554
0.3735905347118161
0.3733475727141341
0.37310463541965005
0.3728617221398138
0.372618832148253
0.37237596468054207
0.3721331189339696
0.3718902940673028
0.37164748920055307
0.37140470341473764
0.37116193575164236
0.3709191852135812
0.3706764507631547
0.3704337313230076
0.3701910257755839
0.3699483329628816
0.36970565168620473
0.36946298070591493
0.3692203187411802
0.36897766446972313
0.3687350165275669
0.36849237350877995
0.36824973396521854
0.3680070964062677
0.3677644592985816
0.36752182106581965
0.36727918008838484
0.3670365347031551
0.36679388320321826
0.3665512238376012
0.36630855481099955
0.3660658742835047
0.3658231803703285
0.3655804711415279
0.3653377446217261
0.365094998789832
0.36485223157875923
0.3646094408751422
0.36436662451905
0.36412378030369996
0.36388090597516815
0.36363799923209866
0.36339505772541025
0.36315207905800334
0.36290906078446256
0.36266600041075886
0.3624228953939513
0.3621797431418834
0.3619365410128824
0.3616932863154524
0.3614499763079698
0.3612066081983743
0.36096317914385934
0.3607196862505617
0.36047612657324807
0.3602324971150015
0.3599887948269052
0.3597450166077263
0.35950115930359716
0.35925721970769603
0.35901319455992564
0.35876908054659157
0.35852487430007896
0.3582805723985285
0.3580361713655103
0.35779166766969855
0.3575470577245443
0.3573023378879462
0.35705750446192375
0.35681255369228637
0.35656748176830466
0.3563222848223794
0.3560769589297104
0.3558315001079668
0.35558590431695414
0.35534016745828456
0.35509428537504395
0.3548482538514623
0.35460206861258153
0.3543557253239256
0.3541092195911705
0.3538625469598144
0.35361570291484856
0.35336868288043094
0.3531214822195581
0.35287409623374044
0.35262652016267726
0.3523787491839345
0.3521307784126242
0.3518826029010843
0.3516342176385616
0.3513856175508975
0.35113679750021454
0.35088775228460684
0.3506384766378323
0.35038896522900875
0.3501392126623122
0.3498892134766797
0.3496389621455144
0.3493884530763955
0.3491376806107921
0.34888663902378125
0.34863532252376905
0.34838372525221994
0.3481318412833876
0.3478796646240531
0.3476271892132675
0.3473744089221017
0.3471213175534007
0.34686790884154545
0.3466141764522204
0.34636011398219047
0.34610571495908055
0.34585097284116834
0.34559588101718064
0.3453404328060998
0.34508462145697927
0.3448284401487657
0.34457188199013367
0.3443149400193262
0.34405760720400924
0.3437998764411323
0.3435417405568034
0.34328319230617277
0.3430242243733288
0.34276482937120567
0.34250499984150284
0.3422447282546182
0.3419840070095923
0.34172282843406876
0.3414611847842648
0.3411990682449597
0.34093647092949503
0.3406733848797918
0.34040980206638227
0.3401457143884569
0.33988111367393026
0.33961599167952033
0.3393503400908484
0.33908415052255303
0.33881741451842606
0.338550123551564
0.3382822690245404
0.3380138422695973
0.33774483454885607
0.33747523705454907
0.3372050409092729
0.33693423716626175
0.3366628168096848
0.3363907707549617
0.33611808984910674
0.3358447648710909
0.3355707865322314
0.33529614547660314
0.33502083228147594
0.33474483745777645
0.33446815145057657
0.3341907646396063
0.33391266733979497
0.3336338498018378
0.33335430221279116
0.3330740146966952
0.33279297731522434
0.33251118006836766
0.3322286128951367
0.33194526567430566
0.33166112822517746
0.3313761903083857
0.3310904416267214
0.3308038718259957
0.33051647049593247
0.3302282271710913
0.32993913133182573
0.32964917240527203
0.32935833976637197
0.32906662273892745
0.3287740105966915
0.3284804925644899
0.3281860578193794
0.32789069549183913
0.32759439466699813
0.3272971443858948
0.3269989336467748
0.326699751406423
0.32639958658153023
0.3260984280500959
0.32579626465286826
0.325493085194817
0.3251888784466456
0.3248836331463373
0.3245773380007373
0.32426998168717314
0.3239615528551084
0.3236520401278348
0.3233414321041991
0.3230297173603666
0.32271688445162006
0.322402921914195
0.32208781826715016
0.32177156201427404
0.32145414164602576
0.32113554564151225
0.3208157624704989
0.32049478059545594
0.3201725884736383
0.3198491745591995
0.3195245273053388
0.31919863516648295
0.3188714866004977
0.3185430700709354
0.31821337404931066
0.31788238701740984
0.3175500974696298
0.317216493915349
0.31688156488132424
0.3165452989141204
0.31620768458256726
0.3158687104802416
0.315528365227981
0.3151866374764183
0.3148435159085468
0.31449898924230607
0.3141530462331943
0.31380567567690276
0.31345686641197185
0.3131066073224698
0.3127548873406907
0.3124016954498739
0.3120470206869389
0.31169085214524134
0.31133317897734314
0.3109739903977996
0.3106132756859612
0.3102510241887888
0.30988722532368096
0.3095218685813134
0.3091549435284895
0.3087864398109996
0.308416347156488
0.3080446553773286
0.30767135437350623
0.3072964341355024
0.30691988474718557
0.30654169638870427
0.3061618593393822
0.3057803639806124
0.30539720079875354
0.30501236038802143
0.3046258334533806
0.30423761081343054
0.30384768340328616
0.3034560422774542
0.30306267861270153
0.30266758371091385
0.30227074900194806
0.30187216604647016
0.3014718265387863
0.30106972230965723
0.3006658453291017
0.3002601877091846
0.2998527417067896
0.2994434997263755
0.2990324543227145
0.2986195982036128
0.2982049242326122
0.2977884254316703
0.2973700949838207
0.2969499262358111
0.2965279127007189
0.296104048060542
0.2956783261687677
0.29525074105291416
0.2948212869170475
0.2943899581442721
0.29395674929919396
0.29352165513035516
0.2930846705726422
0.29264579074966274
0.2922050109760945
0.29176232676000297
0.29131773380512943
0.29087122801314724
0.29042280548588584
0.28997246252752407
0.2895201956467497
0.2890660015588863
0.28860987718798703
0.2881518196688956
0.28769182634926993
0.2872298947915753
0.2867660227750398
0.2863002082975771
0.28583244957767184
0.28536274505622977
0.2848910933983943
0.2844174934953234
0.28394194446593224
0.2834644456585991
0.2829849966528347
0.28250359726091295
0.2820202475294657
0.28153494774104126
0.2810476984156218
0.2805585003121065
0.2800673544297543
0.27957426200958907
0.2790792245357671
0.2785822437369049
0.27808332158736776
0.2775824603085208
0.2770796623699386
0.2765749304905767
0.27606826763990333
0.27555967703898954
0.2750491621615596
0.2745367267350022
0.2740223747413378
0.2735061104181467
0.2729879382594552
0.2724678630165788
0.2719458896989234
0.2714220235747441
0.2708962701718602
0.2703686352783266
0.26983912494306156
0.2693077454764288
0.26877450345077536
0.26823940570092414
0.26770245932461867
0.26716367168292265
0.2666230504005718
0.26608060336627726
0.265536338732981
0.2649902649180616
0.26444239060349106
0.26389272473593905
0.2633412765268286
0.2627880554523375
0.2622330712533488
0.2616763339353464
0.2611178537682567
0.26055764128623665
0.2599957072874044
0.2594320628335136
0.258866719249571
0.2582996881233957
0.25773098130511896
0.25716061090662373
0.2565885893009254
0.25601492912148827
0.2554396432614825
0.25486274487297556
0.2542842473660609
0.25370416440792204
0.2531225099218296
0.25253929808607356
0.25195454333282735
0.25136826034694426
0.2507804640646851
0.2501911696723758
0.24960039260499656
0.24900814854469758
0.24841445341924484
0.24781932340039486
0.24722277490219344
0.24662482457920365
0.246025489324659
0.2454247862685429
0.24482273277559136
0.24421934644322316
0.24361464509939135
0.24300864680036133
0.24240136982841082
0.2417928326894537
0.24118305411058813
0.24057205303756587
0.23995984863218567
0.23934646026960965
0.23873190753560222
0.23811621022369256
0.23749938833225934
0.23688146206153954
0.2362624518105606
0.23564237817399628
0.23502126193894765
0.23439912408164731
0.2337759857640902
0.23315186833058962
0.23252679330425963
0.2319007823834249
0.23127385743795814
0.23064604050554666
0.23001735378788823
0.22938781964681793
0.2287574606003662
0.22812629931875056
0.22749435862029999
0.22686166146731623
0.22622823096186967
0.22559409034153502
0.2249592629750648
0.2243237723580047
0.22368764210825148
0.22305089596155347
0.2224135577669582
0.22177565148220765
0.2211372011690817
0.2204982309886937
0.2198587651967389
0.21921882813869695
0.21857844424499354
0.2179376380261199
0.21729643406771307
0.21665485702560078
0.21601293162081264
0.21537068263455594
0.21472813490316636
0.2140853133130275
0.2134422427954678
0.21279894832163276
0.2121554548973389
0.21151178755790878
0.2108679713629912
0.21022403139136847
0.2095799927357537
0.20893588049758038
0.20829171978178668
0.20764753569159727
0.20700335332330622
0.2063591977610599
0.20571509407164873
0.20507106729930402
0.2044271424605066
0.2037833445388079
0.20313969847966706
0.20249622918530624
0.20185296150958676
0.2012099202529079
0.20056713015713268
0.19992461590054122
0.19928240209281536
0.19864051327005683
0.19799897388984006
0.19735780832630467
0.19671704086528863
0.19607669569950184
0.19543679692374888
0.19479736853019522
0.19415843440368644
0.19352001831711732
0.19288214392685638
0.19224483476822496
0.19160811425103635
0.1909720056551936
0.19033653212635046
0.18970171667163516
0.18906758215544212
0.18843415129528868
0.18780144665774356
0.1871694906544246
0.18653830553806985
0.18590791339868273
0.18527833615975345
0.1846495955745559
0.184021713222524
0.18339471050570777
0.1827686086453105
0.1821434286783057
0.18151919145414147
0.1808959176315238
0.1802736276752896
0.1796523418533625
0.1790320802337967
0.1784128626819084
0.17779470885749457
0.1771776382121425
0.17656166998662487
0.17594682320838945
0.17533311668913484
0.1747205690224794
0.17410919858171947
0.17349902351768015
0.17289006175665467
0.17228233099843837
0.17167584871445207
0.17107063214595522
0.17046669830235445
0.16986406395959805
0.16926274565866514
0.16866275970414327
0.16806412216289682
0.16746684886282504
0.1668709553917084
0.16627645709614622
0.16568336908057948
0.1650917062064035
0.1645014830911661
0.16391271410785313
0.16332541338425882
0.16273959480244093
0.16215527199826013
0.1615724583610017
0.16099116703307953
0.160411410909822
0.15983320263933645
0.1592565546224543
0.15868147901275292
0.15810798771665446
0.15753609239360153
0.15696580445630703
0.15639713507107517
0.15583009515819857
0.15526469539242352
0.15470094620348473
0.15413885777671077
0.15357844005369375
0.15301970273302723
0.15246265527110614
0.1519073068829911
0.15135366654333485
0.15080174298736737
0.15025154471194024
0.14970307997662985
0.14915635680489434
0.14861138298528695
0.14806816607272094
0.14752671338978812
0.14698703202812488
0.14644912884982975
0.1459130104889265
0.14537868335287374
0.14484615362411846
0.14431542726169383
0.14378651000285594
0.14325940736476467
0.1427341246461981
0.142210666929309
0.141689039081414
0.14116924575681775
0.14065129139867155
0.1401351802408617
0.13962091630992884
0.13910850342701628
0.1385979452098461
0.13808924507471976
0.13758240623854645
0.1370774317208916
0.13657432434605077
0.13607308674514126
0.13557372135821696
0.135076230436398
0.13458061604402044
0.13408688006080038
0.13359502418401364
0.13310504993068753
0.1326169586398078
0.13213075147453446
0.13164642942442817
0.13116399330768697
0.1306834437733905
0.1302047813037496
0.12972800621636438
0.12925311866648592
0.12878011864928113
0.12830900600210193
0.12783978040675653
0.12737244139177997
0.12690698833470693
0.1264434204643427
0.12598173686303257
0.1255219364689298
0.1250640180782587
0.12460798034757534
0.12415382179602243
0.12370154080757897
0.12325113563330409
0.1228026043935726
0.1223559450803047
0.1219111555591855
0.12146823357187711
0.12102717673821986
0.1205879825584241
0.12015064841525142
0.11971517157618328
0.11928154919557882
0.11884977831682014
0.11841985587444451
0.1179917786962624
0.1175655435054635
0.11714114692270602
0.1167185854681932
0.11629785556373384
0.11587895353478739
0.11546187561249283
0.11504661793568137
0.11463317655287367
0.11422154742425816
0.11381172642365309
0.11340370934045194
0.11299749188154926
0.1125930696732497
0.11219043826315853
0.11178959312205303
0.1113905296457359
0.11099324315686959
0.11059772890679126
0.11020398207730783
0.10981199778247368
0.10942177107034616
0.1090332969247235
0.1086465702668614
0.10826158595717077
0.10787833879689482
0.10749682352976626
0.10711703484364418
0.10673896737213111
0.10636261569616921
0.10598797434561681
0.10561503780080359
0.10524380049406717
0.10487425681126694
0.10450640109327987
0.10414022763747427
0.10377573069916433
0.10341290449304365
0.10305174319459842
0.10269224094150162
0.1023343918349848
0.10197818994119265
0.10162362929251434
0.10127070388889746
0.10091940769914096
0.10056973466216787
0.10022167868827941
0.09987523366038861
0.09953039343523443
0.09918715184457723
0.09884550269637349
0.09850543977593328
0.09816695684705695
0.09783004765315355
0.09749470591834075
0.09716092534852536
0.09682869963246604
0.0964980224428169
0.09616888743715386
0.09584128825898156
0.09551521853872315
0.09519067189469246
0.09486764193404786
0.09454612225372958
0.09422610644137808
0.09390758807623734
0.09359056073003943
0.09327501796787345
0.09296095334903673
0.09264836042787049
0.09233723275457896
0.09202756387603162
0.09171934733655082
0.09141257667868252
0.09110724544395153
0.09080334717360224
0.0905008754093228
0.0901998236939548
0.08990018557218916
0.0896019545912448
0.08930512430153553
0.08900968825732053
0.08871564001734163
0.08842297314544659
0.08813168121119831
0.08784175779047047
0.08755319646602996
0.08726599082810553
0.08698013447494375
0.08669562101335243
0.08641244405923026
0.08613059723808496
0.08585007418553849
0.08557086854782
0.08529297398224735
0.08501638415769625
0.0847410927550577
0.08446709346768425
0.08419438000182482
0.08392294607704852
0.08365278542665708
0.08338389179808642
0.08311625895329905
0.08284988066916335
0.08258475073782502
0.08232086296706684
0.08205821118065931
0.08179678921870098
0.08153659093794934
0.08127761021214186
0.08101984093230857
0.08076327700707418
0.08050791236295246
0.08025374094463025
0.0800007567152449
0.07974895365665023
0.07949832576967739
0.07924886707438425
0.07900057161029897
0.0787534334366543
0.07850744663261466
0.07826260529749537
0.078018903550974
0.0777763355332946
0.0775348954054646
0.07729457734944452
0.07705537556833067
0.07681728428653087
0.07658029774993319
0.07634441022606886
0.07610961600426766
0.07587590939580736
0.07564328473405714
0.0754117363746148
0.0751812586954373
0.07495184609696581
0.07472349300224594
0.07449619385704025
0.07426994312993686
0.07404473531245245
0.07382056491912872
0.07359742648762552
0.07337531457880647
0.07315422377682235
0.07293414868918692
0.07271508394684985
0.07249702420426406
0.07227996413944851
0.07206389845404676
0.07184882187338079
0.07163472914650076
0.07142161504623078
0.07120947436920944
0.07099830193592795
0.07078809259076298
0.07057884120200629
0.07037054266189038
0.0701631918866105
0.0699567838163434
0.0697513134152614
0.06954677567154496
0.06934316559738977
0.06914047822901209
0.06893870862665019
0.06873785187456313
0.06853790308102563
0.06833885737832118
0.06814070992273086
0.06794345589452068
0.06774709049792528
0.06755160896112916
0.06735700653624538
0.06716327849929131
0.06697042015016275
0.06677842681260454
0.06658729383417974
0.06639701658623548
0.06620759046386784
0.0660190108858836
0.06583127329475968
0.06564437315660172
0.06545830596109933
0.06527306722148002
0.06508865247446137
0.06490505728020063
0.06472227722224339
0.06454030790746992
0.0643591449660402
0.06417878405133656
0.06399922083990578
0.06382045103139897
0.0636424703485099
0.06346527453691216
0.06328885936519475
0.0631132206247963
0.06293835412993816
0.06276425571755585
0.06259092124722934
0.06241834660111259
0.06224652768386111
0.062075460422559306
0.06190514076664583
0.061735564687838675
0.06156672818005878
0.06139862725935258
0.061231257963814095
0.06106461635350577
0.06089869851037828
0.06073350053818992
0.06056901856242505
0.06040524873021126
0.06024218721023671
0.06007983019266595
0.05991817388905536
0.05975721453226815
0.059596948376388126
0.05943737169663366
0.05927848078927031
0.05912027197152346
0.05896274158149
0.05880588597804996
0.058649701540777324
0.05849418466985045
0.05833933178596214
0.05818513933022945
0.05803160376410289
0.05787872156927512
0.05772648924758984
0.05757490332094993
0.057423960331225425
0.05727365684016132
0.057123989429284844
0.05697495469981284
0.05682654927255869
0.056678769787839284
0.05653161290538137
0.0563850753042284
0.05623915368264655
0.05609384475803111
0.05594914526681255
0.0558050519643623
0.05566156162489915
0.05551867104139486
0.055376377025479706
0.05523467640734897
0.05509356603566776
0.054953042777477645
0.05481310351810207
0.05467374516105187
0.054534964627931504
0.05439675885834486
0.05425912480980099
0.054122059457620234
0.05398555979484023
0.05384962283212217
0.05371424559765701
0.05357942513707181
0.05344515851333631
0.05331144280666954
0.053178275114446755
0.053045652551105785
0.052913572248055055
0.05278203135357995
0.052651027032751034
0.0525205564673309
0.05239061685568279
0.05226120541267777
0.052132319369603955
0.05200395597407409
0.05187611248993458
0.051748786197174435
0.05162197439183454
0.05149567438591671
0.051369883507293566
0.051244599099618496
0.05111981852223562
0.05099553915009039
0.050871758373640434
0.05074847359876592
0.0506256822466818
0.05050338175384862
0.05038156957188465
0.050260243167478166
0.05013940002229983
0.05001903763291517
0.04989915351069835
