0.5645312648143683
0.6258598838649481
0.6043639066668147
0.5854863583092198
0.5697858900829738
0.5573206101383092
0.5478185749083093
0.5408146461675124
0.5357861907980048
0.5322465270415548
0.52978997850853
0.5281017279597098
0.5269488417076726
0.5261644226675884
0.525631459104602
0.5252691099568547
0.525022074811438
0.5248527766867742
0.5247357963361003
0.5246539904657863
0.5245958204646402
0.5245535303163353
0.524521911007055
0.5244974659156851
0.5244778485291911
0.5244614842884182
0.5244473165642987
0.5244346361500491
0.5244229668688828
0.524411988852866
0.5244014870959429
0.524391316957215
0.5243813810292441
0.5243716136254882
0.5243619703753297
0.5243524212431178
0.5243429458427503
0.524333530291472
0.5243241650959517
0.5243148437308693
0.5243055616822341
0.5242963158027362
0.5242871038767211
0.5242779243261027
0.5242687760111171
0.524259658094978
0.5242505699516432
0.5242415111027223
0.5242324811741209
0.5242234798660899
0.5242145069324073
0.5242055621658025
0.5241966453876716
0.5241877564407543
0.52417889518387
0.5241700614880908
0.5241612552339336
0.5241524763092724
0.5241437246077716
0.5241350000276939
0.5241263024709886
0.5241176318425814
0.5241089880498218
0.5241003710020449
0.5240917806102249
0.5240832167866967
0.524074679444934
0.5240661684993677
0.5240576838652404
0.5240492254584872
0.524040793195639
0.5240323869937425
0.524024006770296
0.5240156524431956
0.524007323930691
0.5239990211513508
0.5239907440240312
0.5239824924678531
0.5239742664021801
0.5239660657466049
0.5239578904209324
0.5239497403451703
0.523941615439519
0.523933515624365
0.5239254408202729
0.5239173909479818
0.5239093659283998
0.5239013656826005
0.5238933901318209
0.5238854391974582
0.5238775128010675
0.5238696108643613
0.5238617333092067
0.5238538800576247
0.5238460510317897
0.5238382461540283
0.5238304653468185
0.5238227085327889
0.5238149756347188
0.5238072665755376
0.5237995812783238
0.5237919196663059
0.5237842816628604
0.5237766671915136
0.5237690761759394
0.5237615085399605
0.5237539642075476
0.5237464431028191
0.5237389451500417
0.5237314702736293
0.5237240183981435
0.523716589448293
0.5237091833489337
0.5237018000250693
0.5236944394018491
0.5236871014045706
0.5236797859586773
0.5236724929897592
0.5236652224235526
0.5236579741859411
0.5236507482029533
0.5236435444007645
0.5236363627056959
0.5236292030442142
0.5236220653429322
0.5236149495286081
0.5236078555281451
0.5236007832685923
0.5235937326771438
0.5235867036811384
0.5235796962080601
0.5235727101855374
0.5235657455413436
0.5235588022033968
0.5235518800997583
0.5235449791586348
0.5235380993083767
0.5235312404774776
0.5235244025945754
0.523517585588452
0.523510789388032
0.5235040139223834
0.5234972591207179
0.5234905249123895
0.5234838112268954
0.5234771179938751
0.5234704451431111
0.523463792604528
0.5234571603081923
0.5234505481843132
0.5234439561632409
0.5234373841754679
0.5234308321516281
0.5234243000224965
0.5234177877189895
0.5234112951721643
0.5234048223132192
0.5233983690734929
0.5233919353844647
0.5233855211777545
0.5233791263851213
0.5233727509384652
0.5233663947698255
0.523360057811381
0.5233537399954501
0.5233474412544903
0.5233411615210981
0.5233349007280088
0.5233286588080965
0.5233224356943736
0.5233162313199909
0.5233100456182369
0.5233038785225381
0.5232977299664591
0.5232915998837011
0.5232854882081036
0.5232793948736425
0.5232733198144304
0.5232672629647169
0.5232612242588887
0.5232552036314672
0.523249201017111
0.5232432163506144
0.5232372495669073
0.5232313006010547
0.523225369388257
0.5232194558638497
0.523213559963303
0.5232076816222215
0.5232018207763447
0.5231959773615456
0.5231901513138312
0.5231843425693429
0.5231785510643546
0.5231727767352741
0.5231670195186421
0.523161279351132
0.52315555616955
0.5231498499108342
0.5231441605120555
0.5231384879104167
0.5231328320432512
0.523127192848025
0.5231215702623352
0.5231159642239092
0.5231103746706054
0.5231048015404138
0.5230992447714531
0.523093704301973
0.5230881800703527
0.5230826720151012
0.5230771800748565
0.523071704188386
0.5230662442945859
0.5230608003324814
0.5230553722412249
0.5230499599600982
0.5230445634285105
0.5230391825859987
0.5230338173722267
0.5230284677269861
0.5230231335901956
0.5230178149019
0.5230125116022704
0.5230072236316048
0.5230019509303265
0.5229966934389846
0.5229914510982537
0.5229862238489336
0.5229810116319489
0.5229758143883485
0.5229706320593066
0.5229654645861207
0.5229603119102125
0.5229551739731274
0.5229500507165339
0.5229449420822241
0.5229398480121117
0.522934768448235
0.522929703332753
0.5229246526079471
0.5229196162162211
0.5229145941000994
0.5229095862022284
0.5229045924653755
0.5228996128324283
0.5228946472463951
0.5228896956504049
0.5228847579877058
0.5228798342016663
0.5228749242357739
0.5228700280336352
0.5228651455389759
0.5228602766956404
0.5228554214475909
0.5228505797389082
0.5228457515137901
0.5228409367165534
0.5228361352916302
0.5228313471835712
0.5228265723370429
0.5228218106968283
0.5228170622078268
0.5228123268150535
0.5228076044636392
0.5228028950988297
0.5227981986659862
0.5227935151105846
0.5227888443782146
0.5227841864145812
0.5227795411655025
0.5227749085769106
0.5227702885948509
0.5227656811654813
0.5227610862350738
0.5227565037500117
0.5227519336567907
0.522747375902019
0.522742830432416
0.5227382971948129
0.5227337761361512
0.522729267203484
0.5227247703439748
0.5227202855048969
0.522715812633634
0.5227113516776793
0.5227069025846351
0.5227024653022139
0.5226980397782354
0.5226936259606286
0.5226892237974315
0.5226848332367888
0.5226804542269533
0.5226760867162857
0.5226717306532529
0.5226673859864294
0.5226630526644955
0.5226587306362382
0.5226544198505504
0.5226501202564304
0.522645831802982
0.5226415544394142
0.5226372881150404
0.5226330327792788
0.5226287883816517
0.522624554871785
0.5226203321994092
0.5226161203143566
0.5226119191665635
0.5226077287060689
0.5226035488830141
0.5225993796476426
0.5225952209502992
0.5225910727414311
0.5225869349715863
0.5225828075914138
0.5225786905516636
0.5225745838031854
0.5225704872969299
0.5225664009839468
0.5225623248153858
0.5225582587424953
0.522554202716623
0.5225501566892156
0.5225461206118175
0.5225420944360709
0.5225380781137167
0.5225340715965925
0.5225300748366332
0.5225260877858706
0.5225221103964333
0.5225181426205454
0.5225141844105281
0.5225102357187973
0.5225062964978648
0.5225023667003371
0.5224984462789161
0.5224945351863973
0.5224906333756714
0.522486740799722
0.5224828574116271
0.5224789831645579
0.5224751180117779
0.5224712619066444
0.5224674148026062
0.5224635766532049
0.522459747412073
0.5224559270329359
0.5224521154696091
0.5224483126759993
0.5224445186061044
0.5224407332140121
0.5224369564539002
0.5224331882800364
0.5224294286467778
0.5224256775085707
0.5224219348199505
0.5224182005355408
0.5224144746100536
0.5224107569982889
0.5224070476551343
0.5224033465355654
0.522399653594644
0.5223959687875195
0.522392292069427
0.5223886233956886
0.5223849627217119
0.5223813100029903
0.5223776651951024
0.5223740282537119
0.5223703991345674
0.5223667777935017
0.5223631641864319
0.5223595582693589
0.5223559599983671
0.5223523693296247
0.5223487862193819
0.5223452106239725
0.5223416424998123
0.5223380818033995
0.5223345284913132
0.5223309825202154
0.5223274438468483
0.5223239124280353
0.5223203882206805
0.5223168711817685
0.5223133612683635
0.5223098584376102
0.5223063626467318
0.5223028738530315
0.5222993920138912
0.5222959170867709
0.5222924490292097
0.5222889877988239
0.5222855333533083
0.5222820856504345
0.5222786446480516
0.5222752103040857
0.5222717825765386
0.5222683614234895
0.5222649468030931
0.5222615386735796
0.5222581369932546
0.5222547417204991
0.5222513528137691
0.5222479702315946
0.5222445939325802
0.5222412238754042
0.5222378600188187
0.5222345023216496
0.522231150742795
0.5222278052412268
0.5222244657759886
0.5222211323061967
0.5222178047910393
0.5222144831897763
0.5222111674617388
0.522207857566329
0.5222045534630201
0.5222012551113555
0.5221979624709493
0.5221946755014852
0.5221913941627166
0.5221881184144666
0.5221848482166268
0.5221815835291581
0.52217832431209
0.5221750705255197
0.5221718221296131
0.5221685790846031
0.5221653413507905
0.5221621088885428
0.5221588816582947
0.5221556596205474
0.5221524427358681
0.5221492309648905
0.5221460242683135
0.5221428226069016
0.5221396259414844
0.522136434232957
0.5221332474422778
0.5221300655304709
0.5221268884586235
0.5221237161878869
0.522120548679476
0.5221173858946688
0.5221142277948059
0.5221110743412909
0.52210792549559
0.5221047812192311
0.5221016414738038
0.5220985062209597
0.5220953754224112
0.5220922490399322
0.5220891270353569
0.5220860093705799
0.5220828960075564
0.5220797869083011
0.5220766820348888
0.5220735813494528
0.5220704848141863
0.5220673923913408
0.5220643040432267
0.5220612197322123
0.5220581394207243
0.5220550630712466
0.5220519906463209
0.522048922108546
0.5220458574205776
0.5220427965451281
0.5220397394449661
0.5220366860829162
0.522033636421859
0.5220305904247311
0.5220275480545236
0.5220245092742828
0.5220214740471104
0.5220184423361617
0.5220154141046467
0.5220123893158293
0.522009367933027
0.5220063499196108
0.522003335239005
0.5220003238546863
0.5219973157301847
0.5219943108290818
0.521991309115012
0.5219883105516612
0.5219853151027667
0.5219823227321176
0.5219793334035536
0.5219763470809654
0.5219733637282943
0.5219703833095312
0.521967405788718
0.5219644311299458
0.5219614592973552
0.5219584902551357
0.5219555239675269
0.5219525603988158
0.5219495995133382
0.5219466412754787
0.5219436856496691
0.5219407326003893
0.5219377820921662
0.5219348340895742
0.5219318885572346
0.5219289454598154
0.5219260047620302
0.5219230664286401
0.521920130424451
0.5219171967143147
0.5219142652631286
0.5219113360358347
0.5219084089974206
0.5219054841129179
0.5219025613474029
0.5218996406659959
0.5218967220338606
0.5218938054162052
0.5218908907782804
0.5218879780853809
0.5218850673028432
0.5218821583960471
0.5218792513304146
0.5218763460714096
0.5218734425845382
0.5218705408353479
0.5218676407894274
0.5218647424124068
0.521861845669957
0.5218589505277894
0.5218560569516559
0.5218531649073483
0.5218502743606985
0.521847385277578
0.5218444976238976
0.5218416113656074
0.5218387264686961
0.5218358428991914
0.5218329606231591
0.5218300796067034
0.5218271998159665
0.5218243212171279
0.521821443776405
0.5218185674600522
0.5218156922343605
0.5218128180656584
0.5218099449203104
0.5218070727647172
0.5218042015653155
0.5218013312885781
0.521798461901013
0.5217955933691638
0.5217927256596084
0.5217898587389609
0.5217869925738683
0.5217841271310133
0.5217812623771121
0.5217783982789149
0.5217755348032053
0.5217726719168008
0.5217698095865515
0.5217669477793407
0.5217640864620848
0.5217612256017321
0.5217583651652632
0.5217555051196909
0.5217526454320598
0.5217497860694457
0.5217469269989561
0.5217440681877294
0.5217412096029349
0.5217383512117726
0.5217354929814728
0.5217326348792956
0.5217297768725315
0.5217269189285009
0.5217240610145532
0.5217212030980671
0.5217183451464508
0.5217154871271403
0.5217126290076016
0.5217097707553277
0.5217069123378404
0.5217040537226894
0.5217011948774517
0.5216983357697323
0.5216954763671632
0.521692616637403
0.5216897565481375
0.521686896067079
0.5216840351619662
0.5216811738005636
0.5216783119506617
0.5216754495800773
0.5216725866566516
0.5216697231482521
0.52166685902277
0.5216639942481227
0.5216611287922513
0.5216582626231215
0.5216553957087234
0.5216525280170703
0.5216496595161997
0.521646790174173
0.5216439199590741
0.5216410488390103
0.5216381767821117
0.5216353037565313
0.5216324297304438
0.521629554672047
0.5216266785495598
0.5216238013312238
0.5216209229853012
0.5216180434800763
0.5216151627838541
0.5216122808649608
0.5216093976917433
0.5216065132325686
0.5216036274558244
0.5216007403299184
0.521597851823278
0.5215949619043505
0.5215920705416026
0.52158917770352
0.5215862833586076
0.5215833874753892
0.5215804900224077
0.521577590968223
0.5215746902814146
0.5215717879305796
0.5215688838843324
0.5215659781113058
0.5215630705801495
0.5215601612595302
0.5215572501181323
0.521554337124656
0.5215514222478193
0.5215485054563551
0.5215455867190139
0.5215426660045611
0.5215397432817785
0.5215368185194633
0.5215338916864278
0.5215309627515
0.5215280316835222
0.5215250984513522
0.5215221630238617
0.5215192253699372
0.5215162854584795
0.5215133432584027
0.5215103987386351
0.5215074518681191
0.5215045026158094
0.5215015509506749
0.5214985968416965
0.5214956402578692
0.5214926811681994
0.5214897195417063
0.5214867553474216
0.5214837885543888
0.5214808191316632
0.5214778470483119
0.521474872273413
0.5214718947760566
0.5214689145253433
0.5214659314903849
0.5214629456403032
0.5214599569442315
0.5214569653713127
0.5214539708907003
0.521450973471557
0.5214479730830562
0.5214449696943799
0.5214419632747203
0.521438953793278
0.5214359412192632
0.5214329255218948
0.5214299066703998
0.5214268846340143
0.5214238593819825
0.5214208308835564
0.5214177991079957
0.5214147640245685
0.5214117256025501
0.5214086838112227
0.5214056386198763
0.5214025899978074
0.5213995379143195
0.5213964823387226
0.5213934232403332
0.521390360588474
0.5213872943524741
0.5213842245016677
0.5213811510053952
0.5213780738330027
0.5213749929538417
0.521371908337268
0.5213688199526433
0.5213657277693337
0.5213626317567103
0.5213595318841482
0.521356428121027
0.5213533204367308
0.5213502088006466
0.5213470931821664
0.521343973550685
0.5213408498756006
0.5213377221263152
0.5213345902722336
0.5213314542827632
0.5213283141273144
0.5213251697753002
0.5213220211961358
0.521318868359239
0.5213157112340291
0.5213125497899277
0.521309383996358
0.5213062138227444
0.5213030392385133
0.521299860213092
0.5212966767159086
0.5212934887163925
0.5212902961839732
0.5212870990880814
0.5212838973981477
0.5212806910836034
0.5212774801138795
0.521274264458407
0.521271044086616
0.521267818967937
0.5212645890717997
0.5212613543676327
0.5212581148248641
0.5212548704129203
0.5212516211012272
0.5212483668592087
0.5212451076562873
0.5212418434618838
0.5212385742454169
0.5212352999763038
0.5212320206239587
0.521228736157794
0.5212254465472193
0.5212221517616418
0.5212188517704656
0.5212155465430918
0.5212122360489182
0.52120892025734
0.521205599137748
0.5212022726595302
0.5211989407920701
0.5211956035047476
0.5211922607669387
0.5211889125480151
0.521185558817344
0.521182199544288
0.5211788346982048
0.5211754642484483
0.521172088164366
0.5211687064153013
0.5211653189705919
0.5211619257995701
0.5211585268715627
0.5211551221558908
0.5211517116218691
0.5211482952388073
0.5211448729760082
0.5211414448027682
0.5211380106883778
0.5211345706021204
0.5211311245132729
0.5211276723911051
0.5211242142048801
0.5211207499238537
0.521117279517274
0.5211138029543821
0.5211103202044115
0.5211068312365876
0.5211033360201281
0.5210998345242428
0.5210963267181332
0.5210928125709926
0.5210892920520054
0.5210857651303484
0.5210822317751886
0.521078691955685
0.521075145640987
0.5210715928002352
0.5210680334025608
0.5210644674170859
0.5210608948129225
0.5210573155591733
0.5210537296249315
0.5210501369792797
0.5210465375912909
0.5210429314300279
0.521039318464543
0.521035698663878
0.5210320719970644
0.5210284384331226
0.5210247979410625
0.521021150489883
0.5210174960485712
0.5210138345861044
0.521010166071447
0.5210064904735531
0.5210028077613643
0.5209991179038114
0.5209954208698121
0.5209917166282735
0.5209880051480895
0.5209842863981424
0.5209805603473019
0.5209768269644252
0.5209730862183568
0.520969338077929
0.5209655825119608
0.5209618194892582
0.5209580489786144
0.520954270948809
0.5209504853686091
0.5209466922067671
0.5209428914320232
0.520939083013103
0.5209352669187186
0.5209314431175684
0.5209276115783363
0.5209237722696927
0.520919925160293
0.5209160702187791
0.520912207413778
0.5209083367139016
0.520904458087748
0.5209005715039003
0.5208966769309262
0.5208927743373789
0.5208888636917961
0.5208849449627004
0.5208810181185991
0.5208770831279841
0.5208731399593314
0.5208691885811019
0.5208652289617401
0.520861261069675
0.5208572848733195
0.5208533003410707
0.5208493074413088
0.5208453061423985
0.5208412964126876
0.5208372782205076
0.5208332515341734
0.520829216321983
0.5208251725522179
0.5208211201931425
0.5208170592130044
0.5208129895800336
0.5208089112624438
0.5208048242284304
0.5208007284461722
0.5207966238838302
0.5207925105095478
0.5207883882914509
0.5207842571976474
0.5207801171962276
0.5207759682552637
0.52077181034281
0.5207676434269023
0.5207634674755588
0.520759282456779
0.520755088338544
0.5207508850888162
0.5207466726755403
0.5207424510666415
0.5207382202300266
0.5207339801335833
0.5207297307451808
0.5207254720326692
0.5207212039638793
0.5207169265066228
0.5207126396286924
0.5207083432978612
0.5207040374818832
0.5206997221484924
0.5206953972654039
0.5206910628003127
0.5206867187208941
0.5206823649948042
0.5206780015896784
0.5206736284731324
0.5206692456127623
0.5206648529761436
0.5206604505308321
0.5206560382443629
0.5206516160842509
0.5206471840179913
0.5206427420130577
0.5206382900369039
0.520633828056963
0.5206293560406476
0.5206248739553492
0.5206203817684388
0.5206158794472664
0.5206113669591611
0.5206068442714312
0.5206023113513637
0.5205977681662246
0.5205932146832588
0.52058865086969
0.5205840766927204
0.520579492119531
0.5205748971172812
0.5205702916531092
0.5205656756941315
0.5205610492074434
0.5205564121601177
0.5205517645192064
0.5205471062517395
0.5205424373247248
0.5205377577051491
0.5205330673599762
0.5205283662561487
0.5205236543605872
0.5205189316401899
0.5205141980618333
0.5205094535923713
0.5205046981986361
0.520499931847437
0.5204951545055618
0.5204903661397757
0.5204855667168212
0.5204807562034187
0.5204759345662661
0.5204711017720388
0.5204662577873895
0.5204614025789489
0.5204565361133247
0.5204516583571017
0.5204467692768424
0.5204418688390865
0.5204369570103511
0.5204320337571301
0.5204270990458948
0.5204221528430941
0.5204171951151535
0.5204122258284756
0.5204072449494406
0.520402252444405
0.5203972482797027
0.5203922324216449
0.5203872048365192
0.5203821654905904
0.5203771143501001
0.5203720513812674
0.5203669765502874
0.5203618898233328
0.5203567911665522
0.5203516805460722
0.5203465579279953
0.5203414232784015
0.5203362765633469
0.5203311177488648
0.5203259468009648
0.5203207636856341
0.5203155683688357
0.5203103608165099
0.5203051409945735
0.5202999088689197
0.5202946644054192
0.5202894075699185
0.5202841383282414
0.520278856646188
0.5202735624895353
0.5202682558240369
0.5202629366154232
0.5202576048294012
0.5202522604316541
0.5202469033878427
0.5202415336636041
0.5202361512245517
0.5202307560362759
0.5202253480643437
0.5202199272742996
0.520214493631663
0.5202090471019322
0.5202035876505806
0.5201981152430593
0.5201926298447956
0.5201871314211939
0.5201816199376352
0.5201760953594781
0.5201705576520562
0.520165006780682
0.5201594427106437
0.5201538654072069
0.5201482748356137
0.5201426709610832
0.5201370537488123
0.5201314231639735
0.5201257791717173
0.5201201217371714
0.5201144508254395
0.5201087664016035
0.5201030684307221
0.5200973568778311
0.5200916317079431
0.5200858928860491
0.5200801403771163
0.5200743741460896
0.5200685941578913
0.5200628003774213
0.5200569927695565
0.5200511712991517
0.5200453359310387
0.520039486630028
0.5200336233609062
0.5200277460884388
0.5200218547773685
0.5200159493924159
0.5200100298982794
0.5200040962596353
0.519998148441138
0.5199921864074193
0.5199862101230902
0.5199802195527387
0.5199742146609313
0.5199681954122131
0.5199621617711072
0.5199561137021149
0.5199500511697166
0.5199439741383703
0.5199378825725132
0.519931776436561
0.5199256556949078
0.5199195203119271
0.5199133702519709
0.5199072054793696
0.5199010259584337
0.5198948316534521
0.519888622528693
0.5198823985484036
0.519876159676811
0.5198699058781211
0.51986363711652
0.5198573533561723
0.5198510545612238
0.5198447406957986
0.5198384117240014
0.5198320676099166
0.5198257083176091
0.5198193338111234
0.5198129440544844
0.5198065390116975
0.519800118646748
0.5197936829236027
0.5197872318062083
0.519780765258492
0.5197742832443628
0.51976778572771
0.5197612726724041
0.5197547440422965
0.5197481998012201
0.5197416399129898
0.5197350643414012
0.5197284730502317
0.5197218660032406
0.5197152431641693
0.5197086044967405
0.5197019499646598
0.5196952795316147
0.5196885931612748
0.5196818908172927
0.5196751724633034
0.5196684380629245
0.5196616875797568
0.5196549209773842
0.5196481382193732
0.519641339269274
0.5196345240906204
0.5196276926469293
0.5196208449017019
0.5196139808184226
0.5196071003605607
0.5196002034915685
0.519593290174884
0.5195863603739284
0.5195794140521084
0.519572451172815
0.5195654716994241
0.5195584755952972
0.5195514628237805
0.5195444333482058
0.5195373871318905
0.5195303241381377
0.5195232443302368
0.5195161476714625
0.5195090341250762
0.5195019036543259
0.5194947562224457
0.519487591792657
0.5194804103281678
0.5194732117921732
0.519465996147856
0.5194587633583859
0.5194515133869209
0.5194442461966065
0.5194369617505759
0.5194296600119516
0.5194223409438432
0.5194150045093502
0.5194076506715599
0.5194002793935496
0.5193928906383848
0.519385484369121
0.5193780605488033
0.5193706191404668
0.519363160107136
0.5193556834118263
0.5193481890175433
0.5193406768872832
0.5193331469840334
0.519325599270772
0.519318033710469
0.5193104502660851
0.5193028489005733
0.5192952295768788
0.5192875922579387
0.5192799369066827
0.519272263486033
0.5192645719589046
0.5192568622882062
0.5192491344368393
0.5192413883676994
0.5192336240436757
0.5192258414276515
0.5192180404825046
0.5192102211711076
0.519202383456327
0.5191945273010254
0.5191866526680606
0.5191787595202856
0.5191708478205495
0.5191629175316976
0.5191549686165714
0.5191470010380093
0.5191390147588462
0.5191310097419147
0.5191229859500446
0.5191149433460632
0.5191068818927962
0.5190988015530678
0.5190907022896996
0.5190825840655133
0.5190744468433288
0.5190662905859665
0.519058115256245
0.5190499208169843
0.5190417072310037
0.5190334744611236
0.5190252224701648
0.5190169512209496
0.519008660676302
0.5190003507990472
0.5189920215520125
0.5189836728980279
0.5189753047999259
0.518966917220542
0.5189585101227152
0.5189500834692877
0.5189416372231058
0.5189331713470203
0.5189246858038863
0.5189161805565641
0.5189076555679184
0.5188991108008207
0.5188905462181475
0.5188819617827816
0.5188733574576125
0.5188647332055367
0.518856088989458
0.5188474247722872
0.5188387405169437
0.5188300361863551
0.5188213117434568
0.5188125671511941
0.5188038023725212
0.5187950173704018
0.5187862121078104
0.518777386547731
0.5187685406531588
0.5187596743871001
0.5187507877125727
0.518741880592606
0.5187329529902419
0.5187240048685351
0.5187150361905526
0.5187060469193754
0.5186970370180979
0.5186880064498292
0.518678955177692
0.5186698831648247
0.5186607903743803
0.5186516767695284
0.5186425423134539
0.5186333869693585
0.5186242107004605
0.5186150134699963
0.5186057952412187
0.5185965559774002
0.51858729564183
0.5185780141978181
0.5185687116086924
0.5185593878378012
0.5185500428485128
0.5185406766042164
0.5185312890683221
0.518521880204261
0.5185124499754868
0.518502998345475
0.5184935252777241
0.5184840307357557
0.5184745146831151
0.5184649770833718
0.5184554179001196
0.5184458370969773
0.5184362346375891
0.5184266104856254
0.5184169646047824
0.5184072969587833
0.518397607511379
0.5183878962263473
0.5183781630674946
0.5183684079986562
0.5183586309836961
0.5183488319865077
0.5183390109710153
0.5183291679011727
0.5183193027409652
0.5183094154544099
0.5182995060055553
0.5182895743584827
0.5182796204773064
0.5182696443261736
0.5182596458692665
0.5182496250708007
0.5182395818950272
0.5182295163062323
0.5182194282687385
0.5182093177469043
0.5181991847051256
0.5181890291078357
0.5181788509195056
0.518168650104645
0.5181584266278028
0.518148180453567
0.5181379115465661
0.5181276198714688
0.5181173053929856
0.5181069680758676
0.5180966078849094
0.5180862247849469
0.5180758187408607
0.5180653897175739
0.5180549376800551
0.5180444625933166
0.5180339644224173
0.5180234431324616
0.5180128986886003
0.5180023310560318
0.5179917402000016
0.5179811260858037
0.5179704886787809
0.5179598279443256
0.5179491438478798
0.517938436354936
0.5179277054310383
0.5179169510417816
0.5179061731528137
0.517895371729835
0.5178845467385996
0.517873698144915
0.5178628259146436
0.5178519300137033
0.5178410104080673
0.5178300670637652
0.5178190999468839
0.5178081090235676
0.5177970942600184
0.5177860556224979
0.5177749930773267
0.5177639065908849
0.5177527961296142
0.5177416616600168
0.517730503148657
0.5177193205621612
0.5177081138672195
0.5176968830305855
0.5176856280190769
0.5176743487995765
0.5176630453390327
0.5176517176044603
0.5176403655629406
0.5176289891816228
0.5176175884277243
0.5176061632685309
0.517594713671398
0.5175832396037512
0.5175717410330867
0.5175602179269726
0.5175486702530482
0.5175370979790264
0.5175255010726929
0.5175138795019074
0.5175022332346046
0.517490562238795
0.517478866482564
0.5174671459340745
0.5174554005615669
0.5174436303333589
0.5174318352178482
0.5174200151835104
0.5174081701989027
0.5173963002326618
0.5173844052535068
0.5173724852302386
0.517360540131741
0.5173485699269813
0.5173365745850114
0.5173245540749674
0.5173125083660719
0.5173004374276335
0.5172883412290477
0.5172762197397981
0.5172640729294564
0.5172519007676838
0.5172397032242314
0.5172274802689407
0.5172152318717448
0.5172029580026686
0.5171906586318296
0.5171783337294397
0.517165983265804
0.5171536072113232
0.5171412055364931
0.5171287782119066
0.5171163252082531
0.5171038464963207
0.517091342046995
0.517078811831262
0.5170662558202073
0.517053673985017
0.5170410662969797
0.5170284327274854
0.517015773248028
0.5170030878302045
0.5169903764457169
0.5169776390663725
0.5169648756640846
0.5169520862108734
0.5169392706788667
0.5169264290403005
0.5169135612675202
0.516900667332981
0.5168877472092487
0.5168748008690005
0.5168618282850259
0.5168488294302274
0.5168358042776209
0.5168227528003371
0.516809674971622
0.516796570764838
0.5167834401534632
0.5167702831110945
0.5167570996114469
0.516743889628354
0.5167306531357702
0.5167173901077701
0.5167041005185499
0.5166907843424283
0.5166774415538471
0.516664072127372
0.5166506760376933
0.5166372532596267
0.5166238037681146
0.5166103275382261
0.516596824545158
0.5165832947642366
0.5165697381709168
0.5165561547407843
0.5165425444495557
0.5165289072730794
0.5165152431873368
0.5165015521684425
0.5164878341926453
0.5164740892363293
0.516460317276015
0.5164465182883586
0.516432692250155
0.516418839138336
0.5164049589299738
0.5163910516022805
0.5163771171326081
0.5163631554984511
0.5163491666774458
0.5163351506473723
0.5163211073861542
0.5163070368718602
0.5162929390827051
0.5162788139970491
0.5162646615934009
0.5162504818504169
0.516236274746902
0.5162220402618121
0.5162077783742521
0.5161934890634797
0.516179172308904
0.5161648280900877
0.5161504563867472
0.5161360571787533
0.5161216304461331
0.5161071761690691
0.5160926943279022
0.51607818490313
0.51606364787541
0.5160490832255591
0.5160344909345542
0.5160198709835341
0.5160052233537996
0.5159905480268145
0.515975844984206
0.5159611142077668
0.5159463556794542
0.5159315693813924
0.5159167552958719
0.5159019134053522
0.5158870436924609
0.5158721461399952
0.5158572207309231
0.5158422674483832
0.515827286275687
0.5158122771963181
0.5157972401939342
0.5157821752523677
0.5157670823556258
0.5157519614878925
0.5157368126335286
0.5157216357770722
0.5157064309032408
0.5156911979969315
0.5156759370432206
0.5156606480273666
0.5156453309348092
0.5156299857511717
0.5156146124622596
0.5155992110540645
0.5155837815127617
0.5155683238247134
0.5155528379764682
0.5155373239547624
0.5155217817465209
0.5155062113388581
0.5154906127190777
0.515474985874675
0.5154593307933366
0.5154436474629416
0.515427935871563
0.5154121960074669
0.5153964278591148
0.5153806314151644
0.5153648066644689
0.5153489535960797
0.5153330721992457
0.5153171624634151
0.5153012243782354
0.5152852579335548
0.5152692631194231
0.5152532399260913
0.5152371883440141
0.5152211083638492
0.5152049999764593
0.5151888631729118
0.5151726979444803
0.515156504282645
0.5151402821790942
0.5151240316257237
0.5151077526146386
0.5150914451381542
0.5150751091887961
0.5150587447593011
0.5150423518426188
0.5150259304319111
0.5150094805205538
0.5149930021021369
0.514976495170466
0.514959959719562
0.5149433957436629
0.5149268032372241
0.514910182194919
0.5148935326116398
0.5148768544824989
0.5148601478028284
0.5148434125681817
0.5148266487743343
0.5148098564172838
0.5147930354932517
0.5147761859986827
0.514759307930247
0.5147424012848396
0.5147254660595822
0.5147085022518231
0.5146915098591379
0.514674488879331
0.5146574393104353
0.5146403611507135
0.5146232543986591
0.5146061190529956
0.5145889551126793
0.5145717625768983
0.5145545414450742
0.5145372917168618
0.5145200133921506
0.5145027064710654
0.5144853709539667
0.5144680068414513
0.5144506141343528
0.5144331928337431
0.5144157429409324
0.5143982644574692
0.5143807573851424
0.5143632217259813
0.5143456574822554
0.5143280646564764
0.5143104432513977
0.5142927932700163
0.5142751147155715
0.5142574075915476
0.5142396719016729
0.5142219076499212
0.514204114840512
0.5141862934779114
0.5141684435668326
0.514150565112236
0.5141326581193304
0.5141147225935736
0.5140967585406722
0.5140787659665829
0.5140607448775129
0.5140426952799204
0.5140246171805152
0.5140065105862589
0.513988375504366
0.5139702119423041
0.5139520199077944
0.5139337994088125
0.5139155504535883
0.5138972730506076
0.5138789672086115
0.5138606329365971
0.513842270243819
0.5138238791397886
0.5138054596342748
0.513787011737305
0.5137685354591653
0.5137500308104009
0.5137314978018168
0.5137129364444772
0.5136943467497083
0.513675728729096
0.5136570823944878
0.5136384077579936
0.5136197048319853
0.513600973629097
0.5135822141622266
0.5135634264445355
0.513544610489448
0.5135257663106539
0.513506893922107
0.5134879933380267
0.5134690645728973
0.5134501076414689
0.5134311225587588
0.5134121093400492
0.5133930680008908
0.5133739985571004
0.513354901024763
0.5133357754202311
0.513316621760126
0.5132974400613369
0.5132782303410222
0.5132589926166095
0.5132397269057954
0.5132204332265471
0.5132011115971011
0.5131817620359643
0.5131623845619145
0.5131429791940001
0.5131235459515405
0.5131040848541268
0.5130845959216211
0.5130650791741577
0.513045534632143
0.5130259623162553
0.5130063622474454
0.5129867344469374
0.5129670789362271
0.5129473957370841
0.5129276848715514
0.5129079463619447
0.5128881802308538
0.5128683865011417
0.5128485651959458
0.5128287163386769
0.5128088399530204
0.5127889360629359
0.5127690046926568
0.5127490458666919
0.5127290596098238
0.5127090459471099
0.5126890049038825
0.5126689365057489
0.5126488407785904
0.5126287177485644
0.5126085674421028
0.5125883898859125
0.5125681851069749
0.5125479531325476
0.5125276939901627
0.5125074077076273
0.5124870943130241
0.5124667538347101
0.5124463863013183
0.5124259917417562
0.5124055701852066
0.5123851216611273
0.5123646461992506
0.5123441438295843
0.5123236145824105
0.5123030584882863
0.5122824755780433
0.512261865882788
0.5122412294339009
0.5122205662630369
0.5121998764021255
0.5121791598833696
0.5121584167392468
0.5121376470025079
0.5121168507061775
0.512096027883554
0.5120751785682086
0.5120543027939857
0.5120334005950027
0.5120124720056499
0.5119915170605895
0.5119705357947569
0.5119495282433586
0.5119284944418733
0.5119074344260512
0.5118863482319138
0.5118652358957537
0.5118440974541341
0.5118229329438886
0.5118017424021211
0.5117805258662053
0.5117592833737842
0.5117380149627705
0.5117167206713452
0.5116954005379581
0.5116740546013274
0.5116526829004386
0.5116312854745451
0.5116098623631669
0.5115884136060906
0.5115669392433699
0.5115454393153238
0.5115239138625365
0.5115023629258569
0.5114807865463996
0.5114591847655422
0.5114375576249264
0.5114159051664573
0.5113942274323021
0.5113725244648905
0.5113507963069142
0.5113290430013252
0.5113072645913372
0.5112854611204236
0.5112636326323172
0.51124177917101
0.5112199007807525
0.5111979975060538
0.5111760693916789
0.511154116482651
0.5111321388242481
0.511110136462005
0.5110881094417111
0.5110660578094098
0.5110439816113983
0.511021880894227
0.5109997557046984
0.5109776060898668
0.5109554320970379
0.510933233773767
0.51091101116786
0.5108887643273711
0.5108664933006029
0.5108441981361056
0.5108218788826757
0.5107995355893563
0.5107771683054357
0.5107547770804466
0.5107323619641653
0.5107099230066113
0.5106874602580458
0.5106649737689722
0.5106424635901337
0.5106199297725134
0.5105973723673334
0.5105747914260537
0.5105521870003716
0.5105295591422209
0.5105069079037704
0.5104842333374239
0.5104615354958185
0.5104388144318247
0.5104160701985441
0.5103933028493097
0.5103705124376847
0.5103476990174609
0.5103248626426586
0.510302003367525
0.5102791212465336
0.5102562163343836
0.5102332886859976
0.5102103383565219
0.510187365401325
0.510164369875997
0.5101413518363473
0.5101183113384056
0.5100952484384185
0.5100721631928505
0.5100490556583821
0.5100259258919081
0.510002773950538
0.5099795998915934
0.5099564037726074
0.5099331856513246
0.5099099455856984
0.5098866836338902
0.5098633998542692
0.5098400943054103
0.509816767046093
0.5097934181353013
0.509770047632221
0.5097466555962394
0.5097232420869443
0.5096998071641219
0.5096763508877564
0.5096528733180288
0.5096293745153152
0.5096058545401855
0.5095823134534029
0.5095587513159217
0.5095351681888869
0.5095115641336321
0.5094879392116795
0.5094642934847367
0.5094406270146971
0.509416939863638
0.5093932320938189
0.509369503767681
0.509345754947845
0.5093219856971104
0.5092981960784541
0.5092743861550282
0.50925055599016
0.5092267056473496
0.5092028351902691
0.5091789446827606
0.5091550341888356
0.5091311037726729
0.5091071534986176
0.5090831834311793
0.5090591936350315
0.5090351841750089
0.5090111551161071
0.5089871065234804
0.5089630384624407
0.5089389509984564
0.5089148441971499
0.5088907181242972
0.5088665728458256
0.5088424084278128
0.5088182249364848
0.5087940224382151
0.5087698009995226
0.5087455606870704
0.5087213015676642
0.5086970237082505
0.5086727271759156
0.5086484120378835
0.5086240783615147
0.5085997262143043
0.5085753556638808
0.5085509667780046
0.5085265596245657
0.5085021342715829
0.508477690787202
0.5084532292396937
0.5084287496974524
0.508404252228995
0.5083797369029586
0.5083552037880988
0.5083306529532887
0.5083060844675171
0.5082814983998862
0.5082568948196108
0.5082322737960161
0.5082076353985363
0.5081829796967128
0.5081583067601924
0.5081336166587259
0.5081089094621665
0.5080841852404676
0.5080594440636815
0.5080346860019577
0.508009911125541
0.5079851195047695
0.5079603112100741
0.5079354863119752
0.5079106448810818
0.5078857869880902
0.5078609127037808
0.5078360220990183
0.5078111152447483
0.5077861922119963
0.5077612530718658
0.5077362978955366
0.5077113267542636
0.507686339719373
0.5076613368622634
0.5076363182544016
0.5076112839673224
0.5075862340726259
0.5075611686419762
0.5075360877470991
0.5075109914597807
0.507485879851866
0.5074607529952562
0.5074356109619068
0.5074104538238273
0.5073852816530782
0.5073600945217682
0.5073348925020547
0.5073096756661406
0.5072844440862724
0.5072591978347386
0.5072339369838683
0.5072086616060285
0.5071833717736232
0.5071580675590903
0.5071327490349014
0.5071074162735584
0.5070820693475928
0.5070567083295632
0.5070313332920533
0.5070059443076709
0.5069805414490451
0.5069551247888251
0.5069296943996775
0.5069042503542855
0.5068787927253467
0.5068533215855704
0.5068278370076768
0.5068023390643946
0.5067768278284592
0.506751303372611
0.5067257657695933
0.50670021509215
0.5066746514130249
0.5066490748049589
0.5066234853406878
0.5065978830929421
0.5065722681344428
0.5065466405379008
0.5065210003760158
0.5064953477214725
0.5064696826469404
0.5064440052250706
0.5064183155284948
0.5063926136298234
0.5063668996016427
0.5063411735165144
0.5063154354469722
0.5062896854655214
0.5062639236446355
0.5062381500567554
0.5062123647742877
0.5061865678696014
0.5061607594150273
0.5061349394828559
0.506109108145335
0.5060832654746683
0.5060574115430132
0.5060315464224792
0.5060056701851255
0.5059797829029601
0.5059538846479367
0.5059279754919533
0.5059020555068512
0.5058761247644117
0.5058501833363546
0.5058242312943373
0.5057982687099514
0.5057722956547224
0.5057463122001061
0.5057203184174887
0.5056943143781828
0.5056683001534276
0.505642275814385
0.5056162414321397
0.5055901970776957
0.5055641428219756
0.5055380787358181
0.5055120048899763
0.5054859213551155
0.5054598282018122
0.5054337255005519
0.5054076133217262
0.5053814917356324
0.5053553608124715
0.505329220622345
0.5053030712352549
0.5052769127211003
0.5052507451496765
0.505224568590673
0.5051983831136715
0.505172188788144
0.5051459856834511
0.5051197738688409
0.5050935534134453
0.5050673243862803
0.5050410868562428
0.5050148408921097
0.504988586562535
0.5049623239360491
0.5049360530810567
0.5049097740658344
0.5048834869585299
0.504857191827159
0.5048308887396054
0.5048045777636171
0.5047782589668065
0.504751932416647
0.5047255981804724
0.504699256325474
0.5046729069187005
0.5046465500270543
0.5046201857172916
0.5045938140560192
0.5045674351096935
0.5045410489446187
0.5045146556269446
0.5044882552226663
0.50446184779762
0.5044354334174838
0.5044090121477747
0.5043825840538467
0.5043561492008902
0.504329707653929
0.5043032594778198
0.5042768047372493
0.5042503434967338
0.5042238758206168
0.5041974017730669
0.5041709214180776
0.5041444348194637
0.5041179420408616
0.5040914431457262
0.5040649381973297
0.5040384272587609
0.5040119103929215
0.5039853876625267
0.5039588591301017
0.5039323248579821
0.5039057849083102
0.5038792393430349
0.5038526882239094
0.5038261316124897
0.5037995695701337
0.5037730021579981
0.5037464294370384
0.5037198514680066
0.5036932683114501
0.5036666800277092
0.5036400866769163
0.5036134883189946
0.5035868850136561
0.5035602768203998
0.5035336637985109
0.503507046007059
0.5034804235048964
0.5034537963506568
0.5034271646027537
0.5034005283193791
0.5033738875585021
0.5033472423778664
0.5033205928349909
0.5032939389871659
0.5032672808914538
0.5032406186046855
0.5032139521834609
0.5031872816841467
0.5031606071628744
0.5031339286755399
0.5031072462778012
0.5030805600250782
0.5030538699725492
0.5030271761751526
0.503000478687582
0.5029737775642881
0.5029470728594748
0.5029203646270993
0.5028936529208704
0.5028669377942471
0.5028402193004368
0.502813497492395
0.5027867724228234
0.5027600441441682
0.5027333127086193
0.5027065781681093
0.5026798405743116
0.5026530999786387
0.5026263564322428
0.5025996099860124
0.5025728606905724
0.5025461085962817
0.5025193537532335
0.5024925962112531
0.5024658360198959
0.5024390732284483
0.5024123078859245
0.5023855400410662
0.5023587697423412
0.5023319970379425
0.5023052219757866
0.5022784446035131
0.5022516649684825
0.5022248831177758
0.5021980990981935
0.5021713129562535
0.502144524738191
0.5021177344899568
0.5020909422572165
0.502064148085349
0.5020373520194458
0.5020105541043095
0.5019837543844533
0.5019569529040993
0.5019301497071779
0.5019033448373263
0.501876538337888
0.5018497302519112
0.5018229206221482
0.501796109491054
0.5017692969007854
0.5017424828932003
0.5017156675098565
0.5016888507920102
0.501662032780616
0.5016352135163249
0.501608393039484
0.5015815713901356
0.5015547486080154
0.5015279247325526
0.5015010998028686
0.5014742738577754
0.5014474469357759
0.5014206190750617
0.5013937903135135
0.5013669606886986
0.5013401302378718
0.5013132989979732
0.5012864670056278
0.5012596342971448
0.5012328009085162
0.5012059668754165
0.5011791322332015
0.5011522970169081
0.5011254612612519
0.5010986250006286
0.5010717882691114
0.5010449511004511
0.5010181135280746
0.5009912755850854
0.5009644373042609
0.5009375987180535
0.5009107598585888
0.500883920757665
0.5008570814467523
0.500830241956992
0.500803402319196
0.5007765625638455
0.5007497227210913
0.5007228828207523
0.5006960428923146
0.500669202964932
0.5006423630674235
0.5006155232282743
0.5005886834756346
0.5005618438373183
0.5005350043408028
0.500508165013229
0.5004813258813995
0.5004544869717789
0.5004276483104924
0.5004008099233255
0.5003739718357243
0.5003471340727931
0.500320296659295
0.5002934596196515
0.5002666229779411
0.500239786757899
0.5002129509829174
0.5001861156760431
0.5001592808599788
0.5001324465570813
0.5001056127893624
0.500078779578486
0.5000519469457702
0.500025114912185
0.49999828349835274
0.49997145272454674
0.49994462261069184
0.49991779317636303
0.49989096444078546
0.4998641364228337
0.4998373091410315
0.49981048261355154
0.4997836568582141
0.4997568318924872
0.4997300077334868
0.4997031843979752
0.4996763619023609
0.49964954026269925
0.4996227194946903
0.4995958996136798
0.4995690806346583
0.49954226257226053
0.4995154454407653
0.49948862925409526
0.49946181402581624
0.49943499976913663
0.4994081864969079
0.49938137422162354
0.4993545629554189
0.49932775271007046
0.49930094349699666
0.4992741353272561
0.4992473282115481
0.49922052216021245
0.49919371718322864
0.4991669132902158
0.4991401104904324
0.4991133087927759
0.49908650820578243
0.49905970873762673
0.49903291039612174
0.49900611318871846
0.4989793171225051
0.49895252220420744
0.4989257284401889
0.4988989358364494
0.4988721443986254
0.4988453541319903
0.4988185650414534
0.4987917771315599
0.49876499040649125
0.4987382048700641
0.4987114205257304
0.49868463737657787
0.4986578554253288
0.4986310746743401
0.4986042951256036
0.4985775167807458
0.4985507396410268
0.49852396370734153
0.4984971889802184
0.4984704154598199
0.49844364314594203
0.49841687203801416
0.49839010213509927
0.49836333343589345
0.49833656593872594
0.49830979964155875
0.49828303454198686
0.4982562706372382
0.49822950792417264
0.4982027463992835
0.49817598605869584
0.498149226898167
0.498122468913087
0.4980957120984776
0.4980689564489925
0.4980422019589178
0.4980154486221712
0.497988696432302
0.4979619453824916
0.4979351954655531
0.49790844667393075
0.4978816989997008
0.49785495243457084
0.4978282069698799
0.4978014625965985
0.49777471930532835
0.4977479770863027
0.497721235929386
0.4976944958240739
0.4976677567594937
0.4976410187244032
0.49761428170719224
0.4975875456958814
0.49756081067812197
0.49753407664119764
0.49750734357202203
0.4974806114571407
0.4974538802827302
0.497427150034598
0.497400420698183
0.4973736922585556
0.4973469647004167
0.4973202380080989
0.4972935121655661
0.4972667871564131
0.49724006296386647
0.4972133395707839
0.4971866169596545
0.4971598951125984
0.4971331740113676
0.4971064536373455
0.4970797339715474
0.4970530149946193
0.4970262966868395
0.49699957902811753
0.4969728619979952
0.4969461455756454
0.4969194297398735
0.49689271446911654
0.4968659997414432
0.49683928553455464
0.49681257182578387
0.4967858585920962
0.49675914581008856
0.49673243345599155
0.49670572150566644
0.49667900993460834
0.4966522987179441
0.49662558783043337
0.4965988772464686
0.4965721669400748
0.49654545688491025
0.4965187470542656
0.49649203742106485
0.496465327957865
0.49643861863685645
0.4964119094298628
0.4963852003083409
0.49635849124338116
0.4963317822057076
0.4963050731656778
0.4962783640932834
0.4962516549581495
0.49622494572953557
0.49619823637633487
0.49617152686707483
0.49614481716991715
0.4961181072526583
0.4960913970827286
0.49606468662719305
0.496037975852752
0.49601126472573986
0.495984553212126
0.49595784127751524
0.49593112888714697
0.4959044160058962
0.4958777025982729
0.4958509886284228
0.4958242740601268
0.4957975588568019
0.4957708429815003
0.49574412639691046
0.4957174090653566
0.4956906909487989
0.49566397200883433
0.49563725220669497
0.4956105315032507
0.4955838098590065
0.4955570872341052
0.49553036358832514
0.4955036388810825
0.49547691307142994
0.4954501861180568
0.49542345797928994
0.4953967286130936
0.4953699979770688
0.49534326602845435
0.49531653272412673
0.4952897980205996
0.49526306187402463
0.49523632424019126
0.49520958507452667
0.4951828443320964
0.49515610196760373
0.4951293579353906
0.4951026121894365
0.4950758646833604
0.4950491153704185
0.4950223642035064
0.4949956111351582
0.4949688561175466
0.4949420991024831
0.49491534004141824
0.4948885788854413
0.4948618155852811
0.494835050091305
0.49480828235352003
0.4947815123215722
0.4947547399447473
0.49472796517197004
0.4947011879518048
0.49467440823245584
0.4946476259617667
0.4946208410872207
0.4945940535559411
0.49456726331469053
0.4945404703098719
0.4945136744875281
0.4944868757933413
0.4944600741726346
0.49443326957037054
0.4944064619311523
0.49437965119922267
0.49435283731846474
0.4943260202324021
0.49429919988419835
0.4942723762166577
0.4942455491722242
0.4942187186929826
0.4941918847206579
0.4941650471966156
0.49413820606186143
0.4941113612570415
0.4940845127224427
0.49405766039799165
0.4940308042232563
0.4940039441374445
0.49397708007940444
0.49395021198762507
0.49392333980023556
0.49389646345500565
0.4938695828893454
0.4938426980403049
0.49381580884457527
0.4937889152384871
0.49376201715801216
0.49373511453876195
0.4937082073159882
0.49368129542458306
0.49365437879907853
0.49362745737364666
0.49360053108210006
0.49357359985789084
0.4935466636341111
0.4935197223434927
0.49349277591840746
0.4934658242908669
0.4934388673925221
0.4934119051546634
0.49338493750822116
0.49335796438376495
0.49333098571150313
0.49330400142128394
0.49327701144259395
0.4932500157045593
0.4932230141359446
0.49319600666515384
0.49316899322022845
0.49314197372884916
0.4931149481183353
0.4930879163156434
0.4930608782473692
0.49303383383974553
0.4930067830186433
0.49297972570957105
0.4929526618376747
0.4929255913277378
0.4928985141041804
0.4928714300910596
0.4928443392120698
0.49281724139054184
0.49279013654944237
0.49276302461137467
0.4927359054985778
0.4927087791329268
0.4926816454359323
0.4926545043287401
0.4926273557321308
0.4926001995665205
0.4925730357519596
0.492545864208133
0.4925186848543596
0.4924914976095925
0.49246430239241795
0.49243709912105577
0.49240988771335936
0.4923826680868144
0.49235544015853916
0.4923282038452845
0.4923009590634326
0.492273705728998
0.49224644375762616
0.4922191730645935
0.4921918935648077
0.492164605172806
0.49213730780275666
0.4921100013684567
0.4920826857833331
0.4920553609604415
0.4920280268124666
0.4920006832517209
0.49197333019014533
0.49194596753930786
0.49191859521040393
0.49189121311425554
0.4918638211613112
0.4918364192616452
0.4918090073249576
0.49178158526057314
0.49175415297744196
0.49172671038413784
0.49169925738885856
0.49167179389942534
0.4916443198232819
0.49161683506749515
0.49158933953875317
0.49156183314336627
0.49153431578726503
0.4915067873760014
0.4914792478147465
0.4914516970082915
0.4914241348610464
0.4913965612770397
0.4913689761599177
0.49134137941294437
0.49131377093900036
0.4912861506405826
0.4912585184198039
0.4912308741783923
0.49120321781769
0.49117554923865386
0.49114786834185387
0.4911201750274725
0.49109246919530525
0.49106475074475814
0.4910370195748494
0.49100927558420665
0.49098151867106726
0.49095374873327835
0.49092596566829505
0.49089816937318
0.490870359744603
0.4908425366788407
0.49081470007177447
0.49078684981889154
0.49075898581528327
0.49073110795564445
0.49070321613427226
0.49067531024506683
0.49064739018152886
0.4906194558367603
0.4905915071034627
0.49056354387393664
0.49053556604008064
0.4905075734933917
0.49047956612496263
0.4904515438254826
0.49042350648523547
0.49039545399410006
0.4903673862415481
0.490339303116644
0.49031120450804405
0.49028309030399553
0.49025496039233524
0.4902268146604899
0.4901986529954739
0.490170475283889
0.49014228141192384
0.49011407126535234
0.49008584472953276
0.4900576016894077
0.49002934202950216
0.4900010656339224
0.4899727723863562
0.4899444621700715
0.48991613486791386
0.48988779036230756
0.489859428535254
0.4898310492683297
0.4898026524426865
0.4897742379390497
0.48974580563771775
0.4897173554185603
0.4896888871610182
0.48966040074410144
0.4896318960463886
0.48960337294602585
0.48957483132072505
0.4895462710477642
0.48951769200398443
0.4894890940657902
0.4894604771091475
0.48943184100958337
0.4894031856421839
0.4893745108815932
0.4893458166020132
0.4893171026772012
0.4892883689804691
0.4892596153846825
0.489230841762259
0.4892020479851674
0.4891732339249263
0.489144399452602
0.48911554443880906
0.48908666875370727
0.489057772267001
0.4890288548479382
0.4889999163653086
0.4889709566874427
0.48894197568221054
0.48891297321701954
0.488883949158814
0.4888549033740735
0.48882583572881144
0.4887967460885736
0.48876763431843684
0.4887385002830075
0.48870934384642045
0.4886801648723367
0.4886509632239429
0.4886217387639499
0.48859249135459004
0.48856322085761716
0.4885339271343044
0.48850461004544243
0.48847526945133835
0.4884459052118141
0.4884165171862049
0.4883871052333574
0.48835766921162893
0.48832820897888446
0.48829872439249666
0.48826921530934314
0.4882396815858053
0.4882101230777665
0.4881805396406107
0.4881509311292206
0.4881212973979757
0.4880916383007516
0.48806195369091654
0.48803224342133195
0.48800250734434886
0.4879727453118071
0.4879429571750333
0.4879131427848393
0.4878833019915198
0.48785343464485154
0.487823540594091
0.4877936196879724
0.48776367177470575
0.48773369670197636
0.4877036943169408
0.4876736644662272
0.4876436069959317
0.487613521751618
0.48758340857831417
0.48755326732051174
0.4875230978221632
0.48749289992668016
0.48746267347693156
0.4874324183152417
0.48740213428338847
0.4873718212226006
0.4873414789735567
0.4873111073763822
0.4872807062706483
0.48725027549536937
0.48721981488900107
0.48718932428943795
0.4871588035340122
0.4871282524594906
0.487097670902073
0.4870670586973902
0.48703641568050166
0.4870057416858931
0.486975036547475
0.48694430009857986
0.48691353217196015
0.48688273259978676
0.48685190121364563
0.486821037844536
0.486790142322869
0.48675921447846415
0.486728254140548
0.48669726113775114
0.4866662352981068
0.4866351764490475
0.4866040844174038
0.486572959029401
0.4865418001106575
0.48651060748618213
0.48647938098037163
0.48644812041700913
0.48641682561926025
0.48638549640967227
0.4863541326101706
0.48632273404205667
0.48629130052600567
0.48625983188206434
0.4862283279296473
0.4861967884875359
0.4861652133738753
0.4861336024061712
0.4861019554012888
0.4860702721754485
0.4860385525442249
0.48600679632254334
0.48597500332467747
0.48594317336424675
0.48591130625421397
0.4858794018068821
0.48584745983389216
0.4858154801462206
0.4857834625541759
0.4857514068673974
0.4857193128948504
0.4856871804448255
0.48565500932493466
0.48562279934210933
0.48559055030259635
0.4855582620119571
0.48552593427506274
0.4854935668960929
0.4854611596785321
0.4854287124251674
0.4853962249380848
0.48536369701866744
0.48533112846759197
0.4852985190848258
0.4852658686696244
0.4852331770205286
0.4852004439353611
0.4851676692112237
0.48513485264449485
0.485101994030826
0.4850690931651392
0.4850361498416238
0.48500316385373343
0.4849701349941834
0.484937063054947
0.484903947827253
0.4848707891015825
0.4848375866676656
0.48480434031447867
0.4847710498302414
0.4847377150024126
0.4847043356176885
0.48467091146199903
0.4846374423205046
0.4846039279775928
0.4845703682168755
0.4845367628211857
0.48450311157257464
0.484469414252307
0.48443567064086035
0.4844018805179192
0.4843680436623742
0.4843341598523164
0.48430022886503615
0.4842662504770185
0.48423222446394076
0.4841981506006684
0.484164028661252
0.4841298584189244
0.4840956396460969
0.4840613721143555
0.4840270555944585
0.4839926898563328
0.4839582746690698
0.48392380980092253
0.4838892950193028
0.48385473009077673
0.48382011478106185
0.48378544885502395
0.4837507320766727
0.4837159642091591
0.48368114501477144
0.4836462742549322
0.48361135169019454
0.48357637708023776
0.4835413501838655
0.4835062707590008
0.4834711385626833
0.48343595335106515
0.48340071487940817
0.4833654229020791
0.4833300771725477
0.4832946774433813
0.48325922346624267
0.4832237149918853
0.48318815177015084
0.4831525335499646
0.48311686007933213
0.4830811311053356
0.48304534637413055
0.4830095056309416
0.48297360862005884
0.48293765508483416
0.4829016447676786
0.48286557741005676
0.48282945275248434
0.48279327053452437
0.4827570304947829
0.48272073237090607
0.482684375899575
0.482647960816504
0.4826114868564353
0.4825749537531351
0.48253836123939137
0.48250170904700873
0.48246499690680444
0.48242822454860645
0.4823913917012473
0.48235449809256165
0.4823175434493824
0.48228052749753647
0.48224344996184115
0.48220631056610014
0.4821691090331003
0.48213184508460694
0.48209451844136064
0.48205712882307317
0.4820196759484237
0.48198215953505424
0.4819445792995676
0.48190693495752135
0.48186922622342554
0.4818314528107382
0.4817936144318612
0.48175571079813717
0.48171774161984504
0.4816797066061961
0.4816416054653305
0.48160343790431354
0.48156520362913097
0.48152690234468576
0.4814885337547941
0.4814500975621819
0.4814115934684797
0.4813730211742205
0.48133438037883447
0.48129567078064556
0.48125689207686817
0.4812180439636025
0.48117912613583097
0.4811401382874143
0.481101080111088
0.481061951298458
0.4810227515399974
0.4809834805250418
0.48094413794178603
0.4809047234772807
0.48086523681742727
0.48082567764697526
0.48078604564951755
0.48074634050748777
0.4807065619021548
0.48066670951362106
0.4806267830208163
0.48058678210149625
0.48054670643223674
0.48050655568843165
0.48046632954428803
0.48042602767282294
0.4803856497458594
0.4803451954340223
0.48030466440673597
0.48026405633221936
0.4802233708774822
0.4801826077083225
0.4801417664893216
0.4801008468838416
0.4800598485540207
0.4800187711607704
0.47997761436377173
0.47993637782147097
0.47989506119107755
0.4798536641285584
0.47981218628863676
0.4797706273247866
0.47972898688923055
0.47968726463293565
0.47964546020561033
0.47960357325570024
0.47956160343038595
0.4795195503755787
0.47947741373591724
0.4794351931547642
0.4793928882742038
0.4793504987350371
0.47930802417677965
0.47926546423765803
0.47922281855460674
0.47918008676326423
0.4791372684979711
0.4790943633917657
0.47905137107638135
0.4790082911822439
0.4789651233384674
0.4789218671728527
0.4788785223118826
0.4788350883807203
0.47879156500320635
0.47874795180185425
0.4787042483978498
0.47866045441104677
0.4786165694599641
0.47857259316178397
0.4785285251323488
0.4784843649861575
0.4784401123363645
0.4783957667947762
0.4783513279718482
0.4783067954766833
0.47826216891702866
0.4782174478992737
0.47817263202844695
0.4781277209082149
0.4780827141408785
0.47803761132737166
0.47799241206725845
0.4779471159587316
0.47790172259860936
0.47785623158233487
0.4778106425039724
0.4777649549562072
0.4777191685303419
0.4776732828162958
0.47762729740260224
0.47758121187640773
0.47753502582346935
0.4774887388281537
0.477442350473435
0.4773958603408934
0.4773492680107142
0.47730257306168566
0.47725577507119815
0.4772088736152422
0.4771618682684085
0.47711475860388514
0.47706754419345815
0.4770202246075089
0.4769727994150143
0.47692526818354525
0.47687763047926657
0.47682988586693503
0.4767820339098999
0.4767340741701012
0.4766860062080704
0.47663782958292883
0.4765895438523882
0.4765411485727492
0.4764926432989026
0.4764440275843279
0.47639530098109445
0.4763464630398596
0.47629751330987147
0.4762484513389661
0.47619927667357037
0.47614998885870086
0.4761005874379643
0.4760510719535588
0.4760014419462739
0.47595169695549167
0.47590183651918705
0.4758518601739289
0.47580176745488106
0.47575155789580376
0.47570123102905393
0.4756507863855874
0.47560022349495934
0.47554954188532683
0.47549874108344925
0.47544782061469126
0.4753967800030229
0.475345618771023
0.4752943364398805
0.47524293252939676
0.4751914065579873
0.47513975804268443
0.47508798649913997
0.47503609144162756
0.4749840723830444
0.4749319288349159
0.47487966030739703
0.47482726630927563
0.4747747463479762
0.47472209992956216
0.4746693265587399
0.47461642573886165
0.4745633969719302
0.4745102397586009
0.47445695359818735
0.4744035379886642
0.47434999242667164
0.47429631640751896
0.47424250942519103
0.4741885709723492
0.4741345005403397
0.47408029761919634
0.4740259616976454
0.47397149226311125
0.4739168888017214
0.47386215079831173
0.47380727773643216
0.4737522690983519
0.47369712436506506
0.4736418430162972
0.47358642453051086
0.47353086838491193
0.4734751740554558
0.47341934101685385
0.47336336874258034
0.47330725670487866
0.4732510043747688
0.47319461122205464
0.4731380767153295
0.4730814003219861
0.47302458150822196
0.47296761973904794
0.47291051447829624
0.47285326518862836
0.47279587133154277
0.4727383323673836
0.47268064775534935
0.4726228169535016
0.4725648394187727
0.47250671460697624
0.47244844197281566
0.47239002096989324
0.47233145105071994
0.47227273166672495
0.4722138622682651
0.47215484230463617
0.4720956712240811
0.4720363484738022
0.47197687349997053
0.4719172457477367
0.4718574646612421
0.47179752968363
0.4717374402570559
0.47167719582269996
0.4716167958207775
0.47155623969055205
0.47149552687034624
0.4714346567975539
0.4713736289086527
0.4713124426392167
0.4712510974239288
0.47118959269659255
0.4711279278901472
0.4710661024366791
0.471004115767436
0.47094196731283955
0.4708796565025003
0.47081718276523044
0.4707545455290587
0.470691744221244
0.4706287782682901
0.47056564709596016
0.47050235012929154
0.4704388867926108
0.4703752565095485
0.47031145870305513
0.470247492795416
0.47018335820826745
0.47011905436261237
0.47005458067883554
0.4699899365767217
0.46992512147546994
0.4698601347937116
0.46979497594952635
0.46972964436045933
0.46966413944353785
0.4695984606152894
0.4695326072917587
0.46946657888852517
0.4694003748207201
0.4693339945030467
0.4692674373497951
0.4692007027748642
0.4691337901917764
0.4690666990136996
0.46899942865346356
0.4689319785235797
0.4688643480362609
0.46879653660343923
0.46872854363678695
0.4686603685477351
0.46859201074749307
0.4685234696470694
0.4684547446572913
0.4683858351888245
0.4683167406521943
0.46824746045780546
0.4681779940159627
0.4681083407368925
0.46803850003076275
0.46796847130770425
0.4678982539778322
0.46782784745126715
0.4677572511381566
0.46768646444869605
0.4676154867931511
0.4675443175818801
0.467472956225354
0.4674014021341798
0.46732965471912313
0.46725771339112904
0.46718557756134504
0.4671132466411444
0.467040720042147
0.46696799717624315
0.4668950774556163
0.4668219602927653
0.46674864510052755
0.4666751312921018
0.4666014182810722
0.46652750548142974
0.4664533923075965
0.46637907817444957
0.46630456249734253
0.4662298446921299
0.46615492417519094
0.4660798003634526
0.4660044726744126
0.4659289405261641
0.46585320333741775
0.4657772605275271
0.4657011115165108
0.4656247557250763
0.4655481925746444
0.46547142148737264
0.4653944418861781
0.46531725319476164
0.4652398548376321
0.4651622462401291
0.4650844268284464
0.4650063960296568
0.46492815327173453
0.46484969798357884
0.46477102959503797
0.464692147536932
0.4646130512410769
0.4645337401403069
0.46445421366849826
0.46437447126059267
0.46429451235261965
0.4642143363817196
0.4641339427861674
0.4640533310053944
0.46397250048001115
0.46389145065183063
0.4638101809638896
0.4637286908604716
0.46364697978712915
0.46356504719070524
0.4634828925193557
0.4634005152225706
0.4633179147511958
0.4632350905574547
0.4631520420949684
0.46306876881877784
0.4629852701853644
0.462901545652669
0.46281759468011546
0.4627334167286272
0.46264901126064983
0.4625643777401693
0.4624795156327325
0.4623944244054652
0.46230910352709226
0.4622235524679553
0.4621377707000319
0.4620517576969532
0.461965512934022
0.46187903588823
0.46179232603827514
0.46170538286457913
0.4616182058493036
0.4615307944763656
0.4614431482314549
0.46135526660204895
0.4612671490774276
0.4611787951486893
0.4610902043087643
0.4610013760524294
0.46091230987632165
0.4608230052789516
0.4607334617607165
0.46064367882391233
0.4605536559727466
0.46046339271334985
0.4603728885537861
0.4602821430040649
0.4601911555761513
0.4600999257839752
0.46000845314344174
0.4599167371724394
0.4598247773908497
0.45973257332055334
0.45964012448544
0.4595474304114135
0.4594544906263996
0.45936130466035136
0.4592678720452544
0.45917419231513323
0.4590802650060535
0.4589860896561277
0.45889166580551843
0.45879699299643983
0.45870207077316083
0.458606898682007
0.45851147627136074
0.4584158030916627
0.45831987869541135
0.45822370263716145
0.45812727447352475
0.45803059376316624
0.4579336600668025
0.4578364729471987
0.45773903196916443
0.45764133669954987
0.4575433867072403
0.4574451815631511
0.45734672084022115
0.4572480041134062
0.4571490309596707
0.4570498009579805
0.45695031368929384
0.45685056873655194
0.45675056568466765
0.4566503041205169
0.45654978363292553
0.4564490038126577
0.4563479642524034
0.45624666454676466
0.4561451042922414
0.4560432830872173
0.4559412005319431
0.4558388562285218
0.45573624978089095
0.45563338079480575
0.4555302488778203
0.45542685363926944
0.45532319469024884
0.45521927164359455
0.45511508411386303
0.4550106317173086
0.45490591407186187
0.4548009307971069
0.45469568151425716
0.45459016584613204
0.4544843834171314
0.4543783338532098
0.4542720167818513
0.4541654318320425
0.4540585786342434
0.4539514568203615
0.4538440660237216
0.4537364058790373
0.45362847602238
0.453520276091149
0.45341180572403966
0.4533030645610122
0.45319405224325837
0.45308476841316947
0.45297521271430075
0.4528653847913393
0.45275528429006795
0.4526449108573295
0.4525342641409921
0.4524233437899113
0.45231214945389336
0.4522006807836583
0.45208893743080025
0.4519769190477506
0.45186462528773724
0.45175205580474526
0.45163921025347753
0.45152608828931295
0.451412689568266
0.4512990137469446
0.4511850604825088
0.4510708294326276
0.4509563202554367
0.4508415326094946
0.45072646615373924
0.45061112054744384
0.4504954954501729
0.4503795905217366
0.45026340542214593
0.4501469398115685
0.45003019335028027
0.44991316569862233
0.4497958565169525
0.44967826546559975
0.44956039220481675
0.4494422363947337
0.44932379769531006
0.449205075766288
0.44908607026714403
0.4489667808570417
0.4488472071947828
0.448727348938761
0.44860720574691143
0.4484867772766642
0.44836606318489514
0.4482450631278777
0.4481237767612338
0.4480022037398871
0.4478803437180121
0.44775819634898767
0.4476357612853477
0.4475130381787332
0.4473900266798432
0.4472667264383874
0.447143137103038
0.44701925832138123
0.44689508973986974
0.4467706310037759
0.4466458817571427
0.44652084164273803
0.44639551030200725
0.4462698873750258
0.44614397250045446
0.4460177653154909
0.44589126545582636
0.4457644725555979
0.4456373862473449
0.4455100061619641
0.44538233192866433
0.4452543631749237
0.44512609952644555
0.4449975406071158
0.44486868603896
0.4447395354421021
0.44461008843472183
0.44448034463301517
0.44435030365115297
0.44421996510124134
0.4440893285932831
0.44395839373513857
0.4438271601324878
0.4436956273887941
0.4435637951052668
0.4434316628808248
0.4432992303120636
0.4431664969932193
0.443033462516135
0.442900126470229
0.4427664884424627
0.4426325480173081
0.44249830477672
0.442363758300104
0.44222890816429006
0.4420937539435036
0.44195829520933905
0.441822531530735
0.4416864624739477
0.4415500876025293
0.44141340647730287
0.4412764186563427
0.44113912369495156
0.44100152114564223
0.44086361055811873
0.4407253914792574
0.4405868634530925
0.44044802602079935
0.4403088787206795
0.44016942108814944
0.440029652655727
0.43988957295302106
0.4397491815067219
0.43960847784059254
0.4394674614754614
0.4393261319292169
0.4391844887168014
0.4390425313502089
0.43890025933848187
0.43875767218771033
0.43861476940103217
0.43847155047863473
0.4383280149177569
0.4381841622126946
0.43803999185480436
0.4378955033325118
0.43775069613131834
0.4376055697338113
0.4374601236196747
0.4373143572657008
0.43716827014580384
0.4370218617310355
0.4368751314896001
0.4367280788868731
0.436580703385419
0.4364330044450129
0.43628498152266204
0.4361366340726277
0.4359879615464515
0.4358389633929808
0.4356896390583953
0.4355399879862375
0.4353900096174412
0.4352397033903639
0.43508906874082054
0.43493810510211706
0.43478681190508583
0.4346351885781251
0.43448323454723564
0.43433094923606175
0.43417833206593276
0.43402538245590605
0.4338720998228114
0.43371848358129694
0.43356453314387655
0.43341024792097776
0.4332556273209925
0.43310067075032843
0.4329453776134613
0.4327897473129896
0.4326337792496903
0.4324774728225752
0.43232082742894967
0.43216384246447204
0.43200651732321527
0.43184885139772855
0.4316908440791013
0.43153249475702865
0.43137380281987703
0.43121476765475286
0.43105538864757
0.4308956651831221
0.4307355966451522
0.43057518241642645
0.43041442187880874
0.4302533144133348
0.4300918594002895
0.42993005621928504
0.429767904249339
0.4296054028689554
0.42944255145620536
0.4292793493888104
0.4291157960442261
0.4289518907997263
0.4287876330324896
0.428623022119687
0.42845805743856913
0.4282927383665563
0.42812706428132863
0.42796103456091794
0.42779464858379934
0.42762790572898585
0.42746080537612235
0.4272933469055809
0.4271255296985581
0.42695735313717154
0.42678881660455886
0.42661991948497757
0.4264506611639039
0.4262810410281349
0.4261110584658905
0.42594071286691604
0.42577000362258643
0.4255989301260094
0.425427491772133
0.4252556879578493
0.4250835180821027
0.4249109815459976
0.4247380777529059
0.42456480610857555
0.4243911660212426
0.4242171569017388
0.42404277816360403
0.42386802922319783
0.4236929094998108
0.4235174184157785
0.4233415553965939
0.42316531987102174
0.42298871127121196
0.4228117290328162
0.4226343725951018
0.42245664140106826
0.42227853489756284
0.4221000525353984
0.42192119376946824
0.4217419580588661
0.4215623448670026
0.4213823536617224
0.42120198391542435
0.4210212351051793
0.42084010671284855
0.42065859822520363
0.42047670913404595
0.4202944389363252
0.4201117871342604
0.41992875323545853
0.4197453367530357
0.41956153720573636
0.41937735411805427
0.4191927870203522
0.419007835448982
0.41882249894640644
0.4186367770613174
0.4184506693487581
0.41826417537024196
0.4180772946938738
0.4178900268944697
0.41770237155367657
0.4175143282600929
0.4173258966093877
0.4171370762044205
0.416947866655361
0.4167582675798077
0.41656827860290685
0.4163778993574721
0.41618712948410197
0.41599596863129795
0.4158044164555832
0.4156124726216196
0.41542013680232426
0.4152274086789874
0.4150342879413881
0.41484077428790983
0.4146468674256575
0.4144525670705707
0.4142578729475395
0.41406278479051845
0.41386730234263974
0.4136714253563263
0.41347515359340475
0.4132784868252172
0.4130814248327323
0.41288396740665645
0.41268611434754354
0.41248786546590477
0.4122892205823171
0.41209017952753196
0.4118907421425822
0.4116909082788887
0.41149067779836707
0.41129005057353246
0.4110890264876035
0.41088760543460745
0.41068578731948135
0.4104835720581757
0.4102809595777541
0.41007794981649515
0.4098745427239909
0.40967073826124584
0.40946653640077485
0.4092619371266994
0.4090569404348441
0.4088515463328315
0.4086457548401749
0.4084395659883729
0.408232979821001
0.4080259963938015
0.4078186157747749
0.40761083804426756
0.4074026632950604
0.4071940916324552
0.4069851231743605
0.40677575805137534
0.40656599640687463
0.4063558383970896
0.4061452841911898
0.40593433397136325
0.4057229879328949
0.40551124628424445
0.4052991092471233
0.4050865770565695
0.40487364996102143
0.4046603282223917
0.40444661211613736
0.40423250193133164
0.40401799797073235
0.40380310055084917
0.4035878100020117
0.4033721266684332
0.4031560509082748
0.4029395830937091
0.40272272361098
0.40250547286046395
0.40228783125672707
0.4020697992285835
0.40185137721915104
0.4016325656859052
0.4014133651007324
0.4011937759499817
0.40097379873451505
0.4007534339697557
0.40053268218573623
0.4003115439271443
0.4000900197533664
0.3998681102385323
0.3996458159715548
0.3994231375561719
0.39920007561098314
0.3989766307694892
0.3987528036801255
0.3985285950062971
0.3983040054264116
0.3980790356339099
0.3978536863372954
0.39762795826016334
0.39740185214122603
0.3971753687343381
0.3969485088085203
0.39672127314798106
0.3964936625521374
0.3962656778356325
0.3960373198283543
0.3958085893754496
0.3955794873373398
0.3953500145897314
0.395120172023629
0.3948899605453426
0.3946593810764966
0.39442843455403537
0.3941971219302271
0.39396544417266804
0.39373340226428294
0.3935009972033243
0.39326823000337124
0.3930351016933252
0.3928016133174052
0.39256776593514087
0.39233356062136376
0.39209899846619745
0.3918640805750457
0.3916288080685799
0.3913931820827217
0.39115720376862995
0.39092087429267985
0.3906841948364431
0.3904471665966684
0.3902097907852554
0.3899720686292333
0.3897340013707314
0.38949559026695263
0.3892568365901438
0.3890177416275643
0.38877830668145186
0.3885385330689901
0.38829842212227117
0.388057975188258
0.3878171936287451
0.38757607882031697
0.38733463215430675
0.38709285503675017
0.38685074888834114
0.38660831514438343
0.38636555525474253
0.3861224706837932
0.3858790629103694
0.38563533342770845
0.38539128374339704
0.3851469153793132
0.3849022298715685
0.3846572287704465
0.38441191364034294
0.38416628605970143
0.3839203476209473
0.38367409993042395
0.3834275446083222
0.38318068328861266
0.3829335176189738
0.38268604926071975
0.3824382798887258
0.38219021119135316
0.3819418448703722
0.38169318264088314
0.38144422623123675
0.3811949773829527
0.3809454378506358
0.3806956094018922
0.3804454938172436
0.38019509289004005
0.3799444084263705
0.3796934422449735
0.3794421961771445
0.3791906720666442
0.3789388717696025
0.3786867971544252
0.3784344501016944
0.37818183250407134
0.3779289462661963
0.3776757933045872
0.377422375547538
0.3771686949350141
0.37691475341854774
0.3766605529611306
0.3764060955371081
0.37615138313206853
0.3758964177427346
0.3756412013768509
0.3753857360530716
0.37513002380084765
0.3748740666603097
0.374617866682155
0.3743614259275265
0.3741047464678983
0.37384783038495234
0.37359067977046045
0.3733332967261619
0.37307568336363883
0.3728178418041952
0.3725597741787295
0.37230148262761026
0.3720429693005475
0.3717842363564656
0.3715252859633752
0.3712661202982407
0.37100674154685176
0.3707471519036898
0.3704873535717964
0.37022734876263835
0.36996713969597433
0.3697067285997182
0.36944611770980357
0.36918530927004634
0.36892430553200667
0.368663108754851
0.36840172120521053
0.3681401451570437
0.367878382891493
0.3676164366967438
0.3673543088678827
0.36709200170675366
0.366829517521814
0.3665668586279908
0.36630402734653533
0.366041026004877
0.36577785693647846
0.36551452248068744
0.36525102498258993
0.36498736679286264
0.36472355026762393
0.3644595777682859
0.364195451661404
0.3639311743185284
0.36366674811605276
0.3634021754350645
0.36313745866119257
0.362872600184459
0.3626076023991229
0.36234246770353246
0.36207719849997055
0.3618117971945027
0.3615462661968243
0.361280607920107
0.3610148247808468
0.3607489191987086
0.360482893596375
0.3602167503993898
0.3599504920360061
0.35968412093703145
0.3594176395356738
0.35915105026738703
0.358884355569717
0.3586175578821475
0.3583506596459455
0.3580836633040061
0.35781657130070066
0.35754938608171943
0.3572821100939202
0.35701474578517234
0.35674729560420365
0.3564797620004464
0.3562121474238841
0.35594445432489674
0.35567668515410905
0.35540884236223674
0.35514092839993266
0.35487294571763645
0.35460489676541984
0.35433678399283597
0.3540686098487675
0.3538003767812745
0.3535320872374446
0.35326374366324126
0.3529953485033536
0.352726904201047
0.3524584131980131
0.3521898779342212
0.3519213008477693
0.3516526843747361
0.35138403094903387
0.3511153430022603
0.3508466229635533
0.3505778732594439
0.35030909631371127
0.3500402945472376
0.3497714703778646
0.34950262622024886
0.3492337644857195
0.34896488758213534
0.3486959979137445
0.3484270978810409
0.34815818988062697
0.3478892763050717
0.34762035954277315
0.3473514419778198
0.3470825259898532
0.3468136139539314
0.3465447082403939
0.3462758112147256
0.3460069252374236
0.3457380526638635
0.34546919584416624
0.3452003571230677
0.3449315388397881
0.34466274332790026
0.34439397291520324
0.3441252299235924
0.34385651666893313
0.3435878354609347
0.34331918860302496
0.3430505783922263
0.3427820071190318
0.3425134770672837
0.34224499051405183
0.34197654972951347
0.3417081569768337
0.3414398145120478
0.341171524583944
0.3409032894339464
0.34063511129600155
0.3403669923964632
0.34009893495397975
0.33983094117938234
0.3395630132755748
0.339295153437423
0.3390273638516467
0.33875964669671293
0.33849200414272806
0.33822443835133487
0.3379569514756061
0.3376895456599438
0.3374222230399762
0.33715498574245784
0.3368878358851701
0.3366207755768227
0.3363538069169572
0.3360869319958509
0.335820152894422
0.33555347168413674
0.3352868904269162
0.33502041117504605
0.33475403597108677
0.3344877668477846
0.334221605827984
0.33395555492454193
0.33368961614024223
0.33342379146771256
0.3331580828893421
0.3328924923771985
0.33262702189294957
0.33236167338778416
0.33209644880233374
0.3318313500665965
0.3315663790998625
0.3313015378106395
0.3310368280965794
0.3307722518444085
0.3305078109298558
0.33024350721758555
0.32997934256112704
0.329715318802811
0.32945143777370256
0.3291877012935374
0.32892411117065923
0.3286606692019584
0.3283973771728112
0.3281342368570209
0.32787125001675965
0.32760841840251226
0.32734574375301995
0.3270832277952277
0.32682087224422945
0.32655867880321693
0.3262966491634296
0.3260347850041046
0.3257730879924291
0.3255115597834928
0.32525020202024246
0.32498901633343713
0.3247280043416052
0.324467167651001
0.32420650785556526
0.32394602653688437
0.3236857252641511
0.32342560559412914
0.32316566907111355
0.32290591722689865
0.3226463515807415
0.3223869736393301
0.3221277848967521
0.3218687868344622
0.3216099809212545
0.3213513686132329
0.32109295135378385
0.3208347305735512
0.3205767076904085
0.32031888410943765
0.3200612612229045
0.3198038404102368
0.3195466230380039
0.3192896104598961
0.3190328040167076
0.3187762050363164
0.31851981483366903
0.318263634710765
0.31800766595664154
0.3177519098473605
0.3174963676459944
0.3172410406026169
0.3169859299542899
0.3167310369250562
0.31647636272592833
0.3162219085548824
0.31596767559685074
0.3157136650237159
0.315459877994306
0.31520631565439117
0.3149529791366786
0.3146998695608124
0.3144469880333717
0.3141943356478689
0.31394191348475214
0.3136897226114055
0.3134377640821504
0.31318603893825103
0.31293454820791544
0.3126832929063018
0.312432274035524
0.31218149258465716
0.31193094952974487
0.3116806458338075
0.3114305824468513
0.3111807603058761
0.3109311803348874
0.31068184344490657
0.3104327505339821
0.31018390248720273
0.30993530017671006
0.30968694446171285
0.30943883618850165
0.309190976190463
0.30894336528809685
0.3086960042890316
0.30844889398804287
0.30820203516707
0.30795542859523606
0.3077090750288651
0.3074629752115037
0.3072171298739405
0.30697153973422714
0.30672620549770063
0.30648112785700377
0.30623630749210995
0.30599174507034516
0.30574744124641184
0.3055033966624139
0.30525961194788065
0.30501608771979327
0.3047728245826098
0.30452982312829235
0.30428708393633297
0.3040446075737821
0.303802394595276
0.30356044554306433
0.30331876094704013
0.3030773413247683
0.3028361871815149
0.30259529901027804
0.30235467729181753
0.30211432249468606
0.3018742350752606
0.30163441547777375
0.30139486413434535
0.30115558146501575
0.3009165678777773
0.30067782376860896
0.30043934952150747
0.30020114550852345
0.29996321208979315
0.29972554961357484
0.29948815841628135
0.2992510388225165
0.29901419114510985
0.2987776156851513
0.29854131273202833
0.29830528256346023
0.2980695254455353
0.2978340416327473
0.2975988313680315
0.29736389488280207
0.29712923239698796
0.29689484411907263
0.29666073024612855
0.29642689096385644
0.2961933264466229
0.2959600368574986
0.2957270223482953
0.29549428305960496
0.29526181912083793
0.29502963065026205
0.29479771775503955
0.29456608053126826
0.29433471906401815
0.2941036334273721
0.2938728236844637
0.2936422898875166
0.2934120320778848
0.29318205028609007
0.29295234453186336
0.292722914824182
0.2924937611613115
0.29226488353084257
0.29203628190973313
0.29180795626434547
0.2915799065504874
0.2913521327134509
0.2911246346880531
0.2908974123986739
0.2906704657592964
0.29044379467354686
0.29021739903473437
0.28999127872588826
0.2897654336198003
0.2895398635790627
0.2893145684561072
0.2890895480932454
0.2888648023227064
0.2886403309666779
0.28841613383734405
0.2881922107369246
0.2879685614577137
0.2877451857821198
0.28752208348270286
0.2872992543222137
0.2870766980536326
0.2868544144202085
0.2866324031554946
0.28641066398339005
0.2861891966181753
0.2859680007645512
0.2857470761176766
0.28552642236320536
0.2853060391773251
0.2850859262267929
0.2848660831689739
0.2846465096518768
0.2844272053141922
0.28420816978532837
0.28398940268544726
0.2837709036255019
0.28355267220727115
0.28333470802339744
0.2831170106574202
0.2828995796838125
0.28268241466801686
0.2824655151664793
0.28224888072668475
0.28203251088719117
0.2818164051776643
0.28160056311891235
0.2813849842229186
0.2811696679928764
0.28095461392322196
0.28073982149966764
0.28052529019923544
0.28031101949028875
0.28009700883256566
0.27988325767721145
0.27966976546680916
0.27945653163541306
0.2792435556085783
0.27903083680339347
0.2788183746285114
0.2786061684841788
0.27839421776226775
0.27818252184630476
0.2779710801115013
0.2777598919247831
0.27754895664481943
0.2773382736220517
0.27712784219872255
0.27691766170890353
0.2767077314785245
0.2764980508253993
0.2762886190592555
0.2760794354817596
0.2758704993865447
0.2756618100592377
0.2754533667774842
0.275245168810975
0.2750372154214718
0.27482950586283295
0.27462203938103696
0.2744148152142087
0.27420783259264264
0.2740010907388278
0.2737945888674701
0.27358832618551726
0.273382301892181
0.2731765151789592
0.27297096522965975
0.2727656512204212
0.2725605723197352
0.27235572768846805
0.27215111647988044
0.27194673783965057
0.27174259090589176
0.2715386748091748
0.27133498867254646
0.27113153161154846
0.2709283027342388
0.2707253011412075
0.27052252592559656
0.27031997617311804
0.27011765096207185
0.2699155493633621
0.2697136704405153
0.2695120132496959
0.2693105768397244
0.26910936025209126
0.2689083625209738
0.2687075826732516
0.2685070197285211
0.26830667269911007
0.26810654059009253
0.26790662239930263
0.26770691711734795
0.2675074237276226
0.26730814120632135
0.2671090685224511
0.266910204637844
0.26671154850716866
0.26651309907794285
0.2663148552905436
0.2661168160782198
0.2659189803671011
0.2657213470762093
0.26552391511746865
0.2653266833957147
0.2651296508087044
0.26493281624712456
0.26473617859460163
0.2645397367277088
0.2643434895159748
0.2641474358218918
0.26395157450092344
0.2637559044015105
0.26356042436507904
0.26336513322604677
0.2631700298118296
0.2629751129428463
0.26278038143252597
0.2625858340873125
0.26239146970666954
0.26219728708308576
0.26200328500207937
0.26180946224220214
0.2616158175750435
0.2614223497652341
0.26122905757045006
0.2610359397414148
0.26084299502190306
0.26065022214874267
0.2604576198518177
0.26026518685407046
0.2600729218715028
0.25988082361317894
0.2596888907812249
0.2594971220708316
0.25930551617025566
0.2591140717608177
0.258922787516907
0.2587316621059773
0.25854069418854997
0.2583498824182129
0.2581592254416195
0.2579687218984891
0.2577783704216055
0.2575881696368168
0.25739811816303315
0.2572082146122267
0.2570184575894294
0.2568288456927312
0.25663937751327853
0.2564500516352726
0.2562608666359676
0.25607182108566673
0.25588291354772236
0.25569414257853146
0.2555055067275341
0.25531700453721035
0.25512863454307755
0.25494039527368784
0.25475228525062416
0.25456430298849775
0.2543764469949452
0.25418871577062513
0.25400110780921487
0.2538136215974066
0.2536262556149046
0.2534390083344222
0.2532518782216773
0.2530648637353898
0.25287796332727763
0.2526911754420541
0.25250449851742385
0.2523179309840793
0.25213147126569757
0.2519451177789378
0.25175886893343674
0.25157272313180684
0.25138667876963156
0.2512007342354644
0.2510148879108238
0.2508291381701922
0.25064348338101206
0.250457921903685
0.25027245209156646
0.2500870722909671
0.2499017808411476
0.24971657607431907
0.2495314563156401
0.24934641988321546
0.24916146508809547
0.24897659023427401
0.2487917936186889
0.2486070735312208
0.24842242825469263
0.2482378560648706
0.2480533552304642
0.24786892401312638
0.24768456066745548
0.24750026344099613
0.24731603057424142
0.24713186030063494
0.24694775084657242
0.24676370043140686
0.24657970726745002
0.24639576955997702
0.2462118855072311
0.24602805330042787
0.24584427112376092
0.2456605371544076
0.24547684956253588
0.24529320651131098
0.2451096061569025
0.24492604664849355
0.24474252612828884
0.24455904273152484
0.24437559458647873
0.24419217981448033
0.24400879652992263
0.24382544284027458
0.24364211684609416
0.24345881664104135
0.24327554031189308
0.24309228593855853
0.24290905159409518
0.24272583534472567
0.24254263524985561
0.24235944936209264
0.24217627572726563
0.24199311238444532
0.24180995736596625
0.2416268086974489
0.24144366439782375
0.2412605224793546
0.2410773809476662
0.2408942378017695
0.24071109103408939
0.24052793863049507
0.24034477857032893
0.24016160882643842
0.23997842736520847
0.23979523214659498
0.23961202112416108
0.23942879224511177
0.23924554345033286
0.23906227267442967
0.23887897784576764
0.23869565688651354
0.23851230771267903
0.23832892823416607
0.23814551635481185
0.23796206997243738
0.2377785869788967
0.23759506526012764
0.23741150269620392
0.2372278971613893
0.23704424652419437
0.23686054864743228
0.2366768013882796
0.23649300259833533
0.23630915012368553
0.23612524180496638
0.23594127547743177
0.2357572489710199
0.2355731601104247
0.23538900671516746
0.23520478659967087
0.23502049757333462
0.2348361374406139
0.23465170400109944
0.2344671950495992
0.2342826083762227
0.23409794176646787
0.23391319300130878
0.23372835985728732
0.2335434401066055
0.23335843151722066
0.23317333185294384
0.23298813887353773
0.2328028503348211
0.23261746398877187
0.23243197758363365
0.2322463888640273
0.23206069557106032
0.23187489544244175
0.23168898621260034
0.23150296561280231
0.2313168313712738
0.23113058121332514
0.2309442128614785
0.2307577240355972
0.23057111245301792
0.23038437582868618
0.2301975118752943
0.2300105183034212
0.22982339282167608
0.22963613313684472
0.229448736954038
0.22926120197684377
0.2290735259074808
0.22888570644695713
0.22869774129522974
0.22850962815136763
0.2283213647137174
0.22813294868007367
0.22794437774784923
0.22775564961425146
0.22756676197645867
0.22737771253180208
0.2271884989779493
0.2269991190130899
0.22680957033612753
0.22661985064687037
0.22642995764622817
0.22623988903641132
0.22604964252113127
0.22585921580580687
0.2256686065977723
0.22547781260648556
0.22528683154374618
0.225095661123909
0.22490429906410625
0.22471274308446917
0.22452099090835412
0.22432904026257308
0.22413688887762354
0.2239445344879249
0.22375197483205506
0.22355920765299303
0.22336623069836112
0.22317304172067212
0.2229796384775787
0.2227860187321259
0.2225921802530065
0.22239812081481827
0.22220383819832593
0.22200933019072314
0.22181459458590025
0.22161962918471176
0.2214244317952488
0.2212290002331126
0.22103333232169206
0.22083742589244157
0.22064127878516335
0.22044488884829166
0.22024825393917866
0.22005137192438307
0.21985424067996184
0.21965685809176264
0.21945922205571866
0.21926133047814725
0.21906318127604799
0.218864772377404
0.21866610172148676
0.21846716725915932
0.2182679669531824
0.2180684987785257
0.21786876072267392
0.21766875078594144
0.21746846698178332
0.2172679073371095
0.2170670698926011
0.21686595270302583
0.2166645538375563
0.21646287138008796
0.2162609034295592
0.21605864810027087
0.215856103522207
0.215653267841357
0.21545013922003656
0.21524671583721028
0.21504299588881398
0.21483897758807752
0.21463465916584665
0.21443003887090648
0.21422511497030336
0.214019885749666
0.21381434951352804
0.21360850458564867
0.21340234930933244
0.21319588204774878
0.2129891011842513
0.21278200512269335
0.212574592287746
0.2123668611252119
0.21215881010233908
0.21195043770813216
0.21174174245366284
0.21153272287237787
0.21132337752040548
0.21111370497685944
0.21090370384413995
0.2106933727482343
0.21048271033901295
0.21027171529052316
0.21006038630128213
0.20984872209456296
0.20963672141868173
0.20942438304727878
0.20921170577959772
0.20899868844075997
0.20878532988203674
0.2085716289811167
0.20835758464237017
0.20814319579710822
0.20792846140383886
0.20771338044851742
0.20749795194479467
0.20728217493425838
0.20706604848667073
0.20684957170020157
0.2066327437016555
0.20641556364669578
0.20619803072006046
0.20598014413577573
0.20576190313736167
0.20554330699803516
0.20532435502090313
0.20510504653915465
0.20488538091624311
0.20466535754606566
0.20444497585313354
0.20422423529273978
0.20400313535111655
0.2037816755455898
0.20355985542472518
0.20333767456846857
0.20311513258827907
0.2028922291272563
0.20266896386025937
0.20244533649402252
0.20222134676725825
0.20199699445075933
0.20177227934748884
0.20154720129266762
0.20132176015385056
0.20109595583099832
0.2008697882565411
0.20064325739543465
0.20041636324520978
0.20018910583601382
0.1999614852306457
0.19973350152458236
0.19950515484599926
0.19927644535578143
0.19904737324753086
0.19881793874756098
0.1985881421148891
0.19835798364121834
0.19812746365091344
0.1978965825009682
0.19766534058096674
0.19743373831303648
0.1972017761517942
0.19696945458428666
0.1967367741299186
0.19650373534038107
0.19627033879956676
0.19603658512348004
0.19580247496014203
0.19556800898948476
0.1953331879232424
0.19509801250483344
0.19486248350923527
0.19462660174285537
0.19439036804339285
0.19415378327969485
0.1939168483516058
0.1936795641898117
0.19344193175567642
0.19320395204107305
0.1929656260682088
0.19272695488944377
0.19248793958710458
0.19224858127329209
0.19200888108968225
0.19176884020732338
0.1915284598264262
0.19128774117615147
0.19104668551438803
0.19080529412753072
0.19056356833024932
0.19032150946525594
0.19007911890306517
0.1898363980417516
0.18959334830670244
0.18934997115036525
0.1891062680519918
0.1888622405173799
0.1886178900786074
0.18837321829376746
0.18812822674669558
0.1878829170466963
0.18763729082826563
0.18739134975081104
0.1871450954983664
0.18689852977930724
0.18665165432606
0.18640447089481174
0.18615698126521515
0.18590918724009303
0.1856610906451384
0.18541269332861565
0.1851639971610575
0.18491500403496025
0.18466571586447875
0.1844161345851205
0.18416626215343468
0.18391610054670474
0.18366565176263672
0.18341491781904834
0.18316390075355585
0.18291260262326192
0.18266102550444235
0.18240917149223027
0.18215704270030483
0.18190464126057446
0.18165196932286382
0.18139902905459893
0.18114582264049353
0.18089235228223474
0.18063862019817012
0.18038462862299487
0.1801303798074392
0.17987587601795715
0.17962111953641632
0.17936611265978714
0.1791108576998361
0.178855356982816
0.17859961284916145
0.17834362765318293
0.17808740376276364
0.17783094355905765
0.17757424943618955
0.17731732380095425
0.17706016907252187
0.17680278768214147
0.17654518207284756
0.17628735469916887
0.17602930802683966
0.1757710445325107
0.1755125667034661
0.17525387703733902
0.174994978041831
0.17473587223443515
0.17447656214215776
0.1742170503012463
0.17395733925691875
0.1736974315630931
0.1734373297821234
0.17317703648453492
0.1729165542487643
0.1726558856609003
0.17239503331443004
0.1721339998099846
0.17187278775509074
0.1716113997639217
0.17134983845705518
0.1710881064612305
0.1708262064091099
0.1705641409390438
0.17030191269483635
0.17003952432551683
0.1697769784851126
0.16951427783242348
0.16925142503080187
0.16898842274793388
0.16872527365562448
0.16846198042958385
0.16819854574921939
0.167934972297428
0.16767126276039263
0.16740741982738155
0.16714344619055105
0.1668793445447492
0.16661511758732522
0.16635076801793905
0.16608629853837614
0.16582171185236225
0.16555701066538525
0.16529219768451445
0.16502727561822794
0.16476224717623889
0.1644971150693261
0.16423188200916736
0.16396655070817612
0.16370112387933797
0.16343560423605366
0.16316999449198238
0.16290429736088802
0.16263851555648798
0.1623726517923046
0.16210670878151973
0.16184068923682984
0.1615745958703071
0.16130843139325832
0.1610421985160898
0.16077589994817382
0.1605095383977147
0.1602431165716224
0.15997663717538338
0.15971010291293533
0.15944351648654492
0.15917688059668758
0.15891019794192796
0.15864347121880318
0.15837670312170926
0.15810989634278688
0.15784305357181208
0.15757617749608688
0.15730927080033155
0.15704233616658062
0.1567753762740785
0.15650839379917839
0.15624139141524232
0.1559743717925417
0.15570733759816235
0.15544029149590818
0.15517323614620762
0.15490617420602207
0.15463910832875463
0.1543720411641617
0.1541049753582641
0.15383791355326207
0.15357085838744808
0.15330381249512534
0.15303677850652297
0.15276975904771598
0.15250275674054498
0.1522357742025361
0.15196881404682383
0.15170187888207437
0.15143497131240813
0.15116809393732678
0.1509012493516378
0.1506344401453825
0.15036766890376355
0.15010093820707318
0.14983425063062383
0.149567608744678
0.14930101511437918
0.14903447229968447
0.14876798285529688
0.14850154933059892
0.14823517426958607
0.147968860210802
0.14770260968727425
0.1474364252264491
0.1471703093501292
0.14690426457440967
0.1466382934096156
0.14637239836024113
0.14610658192488693
0.1458408465961994
0.14557519486081025
0.1453096291992764
0.1450441520860198
0.1447787659892687
0.1445134733709972
0.14424827668686815
0.14398317838617405
0.1437181809117784
0.1434532867000596
0.1431884981808505
0.14292381777738444
0.142659247906236
0.14239479097726518
0.1421304493935605
0.14186622555138284
0.14160212184010929
0.14133814064217684
0.14107428433302724
0.140810555281051
0.1405469558475324
0.1402834883865932
0.1400201552451389
0.13975695876280306
0.13949390127189143
0.1392309850973301
0.1389682125566075
0.13870558595972265
0.138443107609129
0.13818077979968132
0.13791860481858137
0.1376565849453233
0.1373947224516405
0.1371330196014516
0.13687147865080576
0.13661010184783157
0.1363488914326801
0.13608784963747536
0.1358269786862577
0.13556628079493224
0.13530575817121607
0.13504541301458461
0.13478524751621876
0.1345252638589526
0.1342654642172212
0.13400585075700636
0.1337464256357865
0.13348719100248274
0.13322814899740779
0.13296930175221394
0.13271065138984053
0.13245220002446292
0.13219394976144133
0.13193590269726846
0.13167806091951928
0.13142042650679975
0.13116300152869598
0.13090578804572317
0.1306487881092766
0.13039200376157953
0.1301354370356348
0.12987908995517405
0.12962296453460884
0.12936706277898102
0.12911138668391356
0.12885593823556193
0.1286007194105655
0.12834573217599937
0.1280909784893262
0.1278364602983488
0.12758217954116163
0.12732813814610577
0.12707433803171986
0.12682078110669529
0.12656746926982915
0.12631440440997913
0.12606158840601708
0.12580902312678488
0.12555671043104946
0.12530465216745815
0.12505285017449552
0.1248013062804384
0.12455002230331466
0.12429900005085884
0.1240482413204709
0.12379774789917392
0.12354752156357246
0.12329756407981264
0.1230478772035404
0.12279846267986251
0.12254932224330624
0.12230045761778086
0.12205187051653903
0.12180356264213878
0.1215555356864055
0.12130779133039621
0.12106033124436139
0.12081315708771065
0.1205662705089767
0.1203196731457805
0.1200733666247975
0.11982735256172286
0.11958163256124044
0.11933620821698837
0.11909108111152773
0.11884625281631245
0.1186017248916572
0.11835749888670792
0.11811357633941261
0.11786995877649234
0.11762664771341345
0.11738364465435969
0.11714095109220589
0.1168985685084909
0.11665649837339377
0.11641474214570727
0.11617330127281447
0.11593217719066541
0.1156913713237546
0.11545088508509806
0.11521071987621288
0.11497087708709597
0.11473135809620445
0.11449216427043649
0.1142532969651126
0.11401475752395765
0.11377654727908446
0.11353866755097693
0.11330111964847449
0.11306390486875727
0.11282702449733265
0.11259047980802069
0.11235427206294221
0.11211840251250679
0.11188287239540166
0.11164768293858168
0.11141283535725881
0.11117833085489374
0.1109441706231881
0.11071035584207645
0.11047688767972033
0.11024376729250171
0.11001099582501889
0.10977857441008083
0.10954650416870454
0.1093147862101128
0.1090834216317306
0.1088524115191848
0.10862175694630405
0.10839145897511804
0.10816151865585884
0.10793193702696362
0.10770271511507544
0.1074738539350482
0.1072453544899497
0.10701721777106672
0.10678944475791098
0.10656203641822447
0.10633499370798759
0.1061083175714265
0.10588200894102127
0.10565606873751598
0.10543049786992845
0.10520529723556056
0.1049804677200102
0.10475601019718352
0.10453192552930834
0.1043082145669466
0.10408487814900969
0.10386191710277383
0.10363933224389484
0.10341712437642621
0.1031952942928347
0.10297384277402007
0.10275277058933188
0.10253207849659007
0.10231176724210543
0.10209183756069887
0.10187229017572352
0.10165312579908742
0.10143434513127592
0.10121594886137388
0.10099793766709236
0.10078031221479042
0.10056307315950258
0.10034622114496398
0.1001297568036375
0.09991368075674034
0.09969799361427274
0.09948269597504607
0.09926778842671197
0.09905327154579235
0.09883914589770962
0.09862541203681752
0.09841207050643301
0.09819912183886811
0.09798656655546281
0.09777440516661783
0.0975626381718294
0.09735126605972293
0.09714028930808796
0.09692970838391414
0.09671952374342684
0.0965097358321238
0.09630034508481222
0.09609135192564666
0.09588275676816663
0.09567456001533538
0.09546676205957907
0.09525936328282684
0.09505236405654972
0.09484576474180198
0.09463956568926234
0.09443376723927469
0.09422836972189086
0.09402337345691225
0.09381877875393305
0.09361458591238304
0.09341079522157199
0.09320740696073299
0.09300442139906719
0.09280183879578907
0.09259965940017087
0.09239788345158895
0.09219651117956948
0.09199554280383533
0.09179497853435162
0.09159481857137461
0.09139506310549726
0.09119571231769899
0.09099676637939197
0.09079822545247089
0.09060008968936127
0.09040235923306818
0.09020503421722673
0.09000811476615052
0.08981160099488222
0.0896154930092442
0.08941979090588804
0.08922449477234631
0.08902960468708335
0.08883512071954647
0.08864104293021746
0.08844737137066419
0.08825410608359377
0.0880612471029031
0.0878687944537328
0.08767674815251904
0.08748510820704666
0.08729387461650259
0.08710304737152835
0.08691262645427446
0.08672261183845313
0.08653300348939283
0.08634380136409148
0.08615500541127159
0.08596661557143333
0.0857786317769095
0.08559105395192054
0.08540388201262836
0.08521711586719119
0.08503075541581934
0.0848448005508292
0.08465925115669867
0.08447410711012251
0.08428936828006779
0.08410503452782847
0.08392110570708178
0.08373758166394304
0.08355446223702187
0.083371747257477
0.0831894365490727
0.08300752992823407
0.08282602720410336
0.08264492817859485
0.08246423264645159
0.08228394039530064
0.08210405120570942
0.0819245648512409
0.08174548109851074
0.08156679970724162
0.08138852043032035
0.08121064301385295
0.08103316719722141
0.08085609271313815
0.08067941928770327
0.08050314664045974
0.08032727448444854
0.08015180252626546
0.0799767304661158
0.07980205799787102
0.07962778480912258
0.07945391058123985
0.07928043498942322
0.07910735770276071
0.07893467838428281
0.07876239669101806
0.07859051227404781
0.07841902477856129
0.07824793384391045
0.07807723910366524
0.0779069401856677
0.07773703671208741
0.07756752829947462
0.07739841455881673
0.07722969509559036
0.0770613695098168
0.0768934373961163
0.07672589834376077
0.07655875193672866
0.07639199775375807
0.0762256353684005
0.07605966434907345
0.07589408425911506
0.075728894656836
0.07556409509557241
0.07539968512373978
0.07523566428488383
0.07507203211773428
0.07490878815625636
0.07474593192970345
0.07458346296266881
0.07442138077513676
0.074259684882535
0.07409837479578564
0.07393745002135661
0.07377691006131211
0.07361675441336395
0.07345698257092209
0.07329759402314513
0.0731385882549902
0.07297996474726332
0.07282172297666903
0.07266386241585987
0.07250638253348662
0.0723492827942466
0.07219256265893277
0.07203622158448283
0.07188025902402802
0.07172467442694089
0.0715694672388836
0.07141463690185589
0.071260182854243
0.07110610453086269
0.07095240136301297
0.07079907277851882
0.07064611820177873
0.07049353705381163
0.07034132875230348
0.07018949271165228
0.07003802834301531
0.06988693505435349
0.06973621225047763
0.06958585933309307
0.06943587570084471
0.06928626074936187
0.06913701387130225
0.06898813445639634
0.06883962189149152
0.06869147556059524
0.06854369484491914
0.06839627912292154
0.06824922777035046
0.06810254016028681
0.06795621566318613
0.06781025364692146
0.06766465347682446
0.06751941451572782
0.06737453612400607
0.06723001765961704
0.06708585847814283
0.06694205793283015
0.06679861537463107
0.06665553015224278
0.06651280161214754
0.06637042909865266
0.06622841195392927
0.06608674951805199
0.06594544112903714
0.06580448612288188
0.06566388383360218
0.06552363359327114
0.06538373473205658
0.0652441865782585
0.06510498845834682
0.06496613969699759
0.06482763961713055
0.06468948753994525
0.06455168278495726
0.06441422467003421
0.06427711251143159
0.06414034562382817
0.06400392332036112
0.0638678449126607
0.06373210971088568
0.06359671702375702
0.06346166615859228
0.06332695642133945
0.06319258711661117
0.06305855754771698
0.06292486701669765
0.06279151482435709
0.06265850027029567
0.06252582265294168
0.06239348126958486
0.06226147541640674
0.062129804388513094
0.06199846747996516
0.061867463983810426
0.06173679319211374
0.061606454395987734
0.061476446885623405
0.06134676995031952
0.06121742287851332
0.0610884049578095
0.06095971547500956
0.06083135371614119
0.06070331896648659
0.06057561051061158
0.060448227632393534
0.060321169615049776
0.06019443574116482
0.06006802529271872
0.05994193755111395
0.059816171797202514
0.05969072731131292
0.059565603373276536
0.059440799262455005
0.059316314257764284
0.05919214763770283
0.059068298680375636
0.058944766663520526
0.058821550864533015
0.05869865056049103
0.05857606502818024
0.05845379354411788
0.058331835384577306
0.05821018982561223
0.058088856143079855
0.057967833612665255
0.0578471215099038
0.057726719110204994
0.05760662568887487
0.057486840521139344
0.05736736288216531
0.057248192047084236
0.05712932729101327
0.05701076788907729
0.05689251311643046
0.05677456224827742
0.05665691455989449
0.05653956932665036
0.05642252582402693
0.056305783327639844
0.05618934111325826
0.056073198456825436
0.05595735463447825
0.055841808922566766
0.055726560597673606
0.0556116089366332
0.05549695321655106
0.05538259271482157
0.055268526709148016
0.05515475447755946
0.05504127529842991
0.05492808845049596
0.054815193212873974
0.054702588865079026
0.054590274687040634
0.054478249959121136
0.054366513962131914
0.054255065977350594
0.05414390528653737
0.05403303117195159
0.05392244291636761
0.053812139803091276
0.053702121115975436
0.05359238613943543
0.0534829341584648
0.05337376445865046
0.053264876326187836
0.053156269047895464
0.05304794191123016
0.052939894204301105
0.05283212521588449
0.0527246342354375
0.052617420553112276
0.05251048345977016
0.05240382224699468
0.05229743620710555
0.052191324633171665
0.052085486819024474
0.05197992205927083
0.05187462964930543
0.051769608885323934
0.05166485906433553
0.05156037948417444
0.05145616944351315
0.0513522282418731
0.051248555179637646
0.051145149558063145
0.05104201067929052
0.050939137846356376
0.05083653036320476
0.05073418753469739
0.05063210866662543
0.05053029306571926
0.050428740039659685
0.05032744889708814
0.0502264189476169
0.050125649501839224
0.0500251398713395
0.04992488936870246
