2.039014607132382
2.1821523593115364
2.176791918338444
2.148519736467074
2.1351399398176447
2.128469813371425
2.124022425180226
2.1203434970380224
2.116974217243013
2.113754930655568
2.1106268104017873
2.10756979418971
2.1045797895430978
2.1016594090624645
2.0988140610629946
2.096050280275854
2.09337500182761
2.0907952279162663
2.0883178553895183
2.085949568440526
2.0836967578500016
2.0815654518542046
2.0795612533052616
2.0776892815799455
2.0759541191306403
2.074359763069137
2.0729095822988204
2.071606280689368
2.070451866708968
2.0694476298270947
2.068594123890833
2.0678911575661885
2.067337791826927
2.0669323443697607
2.0666724007384323
2.066554831852057
2.0665758175561995
2.066730875749646
2.0670148965860724
2.0674221812081197
2.0679464844416717
2.0685810608599238
2.069318713619589
2.0701518454744345
2.0710725113832584
2.07207247214929
2.0731432485545267
2.0742761754845187
2.075462455575099
2.0766932119513575
2.0779595396694517
2.0792525555124186
2.0805634458309767
2.081883512158446
2.083204214364531
2.0845172111453065
2.0858143976758488
2.087087940277455
2.0883303079732416
2.0895343008244103
2.0906930749549932
2.091800164186008
2.0928494982114163
2.093835417258841
2.094752683188538
2.0955964869954253
2.096362452691883
2.0970466375641257
2.097645528812805
2.0981560366093577
2.0985754836235464
2.0989015911045286
2.099132461627087
2.0992665586458377
2.0993026830322847
2.099239946801629
2.099077744266962
2.098815720886898
2.0984537400974657
2.097991848439355
2.0974302393063233
2.09676921564917
2.0960091519716855
2.095150455950261
2.094193529997581
2.0931387330733187
2.091986343021866
2.0907365196895533
2.0893892690427536
2.087944408474793
2.086401533455026
2.084759985638939
2.0830188225250046
2.0811767887132695
2.07923228879343
2.0771833618671636
2.075027657691611
2.0727624144185515
2.0703844378975247
2.067890082511021
2.0652752335161395
2.0625352908796875
2.059665154612488
2.056659211633457
2.053511324224541
2.0502148201734434
2.046762484741904
2.043146554642516
2.039358714256217
2.0353900943749137
2.0312312738084826
2.026872284251643
2.022302618862832
2.017511245062765
2.012486622113245
2.007216724084817
2.001689068862659
1.9958907538706092
1.9898084992099463
1.9834286989083976
1.976737480951095
1.969720776713703
1.9623644003328855
1.9546541384247966
1.9465758503921893
1.938115579339406
1.9292596733369203
1.919994916439797
1.910308668466128
1.900189012084045
1.8896249052454528
1.8786063364524457
1.867124479766312
1.8551718458940722
1.84274242514652
1.8298318175956625
1.8164373454163423
1.8025581422304155
1.7881952143389
1.7733514690834682
1.7580317062732354
1.7422425696832078
1.725992457096175
1.7092913892143997
1.6921508399756262
1.6745835333003611
1.6566032139700302
1.6382244030505366
1.619462150864764
1.6003318027873354
1.5808487948727759
1.561028497307569
1.5408861236620888
1.520436722670903
1.4996952665548011
1.4786768455006232
1.4573969716710922
1.4358719879625181
1.4141195667752318
1.3921592726937189
1.3700131509498015
1.347706292075579
1.32526731391778
1.3027286972008687
1.2801269121715242
1.2575022832132854
1.2348985564051003
1.2123621610334112
1.189941187485843
1.1676841365320851
1.1456385235192432
1.1238494403717285
1.1023581847581347
1.0812010580234364
1.0604084129306182
1.0400040027896562
1.020004650475734
1.0004202245699183
0.9812538847420811
0.962502542081764
0.9441574729473478
0.9262050259919217
0.9086273692547158
0.8914032351293472
0.8745086333453161
0.857917514023091
0.8416023731859842
0.8255348012039668
0.8096859803242643
0.7940271408294999
0.7785299867386515
0.7631671016721973
0.7479123438806388
0.7327412367932893
0.7176313580559124
0.7025627261468679
0.6875181795508576
0.6724837394116897
0.6574489429029806
0.6424071316066846
0.627355677346056
0.6122961275281169
0.5972342533742794
0.5821799875755789
0.5671472428221219
0.5521536090178008
0.5372199342725471
0.5223698022650413
0.5076289255057972
0.4930244796512981
0.47858440771763855
0.4643367244483641
0.4503088501258866
0.43652699998588906
0.4230156505443588
0.4097970981758217
0.3968911188437592
0.38431473159788015
0.37208206282746664
0.36020430365329814
0.348689749446197
0.33754390831862796
0.3267696644641544
0.3163674822487038
0.30633563777071
0.2966704659735486
0.2873666130946869
0.27841728608259225
0.26981449245417743
0.2615492657927443
0.2536118736277564
0.2459920057548803
0.238678942135097
0.23166170036185782
0.22492916332427504
0.21847018814847835
0.21227369779785135
0.2063287568852568
0.20062463332402547
0.1951508474438525
0.18989721014359945
0.1848538515625525
0.18001124163860296
0.17536020379668935
0.17089192288160643
0.16659794832162297
0.16247019338720925
0.1585009312950233
0.15468278880264566
0.15100873784497165
0.14747208567882192
0.14406646392785383
0.14078581685472097
0.13762438913091227
0.1345767133260267
0.13163759729657915
0.12880211161901228
0.12606557718164993
0.12342355302513933
0.12087182449991053
0.11840639179168087
0.11602345885160892
0.11371942275585056
0.11149086350962417
0.10933453430309611
0.10724735222016321
0.10522638939627288
0.10326886461757107
0.10137213535072433
0.0995336901905441
0.09775114171095725
0.09602221970375449
0.09434476478885782
0.09271672237947637
0.09113613698540383
0.08960114683780832
0.08810997881911209
0.08666094368193847
0.08525243154156488
0.08388290762685743
0.08255090827524193
0.08125503715787158
0.07999396172178388
0.07876640983646513
0.07757116663287675
0.07640707152361317
0.07527301539347103
0.07416793795030202
0.0730908252265842
0.07204070722270352
0.0710166556834513
0.07001778199975511
0.06904323522812646
0.06809220022076584
0.06716389585969429
0.06625757338868057
0.06537251483712185
0.06450803153038759
0.06366346268148342
0.06283817405920421
0.06203155672824899
0.06124302585705007
0.060472019589331856
0.059717997975666515
0.0589804419615177
0.0582588524284925
0.057552749285713085
0.05686167060841993
0.05618517182109223
0.05552282492253997
0.054874217750578484
0.05423895328404194
0.05361664898003041
0.05300693614441488
0.05240945933374011
0.051823875786783075
0.05124985488412685
0.05068707763420849
0.050135236184392855
0.049594033355710596
