0.5679568244282971
0.6287277112536311
0.6085864451415363
0.5906523782618867
0.5754518903364254
0.5630934294569102
0.5534126671940616
0.5460647519844837
0.5406275628877756
0.5366824760596065
0.5338613637240273
0.5318646616270266
0.5304610471118091
0.5294782215724974
0.5287910167825599
0.5283100662238875
0.5279723282545735
0.5277337013541457
0.5275635117561371
0.5274405101830538
0.5273500166122517
0.5272819083678465
0.5272292140537296
0.5271871363977797
0.5271523757887568
0.5271226632217662
0.5270964384189559
0.5270726282802994
0.527050494522117
0.5270295289559479
0.5270093815368976
0.5269898109364457
0.5269706505902914
0.5269517853748119
0.5269331355822402
0.5269146459075853
0.526896277877013
0.5268780046396782
0.5268598073829935
0.5268416728633517
0.5268235917035569
0.5268055572175229
0.5267875645977924
0.5267696103529191
0.5267516919170756
0.5267338073785179
0.5267159552901803
0.5266981345371249
0.5266803442434177
0.5266625837064176
0.5266448523501729
0.5266271496921782
0.526609475319516
0.5265918288716079
0.5265742100276534
0.5265566184974051
0.5265390540143393
0.5265215163305508
0.5265040052129066
0.52648652044012
0.5264690618005028
0.5264516290902295
0.5264342221119798
0.5264168406738721
0.5263994845886197
0.5263821536728586
0.5263648477466061
0.5263475666328277
0.526330310157084
0.5263130781472443
0.5262958704332531
0.5262786868469372
0.5262615272218482
0.5262443913931317
0.5262272791974193
0.5262101904727394
0.5261931250584405
0.5261760827951297
0.526159063524619
0.526142067089881
0.5261250933350101
0.5261081421051913
0.5260912132466711
0.5260743066067336
0.52605742203368
0.52604055937681
0.5260237184864046
0.5260068992137127
0.5259901014109374
0.5259733249312242
0.5259565696286499
0.5259398353582132
0.5259231219758249
0.525906429338299
0.525889757303345
0.5258731057295594
0.5258564744764184
0.5258398634042715
0.5258232723743331
0.5258067012486769
0.5257901498902291
0.5257736181627617
0.5257571059308863
0.5257406130600483
0.5257241394165206
0.5257076848673974
0.5256912492805895
0.5256748325248164
0.5256584344696027
0.5256420549852716
0.5256256939429389
0.5256093512145081
0.5255930266726649
0.5255767201908712
0.5255604316433602
0.5255441609051311
0.5255279078519435
0.5255116723603123
0.5254954543075023
0.5254792535715234
0.5254630700311254
0.5254469035657923
0.525430754055738
0.5254146213819008
0.5253985054259387
0.5253824060702244
0.52536632319784
0.5253502566925725
0.5253342064389088
0.525318172322031
0.5253021542278121
0.5252861520428094
0.5252701656542621
0.5252541949500855
0.525238239818866
0.5252223001498568
0.5252063758329745
0.5251904667587919
0.5251745728185364
0.5251586939040833
0.5251428299079526
0.5251269807233034
0.5251111462439315
0.5250953263642625
0.5250795209793494
0.5250637299848673
0.5250479532771095
0.5250321907529832
0.5250164423100051
0.5250007078462972
0.5249849872605832
0.5249692804521834
0.5249535873210113
0.5249379077675694
0.5249222416929449
0.5249065889988058
0.524890949587397
0.5248753233615365
0.5248597102246109
0.5248441100805711
0.5248285228339304
0.5248129483897587
0.5247973866536788
0.5247818375318641
0.5247663009310327
0.5247507767584454
0.5247352649219009
0.524719765329733
0.5247042778908053
0.5246888025145098
0.5246733391107614
0.5246578875899953
0.5246424478631626
0.5246270198417275
0.5246116034376639
0.5245961985634507
0.5245808051320695
0.5245654230570005
0.5245500522522197
0.5245346926321947
0.5245193441118814
0.5245040066067216
0.5244886800326382
0.524473364306033
0.5244580593437831
0.5244427650632373
0.524427481382213
0.5244122082189934
0.5243969454923235
0.5243816931214076
0.5243664510259057
0.524351219125931
0.5243359973420453
0.5243207855952579
0.5243055838070207
0.5242903918992269
0.5242752097942056
0.5242600374147218
0.5242448746839707
0.5242297215255758
0.5242145778635866
0.5241994436224744
0.5241843187271302
0.5241692031028615
0.5241540966753901
0.524138999370848
0.524123911115775
0.524108831837117
0.5240937614622216
0.5240786999188363
0.5240636471351054
0.5240486030395672
0.5240335675611518
0.5240185406291775
0.524003522173349
0.5239885121237542
0.5239735104108616
0.5239585169655181
0.5239435317189456
0.5239285546027391
0.5239135855488642
0.5238986244896539
0.5238836713578063
0.5238687260863826
0.5238537886088034
0.5238388588588482
0.5238239367706508
0.5238090222786979
0.5237941153178265
0.523779215823222
0.523764323730415
0.5237494389752791
0.5237345614940289
0.5237196912232173
0.5237048280997333
0.5236899720607998
0.5236751230439711
0.5236602809871304
0.5236454458284885
0.5236306175065801
0.5236157959602625
0.5236009811287139
0.5235861729514296
0.5235713713682212
0.5235565763192137
0.523541787744844
0.5235270055858576
0.5235122297833081
0.5234974602785534
0.5234826970132549
0.5234679399293745
0.5234531889691734
0.5234384440752093
0.5234237051903348
0.523408972257695
0.5233942452207259
0.523379524023152
0.5233648086089853
0.5233500989225212
0.523335394908339
0.5233206965112986
0.5233060036765389
0.5232913163494757
0.5232766344757998
0.5232619580014756
0.5232472868727387
0.5232326210360941
0.5232179604383149
0.5232033050264397
0.5231886547477713
0.5231740095498743
0.5231593693805744
0.5231447341879556
0.5231301039203587
0.5231154785263801
0.523100857954869
0.5230862421549266
0.5230716310759042
0.5230570246674011
0.5230424228792632
0.5230278256615815
0.5230132329646898
0.5229986447391641
0.5229840609358197
0.5229694815057108
0.5229549064001278
0.5229403355705958
0.5229257689688749
0.5229112065469559
0.5228966482570597
0.522882094051637
0.522867543883365
0.5228529977051469
0.52283845547011
0.522823917131604
0.5228093826432002
0.5227948519586895
0.5227803250320806
0.5227658018175994
0.5227512822696866
0.5227367663429974
0.5227222539923986
0.5227077451729684
0.5226932398399944
0.5226787379489727
0.5226642394556057
0.5226497443158011
0.5226352524856711
0.5226207639215301
0.5226062785798942
0.5225917964174788
0.5225773173911984
0.5225628414581649
0.5225483685756855
0.522533898701263
0.5225194317925927
0.5225049678075626
0.5224905067042515
0.5224760484409273
0.5224615929760466
0.522447140268253
0.5224326902763757
0.5224182429594292
0.5224037982766105
0.5223893561872998
0.5223749166510571
0.522360479627623
0.5223460450769168
0.5223316129590351
0.5223171832342501
0.5223027558630107
0.5222883308059383
0.5222739080238279
0.5222594874776463
0.5222450691285306
0.5222306529377877
0.5222162388668928
0.5222018268774885
0.5221874169313837
0.5221730089905525
0.5221586030171328
0.522144198973426
0.5221297968218956
0.5221153965251653
0.5221009980460196
0.5220866013474016
0.5220722063924123
0.5220578131443093
0.5220434215665071
0.522029031622574
0.5220146432762324
0.5220002564913582
0.5219858712319791
0.5219714874622734
0.52195710514657
0.5219427242493466
0.5219283447352292
0.5219139665689907
0.5218995897155514
0.5218852141399756
0.5218708398074728
0.5218564666833966
0.5218420947332421
0.5218277239226473
0.5218133542173907
0.521798985583391
0.5217846179867058
0.5217702513935314
0.5217558857702012
0.5217415210831857
0.5217271572990911
0.521712794384658
0.5216984323067622
0.5216840710324118
0.5216697105287483
0.5216553507630439
0.521640991702703
0.5216266333152587
0.5216122755683745
0.5215979184298423
0.5215835618675813
0.521569205849638
0.5215548503441854
0.5215404953195216
0.5215261407440697
0.5215117865863766
0.5214974328151128
0.5214830793990709
0.5214687263071658
0.521454373508433
0.521440020972029
0.5214256686672294
0.5214113165634291
0.5213969646301412
0.5213826128369963
0.521368261153742
0.5213539095502424
0.5213395579964766
0.5213252064625392
0.5213108549186384
0.5212965033350965
0.5212821516823485
0.5212677999309416
0.5212534480515348
0.5212390960148983
0.521224743791912
0.5212103913535663
0.5211960386709602
0.5211816857153013
0.5211673324579056
0.5211529788701958
0.5211386249237013
0.5211242705900583
0.5211099158410077
0.5210955606483957
0.5210812049841732
0.521066848820394
0.5210524921292158
0.5210381348828989
0.5210237770538054
0.521009418614399
0.5209950595372449
0.5209806997950077
0.5209663393604527
0.5209519782064443
0.5209376163059458
0.5209232536320183
0.5209088901578216
0.5208945258566119
0.5208801607017425
0.5208657946666626
0.5208514277249175
0.5208370598501477
0.520822691016088
0.5208083211965676
0.5207939503655095
0.5207795784969298
0.5207652055649374
0.5207508315437335
0.5207364564076109
0.5207220801309541
0.5207077026882382
0.5206933240540284
0.5206789442029802
0.5206645631098388
0.5206501807494377
0.5206357970966995
0.5206214121266347
0.5206070258143416
0.5205926381350057
0.5205782490638994
0.5205638585763812
0.5205494666478958
0.5205350732539733
0.520520678370229
0.5205062819723626
0.5204918840361585
0.5204774845374851
0.5204630834522933
0.5204486807566179
0.5204342764265762
0.5204198704383679
0.5204054627682738
0.520391053392657
0.5203766422879613
0.5203622294307112
0.5203478147975118
0.5203333983650478
0.5203189801100834
0.5203045600094622
0.5202901380401068
0.5202757141790179
0.5202612884032742
0.5202468606900326
0.5202324310165272
0.5202179993600685
0.5202035656980444
0.5201891300079187
0.5201746922672316
0.5201602524535983
0.52014581054471
0.5201313665183318
0.5201169203523046
0.5201024720245425
0.5200880215130341
0.5200735687958417
0.5200591138511004
0.5200446566570184
0.5200301971918768
0.5200157354340289
0.5200012713618997
0.5199868049539861
0.5199723361888564
0.5199578650451496
0.5199433915015761
0.519928915536916
0.51991443713002
0.5198999562598083
0.5198854729052711
0.5198709870454672
0.5198564986595251
0.519842007726641
0.5198275142260803
0.5198130181371757
0.5197985194393286
0.5197840181120071
0.5197695141347468
0.51975500748715
0.5197404981488862
0.5197259860996906
0.5197114713193649
0.5196969537877763
0.519682433484858
0.519667910390608
0.5196533844850897
0.519638855748431
0.5196243241608243
0.519609789702526
0.5195952523538572
0.5195807120952014
0.5195661689070069
0.5195516227697844
0.5195370736641076
0.519522521570613
0.5195079664699993
0.5194934083430276
0.519478847170521
0.5194642829333636
0.5194497156125018
0.5194351451889425
0.519420571643754
0.5194059949580647
0.5193914151130642
0.5193768320900017
0.5193622458701865
0.519347656434988
0.5193330637658344
0.5193184678442139
0.5193038686516729
0.5192892661698177
0.519274660380312
0.5192600512648787
0.5192454388052982
0.5192308229834093
0.5192162037811078
0.5192015811803476
0.5191869551631394
0.5191723257115515
0.5191576928077076
0.5191430564337894
0.5191284165720341
0.5191137732047353
0.5190991263142422
0.5190844758829599
0.5190698218933492
0.5190551643279251
0.5190405031692589
0.5190258383999762
0.5190111700027568
0.5189964979603354
0.5189818222555005
0.5189671428710949
0.518952459790015
0.5189377729952105
0.5189230824696847
0.518908388196494
0.5188936901587478
0.5188789883396079
0.5188642827222889
0.5188495732900577
0.5188348600262329
0.5188201429141857
0.5188054219373381
0.5187906970791646
0.5187759683231903
0.5187612356529911
0.5187464990521949
0.5187317585044792
0.5187170139935725
0.5187022655032535
0.5186875130173512
0.5186727565197439
0.5186579959943604
0.5186432314251781
0.5186284627962248
0.5186136900915761
0.5185989132953579
0.5185841323917436
0.518569347364956
0.5185545581992653
0.5185397648789909
0.5185249673884995
0.5185101657122058
0.5184953598345715
0.5184805497401065
0.518465735413367
0.5184509168389573
0.5184360940015271
0.5184212668857737
0.5184064354764406
0.518391599758317
0.5183767597162388
0.5183619153350871
0.518347066599789
0.5183322134953172
0.5183173560066894
0.518302494118968
0.5182876278172609
0.5182727570867202
0.518257881912543
0.5182430022799701
0.5182281181742868
0.5182132295808222
0.5181983364849488
0.5181834388720832
0.5181685367276851
0.5181536300372571
0.5181387187863452
0.5181238029605378
0.518108882545466
0.5180939575268033
0.5180790278902656
0.5180640936216102
0.5180491547066367
0.5180342111311865
0.518019262881142
0.5180043099424267
0.5179893523010058
0.5179743899428849
0.5179594228541102
0.5179444510207688
0.5179294744289875
0.5179144930649335
0.5178995069148142
0.517884515964876
0.5178695202014054
0.5178545196107279
0.5178395141792083
0.5178245038932501
0.5178094887392958
0.5177944687038263
0.5177794437733607
0.5177644139344566
0.5177493791737092
0.5177343394777518
0.5177192948332547
0.5177042452269264
0.5176891906455119
0.5176741310757931
0.5176590665045893
0.5176439969187558
0.517628922305185
0.5176138426508043
0.517598757942578
0.5175836681675061
0.5175685733126238
0.5175534733650022
0.5175383683117469
0.5175232581399991
0.5175081428369344
0.5174930223897631
0.5174778967857299
0.5174627660121139
0.5174476300562276
0.5174324889054178
0.5174173425470643
0.517402190968581
0.5173870341574143
0.5173718721010436
0.5173567047869816
0.5173415322027729
0.5173263543359946
0.5173111711742562
0.5172959827051986
0.5172807889164948
0.517265589795849
0.517250385330997
0.5172351755097053
0.5172199603197716
0.5172047397490238
0.5171895137853206
0.5171742824165508
0.5171590456306332
0.5171438034155164
0.5171285557591783
0.5171133026496264
0.5170980440748976
0.517082780023057
0.517067510482199
0.5170522354404463
0.5170369548859499
0.5170216688068884
0.517006377191469
0.5169910800279259
0.5169757773045209
0.5169604690095425
0.516945155131307
0.5169298356581566
0.5169145105784606
0.5168991798806136
0.5168838435530375
0.516868501584179
0.5168531539625105
0.5168378006765303
0.516822441714761
0.5168070770657508
0.5167917067180723
0.5167763306603219
0.5167609488811212
0.516745561369115
0.5167301681129721
0.5167147691013847
0.5166993643230682
0.5166839537667609
0.5166685374212243
0.5166531152752419
0.5166376873176196
0.5166222535371854
0.5166068139227893
0.5165913684633024
0.5165759171476174
0.5165604599646483
0.5165449969033292
0.5165295279526154
0.5165140531014825
0.5164985723389255
0.51648308565396
0.5164675930356211
0.5164520944729626
0.5164365899550581
0.5164210794709998
0.516405563009898
0.5163900405608819
0.5163745121130987
0.5163589776557131
0.5163434371779075
0.5163278906688819
0.5163123381178524
0.5162967795140531
0.5162812148467334
0.5162656441051601
0.5162500672786151
0.5162344843563965
0.5162188953278175
0.516203300182207
0.516187698908908
0.5161720914972793
0.5161564779366928
0.5161408582165355
0.5161252323262079
0.5161096002551242
0.5160939619927113
0.51607831752841
0.516062666851673
0.5160470099519667
0.5160313468187683
0.5160156774415676
0.516000001809866
0.5159843199131764
0.5159686317410225
0.515952937282939
0.5159372365284707
0.5159215294671733
0.515905816088612
0.5158900963823618
0.5158743703380071
0.5158586379451411
0.5158428991933665
0.5158271540722934
0.515811402571541
0.5157956446807364
0.5157798803895137
0.515764109687515
0.515748332564389
0.5157325490097912
0.515716759013384
0.5157009625648352
0.5156851596538189
0.5156693502700148
0.5156535344031077
0.5156377120427873
0.5156218831787478
0.5156060478006881
0.5155902058983107
0.5155743574613223
0.5155585024794326
0.5155426409423546
0.5155267728398039
0.5155108981614984
0.515495016897159
0.5154791290365076
0.5154632345692679
0.5154473334851648
0.5154314257739242
0.5154155114252722
0.5153995904289358
0.5153836627746413
0.5153677284521148
0.515351787451082
0.5153358397612673
0.5153198853723935
0.5153039242741821
0.5152879564563527
0.5152719819086218
0.5152560006207042
0.5152400125823107
0.5152240177831497
0.5152080162129251
0.5151920078613377
0.5151759927180829
0.515159970772852
0.5151439420153316
0.5151279064352023
0.5151118640221393
0.5150958147658116
0.515079758655882
0.5150636956820063
0.5150476258338337
0.5150315491010057
0.5150154654731557
0.5149993749399095
0.5149832774908842
0.5149671731156881
0.5149510618039204
0.5149349435451704
0.5149188183290182
0.5149026861450329
0.5148865469827737
0.5148704008317881
0.5148542476816134
0.5148380875217737
0.5148219203417828
0.5148057461311404
0.5147895648793345
0.5147733765758398
0.5147571812101174
0.5147409787716142
0.5147247692497637
0.5147085526339841
0.5146923289136789
0.5146760980782361
0.514659860117028
0.514643615019411
0.5146273627747248
0.5146111033722923
0.5145948368014194
0.5145785630513943
0.5145622821114867
0.5145459939709487
0.5145296986190131
0.5145133960448939
0.5144970862377852
0.5144807691868617
0.5144644448812774
0.5144481133101657
0.5144317744626388
0.5144154283277879
0.5143990748946818
0.5143827141523674
0.5143663460898683
0.5143499706961862
0.5143335879602983
0.5143171978711585
0.5143008004176961
0.514284395588816
0.5142679833733983
0.5142515637602967
0.5142351367383402
0.5142187022963308
0.514202260423044
0.5141858111072279
0.5141693543376041
0.5141528901028651
0.5141364183916759
0.5141199391926721
0.5141034524944608
0.5140869582856191
0.5140704565546945
0.5140539472902035
0.5140374304806323
0.5140209061144358
0.514004374180037
0.5139878346658269
0.5139712875601641
0.513954732851374
0.5139381705277491
0.5139216005775478
0.5139050229889939
0.5138884377502773
0.5138718448495525
0.513855244274938
0.5138386360145171
0.5138220200563363
0.5138053963884053
0.5137887649986964
0.5137721258751448
0.5137554790056468
0.5137388243780604
0.5137221619802048
0.5137054917998592
0.5136888138247634
0.5136721280426165
0.513655434441077
0.5136387330077621
0.5136220237302469
0.5136053065960646
0.5135885815927062
0.5135718487076188
0.5135551079282068
0.5135383592418299
0.5135216026358038
0.5135048380973991
0.513488065613841
0.5134712851723089
0.5134544967599359
0.5134377003638086
0.513420895970966
0.5134040835683995
0.5133872631430524
0.5133704346818198
0.5133535981715465
0.5133367535990291
0.5133199009510133
0.513303040214195
0.5132861713752177
0.5132692944206754
0.5132524093371087
0.5132355161110057
0.5132186147288029
0.5132017051768822
0.5131847874415721
0.5131678615091468
0.5131509273658252
0.5131339849977715
0.5131170343910937
0.5131000755318438
0.5130831084060163
0.5130661329995492
0.5130491492983225
0.5130321572881575
0.5130151569548176
0.512998148284006
0.5129811312613666
0.5129641058724832
0.5129470721028784
0.512930029938014
0.5129129793632893
0.5128959203640423
0.5128788529255475
0.5128617770330163
0.5128446926715967
0.5128275998263718
0.5128104984823602
0.5127933886245151
0.5127762702377239
0.5127591433068077
0.5127420078165208
0.5127248637515496
0.5127077110965134
0.5126905498359624
0.5126733799543784
0.5126562014361733
0.5126390142656893
0.5126218184271977
0.5126046139048995
0.5125874006829233
0.5125701787453263
0.5125529480760926
0.5125357086591338
0.5125184604782864
0.5125012035173148
0.5124839377599066
0.5124666631896756
0.5124493797901589
0.5124320875448176
0.512414786437036
0.5123974764501206
0.5123801575673003
0.5123628297717252
0.5123454930464666
0.5123281473745159
0.5123107927387844
0.5122934291221031
0.512276056507221
0.5122586748768059
0.5122412842134433
0.5122238844996351
0.5122064757178002
0.5121890578502737
0.5121716308793058
0.5121541947870614
0.5121367495556199
0.512119295166975
0.5121018316030324
0.5120843588456112
0.5120668768764425
0.5120493856771687
0.5120318852293433
0.5120143755144297
0.5119968565138018
0.5119793282087421
0.5119617905804419
0.5119442436100007
0.5119266872784249
0.5119091215666292
0.5118915464554328
0.511873961925562
0.5118563679576474
0.5118387645322252
0.5118211516297344
0.5118035292305183
0.5117858973148225
0.5117682558627954
0.5117506048544864
0.5117329442698462
0.5117152740887263
0.5116975942908778
0.5116799048559509
0.5116622057634949
0.5116444969929566
0.5116267785236812
0.5116090503349099
0.5115913124057807
0.5115735647153272
0.5115558072424775
0.5115380399660555
0.5115202628647776
0.5115024759172542
0.5114846791019884
0.511466872397375
0.5114490557817002
0.5114312292331415
0.5114133927297664
0.5113955462495313
0.5113776897702829
0.5113598232697552
0.5113419467255701
0.5113240601152369
0.5113061634161518
0.5112882566055954
0.5112703396607352
0.5112524125586225
0.5112344752761921
0.5112165277902636
0.5111985700775378
0.5111806021145984
0.5111626238779106
0.5111446353438198
0.5111266364885525
0.5111086272882138
0.5110906077187887
0.5110725777561391
0.5110545373760059
0.5110364865540064
0.5110184252656339
0.5110003534862582
0.5109822711911229
0.5109641783553472
0.5109460749539236
0.5109279609617178
0.5109098363534672
0.5108917011037818
0.5108735551871424
0.5108553985779003
0.5108372312502762
0.510819053178361
0.5108008643361126
0.510782664697358
0.5107644542357904
0.5107462329249699
0.5107280007383224
0.5107097576491387
0.5106915036305744
0.5106732386556482
0.5106549626972425
0.5106366757281022
0.5106183777208337
0.5106000686479041
0.5105817484816412
0.510563417194233
0.5105450747577255
0.5105267211440236
0.5105083563248902
0.510489980271944
0.510471592956661
0.5104531943503725
0.510434784424264
0.5104163631493762
0.5103979304966026
0.5103794864366895
0.5103610309402355
0.5103425639776902
0.5103240855193544
0.5103055955353781
0.510287093995761
0.5102685808703515
0.5102500561288453
0.5102315197407856
0.5102129716755616
0.5101944119024087
0.5101758403904066
0.5101572571084797
0.5101386620253958
0.5101200551097653
0.5101014363300408
0.5100828056545162
0.5100641630513261
0.5100455084884444
0.5100268419336851
0.5100081633546997
0.5099894727189778
0.5099707699938457
0.5099520551464662
0.509933328143837
0.5099145889527914
0.5098958375399955
0.5098770738719494
0.5098582979149849
0.5098395096352668
0.5098207089987894
0.5098018959713781
0.5097830705186872
0.5097642326062
0.5097453821992277
0.5097265192629086
0.5097076437622068
0.5096887556619131
0.5096698549266425
0.5096509415208339
0.5096320154087499
0.5096130765544753
0.509594124921917
0.5095751604748026
0.5095561831766799
0.5095371929909162
0.5095181898806973
0.5094991738090271
0.5094801447387262
0.5094611026324317
0.5094420474525958
0.5094229791614859
0.5094038977211829
0.5093848030935809
0.5093656952403859
0.509346574123116
0.5093274397030997
0.5093082919414746
0.5092891307991887
0.5092699562369972
0.509250768215463
0.5092315666949558
0.5092123516356506
0.5091931229975277
0.5091738807403716
0.5091546248237696
0.5091353552071121
0.5091160718495908
0.5090967747101981
0.5090774637477269
0.5090581389207682
0.5090388001877124
0.5090194475067469
0.5090000808358557
0.508980700132818
0.5089613053552092
0.5089418964603976
0.5089224734055453
0.5089030361476066
0.5088835846433268
0.508864118849243
0.5088446387216807
0.5088251442167552
0.5088056352903695
0.5087861118982138
0.5087665739957646
0.5087470215382839
0.5087274544808178
0.5087078727781966
0.5086882763850329
0.5086686652557215
0.5086490393444383
0.5086293986051384
0.508609742991557
0.5085900724572078
0.5085703869553806
0.5085506864391429
0.5085309708613375
0.5085112401745813
0.508491494331266
0.508471733283555
0.5084519569833845
0.5084321653824614
0.5084123584322624
0.508392536084034
0.5083726982887904
0.5083528449973134
0.5083329761601507
0.5083130917276163
0.5082931916497879
0.508273275876507
0.5082533443573776
0.5082333970417658
0.5082134338787978
0.5081934548173601
0.5081734598060974
0.5081534487934126
0.5081334217274656
0.5081133785561718
0.5080933192272019
0.50807324368798
0.5080531518856839
0.508033043767243
0.5080129192793376
0.5079927783683982
0.5079726209806041
0.5079524470618832
0.50793225655791
0.507912049414105
0.5078918255756336
0.5078715849874061
0.5078513275940749
0.5078310533400348
0.5078107621694213
0.5077904540261106
0.5077701288537168
0.507749786595593
0.5077294271948284
0.5077090505942482
0.507688656736413
0.5076682455636163
0.5076478170178851
0.5076273710409778
0.507606907574383
0.5075864265593197
0.5075659279367348
0.5075454116473032
0.5075248776314254
0.5075043258292281
0.5074837561805616
0.5074631686249997
0.5074425631018382
0.5074219395500941
0.5074012979085036
0.5073806381155226
0.5073599601093244
0.5073392638277986
0.5073185492085506
0.5072978161889006
0.5072770647058812
0.5072562946962379
0.5072355060964269
0.5072146988426144
0.5071938728706756
0.5071730281161929
0.5071521645144558
0.5071312820004585
0.5071103805089003
0.5070894599741826
0.5070685203304096
0.5070475615113856
0.5070265834506151
0.5070055860813004
0.5069845693363415
0.5069635331483341
0.5069424774495696
0.5069214021720321
0.5069003072473989
0.5068791926070383
0.5068580581820088
0.506836903903058
0.5068157297006208
0.5067945355048191
0.5067733212454597
0.5067520868520337
0.506730832253715
0.5067095573793585
0.5066882621575004
0.5066669465163554
0.5066456103838162
0.506624253687452
0.5066028763545076
0.5065814783119018
0.506560059486226
0.5065386198037434
0.5065171591903872
0.5064956775717601
0.5064741748731314
0.5064526510194383
0.5064311059352817
0.5064095395449273
0.5063879517723029
0.5063663425409971
0.5063447117742588
0.5063230593949954
0.5063013853257714
0.506279689488807
0.5062579718059771
0.5062362321988096
0.5062144705884846
0.5061926868958316
0.5061708810413306
0.5061490529451084
0.5061272025269381
0.5061053297062381
0.5060834344020704
0.5060615165331386
0.5060395760177876
0.5060176127740014
0.505995626719402
0.5059736177712479
0.5059515858464328
0.505929530861484
0.5059074527325605
0.5058853513754531
0.5058632267055813
0.5058410786379921
0.5058189070873598
0.5057967119679829
0.505774493193784
0.5057522506783069
0.5057299843347165
0.5057076940757965
0.505685379813948
0.5056630414611883
0.505640678929149
0.5056182921290744
0.505595880971821
0.5055734453678542
0.5055509852272484
0.5055285004596844
0.5055059909744486
0.5054834566804307
0.5054608974861229
0.5054383132996174
0.5054157040286058
0.5053930695803766
0.5053704098618141
0.5053477247793973
0.5053250142391972
0.5053022781468754
0.5052795164076835
0.5052567289264601
0.5052339156076302
0.5052110763552027
0.5051882110727693
0.5051653196635033
0.5051424020301561
0.505119458075058
0.5050964877001141
0.5050734908068045
0.5050504672961817
0.5050274170688689
0.505004340025058
0.5049812360645092
0.5049581050865473
0.5049349469900615
0.5049117616735032
0.5048885490348838
0.5048653089717732
0.5048420413812985
0.5048187461601417
0.5047954232045374
0.5047720724102724
0.5047486936726824
0.5047252868866513
0.5047018519466084
0.5046783887465275
0.5046548971799243
0.5046313771398552
0.5046078285189144
0.5045842512092331
0.5045606451024772
0.5045370100898454
0.5045133460620671
0.5044896529094006
0.5044659305216315
0.5044421787880699
0.5044183975975498
0.504394586838426
0.5043707463985724
0.50434687616538
0.5043229760257557
0.5042990458661187
0.5042750855724001
0.5042510950300401
0.5042270741239858
0.5042030227386898
0.5041789407581075
0.5041548280656951
0.5041306845444088
0.5041065100767004
0.5040823045445171
0.5040580678292986
0.5040337998119757
0.5040095003729667
0.503985169392177
0.5039608067489956
0.5039364123222938
0.5039119859904229
0.503887527631211
0.5038630371219628
0.5038385143394554
0.5038139591599372
0.5037893714591256
0.5037647511122041
0.5037400979938209
0.503715411978086
0.5036906929385692
0.503665940748298
0.503641155279755
0.5036163364048752
0.503591483995045
0.5035665979210984
0.5035416780533151
0.503516724261419
0.5034917364145746
0.5034667143813851
0.5034416580298906
0.5034165672275639
0.5033914418413109
0.5033662817374652
0.5033410867817879
0.5033158568394636
0.5032905917750993
0.50326529145272
0.5032399557357687
0.5032145844871014
0.5031891775689865
0.5031637348431011
0.5031382561705285
0.5031127414117565
0.5030871904266739
0.5030616030745684
0.5030359792141232
0.503010318703416
0.5029846213999143
0.5029588871604743
0.5029331158413376
0.5029073072981284
0.5028814613858511
0.5028555779588876
0.5028296568709938
0.5028036979752982
0.5027777011242984
0.5027516661698572
0.5027255929632021
0.5026994813549206
0.5026733311949583
0.5026471423326161
0.5026209146165462
0.5025946478947506
0.5025683420145777
0.5025419968227189
0.502515612165207
0.5024891878874111
0.5024627238340359
0.5024362198491171
0.5024096757760195
0.5023830914574331
0.5023564667353706
0.5023298014511641
0.5023030954454625
0.5022763485582274
0.5022495606287314
0.5022227314955534
0.5021958609965771
0.5021689489689865
0.5021419952492634
0.502114999673184
0.5020879620758159
0.5020608822915145
0.50203376015392
0.502006595495954
0.5019793881498167
0.5019521379469827
0.501924844718198
0.5018975082934776
0.5018701285021008
0.5018427051726081
0.5018152381327985
0.5017877272097255
0.5017601722296934
0.5017325730182548
0.5017049294002061
0.5016772411995842
0.5016495082396637
0.5016217303429525
0.5015939073311885
0.5015660390253361
0.5015381252455824
0.5015101658113339
0.5014821605412124
0.5014541092530516
0.5014260117638937
0.5013978678899844
0.5013696774467713
0.5013414402488978
0.5013131561102008
0.5012848248437067
0.501256446261627
0.5012280201753551
0.5011995463954617
0.5011710247316914
0.501142454992959
0.5011138369873446
0.5010851705220907
0.5010564554035972
0.5010276914374188
0.5009988784282587
0.5009700161799671
0.5009411044955349
0.5009121431770909
0.5008831320258972
0.5008540708423451
0.5008249594259508
0.5007957975753514
0.5007665850883002
0.5007373217616626
0.5007080073914126
0.5006786417726271
0.5006492246994819
0.5006197559652484
0.500590235362288
0.5005606626820479
0.5005310377150569
0.5005013602509205
0.5004716300783173
0.500441846984993
0.5004120107577572
0.5003821211824777
0.5003521780440766
0.5003221811265255
0.5002921302128401
0.500262025085077
0.5002318655243272
0.5002016513107123
0.5001713822233796
0.5001410580404971
0.5001106785392486
0.500080243495829
0.5000497526854393
0.5000192058822812
0.49998860285955266
0.4999579433894428
0.4999272272431268
0.49989645419076006
0.4998656240014745
0.4998347364433722
0.4998037912835207
0.49977278828794774
0.49974172722163634
0.4997106078485186
0.4996794299314713
0.49964819323231
0.49961689751178406
0.49958554252957077
0.49955412804427
0.4995226538133994
0.4994911195933876
0.49945952513957004
0.4994278702061823
0.49939615454635466
0.49936437791210714
0.49933254005434285
0.4993006407228432
0.49926867966626115
0.49923665663211597
0.49920457136678775
0.49917242361551045
0.4991402131223668
0.4991079396302826
0.4990756028810195
0.4990432026151702
0.49901073857215206
0.4989782104902006
0.49894561810636323
0.4989129611564942
0.49888023937524717
0.49884745249606943
0.49881460025119556
0.49878168237164106
0.49874869858719595
0.4987156486264185
0.4986825322166286
0.4986493490839009
0.4986160989530594
0.49858278154766933
0.498549396590032
0.4985159438011768
0.4984824229008556
0.4984488336075353
0.49841517563839094
0.4983814487092999
0.49834765253483343
0.4983137868282511
0.49827985130149316
0.4982458456651735
0.49821176962857283
0.4981776228996315
0.49814340518494216
0.49810911618974285
0.49807475561790965
0.49804032317194935
0.4980058185529921
0.497971241460784
0.4979365915936797
0.4979018686486351
0.49786707232119987
0.4978322023055092
0.49779725829427673
0.4977622399787876
0.49772714704888904
0.4976919791929837
0.4976567360980224
0.4976214174494945
0.49758602293142207
0.49755055222635003
0.4975150050153392
0.4974793809779585
0.4974436797922759
0.49740790113485117
0.49737204468072665
0.49733611010342
0.4973000970749153
0.49726400526565495
0.4972278343445312
0.4971915839788773
0.49715525383445963
0.4971188435754684
0.4970823528645097
0.4970457813625965
0.4970091287291396
0.4969723946219395
0.49693557869717686
0.4968986806094043
0.4968617000115366
0.4968246365548426
0.4967874898889351
0.4967502596617632
0.49671294551960105
0.4966755471070407
0.49663806406698136
0.4966004960406207
0.49656284266744505
0.4965251035852205
0.4964872784299829
0.49644936683602814
0.496411368435903
0.49637328286039495
0.4963351097385226
0.49629684869752616
0.496258499362857
0.4962200613581676
0.4961815343053026
0.49614291782428754
0.4961042115333191
0.49606541504875534
0.49602652798510466
0.49598754995501637
0.49594848056926927
0.4959093194367622
0.4958700661645027
0.4958307203575972
0.4957912816192395
0.49575174955070095
0.49571212375131884
0.49567240381848654
0.49563258934764165
0.49559267993225525
0.49555267516382145
0.49551257463184567
0.49547237792383364
0.4954320846252802
0.49539169431965807
0.49535120658840626
0.4953106210109186
0.49526993716453294
0.49522915462451855
0.49518827296406503
0.4951472917542706
0.49510621056412984
0.49506502896052307
0.4950237465082026
0.4949823627697826
0.49494087730572517
0.49489928967433017
0.4948575994317211
0.4948158061318344
0.49477390932640597
0.4947319085649596
0.49468980339479374
0.4946475933609695
0.49460527800629733
0.4945628568713253
0.4945203294943253
0.49447769541128106
0.49443495415587413
0.4943921052594723
0.4943491482511147
0.49430608265750053
0.4942629080029746
0.4942196238095143
0.4941762295967162
0.49413272488178267
0.49408910917950855
0.4940453820022669
0.4940015428599956
0.493957591260184
0.4939135267078586
0.493869348705569
0.4938250567533743
0.4937806503488286
0.49373612898696734
0.49369149216029284
0.4936467393587589
0.4936018700697587
0.49355688377810814
0.4935117799660323
0.49346655811315077
0.49342121769646236
0.49337575819033136
0.4933301790664712
0.4932844797939304
0.49323865983907816
0.4931927186655872
0.4931466557344207
0.4931004705038155
0.49305416242926764
0.49300773096351624
0.4929611755565284
0.4929144956554834
0.492867690704757
0.4928207601459055
0.49277370341765003
0.4927265199558606
0.49267920919354014
0.49263177056080765
0.49258420348488324
0.4925365073900705
0.4924886816977411
0.492440725826318
0.4923926391912582
0.49234442120503774
0.492296071277133
0.4922475888140052
0.49219897321908346
0.4921502238927468
0.4921013402323083
0.492052321631997
0.4920031674829415
0.49195387717315137
0.49190445008750117
0.4918548856077122
0.4918051831123347
0.4917553419767306
0.4917053615730556
0.4916552412702412
0.4916049804339771
0.4915545784266925
0.4915040346075389
0.4914533483323709
0.49140251895372894
0.49135154582081997
0.49130042827949916
0.4912491656722524
0.4911977573381756
0.49114620261295855
0.49109450082886374
0.49104265131470853
0.4909906533958465
0.4909385063941474
0.49088620962797846
0.49083376241218585
0.49078116405807376
0.4907284138733863
0.4906755111622872
0.49062245522534087
0.49056924535949187
0.4905158808580457
0.4904623610106491
0.4904086851032693
0.4903548524181747
0.4903008622339143
0.49024671382529766
0.4901924064633746
0.4901379394154144
0.49008331194488647
0.4900285233114379
0.48997357277087455
0.48991845957513924
0.48986318297229137
0.4898077422064861
0.4897521365179527
0.48969636514297377
0.48964042731386453
0.4895843222589514
0.48952804920254966
0.48947160736494333
0.48941499596236254
0.48935821420696324
0.48930126130680385
0.48924413646582465
0.48918683888382625
0.4891293677564455
0.4890717222751366
0.4890139016271463
0.4889559049954928
0.4888977315589439
0.4888393804919936
0.4887808509648404
0.4887221421433648
0.488663253189106
0.4886041832592396
0.48854493150655576
0.4884854970794343
0.48842587912182345
0.4883660767732169
0.4883060891686292
0.488245915438574
0.48818555470904007
0.48812500610146886
0.48806426873272973
0.48800334171509774
0.48794222415622923
0.487880915159139
0.4878194138221754
0.48775771923899824
0.48769583049855325
0.4876337466850491
0.4875714668779336
0.4875089901518688
0.4874463155767074
0.4873834422174682
0.48732036913431276
0.4872570953825196
0.48719362001246075
0.48712994206957705
0.4870660605943537
0.48700197462229533
0.4869376831839014
0.4868731853046421
0.48680848000493204
0.4867435663001072
0.4866784432003984
0.48661310971090743
0.48654756483158124
0.4864818075571877
0.48641583687728873
0.486349651776217
0.48628325123304955
0.4862166342215828
0.48614979971030653
0.4860827466623794
0.48601547403560236
0.4859479807823942
0.4858802658497648
0.4858123281792902
0.48574416670708664
0.4856757803637847
0.48560716807450366
0.48553832875882563
0.4854692613307692
0.485399964698764
0.48533043776562435
0.48526067942852374
0.4851906885789679
0.48512046410276943
0.48505000488002137
0.4849793097850705
0.4849083776864922
0.48483720744706277
0.4847657979237348
0.48469414796760935
0.48462225642391
0.48455012213195703
0.4844777439251401
0.48440512063089286
0.4843322510706649
0.4842591340598974
0.4841857684079942
0.4841121529182975
0.48403828638805946
0.48396416760841676
0.4838897953643637
0.48381516843472516
0.48374028559213067
0.48366514560298757
0.48358974722745357
0.4835140892194111
0.48343817032644054
0.4833619892897931
0.4832855448443641
0.48320883571866674
0.4831318606348051
0.48305461830844765
0.4829771074488005
0.48289932675858055
0.4828212749339893
0.4827429506646858
0.4826643526337599
0.48258547951770614
0.4825063299863967
0.4824269027030549
0.48234719632422896
0.48226720949976454
0.4821869408727796
0.48210638907963643
0.4820255527499163
0.4819444305063922
0.4818630209650028
0.4817813227348268
0.4816993344180545
0.48161705460996374
0.4815344818988926
0.48145161486621263
0.4813684520863035
0.4812849921265273
0.4812012335472008
0.48111717490157063
0.48103281473578724
0.4809481515888787
0.48086318399272443
0.4807779104720301
0.48069232954430147
0.4806064397198188
0.4805202395016111
0.4804337273854307
0.4803469018597273
0.4802597614056239
0.4801723044968898
0.48008452959991604
0.47999643517369023
0.47990801966977203
0.4798192815322667
0.4797302191978021
0.4796408310955017
0.4795511156469615
0.47946107126622517
0.4793706963597587
0.4792799893264265
0.4791889485574674
0.47909757243646944
0.47900585933934725
0.47891380763431646
0.47882141568187087
0.47872868183475814
0.47863560443795683
0.4785421818286522
0.478448412336213
0.4783542942821684
0.47825982598018446
0.47816500573604204
0.47806983184761276
0.47797430260483714
0.47787841628970174
0.477782171176217
0.47768556553039454
0.47758859761022515
0.47749126566565725
0.47739356793857496
0.4772955026627759
0.47719706806395046
0.47709826235966
0.4769990837593164
0.47689953046416
0.47679960066724003
0.4766992925533934
0.4765986042992242
0.4764975340730833
0.47639608003504963
0.47629424033690854
0.4761920131221335
0.476089396525866
0.4759863886748965
0.4758829876876453
0.47577919167414434
0.47567499873601754
0.47557040696646313
0.47546541445023505
0.47536001926362575
0.47525421947444746
0.4751480131420155
0.47504139831713066
0.4749343730420621
0.4748269353505306
0.4747190832676921
0.4746108148101216
0.4745021279857963
0.47439302079408074
0.4742834912257108
0.4741735372627781
0.4740631568787156
0.47395234803828235
0.4738411086975489
0.4737294368038834
0.4736173302959375
0.4735047871036325
0.473391805148146
0.47327838234189856
0.47316451658854136
0.4730502057829433
0.4729354478111785
0.47282024055051436
0.4727045818694004
0.47258846962745626
0.47247190167546066
0.4723548758553408
0.4722373900001622
0.4721194419341172
0.4720010294725171
0.47188215042178083
0.4717628025794266
0.47164298373406255
0.4715226916653789
0.47140192414413884
0.471280678932171
0.47115895378236206
0.4710367464386487
0.4709140546360113
0.47079087610046794
0.47066720854906663
0.4705430496898806
0.4704183972220023
0.47029324883553825
0.47016760221160436
0.4700414550223211
0.46991480493080984
0.4697876495911883
0.46965998664856784
0.4695318137390502
0.4694031284897249
0.46927392851866623
0.4691442114349326
0.4690139748385636
0.4688832163205794
0.4687519334629802
0.4686201238387453
0.46848778501183336
0.4683549145371822
0.46822150996070966
0.46808756881931557
0.4679530886408816
0.4678180669442744
0.4676825012393472
0.46754638902694245
0.4674097277988951
0.4672725150380358
0.4671347482181948
0.46699642480420595
0.46685754225191123
0.46671809800816605
0.4665780895108446
0.46643751418884527
0.4662963694620966
0.46615465274156487
0.46601236142926045
0.46586949291824453
0.465726044592638
0.46558201382762887
0.46543739798948125
0.4652921944355437
0.4651464005142598
0.4650000135651765
0.46485303091895525
0.46470544989738183
0.464557267813378
0.4644084819710128
0.4642590896655139
0.46410908818327995
0.4639584748018933
0.4638072467901325
0.4636554014079865
0.46350293590666775
0.46334984752862596
0.46319613350756395
0.4630417910684513
0.46288681742754056
0.4627312097923822
0.46257496536184156
0.4624180813261146
0.46226055486674505
0.46210238315664187
0.46194356336009673
0.46178409263280196
0.461623968121869
0.4614631869658473
0.46130174629474324
0.46113964323003986
0.46097687488471667
0.46081343836326993
0.4606493307617334
0.4604845491676988
0.4603190906603379
0.4601529523104236
0.45998613118035214
0.45981862432416615
0.4596504287875761
0.4594815416079846
0.4593119598145089
0.45914168042800524
0.45897070046109323
0.4587990169181791
0.45862662679548144
0.45845352708105647
0.458279714754822
0.4581051867885846
0.45792994014606503
0.45775397178292443
0.4575772786467916
0.4573998576772886
0.4572217058060593
0.45704281995679613
0.4568631970452678
0.45668283397934795
0.45650172765904284
0.45631987497652027
0.45613727281613825
0.4559539180544745
0.45576980756035484
0.45558493819488427
0.4553993068114757
0.4552129102558803
0.4550257453662181
0.4548378089730082
0.4546490978991998
0.45445960896020376
0.45426933896392213
0.45407828471078127
0.45388644299376296
0.4536938105984361
0.45350038430298845
0.45330616087825953
0.45311113708777234
0.45291530968776683
0.45271867542723143
0.4525212310479368
0.45232297328446913
0.4521238988642622
0.45192400450763226
0.4517232869278104
0.45152174283097646
0.45131936891629365
0.4511161618759414
0.45091211839515
0.4507072351522347
0.4505015088186303
0.4502949360589247
0.4500875135308947
0.44987923788553974
0.44967010576711686
0.44946011381317585
0.44924925865459336
0.4490375369156091
0.4488249452138604
0.44861148016041685
0.4483971383598167
0.4481819164101016
0.4479658109028517
0.4477488184232222
0.4475309355499779
0.4473121588555297
0.44709248490596937
0.4468719102611063
0.4466504314745032
0.4464280450935114
0.4462047476593074
0.44598053570692925
0.4457554057653113
0.44552935435732244
0.44530237799980066
0.4450744732035904
0.4448456364735777
0.44461586430872907
0.44438515320212507
0.4441534996409995
0.44392090010677443
0.44368735107509794
0.44345284901588067
0.4432173903933327
0.44298097166600126
0.4427435892868075
0.44250523970308353
0.4422659193566104
0.4420256246836557
0.4417843521150107
0.4415420980760292
0.44129885898666465
0.4410546312615091
0.44080941130983087
0.44056319553561385
0.4403159803375956
0.4400677621093073
0.4398185372391123
0.43956830211024556
0.4393170531008542
0.4390647865840364
0.4388114989278834
0.43855718649551845
0.43830184564513913
0.4380454727300577
0.43778806409874416
0.4375296160948673
0.437270125057338
0.43700958732035183
0.436747999213433
0.4364853570614782
0.43622165718480166
0.4359568958991791
0.435691069515895
0.4354241743417881
0.4351562066792987
0.43488716282651635
0.4346170390772284
0.43434583172096874
0.4340735370430686
0.4338001513247072
0.43352567084296256
0.43325009187086605
0.4329734106774544
0.43269562352782454
0.43241672668319026
0.4321367164009382
0.431855588934686
0.43157334053434115
0.4312899674461623
0.43100546591282013
0.4307198321734603
0.430433062463769
0.43014515301603756
0.42985610005923125
0.429565899819057
0.42927454851803576
0.42898204237557347
0.42868837760803624
0.4283935504288257
0.4280975570484583
0.42780039367464373
0.42750205651236844
0.42720254176397887
0.42690184562926853
0.4265999643055668
0.4262968939878289
0.42599263086873146
0.4256871711387671
0.4253805109863432
0.42507264659788446
0.4247635741579363
0.42445328984927233
0.4241417898530042
0.4238290703486952
0.4235151275144761
0.4231999575271656
0.42288355656239285
0.4225659207947237
0.4222470463977909
0.42192692954442884
0.42160556640680935
0.42128295315658437
0.4209590859650311
0.42063396100320083
0.42030757444207384
0.4199799224527163
0.41965100120644394
0.41932080687498774
0.41898933563066726
0.4186565836465662
0.41832254709671424
0.4179872221562732
0.41765060500172974
0.41731269181109143
0.41697347876408974
0.41663296204238803
0.4162911378297952
0.4159480023124852
0.415603551679223
0.41525778212159525
0.41491068983424906
0.41456227101513576
0.4142125218657613
0.4138614385914442
0.413509017401579
0.41315525450990753
0.41280014613479726
0.4124436884995254
0.4120858778325726
0.4117267103679223
0.4113661823453684
0.41100429001083094
0.4106410296166787
0.410276397422061
0.4099103896932464
0.40954300270397165
0.4091742327357963
0.40880407607846864
0.40843252903029853
0.4080595878985398
0.4076852489997822
0.40730950866035065
0.40693236321671633
0.4065538090159144
0.4061738424159742
0.40579245978635614
0.4054096575084012
0.405025431975788
0.4046397795950012
0.40425269678581016
0.40386417998175717
0.40347422563065694
0.40308283019510566
0.4026899901530015
0.40229570199807574
0.4018999622404349
0.4015027674071133
0.4011041140426368
0.4007039987095985
0.40030241798924543
0.39989936848207597
0.3994948468084491
0.399088849609206
0.3986813735463022
0.39827241530345153
0.3978619715867834
0.397450039125509
0.3970366146726031
0.3966216950054952
0.39620527692677276
0.3957873572648983
0.39536793287493727
0.39494700063929805
0.39452455746848575
0.3941006003018649
0.3936751261084389
0.3932481318876378
0.3928196146701207
0.39238957151858955
0.3919579995286152
0.39152489582947614
0.39109025758500915
0.39065408199447227
0.39021636629341994
0.3897771077545902
0.3893363036888046
0.38889395144587957
0.38845004841554903
0.38800459202840076
0.3875575797568236
0.3871090091159656
0.38665887766470514
0.38620718300663376
0.3857539227910482
0.38529909471395635
0.38484269651909386
0.38438472599894963
0.3839251809958053
0.3834640594027831
0.38300135916490585
0.38253707828016625
0.38207121480060674
0.38160376683340963
0.3811347325419968
0.3806641101471391
0.38019189792807473
0.3797180942236375
0.3792426974333932
0.37876570601878523
0.3782871185042883
0.3778069334785701
0.3773251495956613
0.37684176557613286
0.37635678020827945
0.3758701923493123
0.37538200092655644
0.3748922049386551
0.37440080345677956
0.37390779562584575
0.3734131806657346
0.37291695787251794
0.37241912661968946
0.37191968635939837
0.3714186366236881
0.37091597702573786
0.37041170726110656
0.36990582710898046
0.3693983364334202
0.3688892351846135
0.36837852340012567
0.36786620120615116
0.3673522688187674
0.36683672654518606
0.3663195747850054
0.3658008140314594
0.3652804448726673
0.3647584679928798
0.36423488417372185
0.3637096942954343
0.3631828993381093
0.362654500382923
0.3621244986133636
0.361592895316452
0.3610596918839593
0.3605248898136156
0.3599884907103129
0.35945049628730036
0.35891090836736955
0.35836972888403507
0.35782695988270136
0.35728260352182145
0.3567366620740464
0.3561891379273618
0.3556400335862132
0.3550893516726201
0.35453709492727575
0.35398326621063414
0.3534278685039831
0.3528709049105027
0.35231237865630827
0.35175229309147693
0.35119065169105945
0.3506274580560726
0.35006271591447613
0.34949642912212986
0.3489286016637334
0.34835923765374444
0.34778834133727904
0.3472159170909902
0.34664196942392506
0.3460665029783612
0.34548952253061965
0.34491103299185477
0.34433103940882287
0.34374954696462257
0.3431665609794145
0.3425820869111141
0.3419961303560575
0.3414086970496439
0.3408197928669486
0.340229423823309
0.33963759607488436
0.33904431591918516
0.33844958979557493
0.3378534242857413
0.33725582611413846
0.33665680214839844
0.3360563593997118
0.33545450502317703
0.33485124631811763
0.33424659072836777
0.33364054584252456
0.333033119394168
0.3324243192620467
0.3318141534702303
0.33120263018822776
0.3305897577310699
0.32997554455935896
0.32935999927928067
0.32874313064258215
0.32812494754651417
0.3275054590337353
0.3268846742921815
0.32626260265489826
0.32563925359983503
0.3250146367496035
0.32438876187119803
0.3237616388756776
0.32313327781781087
0.32250368889568287
0.32187288245026385
0.3212408689649382
0.32060765906499766
0.31997326351709326
0.3193376932286499
0.318700959247243
0.3180630727599344
0.31742404509257083
0.3167838877090434
0.3161426122105079
0.315500230334567
0.3148567539544126
0.31421219507793025
0.3135665658467656
0.3129198785353504
0.31227214554989224
0.3116233794273242
0.31097359283421777
0.3103227985656576
0.30967100954407684
0.30901823881805807
0.30836449956109335
0.30770980507031037
0.3070541687651595
0.30639760418606476
0.30574012499304093
0.30508174496427026
0.30442247799464783
0.30376233809428876
0.30310133938700384
0.3024394961087357
0.30177682260596667
0.3011133333340883
0.30044904285574064
0.29978396583911754
0.2991181170562399
0.29845151138119697
0.29778416378835737
0.29711608935054795
0.2964473032372036
0.29577782071248687
0.2951076571333792
0.2944368279477422
0.29376534869235316
0.293093234990912
0.2924205025520211
0.29174716716714133
0.29107324470851964
0.2903987511270957
0.2897237024503804
0.2890481147803159
0.2883720042911077
0.28769538722704047
0.28701827990026785
0.28634069868858514
0.2856626600331816
0.2849841804363721
0.2843052764593141
0.2836259647197037
0.2829462618894577
0.2822661846923792
0.28158574990180735
0.2809049743382547
0.2802238748670295
0.27954246839584707
0.2788607718724282
0.2781788022820878
0.2774965766453122
0.2768141120153287
0.27613142547566694
0.27544853413771053
0.27476545513824513
0.2740822056369983
0.2733988028141761
0.2727152638679945
0.27203160601220816
0.27134784647363674
0.27066400248969014
0.2699800913058916
0.26929613017340365
0.26861213634655173
0.26792812708035313
0.26724411962804656
0.26656013123862454
0.26587617915437384
0.2651922806084166
0.2645084528222614
0.263824713003358
0.2631410783426632
0.2624575660122119
0.26177419316269895
0.26109097692107247
0.26040793438813514
0.25972508263616007
0.25904243870651683
0.2583600196073121
0.2576778423110444
0.2569959237522715
0.2563142808252964
0.2556329303818671
0.25495188922889345
0.2542711741261834
0.2535908017841947
0.2529107888618084
0.2522311519641194
0.25155190764024915
0.2508730723811786
0.2501946626176019
0.24951669471780347
0.24883918498555674
0.248162149658047
0.2474856049038177
0.24680956682074112
0.24613405143401418
0.24545907469417969
0.2447846524751735
0.24411080057239842
0.24343753470082458
0.24276487049311757
0.24209282349779487
0.24142140917741028
0.24075064290676526
0.2400805399711538
0.239411115564632
0.23874238478832033
0.23807436264873522
0.23740706405615203
0.23674050382299738
0.23607469666227388
0.23540965718601642
0.23474539990377893
0.2340819392211546
0.23341928943832735
0.23275746474865627
0.23209647923729224
0.2314363468798279
0.2307770815409796
0.23011869697330456
0.22946120681594873
0.2288046245934297
0.22814896371445342
0.22749423747076233
0.2268404590360205
0.22618764146472903
0.22553579769117776
0.22488494052842994
0.2242350826673402
0.22358623667560704
0.22293841499685887
0.2222916299497741
0.22164589372723414
0.22100121839551104
0.22035761589348807
0.2197150980319142
0.21907367649269144
0.21843336282819636
0.21779416846063346
0.21715610468142343
0.21651918265062214
0.2158834133963739
0.2152488078143968
0.21461537666749986
0.2139831305851331
0.21335208006296963
0.21272223546251828
0.21209360701076874
0.211466204799868
0.2108400387868271
0.21021511879325894
0.20959145450514702
0.2089690554726434
0.2083479311098974
0.20772809069491288
0.20710954336943677
0.2064922981388733
0.20587636387223118
0.20526174930209456
0.20464846302462597
0.20403651349959348
0.203425909050428
0.20281665786430603
0.20220876799225873
0.2016022473493083
0.20099710371462923
0.20039334473173542
0.19979097790869327
0.19919001061835684
0.19859045009863052
0.19799230345275387
0.19739557764960902
0.1968002795240542
0.19620641577727735
0.195613992977172
0.1950230175587376
0.19443349582449804
0.1938454339449442
0.19325883795899468
0.1926737137744784
0.19209006716863675
0.19150790378864407
0.19092722915214883
0.1903480486478318
0.18977036753598317
0.18919419094909767
0.1886195238924861
0.18804637124490417
0.18747473775919826
0.18690462806296632
0.18633604665923542
0.18576899792715318
0.1852034861226953
0.18463951537938722
0.18407708970903816
0.18351621300249157
0.18295688903038632
0.18239912144393142
0.18184291377569314
0.18128826944039467
0.18073519173572572
0.18018368384316472
0.17963374882881128
0.1790853896442287
0.17853860912729738
0.17799341000307628
0.17744979488467483
0.17690776627413388
0.1763673265633131
0.17582847803478985
0.17529122286276197
0.1747555631139609
0.17422150074857
0.17368903762115095
0.17315817548157478
0.1726289159759606
0.1721012606476183
0.17157521093799816
0.17105076818764361
0.17052793363715085
0.1700067084281302
0.1694870936041733
0.1689690901118238
0.16845269880155023
0.16793792042872335
0.1674247556545949
0.16691320504728047
0.16640326908274283
0.16589494814577813
0.16538824253100387
0.16488315244384721
0.16437967800153536
0.16387781923408634
0.1633775760853006
0.16287894841375194
0.16238193599378004
0.16188653851648138
0.16139275559070038
0.16090058674402025
0.1604100314237516
0.15992108899792154
0.15943375875626037
0.15894803991118672
0.15846393159879185
0.1579814328798207
0.15750054274065162
0.15702126009427367
0.1565435837812606
0.15606751257074364
0.15559304516137906
0.15512018018231533
0.15464891619415413
0.15417925168991098
0.1537111850959692
0.15324471477303264
0.15277983901707268
0.15231655606027242
0.15185486407196574
0.15139476115957304
0.15093624536953112
0.15047931468821912
0.15002396704288085
0.1495702003025402
0.14911801227891266
0.1486674007273117
0.14821836334755004
0.14777089778483513
0.1473250016306599
0.14688067242368671
0.14643790765062736
0.14599670474711646
0.14555706109857827
0.14511897404108975
0.14468244086223592
0.14424745880195877
0.1438140250534018
0.143382136763748
0.14295179103504968
0.14252298492505489
0.14209571544802455
0.1416699795755456
0.14124577423733636
0.14082309632204534
0.14040194267804418
0.13998231011421336
0.13956419540072118
0.1391475952697967
0.13873250641649504
0.13831892549945707
0.13790684914166076
0.1374962739311667
0.13708719642185732
0.13667961313416777
0.13627352055581052
0.1358689151424936
0.13546579331863112
0.13506415147804698
0.13466398598467277
0.13426529317323618
0.13386806934994505
0.13347231079316274
0.1330780137540779
0.13268517445736536
0.13229378910184184
0.1319038538611142
0.13151536488421983
0.13112831829626076
0.13074271019903194
0.13035853667163907
0.1299757937711144
0.12959447753302117
0.12921458397205396
0.1288361090826307
0.12845904883947828
0.12808339919821154
0.127709156095905
0.1273363154516582
0.12696487316715332
0.12659482512720752
0.12622616720031718
0.12585889523919624
0.12549300508130753
0.1251284925493873
0.12476535345196357
0.12440358358386758
0.12404317872673874
0.12368413464952253
0.12332644710896387
0.12297011185009074
0.1226151246066944
0.12226148110180163
0.12190917704814172
0.12155820814860502
0.12120857009669819
0.12086025857699051
0.12051326926555644
0.12016759783040926
0.11982323993193147
0.11948019122329706
0.11913844735088847
0.11879800395470813
0.11845885666878256
0.11812100112156232
0.11778443293631533
0.11744914773151363
0.11711514112121593
0.11678240871544318
0.11645094612054915
0.11612074893958503
0.11579181277265882
0.11546413321728861
0.11513770586875163
0.11481252632042577
0.11448859016412777
0.11416589299044533
0.11384443038906308
0.11352419794908505
0.11320519125935055
0.11288740590874512
0.11257083748650687
0.11225548158252782
0.11194133378764912
0.11162838969395315
0.1113166448950488
0.11100609498635386
0.11069673556537016
0.11038856223195682
0.11008157058859633
0.10977575624065758
0.10947111479665309
0.10916764186849315
0.10886533307173385
0.10856418402582113
0.10826419035433194
0.10796534768520806
0.10766765165098913
0.10737109788903783
0.1070756820417636
0.10678139975684098
0.10648824668742404
0.10619621849235639
0.1059053108363778
0.10561551939032648
0.10532683983133692
0.10503926784303527
0.10475279911572888
0.10446742934659393
0.10418315423985818
0.10389996950698027
0.10361787086682511
0.10333685404583645
0.10305691477820522
0.10277804880603378
0.10250025187949853
0.1022235197570068
0.10194784820535219
0.10167323299986522
0.10139966992456156
0.10112715477228683
0.10085568334485741
0.1005852514531991
0.10031585491748235
0.10004748956725384
0.09978015124156508
0.09951383578909923
0.09924853906829312
0.09898425694745751
0.09872098530489402
0.09845872002900953
0.09819745701842704
0.0979371921820948
0.09767792143939148
0.09741964072023018
0.09716234596515766
0.09690603312545287
0.09665069816322239
0.09639633705149181
0.09614294577429768
0.09589052032677316
0.09563905671523476
0.09538855095726416
0.09513899908178872
0.09489039712915975
0.09464274115122824
0.09439602721141752
0.09415025138479555
0.09390540975814321
0.09366149843002092
0.09341851351083391
0.09317645112289408
0.09293530740048105
0.09269507848990007
0.09245576054953875
0.09221734974992107
0.09197984227376013
0.09174323431600885
0.09150752208390775
0.09127270179703265
0.0910387696873392
0.09080572199920592
0.0905735549894755
0.09034226492749478
0.09011184809515198
0.08988230078691331
0.08965361930985745
0.08942579998370864
0.08919883914086695
0.0889727331264393
0.08874747829826657
0.08852307102695091
0.0882995076958802
0.08807678470125176
0.08785489845209493
0.08763384537029148
0.08741362189059473
0.08719422446064783
0.08697564954100036
0.08675789360512287
0.0865409531394218
0.08632482464325135
0.08610950462892496
0.08589498962172622
0.08568127615991641
0.08546836079474328
0.08525624009044735
0.08504491062426683
0.08483436898644259
0.08462461178022032
0.08441563562185374
0.08420743714060458
0.08400001297874271
0.08379335979154548
0.08358747424729492
0.08338235302727517
0.08317799282576782
0.08297439035004714
0.08277154232037424
0.08256944546998973
0.08236809654510609
0.08216749230489903
0.08196762952149787
0.08176850497997455
0.0815701154783335
0.08137245782749836
0.0811755288512998
0.08097932538646191
0.08078384428258699
0.0805890824021412
0.08039503662043805
0.08020170382562233
0.08000908091865216
0.07981716481328119
0.0796259524360398
0.07943544072621617
0.07924562663583522
0.07905650712963903
0.07886807918506507
0.07868033979222419
0.07849328595387806
0.07830691468541677
0.07812122301483466
0.0779362079827057
0.07775186664215974
0.0775681960588569
0.07738519331096136
0.0772028554891156
0.07702117969641324
0.07684016304837231
0.07665980267290728
0.07648009571030036
0.07630103931317393
0.0761226306464607
0.07594486688737453
0.07576774522538035
0.07559126286216433
0.07541541701160259
0.07524020489973061
0.07506562376471179
0.07489167085680504
0.07471834343833345
0.0745456387836515
0.0743735541791122
0.07420208692303357
0.07403123432566597
0.07386099370915794
0.07369136240752189
0.07352233776659996
0.07335391714402986
0.07318609790920919
0.07301887744326072
0.07285225313899699
0.0726862224008845
0.072520782645008
0.0723559312990341
0.07219166580217515
0.07202798360515257
0.07186488217016021
0.0717023589708273
0.071540411492181
0.07137903723060948
0.07121823369382452
0.071057998400823
0.07089832888184976
0.07073922267835944
0.07058067734297813
0.07042269043946488
0.07026525954267382
0.07010838223851516
0.0699520561239164
0.06979627880678321
0.06964104790596153
0.06948636105119713
0.0693322158830974
0.06917861005309164
0.06902554122339155
0.0688730070669524
0.06872100526743238
0.068569533519154
0.06841858952706402
0.06826817100669338
0.0681182756841177
0.06796890129591723
0.06782004558913698
0.06767170632124651
0.06752388126010017
0.06737656818389649
0.06722976488113877
0.0670834691505941
0.06693767880125395
0.06679239165229348
0.06664760553303078
0.06650331828288802
0.0663595277513498
0.06621623179792348
0.06607342829209889
0.06593111511330788
0.06578929015088396
0.06564795130402222
0.06550709648173897
0.06536672360283127
0.06522683059583695
0.06508741539899413
0.06494847596020131
0.06481001023697662
0.06467201619641844
0.06453449181516432
0.06439743507935164
0.06426084398457735
0.06412471653585758
0.06398905074758793
0.06385384464350363
0.06371909625663932
0.06358480362928948
0.06345096481296833
0.06331757786837046
0.06318464086533075
0.06305215188278482
0.06292010900872971
0.06278851034018398
0.06265735398314864
0.06252663805256736
0.06239636067228738
0.06226651997502041
0.062137114102303215
0.06200814120445837
0.06187959944055561
0.06175148697837275
0.0616238019943566
0.0614965426735849
0.061369707209726204
0.061243293805003075
0.06111730067015181
0.060991726024385504
0.060866568095354595
0.06074182511910915
0.060617495340060515
0.060493577010943544
0.06037006839277792
0.06024696775483113
0.06012427337458022
0.06000198353767398
0.05988009653789588
0.059758610677126
0.059637524265304095
0.05951683562039205
0.0593965430683369
0.05927664494303367
0.05915713958628846
0.059038025347781645
0.05891930058503092
0.058800963663354855
0.05868301295583675
0.058565446843287225
0.05844826371420908
0.058331461964760356
0.058215039998718396
0.058098996227444466
0.05798332906984702
0.057868036952346796
0.05775311830884064
0.05763857158066648
0.05752439521656755
0.057410587672657575
0.05729714741238545
0.05718407290649999
0.05707136263301557
0.05695901507717697
0.056847028731425026
0.05673540209536191
0.05662413367571689
0.0565132219863118
0.056402665548027406
0.05629246288876888
0.056182612543432264
0.05607311305387047
0.055963962968859984
0.055855160844066776
0.055746705242013535
0.05563859473204605
0.055530827890300304
0.05542340329966919
0.05531631954976983
0.055209575236910904
0.05510316896405981
0.054997099340810304
0.054891364983350135
0.05478596451442884
0.0546808965633256
0.05457615976581717
0.05447175276414623
0.05436767420698944
0.05426392274942597
0.05416049705290617
0.054057395785219974
0.05395461762046584
0.05385216123901989
0.05375002532750438
0.05364820857875742
0.053546709691802155
0.05344552737181607
0.05334466033010078
0.05324410728405145
0.05314386695712694
0.053043938078819505
0.05294431938462503
0.05284500961601332
0.052746007520398125
0.05264731185110798
0.052548921367356685
0.052450834834213714
0.05235305102257584
0.05225556870913736
0.052158386676361454
0.05206150371245185
0.051964918611323394
0.051868630172574176
0.05177263720145717
0.05167693850885156
0.051581532911234754
0.051486419230654834
0.05139159629470223
0.051297062936481896
0.051202817994586286
0.0511088603130672
0.051015188741408805
0.05092180213450055
0.05082869935260943
0.05073587926135367
0.05064334073167559
0.05055108263981486
0.050459103867281745
0.050367403300831046
0.050275979832435494
0.05018483235925919
0.0500939597836321
0.05000336101302364
0.049913034960016894
