0.5030749413080419
0.5268655275637544
0.525985748521333
0.5253698651140705
0.5249757099495437
0.5247112847525072
0.5245231861266306
0.5243803154827188
0.5242644109732693
0.5241646602915583
0.5240746080736006
0.5239903657481964
0.5239095675715313
0.5238307577029934
0.5237530280835662
0.5236758031763816
0.523598711200077
0.5235215065761826
0.5234440228632113
0.5233661439402277
0.5232877861817317
0.5232088872988793
0.52312939925709
0.5230492837104851
0.5229685090079892
0.5228870481939057
0.5228048776472695
0.5227219761383993
0.5226383241628623
0.5225539034633717
0.5224686966814023
0.5223826870999714
0.5222958584515814
0.5222081947734455
0.5221196802974867
0.5220302993662005
0.5219400363679318
0.5218488756868492
0.5217568016641045
0.5216637985675545
0.5215698505680653
0.5214749417208905
0.521379055950973
0.5212821770412943
0.5211842886235877
0.5210853741708996
0.5209854169915938
0.5208844002244889
0.5207823068348921
0.5206791196113401
0.5205748211629107
0.5204693939169897
0.5203628201174135
0.5202550818229221
0.5201461609058716
0.5200360390511729
0.519924697755425
0.5198121183262276
0.5196982818816527
0.5195831693498697
0.5194667614689151
0.5193490387866038
0.519229981660578
0.5191095702584995
0.5189877845583784
0.5188646043490494
0.5187400092307919
0.5186139786161041
0.5184864917306317
0.5183575276142581
0.5182270651223655
0.518095082927265
0.5179615595198125
0.51782647321121
0.5176898021350037
0.5175515242492847
0.5174116173391019
0.5172700590190947
0.5171268267363542
0.5169818977735217
0.5168352492521351
0.5166868581362298
0.516536701236207
0.5163847552129773
0.5162309965823907
0.5160754017199619
0.5159179468659053
0.5157586081304852
0.5155973614996977
0.5154341828412895
0.5152690479111333
0.515101932359961
0.514932811740477
0.5147616615148534
0.5145884570626288
0.5144131736890132
0.5142357866336191
0.5140562710796246
0.5138746021633858
0.5136907549845041
0.5135047046163677
0.513316426117172
0.513125894541436
0.5129330849520193
0.5127379724326596
0.5125405321010317
0.512340739122344
0.5121385687234813
0.5119339962076991
0.5117269969698837
0.5115175465123795
0.511305620461394
0.5110911945839844
0.5108742448056316
0.5106547472284031
0.5104326781497095
0.5102080140816518
0.5099807317709634
0.5097508082195386
0.5095182207055481
0.5092829468051335
0.5090449644146702
0.5088042517735923
0.5085607874877623
0.5083145505533736
0.5080655203813632
0.5078136768223183
0.5075590001918463
0.5073014712963883
0.5070410714594358
0.5067777825481239
0.5065115870001582
0.5062424678510337
0.5059704087614998
0.5056953940452199
0.5054174086965717
0.5051364384185253
0.5048524696505403
0.504565489596406
0.5042754862519564
0.5039824484325767
0.5036863658004208
0.5033872288912498
0.5030850291407938
0.5027797589105455
0.5024714115128743
0.5021599812353564
0.5018454633642062
0.5015278542066915
0.5012071511124095
0.5008833524932977
0.5005564578422504
0.5002264677502072
0.4998933839215758
0.4995572091878543
0.4992179475193084
0.49887560403456604
0.49853018500798363
0.4981816978746456
0.4978301512328539
0.49747555484397044
0.4971179196294758
0.4967572576651119
0.4963935821719824
0.4960269075044893
0.495657249134992
0.49528462363508374
0.49490904865339064
0.49453054288980614
0.4941491260660935
0.4937648188927934
0.49337764303239556
0.4929876210587483
0.4925947764126946
0.4921991333539462
0.4918007169092257
0.4913995528167279
0.4909956674669754
0.49058908784016386
0.49017984144012317
0.48976795622503666
0.48935346053509726
0.48893638301729436
0.4885167525475623
0.48809459815053896
0.4876699489172154
0.4872428339207808
0.4868132821309925
0.4863813223274261
0.4859469830119807
0.48551029232104287
0.4850712779377241
0.4846299670046116
0.4841863860374827
0.48374056084045114
0.4832925164230176
0.48284227691951115
0.48238986551140234
0.4819353043529802
0.4814786145008708
0.48101981584787507
0.4805589270615885
0.4800959655282488
0.4796309473022412
0.4791638870616628
0.47869479807032206
0.4782236921465152
0.477750579638887
0.47727546940964233
0.476798368825331
0.4763192837553838
0.47583821857852737
0.4753551761971533
0.4748701580596649
0.47438316419076815
0.47389419322961995
0.47340324247568827
0.4729103079421223
0.47241538441637815
0.4719184655277885
0.4714195438217127
0.4709186108398568
0.47041565720630213
0.46991067271873965
0.46940364644437116
0.46889456681989605
0.4683834217549807
0.46787019873857727
0.46735488494744243
0.46683746735619125
0.4663179328482136
0.46579626832678267
0.46527246082568174
0.4647464976186936
0.4642183663273062
0.46368805502601224
0.4631555523446079
0.4626208475669214
0.46208393072544457
0.46154479269137516
0.4610034252596228
0.46045982122837525
0.45991397447287247
0.45936588001308537
0.45881553407504505
0.4582629341456247
0.4577080790206252
0.457150968846067
0.4565916051526478
0.4560299908833638
0.45546613041435463
0.4549000295690622
0.4543316956258498
0.45376113731925827
0.45318836483511904
0.4526133897997724
0.45203622526367354
0.45145688567968956
0.45087538687642104
0.4502917460268887
0.4497059816129541
0.44911811338584184
0.4485281623231474
0.4479361505827142
0.44734210145376424
0.44674603930566936
0.4461479895347371
0.44554797850938666
0.44494603351406975
0.44434218269229236
0.4437364549890655
0.4431288800931069
0.44251948837909616
0.44190831085026394
0.44129537908158484
0.4406807251638131
0.4400643816485926
0.43944638149483867
0.4388267580165829
0.438205544832441
0.43758277581684585
0.43695848505317697
0.4363327067888847
0.4357054753927001
0.43507682531400005
0.4344467910443776
0.43381540708145905
0.433182707894984
0.4325487278951621
0.4319135014032973
0.43127706262466414
0.4306394456236085
0.43000068430083366
0.4293608123728282
0.428719863353374
0.42807787053708085
0.4274348669848743
0.4267908855113629
0.426145958674011
0.42550011876403276
0.42485339779892334
0.4242058275165419
0.4235574393706564
0.42290826452786334
0.4222583338657916
0.4216076779725002
0.4209563271469841
0.4203043114006967
0.4196516604600044
0.418998403769491
0.41834457049602225
0.4176901895334982
0.41703528950820934
0.4163798987847249
0.4157240454722387
0.4150677574313034
0.4144110622808887
0.41375398740569636
0.4130965599636759
0.4124388068936812
0.41178075492321653
0.4111224305762188
0.41046386018083264
0.4098050698771301
0.40914608562473775
0.4084869332103307
0.4078276382549599
0.40716822622118176
0.4065087224199583
0.40584915201730415
0.40518954004065705
0.4045299113849473
0.4038702908183526
0.40321070298771783
0.40255117242362937
0.4018917235451288
0.4012323806640602
0.4005731679890394
0.3999141096290438
0.39925522959661364
0.3985965518106671
0.39793810009892616
0.39727989819995235
0.39662196976479924
0.39596433835827877
0.395307027459851
0.39465006046414086
0.393993460681087
0.39333725133573383
0.3926814555676723
0.392026096430139
0.39137119688878413
0.39071677982011954
0.3900628680096547
0.38940948414973786
0.38875665083710714
0.3881043905701701
0.3874527257460219
0.386801678657214
0.38615127148828954
0.3855015263120949
0.3848524650858851
0.38420410964723256
0.38355648170975637
0.3829096028586827
0.3822634945462507
0.3816181780869802
0.3809736746528086
0.38033000526811694
0.37968719080465185
0.37904525197636196
0.3784042093341554
0.3777640832605982
0.37712489396455645
0.37648666147580384
0.37584940563959685
0.3752131461112369
0.3745779023506241
0.37394369361681656
0.37331053896260424
0.37267845722910775
0.3720474670404103
0.37141758679823306
0.37078883467666157
0.37016122861693357
0.36953478632229136
0.36890952525291215
0.36828546262091894
0.3676626153854796
0.3670410002480021
0.3664206336474297
0.36580153175564056
0.365183710472961
0.3645671854237919
0.3639519719523561
0.3633380851185682
0.3627255396940314
0.3621143501581646
0.36150453069446137
0.36089609518688304
0.3602890572163895
0.3596834300576067
0.3590792266756349
0.35847645972299425
0.3578751415367147
0.3572752841355621
0.35667689921740975
0.35607999815674596
0.3554845920023229
0.35489069147494373
0.3542983069653871
0.3537074485324659
0.35311812590122116
0.35253034846124676
0.3519441252651438
0.35135946502710236
0.35077637612160584
0.3501948665822575
0.3496149441007263
0.34903661602580394
0.34845988936257644
0.3478847707717021
0.34731126656879213
0.3467393827238924
0.346169124861059
0.34560049825802713
0.3450335078459655
0.344468158209313
0.34390445358569244
0.3433423978658995
0.3427819945939578
0.3422232469672364
0.341666157836628
0.34111072970677797
0.34055696473636143
0.34000486473840374
0.33945443118063817
0.33890566518589366
0.33835856753251115
0.33781313865477974
0.3372693786433883
0.33672728724588635
0.33618686386714963
0.33564810756984476
0.3351110170748841
0.33457559076186977
0.33404182666951854
0.33350972249606026
0.33297927559960744
0.33245048299848723
0.33192334137153046
0.3313978470583137
0.3308739960593444
0.33035178403618726
0.32983120631152146
0.32931225786912743
0.32879493335379245
0.32827922707113044
0.3277651329873103
0.32725264472868665
0.32674175558132357
0.3262324584904086
0.32572474605954777
0.3252186105499355
0.32471404387939445
0.32421103762127496
0.3237095830032095
0.3232096709057149
0.3227112918606364
0.32221443604941974
0.3217190933012146
0.3212252530907916
0.3207329045362715
0.3202420363966569
0.3197526370691563
0.3192646945862964
0.31877819661281115
0.31829313044230023
0.3178094829936475
0.3173272408071909
0.3168463900406368
0.31636691646470333
0.31588880545848974
0.31541204200455997
0.3149366106837263
0.3144624956695282
0.31398968072239325
0.31351814918346754
0.313047883968107
0.31257886755901926
0.31211108199903514
0.3116445088835118
0.3111791293523423
0.3107149240815642
0.31025187327455495
0.30978995665279485
0.3093291534461917
0.30886944238294184
0.3084108016789239
0.3079532090266005
0.3074966415834179
0.307041075959684
0.30658648820590956
0.30613285379959543
0.3056801476314463
0.30522834399099413
0.30477741655161433
0.3043273383549112
0.3038780817944573
0.30342961859886397
0.302981919814164
0.30253495578548584
0.302088696137995
0.3016431097570868
0.3011981647678007
0.30075382851344107
0.30031006753337747
0.299866847540002
0.2994241333948231
0.29898188908366746
0.29854007769097324
0.29809866137314517
0.29765760133095354
0.2972168577809486
0.29677638992587374
0.2963361559240504
0.2958961128577149
0.2954562167002881
0.29501642228255387
0.29457668325773306
0.2941369520654314
0.2936971798944471
0.293257316644427
0.2928173108863567
0.2923771098218773
0.291936659241426
0.2914959034811924
0.29105478537890017
0.29061324622841567
0.29017122573319654
0.2897286619585974
0.28928549128306014
0.2888416483482136
0.2883970660079283
0.2879516752763735
0.2875054052751305
0.28705818317943943
0.2866099341636558
0.2861605813460158
0.2857100457328217
0.2852582461621705
0.28480509924738096
0.2843505193202748
0.28389441837450713
0.2834367060091569
0.2829772893728142
0.2825160731084329
0.2820529592992474
0.2815878474160849
0.2811206342664417
0.28065121394573167
0.28017947779115954
0.2797053143387149
0.27922860928383025
0.27874924544630847
0.2782671027401686
0.2777820581491296
0.27729398570850816
0.27680275649437874
0.27630823862091064
0.2758102972468775
0.2753087945924024
0.27480358996709164
0.27429453981078966
0.2737814977482701
0.2732643146592685
0.27274283876534905
0.27221691573518136
0.2716863888098909
0.27115109895023304
0.270610885007411
0.2700655839194386
0.26951503093500717
0.2689590598668713
0.2683975033768114
0.2678301932942472
0.2672569609705892
0.2666776376713933
0.2660920550083331
0.26550004541293853
0.26490144265392207
0.26429608239977836
0.26368380282812626
0.26306444528303075
0.26243785498123107
0.2618038817678399
0.26116238092165933
0.2605132140097644
0.25985624979044203
0.25919136516294766
0.2585184461618314
0.25783738899281505
0.2571481011063564
0.256450502304131
0.255744525872705
0.25503011973765816
0.25430724763038587
0.2535758902587447
0.2528360464716579
0.25208773440676907
0.25133099260925096
0.25056588110897604
0.2497924824424617
0.24901090260535547
0.2482212719207278
0.24742374580818033
0.24661850543871833
0.24580575826056614
0.24498573838159898
0.24415870679489635
0.24332495143503807
0.24248478705423074
0.24163855490912953
0.2407866222512992
0.23992938161662575
0.2390672499115891
0.2382006672971294
0.237330095873767
0.23645601817469183
0.2355789354765527
0.23469936594066512
0.23381784260018942
0.2329349112114324
0.23205112798976762
0.23116705725263623
0.23028326899364837
0.2294003364129311
0.22851883342948326
0.22763933220143262
0.2267624006797287
0.2258886002199339
0.2250184832754918
0.2241525911941056
0.22329145213680734
0.2224355791369112
0.22158546831344417
0.22074159725091083
0.2199044235543947
0.21907438358617345
0.2182518913872289
0.2174373377843672
0.21663108968116834
0.2158334895286888
0.2150448549698158
0.21426547864938617
0.21349562818070764
0.2127355462579225
0.21198545090273566
0.2112455358334013
0.21051597094348098
0.20979690287774475
0.20908845569266182
0.20839073158918658
0.20770381170596205
0.20702775696160858
0.20636260893542002
0.20570839077651779
0.20506510813228895
0.20443275008775247
0.20381129010832805
0.20320068697929017
0.2026008857360114
0.20201181857986253
0.20143340577538021
0.20086555652500718
0.2003081698183502
0.1997611352535014
0.19922433382849858
0.19869763870149446
0.19818091591863618
0.19767402510903287
0.19717682014653806
0.19668914977834667
0.1962108582206683
0.19574178572193512
0.19528176909418776
0.19483064221340785
0.19438823648970047
0.19395438130829454
0.19352890444241197
0.1931116324390927
0.19270239097909417
0.19230100521200477
0.191907300067702
0.19152110054529164
0.19114223198064173
0.19077052029360209
0.19040579221598225
0.19004787550131594
0.18969659911741743
0.18935179342269276
0.1890132903271308
0.1886809234388624
0.1883545281971364
0.18803394199251974
0.1877190042750946
0.18740955665138423
0.18710544297070494
0.18680650940160315
0.18651260449900703
0.18622357926268313
0.1859392871875649
0.18565958430647742
0.18538432922577147
0.18511338315433562
0.18484660992643862
0.1845838760188307
0.1843250505625009
0.1840700053494759
0.18381861483501594
0.1835707561355498
0.18332630902266864
0.18308515591348107
0.1828471818576204
0.1826122745211664
0.18238032416774594
0.18215122363704433
0.18192486832096838
0.18170115613765636
0.18147998750355854
0.18126126530376124
0.18104489486074668
0.18083078390175042
0.18061884252487898
0.1804089831641356
0.1802011205534949
0.1799951716901607
0.17979105579712532
0.17958869428515192
0.17938801071428337
0.17918893075498066
0.17899138214898577
0.17879529466999375
0.17860060008421827
0.17840723211092513
0.17821512638300088
0.17802422040762675
0.177834453527111
0.1776457668799391
0.17745810336208667
0.17727140758864707
0.1770856258558087
0.17690070610322384
0.1767165978767999
0.17653325229194639
0.1763506219973005
0.17616866113896099
0.17598732532524447
0.1758065715919878
0.17562635836841087
0.175446645443549
0.1752673939332745
0.17508856624790747
0.17491012606042722
0.17473203827529035
0.17455426899785648
0.1743767855044244
0.17419955621288005
0.17402255065395483
0.17384573944309228
0.1736690942529204
0.1734925877863247
0.17331619375011748
0.17313988682930048
0.17296364266190534
0.17278743781441894
0.1726112497577716
0.17243505684388813
0.17225883828279243
0.17208257412025238
0.1719062452159607
0.17172983322223884
0.17155332056325234
0.17137669041473533
0.17119992668420256
0.17102301399164838
0.17084593765071598
0.1706686836503308
0.17049123863678312
0.17031358989625428
0.1701357253377707
0.16995763347658002
0.1697793034179365
0.16960072484128622
0.16942188798484145
0.16924278363053444
0.16906340308934298
0.1688837381869717
0.16870378124989002
0.16852352509170562
0.16834296299987497
0.16816208872273194
0.16798089645683634
0.1677993808346241
0.16761753691235687
0.1674353601583604
0.1672528464415448
0.16706999202019812
0.16688679353104496
0.16670324797856534
0.16651935272456403
0.16633510547798352
0.16615050428495792
0.1659655475190928
0.16578023387197513
0.16559456234389727
0.1654085322347959
0.16522214313539713
0.16503539491856198
0.16484828773082735
0.16466082198413765
0.1644729983477602
0.16428481774038148
0.1640962813223783
0.16390739048825992
0.16371814685927352
0.1635285522761738
0.16333860879214937
0.16314831866590043
0.16295768435486735
0.16276670850860345
0.1625753939622893
0.16238374373038658
0.1621917610004231
0.16199944912691183
0.16180681162539598
0.16161385216661955
0.1614205745708194
0.1612269828021354
0.16103308096313668
0.16083887328946106
0.16064436414456454
0.16044955801457889
0.16025445950327502
0.16005907332712754
0.1598634043104829
0.15966745738082164
0.15947123756412201
0.1592747499803137
0.15907799983882454
0.15888099243421935
0.1586837331419248
0.15848622741404136
0.15828848077523944
0.1580904988187418
0.15789228720238102
0.15769385164474423
0.1574951979213898
0.15729633186114328
0.15709725934247148
0.15689798628992435
0.1566985186706554
0.15649886249101097
0.15629902379318764
0.15609900865196455
0.1558988231714964
0.15569847348217836
0.15549796573757443
0.15529730611141018
0.15509650079463116
0.15489555599252142
0.15469447792188512
0.15449327280828948
0.15429194688336553
0.15409050638217164
0.15388895754061194
0.15368730659291363
0.15348555976916275
0.15328372329289228
0.15308180337873073
0.1528798062301004
0.15267773803697374
0.15247560497368115
0.1522734131967726
0.15207116884293082
0.15186887802693763
0.15166654683968875
0.15146418134626408
0.15126178758404307
0.15105937156087257
0.1508569392532848
0.15065449660476093
0.15045204952404556
0.15024960388350983
0.15004716551755837
0.14984474022108682
0.14964233374798494
0.14943995180968453
0.14923760007375692
0.14903528416255066
0.14883300965187857
0.14863078206974906
0.14842860689513943
0.1482264895568148
0.1480244354321925
0.1478224498462453
0.14762053807045206
0.14741870532178816
0.14721695676175933
0.14701529749547754
0.14681373257077757
0.14661226697737684
0.14641090564607157
0.1462096534479793
0.14600851519381713
0.1458074956332217
0.1456065994541087
0.14540583128206952
0.1452051956798095
0.14500469714662126
0.14480434011789925
0.14460412896468847
0.1444040679932726
0.1442041614447982
0.14400441349493492
0.143804828253572
0.14360540976454958
0.14340616200542547
0.1432070888872774
0.14300819425453629
0.1428094818848578
0.1426109554890218
0.14241261871086977
0.14221447512727034
0.14201652824811806
0.14181878151636498
0.1416212383080796
0.1414239019325387
0.14122677563234792
0.14102986258359088
0.14083316589600783
0.14063668861320197
0.1404404337128738
0.1402444041070794
0.14004860264252056
0.13985303210085406
0.1396576951990327
0.13946259458966406
0.13926773286139965
0.1390731125393419
0.13887873608547777
0.1386846058991321
0.13849072431744217
0.1382970936158568
0.13810371600864868
0.13791059364945277
0.13771772863181986
0.13752512298978858
0.13733277869847785
0.13714069767469073
0.1369488817775382
0.1367573328090801
0.13656605251497428
0.13637504258514782
0.13618430465447456
0.1359938403034708
0.13580365105900008
0.13561373839498939
0.13542410373315872
0.1352347484437577
0.13504567384631144
0.1348568812103799
0.13466837175631785
0.1344801466560485
0.13429220703384226
0.13410455396709794
0.13391718848713563
0.1337301115799886
0.13354332418720302
0.13335682720664074
0.13317062149328174
0.13298470786003472
0.13279908707854393
0.13261375988000096
0.1324287269559536
0.13224398895911665
0.13205954650418486
0.13187540016863772
0.13169155049355016
0.13150799798439425
0.1313247431118445
0.13114178631257334
0.1309591279900509
0.13077676851532974
0.13059470822783692
0.13041294743615037
0.13023148641877727
0.13005032542492098
0.12986946467524524
0.1296889043626301
0.1295086446529183
0.1293286856856584
0.1291490275748375
0.12896967040960425
0.12879061425498603
0.12861185915259538
0.12843340512132634
0.1282552521580441
0.12807740023826153
0.1278998493168079
0.12772259932848637
0.12754565018872016
0.12736900179418953
0.12719265402345545
0.1270166067375755
0.1268408597807047
0.12666541298068834
0.1264902661496386
0.1263154190845065
0.12614087156763168
0.12596662336729372
0.12579267423823776
0.1256190239221971
0.1254456721484005
0.12527261863406802
0.12509986308489196
0.1249274051955112
0.12475524464996837
0.12458338112215496
0.12441181427624863
0.124240543767133
0.12406956924081056
0.1238988903347971
0.1237285066785116
0.12355841789364758
0.12338862359453755
0.12321912338850365
0.1230499168761951
0.12288100365191854
0.12271238330395298
0.1225440554148541
0.12237601956175123
0.12220827531662828
0.12204082224659668
0.12187365991415877
0.12170678787745702
0.12154020569051718
0.12137391290347979
0.12120790906281859
0.12104219371155675
0.12087676638946523
0.12071162663325914
0.12054677397677802
0.12038220795116361
0.12021792808502599
0.12005393390460038
0.11989022493389839
0.11972680069484865
0.11956366070743217
0.11940080448980707
0.11923823155842905
0.11907594142816419
0.11891393361239073
0.1187522076231026
0.11859076297099679
0.11842959916556267
0.11826871571515994
0.11810811212709396
0.11794778790768269
0.11778774256232298
0.11762797559554447
0.11746848651106681
0.11730927481184622
0.11715034000012037
0.11699168157744766
0.11683329904474281
0.11667519190231082
0.11651735964987174
0.11635980178658877
0.11620251781108865
0.11604550722147951
0.11588876951536692
0.11573230418986868
0.11557611074162087
0.11542018866678952
0.11526453746107601
0.11510915661971854
0.114954045637497
0.11479920400873095
0.1146446312272789
0.11449032678653631
0.11433629017943128
0.11418252089841799
0.11402901843547249
0.11387578228208427
0.11372281192924939
0.11357010686746206
0.11341766658670531
0.11326549057644188
0.11311357832560441
0.11296192932258659
0.11281054305523247
0.11265941901082711
0.11250855667608804
0.11235795553715243
0.11220761507957179
0.11205753478830002
0.11190771414768773
0.11175815264147125
0.11160884975276723
0.11145980496406696
0.11131101775722636
0.11116248761346327
0.11101421401335407
0.11086619643682635
0.11071843436315827
0.11057092727097684
0.1104236746382537
0.11027667594230933
0.11012993065981047
0.1099834382667731
0.10983719823856565
0.10969121004991102
0.10954547317489537
0.10939998708696874
0.10925475125895823
0.10910976516307087
0.10896502827090575
0.10882054005346574
0.10867629998116408
0.108532307523843
0.10838856215078303
0.10824506333072001
0.10810181053186066
0.10795880322189992
0.10781604086803795
0.10767352293699885
0.10753124889505429
0.10738921820804097
0.1072474303413839
0.10710588476012127
0.10696458092892555
0.10682351831213151
0.10668269637376067
0.1065421145775493
0.10640177238697487
0.10626166926528491
0.10612180467552851
0.10598217808058372
0.10584278894319102
0.10570363672598358
0.1055647208915196
0.10542604090231798
0.10528759622088844
0.10514938630976864
0.105011410631559
0.1048736686489563
0.10473615982479277
0.10459888362207068
0.104461839504
0.10432502693403573
0.10418844537591604
0.10405209429370113
0.10391597315181125
0.10378008141506545
0.10364441854872124
0.10350898401851481
0.10337377729069824
0.10323879783208333
0.10310404511007815
0.10296951859272893
0.10283521774875962
0.10270114204761414
0.10256729095949371
0.10243366395540021
0.10230026050717393
0.10216708008753707
0.10203412217013137
0.1019013862295589
0.10176887174142411
0.10163657818237039
0.10150450503012425
0.10137265176352976
0.101241017862592
0.10110960280851614
0.10097840608374206
0.10084742717198836
0.1007166655582879
0.1005861207290257
0.10045579217197675
0.1003256793763451
0.10019578183279668
0.1000660990335018
0.09993663047216442
0.0998073756440636
0.09967833404608539
0.09954950517675787
0.0994208885362878
0.09929248362658988
0.09916428995132537
0.09903630701593052
0.09890853432765043
0.09878097139557139
0.09865361773064994
0.09852647284574632
0.09839953625565119
0.09827280747711657
0.09814628602888538
0.09801997143171738
0.09789386320841904
0.09776796088386877
0.0976422639850435
0.0975167720410457
0.09739148458312524
0.09726640114470805
0.09714152126141516
0.09701684447108942
0.09689237031381588
0.09676809833194334
0.09664402807010714
0.09652015907524748
0.09639649089663074
0.0962730230858679
0.09614975519693161
0.09602668678617562
0.09590381741235073
0.09578114663662285
0.09565867402258453
0.09553639913627474
0.09541432154619044
0.0952924408233001
0.09517075654105772
0.09504926827541446
0.09492797560482982
0.09480687811028414
0.0946859753752868
0.09456526698588641
0.0944447525306816
0.09432443160082615
0.09420430379003969
0.09408436869461234
0.09396462591341183
0.09384507504789055
0.09372571570208922
0.09360654748264
0.09348756999877392
0.09336878286232168
0.09325018568771605
0.09313177809199588
0.09301355969480468
0.09289553011839467
0.0927776889876249
0.09266003592996125
0.09254257057547553
0.09242529255684487
0.09230820150935039
0.09219129707087065
0.09207457888188395
0.09195804658546128
0.09184169982726313
0.09172553825553478
0.09160956152110077
0.0914937692773612
0.09137816118028169
0.09126273688839244
0.09114749606277431
0.09103243836705746
0.09091756346740866
0.09080287103252649
0.09068836073362975
0.09057403224444897
0.09045988524121687
0.09034591940265793
0.09023213440997833
0.09011852994685367
0.09000510569941825
0.08989186135625442
0.089778796608378
0.0896659111492265
0.08955320467464964
0.0894406768828894
0.08932832747457302
0.08921615615269372
0.08910416262260146
0.08899234659198424
0.08888070777085474
0.08876924587153519
0.08865796060864252
0.08854685169907078
0.0884359188619763
0.08832516181876149
0.08821458029305815
0.08810417401070976
0.08799394269975493
0.08788388609041067
0.08777400391505347
0.08766429590820238
0.0875547618065021
0.08744540134870095
0.08733621427563791
0.08722720033021893
0.08711835925740116
0.08700969080417302
0.08690119471953482
0.0867928707544798
0.08668471866197454
0.08657673819693926
0.08646892911622879
0.08636129117861065
0.08625382414474755
0.08614652777717506
0.08603940184028294
0.08593244610029417
0.0858256603252437
0.08571904428495834
0.08561259775103806
0.08550632049683084
0.08540021229741648
0.08529427292958279
0.08518850217180472
0.08508289980422508
0.084977465608632
0.08487219936843832
0.0847671008686602
0.0846621698958955
0.08455740623830298
0.08445280968558155
0.08434838002894848
0.08424411706111737
0.08414002057627772
0.0840360903700738
0.08393232623958208
0.0838287279832909
0.08372529540107942
0.08362202829419545
0.08351892646523408
0.08341598971811766
0.08331321785807343
0.08321061069161213
0.083108168026509
0.0830058896717786
0.08290377543765809
0.08280182513558372
0.08270003857816956
0.08259841557918925
0.08249695595355075
0.08239565951728009
0.08229452608749825
0.0821935554824003
0.0820927475212367
0.08199210202428893
0.0818916188128547
0.08179129770922289
0.08169113853665531
0.0815911411193662
0.08149130528250292
0.08139163085212431
0.08129211765518192
0.08119276551950025
0.08109357427375814
0.08099454374746638
0.0808956737709511
0.0807969641753332
0.08069841479250939
0.08060002545513258
0.08050179599659375
0.08040372625100287
0.08030581605317016
0.08020806523858759
0.08011047364340995
0.08001304110443694
0.07991576745909526
0.07981865254542043
0.07972169620203824
0.07962489826814788
0.07952825858350394
0.07943177698839918
0.07933545332364637
0.07923928743056205
0.07914327915094911
0.07904742832707991
0.07895173480167988
0.07885619841791017
0.07876081901935254
0.07866559644999108
0.0785705305541981
0.07847562117671776
0.07838086816264815
0.07828627135742855
0.07819183060682292
0.07809754575690385
0.07800341665403795
0.07790944314487085
0.07781562507631225
0.07772196229552186
0.07762845464989397
0.07753510198704332
0.07744190415479009
0.07734886100114946
0.07725597237431316
0.07716323812263798
0.07707065809463239
0.07697823213894305
0.07688596010434098
0.07679384183970882
0.07670187719402931
0.07661006601637016
0.07651840815587302
0.07642690346174133
0.0763355517832276
0.07624435296962209
0.07615330687023873
0.07606241333440684
0.07597167221145694
0.07588108335071167
0.07579064660147135
0.0757003618130067
0.07561022883454502
0.07552024751526117
0.07543041770426757
0.07534073925060181
0.07525121200321724
0.07516183581097532
0.07507261052263148
0.07498353598682876
0.0748946120520878
0.0748058385667962
0.07471721537920058
0.07462874233739679
0.07454041928932112
0.07445224608274258
0.07436422256525327
0.07427634858425974
0.07418862398697654
0.07410104862041615
0.07401362233138133
0.07392634496646001
0.07383921637201343
0.07375223639417199
0.07366540487882646
0.0735787216716221
0.07349218661795011
0.07340579956294185
0.07331956035146198
0.07323346882810144
0.07314752483717257
0.0730617282227006
0.07297607882841939
0.0728905764977653
0.07280522107387011
0.07272001239955762
0.07263495031733531
0.07255003466939233
0.07246526529759142
0.07238064204346435
0.07229616474820943
0.07221183325268371
0.07212764739739938
0.07204360702252018
0.07195971196785611
0.07187596207285908
0.07179235717661908
0.07170889711786047
0.07162558173493742
0.07154241086583185
0.07145938434814748
0.07137650201910861
0.07129376371555499
0.0712111692739396
0.07112871853032574
0.07104641132038333
0.07096424747938747
0.07088222684221317
0.07080034924333557
0.0707186145168263
0.07063702249635062
0.07055557301516639
0.07047426590611996
0.07039310100164708
0.07031207813376834
0.07023119713408954
0.07015045783379753
0.07006986006366059
0.06998940365402774
0.0699090884348245
0.06982891423555375
0.06974888088529509
0.06966898821270191
0.06958923604600147
0.06950962421299473
0.06943015254105436
0.0693508208571252
0.06927162898772309
0.06919257675893423
0.06911366399641596
0.06903489052539534
0.06895625617066929
0.06887776075660501
0.0687994041071399
0.06872118604578197
0.06864310639560746
0.06856516497926565
0.06848736161897542
0.06840969613652849
0.0683321683532873
0.06825477809018758
0.06817752516773896
0.06810040940602406
0.06802343062470188
0.0679465886430064
0.06786988327974985
0.06779331435332132
0.06771688168169022
0.06764058508240621
0.06756442437260103
0.06748839936898937
0.06741250988787093
0.06733675574513148
0.06726113675624557
0.06718565273627647
0.06711030349987811
0.06703508886129904
0.0669600086343821
0.06688506263256665
0.06681025066889136
0.06673557255599447
0.06666102810611882
0.06658661713111193
0.06651233944242757
0.06643819485113056
0.06636418316789677
0.06629030420301577
0.06621655776639533
0.06614294366756061
0.06606946171565972
0.06599611171946461
0.06592289348737304
0.06584980682741404
0.06577685154724783
0.065704027454169
0.06563133435511123
0.06555877205664823
0.06548634036499681
0.06541403908602036
0.06534186802523183
0.06526982698779649
0.06519791577853454
0.06512613420192576
0.06505448206211031
0.06498295916289411
0.06491156530775019
0.06484030029982317
0.0647691639419321
0.06469815603657339
0.06462727638592455
0.06455652479184772
0.06448590105589234
0.0644154049792991
0.06434503636300416
0.06427479500763977
0.06420468071354123
0.06413469328074824
0.06406483250900905
0.0639950981977843
0.06392549014624947
0.06385600815330021
0.06378665201755422
0.06371742153735728
0.06364831651078261
0.06357933673564017
0.06351048200947511
0.0634417521295762
0.06337314689297444
0.06330466609645226
0.06323630953654281
0.06316807700953611
0.06309996831148215
0.06303198323819546
0.06296412158525756
0.0628963831480208
0.06282876772161441
0.0627612751009461
0.06269390508070656
0.06262665745537338
0.0625595320192161
0.0624925285662969
0.06242564689047837
0.06235888678542525
0.062292248044607326
0.06222573046130646
0.06215933382861745
0.062093057939455486
0.06202690258655415
0.061960867562476894
0.06189495265961413
0.06182915767019217
0.06176348238627451
0.06169792659976577
0.06163249010241673
0.06156717268582839
0.061501974141454537
0.06143689426060627
0.06137193283445786
0.06130708965404608
0.061242364510279874
0.06117775719393963
0.06111326749568382
0.06104889520605181
0.06098464011546779
0.06092050201424409
0.0608564806925882
0.06079257594060214
0.060728787548289455
0.06066511530555738
0.06060155900222336
0.06053811842801528
0.06047479337257805
0.06041158362547708
0.060348488976199946
0.06028550921416406
0.060222644128717494
0.06015989350914354
0.060097257144663595
0.06003473482444516
0.05997232633759946
0.059910031473190434
0.059847850020234364
0.05978578176770812
0.05972382650454855
0.05966198401965911
0.059600254101911394
0.05953863654015198
0.05947713112320273
0.0594157376398668
0.05935445587893143
0.05929328562917116
0.059232226679353524
0.059171278818238145
0.05911044183458695
0.05904971551716153
0.05898909965473032
0.05892859403607271
0.0588681984499795
0.058807912685257556
0.05874773653073642
0.05868766977526635
0.058627712207727216
0.058567863617027885
0.0585081237921128
0.05844849252196288
0.05838896959560117
0.05832955480209405
0.05827024793055508
0.0582110487701513
0.05815195711010279
0.05809297273968836
0.05803409544824744
0.05797532502518421
0.057916661259970914
0.057858103942150324
0.05779965286134092
0.05774130780723699
0.05768306856961522
0.05762493493833617
0.0575669067033469
0.057508983654685174
0.057451165582482665
0.057393452276966975
0.057335843528466
0.05727833912741087
0.05722093886433714
0.05716364252989073
0.057106449914829806
0.05704936081002652
0.056992375006470745
0.05693549229527362
0.05687871246767115
0.05682203531502525
0.05676546062882751
0.056708988200700985
0.056652617822408054
0.056596349285844595
0.05654018238305025
0.056484116906208526
0.05642815264764862
0.0563722893998495
0.05631652695544329
0.056260865107216285
0.05620530364811041
0.056149842371232966
0.05609448106984808
0.05603921953738941
0.05598405756745853
0.05592899495382554
0.05587403149043681
0.05581916697141114
0.0557644011910488
0.0557097339438309
0.05565516502441946
0.055600694227663776
0.05554632134860218
0.05549204618246312
0.05543786852466776
0.05538378817083358
0.05532980491677615
0.055275918558508656
0.0552221288922504
0.05516843571442379
0.05511483882165847
0.05506133801079294
0.05500793307887835
0.05495462382317877
0.05490141004117545
0.054848291530566584
0.05479526808927056
0.05474233951542973
0.05468950560741071
0.0546367661638042
0.05458412098343355
0.05453156986535042
0.054479112608838386
0.054426749013419685
0.05437447887884969
0.05432230200512311
0.05427021819247595
0.05421822724138912
0.054166328952583116
0.05411452312702928
0.05406280956594465
0.05401118807079743
0.05395965844330793
0.05390822048544961
0.05385687399945145
0.05380561878780013
0.053754454653240843
0.053703381398780316
0.05365239882768773
0.05360150674349467
0.05355070495000142
0.05349999325127271
0.05344937145164472
0.05339883935572225
0.0533483967683851
0.05329804349478377
0.053247779340345615
0.053197604110776606
0.05314751761205703
0.0530975196504512
0.05304761003250232
0.05299778856503778
0.05294805505516825
0.05289840931029076
0.05284885113808867
0.0527993803465341
0.052749996743889936
0.05270070013870859
0.052651490339836626
0.05260236715641276
0.05255333039787199
0.0525043798739451
0.05245551539466093
0.052406736770346206
0.05235804381162816
0.05230943632943649
0.05226091413500191
0.052212477039858096
0.052164124855845276
0.05211585739510739
0.05206767447009921
0.05201957589357852
0.05197156147861551
0.05192363103859011
0.051875784387191974
0.05182802133842505
0.051780341706606406
0.05173274530636471
0.05168523195264712
0.05163780146071528
0.0515904536461492
0.05154318832484471
0.05149600531301953
0.05144890442720893
0.05140188548427033
0.051354948301382125
0.051308092696045526
0.05126131848608455
0.05121462548964832
0.05116801352521021
0.05112148241156861
0.05107503196785015
0.051028662013507115
0.050982372368321226
0.05093616285240192
0.050890033286188026
0.05084398349044819
0.050798013286283424
0.05075212249512475
0.05070631093873593
0.0506605784392139
0.05061492481898855
0.05056934990082309
0.05052385350781669
0.050478435463402256
0.050433095591350674
0.05038783371576615
0.05034264966109246
0.05029754325210968
0.05025251431393493
0.050207562672024954
0.05016268815217616
0.05011789058052208
0.05007316978353794
0.05002852558803814
0.04998395782117783
