0.4922382131745676
0.5403990671230063
0.5352009675477041
0.5310865788746537
0.5280009494241457
0.525710189546408
0.5240217129327945
0.5227831814009363
0.5218772614011838
0.52121531012975
0.5207312940372646
0.5203765217323303
0.5201153545022911
0.5199218467312605
0.5197771822122863
0.5196677524547971
0.5195837341263838
0.5195180452821813
0.5194655843608614
0.5194226778650486
0.5193866808127536
0.5193556883837689
0.5193283281644037
0.5193036106380108
0.519280821676674
0.5192594452727689
0.5192391080183657
0.5192195392131483
0.5192005421976713
0.5191819737469429
0.5191637292510172
0.5191457320505747
0.5191279257562492
0.5191102687112832
0.5190927299945007
0.5190752865308959
0.5190579209992889
0.5190406203140981
0.5190233745210988
0.5190061759921025
0.5189890188358093
0.5189718984652806
0.5189548112791305
0.5189377544254891
0.5189207256263872
0.5189037230463885
0.5188867451937459
0.5188697908455644
0.5188528589907642
0.5188359487863103
0.5188190595233857
0.5188021906010584
0.5187853415056379
0.518768511794377
0.5187517010825125
0.5187349090328987
0.5187181353476578
0.5187013797614213
0.5186846420358237
0.5186679219550017
0.5186512193218932
0.5186345339551848
0.5186178656867859
0.5186012143597286
0.5185845798264224
0.5185679619471945
0.5185513605890711
0.5185347756247554
0.5185182069317698
0.5185016543917356
0.5184851178897676
0.5184685973139627
0.518452092554971
0.5184356035056323
0.51841913006067
0.5184026721164332
0.5183862295706779
0.5183698023223825
0.5183533902715917
0.5183369933192842
0.5183206113672616
0.518304244318053
0.518287892074835
0.5182715545413648
0.51825523162192
0.5182389232212528
0.5182226292445467
0.518206349597381
0.5181900841857018
0.5181738329157962
0.5181575956942699
0.5181413724280292
0.5181251630242655
0.5181089673904404
0.5180927854342758
0.5180766170637418
0.5180604621870503
0.5180443207126455
0.5180281925491992
0.5180120776056036
0.5179959757909676
0.5179798870146113
0.5179638111860635
0.517947748215057
0.5179316980115268
0.5179156604856062
0.5178996355476251
0.5178836231081079
0.5178676230777706
0.5178516353675199
0.5178356598884505
0.5178196965518442
0.5178037452691684
0.5177878059520737
0.5177718785123939
0.5177559628621435
0.5177400589135169
0.5177241665788872
0.517708285770805
0.5176924164019971
0.5176765583853661
0.5176607116339877
0.5176448760611114
0.5176290515801583
0.51761323810472
0.5175974355485592
0.5175816438256062
0.5175658628499598
0.5175500925358856
0.5175343327978145
0.5175185835503433
0.5175028447082317
0.5174871161864033
0.5174713978999429
0.5174556897640968
0.5174399916942711
0.5174243036060316
0.5174086254151017
0.5173929570373621
0.5173772983888505
0.5173616493857595
0.5173460099444364
0.5173303799813821
0.5173147594132499
0.5172991481568456
0.5172835461291253
0.5172679532471952
0.5172523694283107
0.5172367945898751
0.5172212286494398
0.5172056715247018
0.5171901231335038
0.5171745833938337
0.5171590522238225
0.5171435295417446
0.5171280152660163
0.517112509315195
0.5170970116079789
0.517081522063205
0.5170660405998494
0.5170505671370256
0.5170351015939846
0.5170196438901129
0.5170041939449324
0.5169887516780994
0.516973317009404
0.5169578898587686
0.5169424701462477
0.5169270577920273
0.5169116527164227
0.5168962548398794
0.5168808640829714
0.5168654803664003
0.5168501036109945
0.5168347337377088
0.5168193706676237
0.5168040143219437
0.5167886646219972
0.5167733214892358
0.516757984845233
0.5167426546116839
0.5167273307104041
0.5167120130633288
0.5166967015925124
0.5166813962201277
0.5166660968684645
0.51665080345993
0.5166355159170464
0.5166202341624518
0.5166049581188985
0.516589687709252
0.516574422856491
0.5165591634837066
0.5165439095141002
0.516528660870985
0.5165134174777835
0.5164981792580268
0.5164829461353553
0.5164677180335161
0.5164524948763637
0.5164372765878587
0.5164220630920665
0.516406854313158
0.5163916501754074
0.516376450603192
0.5163612555209924
0.5163460648533899
0.5163308785250674
0.516315696460808
0.5163005185854943
0.5162853448241078
0.5162701751017283
0.5162550093435326
0.5162398474747951
0.5162246894208854
0.5162095351072685
0.5161943844595049
0.5161792374032477
0.5161640938642444
0.5161489537683347
0.5161338170414497
0.5161186836096123
0.5161035533989359
0.516088426335623
0.5160733023459662
0.5160581813563454
0.5160430632932296
0.5160279480831736
0.5160128356528197
0.5159977259288955
0.5159826188382133
0.5159675143076705
0.515952412264248
0.5159373126350097
0.5159222153471024
0.5159071203277535
0.5158920275042729
0.5158769368040503
0.5158618481545555
0.5158467614833371
0.5158316767180224
0.515816593786317
0.5158015126160029
0.5157864331349395
0.5157713552710618
0.5157562789523802
0.5157412041069797
0.5157261306630195
0.515711058548732
0.5156959876924228
0.5156809180224693
0.5156658494673205
0.5156507819554967
0.5156357154155883
0.5156206497762548
0.515605584966226
0.5155905209142986
0.5155754575493389
0.5155603948002789
0.5155453325961181
0.5155302708659218
0.5155152095388205
0.5155001485440098
0.5154850878107493
0.5154700272683624
0.5154549668462352
0.5154399064738164
0.5154248460806167
0.5154097855962076
0.5153947249502216
0.5153796640723509
0.5153646028923471
0.5153495413400213
0.5153344793452422
0.5153194168379365
0.5153043537480879
0.5152892900057365
0.5152742255409788
0.5152591602839661
0.5152440941649048
0.5152290271140557
0.5152139590617328
0.5151988899383034
0.5151838196741876
0.5151687481998569
0.5151536754458346
0.5151386013426944
0.5151235258210607
0.5151084488116076
0.5150933702450574
0.5150782900521824
0.5150632081638018
0.515048124510783
0.5150330390240396
0.5150179516345321
0.5150028622732665
0.5149877708712941
0.5149726773597112
0.5149575816696579
0.5149424837323177
0.5149273834789179
0.5149122808407276
0.5148971757490586
0.5148820681352633
0.5148669579307356
0.5148518450669096
0.5148367294752592
0.5148216110872974
0.5148064898345766
0.5147913656486867
0.5147762384612555
0.5147611082039487
0.5147459748084672
0.5147308382065495
0.5147156983299686
0.514700555110533
0.5146854084800859
0.5146702583705042
0.5146551047136987
0.5146399474416125
0.5146247864862218
0.5146096217795345
0.5145944532535899
0.5145792808404583
0.5145641044722403
0.5145489240810667
0.5145337395990968
0.51451855095852
0.5145033580915529
0.5144881609304407
0.5144729594074557
0.5144577534548971
0.5144425430050901
0.5144273279903859
0.5144121083431614
0.514396883995818
0.5143816548807811
0.5143664209305003
0.5143511820774487
0.5143359382541216
0.5143206893930372
0.514305435426735
0.5142901762877764
0.5142749119087432
0.5142596422222376
0.514244367160882
0.5142290866573176
0.5142138006442047
0.5141985090542223
0.5141832118200665
0.5141679088744517
0.5141526001501087
0.5141372855797844
0.5141219650962428
0.5141066386322619
0.5140913061206355
0.514075967494172
0.5140606226856932
0.5140452716280348
0.5140299142540454
0.5140145504965866
0.5139991802885312
0.5139838035627644
0.5139684202521819
0.5139530302896906
0.5139376336082072
0.513922230140658
0.513906819819979
0.5138914025791143
0.5138759783510167
0.5138605470686467
0.5138451086649721
0.5138296630729673
0.5138142102256134
0.5137987500558971
0.5137832824968109
0.5137678074813519
0.5137523249425215
0.5137368348133261
0.5137213370267744
0.513705831515879
0.5136903182136546
0.5136747970531185
0.5136592679672894
0.5136437308891875
0.5136281857518327
0.5136126324882468
0.5135970710314501
0.5135815013144629
0.5135659232703041
0.5135503368319912
0.5135347419325397
0.5135191385049621
0.5135035264822683
0.513487905797465
0.5134722763835544
0.5134566381735348
0.5134409911003998
0.5134253350971367
0.5134096700967287
0.5133939960321512
0.513378312836374
0.5133626204423593
0.5133469187830616
0.5133312077914277
0.5133154874003956
0.5132997575428946
0.5132840181518443
0.5132682691601547
0.5132525105007247
0.5132367421064438
0.5132209639101888
0.5132051758448255
0.5131893778432073
0.5131735698381754
0.5131577517625571
0.5131419235491667
0.5131260851308042
0.5131102364402556
0.513094377410291
0.5130785079736662
0.5130626280631208
0.5130467376113772
0.5130308365511425
0.5130149248151051
0.5129990023359371
0.5129830690462914
0.5129671248788026
0.5129511697660865
0.5129352036407389
0.512919226435336
0.5129032380824334
0.5128872385145655
0.5128712276642462
0.5128552054639666
0.5128391718461957
0.51282312674338
0.5128070700879431
0.5127910018122841
0.5127749218487788
0.5127588301297775
0.5127427265876064
0.5127266111545654
0.5127104837629289
0.5126943443449445
0.512678192832833
0.5126620291587882
0.5126458532549754
0.512629665053532
0.5126134644865665
0.5125972514861585
0.5125810259843573
0.5125647879131823
0.5125485372046226
0.5125322737906353
0.5125159976031468
0.5124997085740515
0.5124834066352104
0.5124670917184524
0.5124507637555725
0.5124344226783316
0.5124180684184569
0.5124017009076404
0.512385320077538
0.5123689258597711
0.512352518185924
0.5123360969875443
0.5123196621961426
0.5123032137431914
0.5122867515601255
0.5122702755783407
0.5122537857291939
0.5122372819440019
0.5122207641540418
0.5122042322905503
0.5121876862847223
0.5121711260677119
0.5121545515706307
0.5121379627245481
0.5121213594604901
0.5121047417094395
0.5120881094023351
0.5120714624700712
0.5120548008434972
0.5120381244534167
0.5120214332305878
0.5120047271057221
0.5119880060094839
0.5119712698724906
0.5119545186253115
0.5119377521984672
0.5119209705224299
0.511904173527622
0.5118873611444161
0.5118705333031346
0.5118536899340485
0.5118368309673779
0.5118199563332907
0.5118030659619024
0.5117861597832759
0.5117692377274202
0.5117522997242905
0.5117353457037876
0.5117183755957576
0.5117013893299904
0.5116843868362206
0.511667368044126
0.5116503328833275
0.511633281283388
0.5116162131738129
0.5115991284840486
0.5115820271434829
0.5115649090814435
0.5115477742271977
0.5115306225099527
0.5115134538588544
0.5114962682029862
0.5114790654713703
0.5114618455929654
0.5114446084966671
0.5114273541113066
0.5114100823656512
0.5113927931884031
0.5113754865081992
0.5113581622536097
0.5113408203531387
0.5113234607352228
0.5113060833282317
0.5112886880604655
0.5112712748601564
0.5112538436554672
0.5112363943744905
0.5112189269452487
0.5112014412956927
0.511183937353702
0.5111664150470843
0.5111488743035738
0.5111313150508322
0.5111137372164467
0.5110961407279304
0.5110785255127211
0.5110608914981813
0.5110432386115971
0.5110255667801775
0.5110078759310551
0.5109901659912837
0.5109724368878386
0.5109546885476164
0.5109369208974337
0.5109191338640272
0.5109013273740521
0.5108835013540828
0.5108656557306106
0.5108477904300451
0.510829905378712
0.5108120005028534
0.5107940757286262
0.5107761309821034
0.5107581661892711
0.5107401812760293
0.510722176168191
0.5107041507914822
0.5106861050715398
0.510668038933912
0.5106499523040577
0.5106318451073457
0.5106137172690538
0.5105955687143684
0.510577399368384
0.5105592091561022
0.5105409980024311
0.5105227658321853
0.5105045125700844
0.5104862381407527
0.5104679424687183
0.5104496254784132
0.5104312870941716
0.5104129272402299
0.5103945458407259
0.5103761428196982
0.510357718101085
0.5103392716087243
0.5103208032663523
0.5103023129976036
0.5102838007260098
0.510265266374999
0.5102467098678954
0.5102281311279184
0.5102095300781815
0.5101909066416923
0.5101722607413518
0.5101535922999526
0.5101349012401796
0.5101161874846079
0.5100974509557036
0.5100786915758219
0.5100599092672068
0.5100411039519903
0.5100222755521916
0.5100034239897167
0.509984549186357
0.5099656510637893
0.5099467295435749
0.509927784547158
0.5099088159958663
0.5098898238109092
0.509870807913377
0.5098517682242414
0.509832704664353
0.5098136171544418
0.5097945056151163
0.5097753699668615
0.5097562101300398
0.5097370260248892
0.5097178175715227
0.5096985846899273
0.509679327299964
0.5096600453213659
0.5096407386737384
0.5096214072765572
0.509602051049169
0.5095826699107895
0.5095632637805025
0.5095438325772605
0.5095243762198822
0.5095048946270523
0.5094853877173208
0.509465855409102
0.5094462976206745
0.509426714270178
0.5094071052756154
0.5093874705548496
0.5093678100256042
0.5093481236054613
0.5093284112118619
0.509308672762104
0.5092889081733426
0.5092691173625877
0.5092493002467047
0.5092294567424122
0.5092095867662821
0.5091896902347386
0.5091697670640561
0.5091498171703605
0.5091298404696256
0.5091098368776744
0.5090898063101773
0.5090697486826506
0.5090496639104564
0.5090295519088018
0.509009412592737
0.5089892458771551
0.5089690516767905
0.5089488299062189
0.5089285804798555
0.5089083033119539
0.5088879983166065
0.5088676654077413
0.5088473044991229
0.5088269155043506
0.5088064983368571
0.5087860529099083
0.5087655791366018
0.5087450769298659
0.5087245462024587
0.5087039868669665
0.5086833988358044
0.5086627820212131
0.5086421363352591
0.5086214616898337
0.5086007579966514
0.5085800251672491
0.508559263112985
0.5085384717450381
0.5085176509744056
0.5084968007119035
0.5084759208681646
0.5084550113536377
0.5084340720785856
0.5084131029530861
0.5083921038870285
0.508371074790114
0.5083500155718538
0.5083289261415685
0.5083078064083869
0.508286656281244
0.5082654756688814
0.5082442644798445
0.5082230226224823
0.5082017500049466
0.5081804465351892
0.5081591121209628
0.5081377466698183
0.5081163500891035
0.5080949222859636
0.5080734631673383
0.5080519726399607
0.5080304506103573
0.5080088969848456
0.5079873116695333
0.5079656945703169
0.5079440455928808
0.5079223646426954
0.5079006516250166
0.5078789064448844
0.5078571290071207
0.5078353192163291
0.5078134769768932
0.5077916021929751
0.5077696947685151
0.5077477546072285
0.5077257816126061
0.5077037756879119
0.507681736736182
0.5076596646602237
0.5076375593626132
0.507615420745695
0.5075932487115802
0.5075710431621456
0.5075488039990318
0.5075265311236419
0.5075042244371403
0.5074818838404509
0.5074595092342566
0.5074371005189972
0.5074146575948675
0.5073921803618164
0.5073696687195468
0.5073471225675114
0.5073245418049133
0.5073019263307039
0.5072792760435817
0.5072565908419903
0.5072338706241171
0.5072111152878926
0.5071883247309874
0.5071654988508124
0.5071426375445158
0.507119740708982
0.5070968082408311
0.5070738400364159
0.5070508359918211
0.5070277960028617
0.5070047199650815
0.5069816077737508
0.5069584593238661
0.5069352745101476
0.5069120532270377
0.5068887953686997
0.5068655008290159
0.506842169501586
0.5068188012797258
0.5067953960564648
0.5067719537245461
0.5067484741764225
0.5067249573042572
0.5067014029999197
0.5066778111549864
0.5066541816607377
0.5066305144081563
0.5066068092879258
0.5065830661904289
0.5065592850057455
0.5065354656236511
0.5065116079336155
0.5064877118247999
0.5064637771860564
0.5064398039059256
0.5064157918726347
0.5063917409740962
0.5063676510979052
0.5063435221313388
0.5063193539613534
0.5062951464745833
0.5062708995573386
0.5062466130956033
0.5062222869750337
0.5061979210809566
0.5061735152983672
0.5061490695119271
0.5061245836059627
0.506100057464463
0.506075490971078
0.5060508840091167
0.5060262364615449
0.5060015482109835
0.5059768191397065
0.5059520491296391
0.5059272380623555
0.5059023858190772
0.5058774922806704
0.5058525573276451
0.5058275808401523
0.5058025626979819
0.5057775027805607
0.5057524009669507
0.5057272571358474
0.5057020711655762
0.5056768429340922
0.5056515723189766
0.5056262591974356
0.505600903446298
0.5055755049420124
0.5055500635606464
0.5055245791778828
0.5054990516690199
0.5054734809089658
0.50544786677224
0.5054222091329682
0.5053965078648821
0.5053707628413159
0.5053449739352052
0.5053191410190833
0.5052932639650807
0.5052673426449217
0.5052413769299221
0.5052153666909875
0.5051893117986109
0.50516321212287
0.5051370675334251
0.505110877899517
0.5050846430899646
0.5050583629731618
0.5050320374170766
0.5050056662892473
0.5049792494567811
0.5049527867863509
0.5049262781441941
0.5048997233961086
0.5048731224074514
0.5048464750431365
0.5048197811676312
0.5047930406449546
0.5047662533386748
0.5047394191119068
0.5047125378273091
0.5046856093470822
0.5046586335329653
0.5046316102462342
0.504604539347699
0.5045774206977006
0.5045502541561093
0.504523039582321
0.5044957768352556
0.5044684657733537
0.5044411062545748
0.5044136981363936
0.5043862412757982
0.5043587355292871
0.5043311807528664
0.5043035768020473
0.5042759235318435
0.504248220796768
0.5042204684508312
0.5041926663475375
0.5041648143398823
0.5041369122803501
0.5041089600209113
0.5040809574130192
0.5040529043076071
0.5040248005550861
0.5039966460053422
0.5039684405077325
0.5039401839110833
0.503911876063687
0.5038835168132989
0.5038551060071348
0.5038266434918677
0.503798129113625
0.5037695627179852
0.503740944149976
0.5037122732540702
0.5036835498741827
0.5036547738536691
0.5036259450353202
0.5035970632613609
0.5035681283734466
0.5035391402126601
0.5035100986195084
0.5034810034339197
0.5034518544952401
0.5034226516422313
0.5033933947130665
0.5033640835453278
0.5033347179760028
0.5033052978414815
0.5032758229775529
0.5032462932194027
0.5032167084016086
0.5031870683581389
0.5031573729223472
0.5031276219269707
0.5030978152041262
0.5030679525853075
0.5030380339013807
0.503008058982583
0.5029780276585171
0.5029479397581493
0.5029177951098057
0.5028875935411693
0.5028573348792751
0.5028270189505089
0.5027966455806021
0.5027662145946289
0.5027357258170029
0.5027051790714737
0.5026745741811232
0.5026439109683618
0.5026131892549257
0.5025824088618728
0.502551569609579
0.5025206713177351
0.5024897138053428
0.5024586968907117
0.5024276203914547
0.5023964841244855
0.5023652879060139
0.502334031551543
0.5023027148758651
0.5022713376930579
0.502239899816481
0.5022084010587723
0.5021768412318438
0.5021452201468783
0.5021135376143255
0.5020817934438977
0.5020499874445671
0.5020181194245605
0.5019861891913572
0.5019541965516833
0.5019221413115094
0.5018900232760455
0.5018578422497378
0.5018255980362651
0.5017932904385335
0.5017609192586736
0.5017284842980365
0.5016959853571891
0.5016634222359109
0.5016307947331888
0.5015981026472149
0.5015653457753806
0.5015325239142734
0.5014996368596729
0.5014666844065461
0.5014336663490441
0.5014005824804969
0.5013674325934102
0.5013342164794609
0.5013009339294926
0.5012675847335115
0.5012341686806825
0.5012006855593247
0.5011671351569073
0.5011335172600444
0.501099831654492
0.5010660781251435
0.5010322564560241
0.5009983664302882
0.500964407830213
0.5009303804371962
0.5008962840317507
0.5008621183934989
0.5008278833011708
0.5007935785325972
0.5007592038647066
0.5007247590735205
0.500690243934148
0.5006556582207823
0.5006210017066958
0.5005862741642353
0.5005514753648174
0.5005166050789247
0.5004816630760999
0.5004466491249416
0.5004115629931007
0.5003764044472739
0.5003411732532004
0.5003058691756567
0.5002704919784514
0.5002350414244214
0.5001995172754263
0.5001639192923439
0.5001282472350657
0.5000925008624908
0.5000566799325236
0.5000207842020656
0.4999848134270136
0.4999487673622525
0.4999126457616517
0.4998764483780596
0.4998401749632992
0.4998038252681618
0.49976739904240364
0.4997308960347401
0.49969431599284003
0.499657658663322
0.4996209237917486
0.4995841111226208
0.49954722039937344
0.4995102513643704
0.4994732037588988
0.499436077323164
0.4993988717962844
0.4993615869162866
0.4993242224200998
0.4992867780435503
0.49924925352135696
0.49921164858712547
0.49917396297334293
0.49913619641137263
0.49909834863144903
0.4990604193626721
0.4990224083330017
0.4989843152692528
0.4989461398970896
0.4989078819410201
0.4988695411243911
0.49883111716938167
0.49879260979699935
0.49875401872707303
0.4987153436782485
0.4986765843679817
0.49863774051253484
0.498598811826969
0.49855979802514055
0.498520698819693
0.498481513922054
0.4984422430424278
0.4984028858897902
0.49836344217188333
0.4983239115952088
0.49828429386502293
0.4982445886853311
0.49820479575888094
0.49816491478715763
0.49812494547037756
0.4980848875074823
0.4980447405961336
0.4980045044327064
0.49796417871228416
0.4979237631286517
0.4978832573742905
0.49784266114037157
0.49780197411675065
0.4977611959919618
0.4977203264532107
0.4976793651863698
0.49763831187597174
0.497597166205203
0.49755592785589864
0.4975145965085356
0.49747317184222667
0.49743165353471475
0.4973900412623661
0.4973483347001651
0.49730653352170706
0.4972646373991929
0.4972226460034225
0.49718055900378866
0.49713837606827066
0.4970960968634285
0.49705372105439594
0.49701124830487475
0.4969686782771283
0.4969260106319755
0.496883245028784
0.49684038112546364
0.4967974185784612
0.49675435704275306
0.4967111961718389
0.4966679356177359
0.49662457503097157
0.4965811140605782
0.49653755235408514
0.4964938895575138
0.49645012531537003
0.49640625927063836
0.4963622910647749
0.49631822033770145
0.4962740467277984
0.496229769871899
0.4961853894052812
0.4961409049616631
0.4960963161731948
0.4960516226704529
0.4960068240824327
0.4959619200365429
0.49591691015859773
0.49587179407281157
0.49582657140179087
0.4957812417665287
0.49573580478639767
0.4956902600791424
0.4956446072608745
0.4955988459460644
0.4955529757475349
0.4955069962764549
0.49546090714233276
0.49541470795300874
0.49536839831464885
0.49532197783173737
0.4952754461070715
0.49522880274175296
0.4951820473351823
0.4951351794850508
0.4950881987873357
0.4950411048362911
0.49499389722444276
0.4949465755425807
0.4948991393797518
0.49485158832325377
0.49480392195862816
0.4947561398696529
0.49470824163833593
0.4946602268449081
0.4946120950678168
0.49456384588371755
0.49451547886746955
0.4944669935921264
0.4944183896289305
0.4943696665473058
0.49432082391485066
0.4942718612973317
0.49422277825867555
0.49417357436096354
0.4941242491644234
0.49407480222742295
0.4940252331064631
0.49397554135617117
0.4939257265292931
0.4938757881766878
0.4938257258473192
0.4937755390882498
0.49372522744463315
0.49367479045970786
0.49362422767479025
0.4935735386292668
0.4935227228605886
0.49347177990426283
0.4934207092938472
0.49336951056094236
0.4933181832351853
0.49326672684424205
0.4932151409138011
0.49316342496756665
0.4931115785272515
0.4930596011125702
0.4930074922412322
0.49295525142893537
0.4929028781893585
0.49285037203415505
0.49279773247294567
0.4927449590133127
0.49269205116079184
0.4926390084188661
0.4925858302889591
0.49253251627042816
0.4924790658605581
0.4924254785545533
0.492371753845532
0.49231789122451974
0.49226389018044153
0.49220975020011654
0.4921554707682507
0.49210105136743054
0.49204649147811585
0.49199179057863385
0.4919369481451725
0.49188196365177356
0.49182683657032666
0.49177156637056235
0.49171615252004597
0.4916605944841708
0.4916048917261523
0.49154904370702135
0.4914930498856174
0.491436909718583
0.49138062266035765
0.49132418816317014
0.4912676056770342
0.4912108746497406
0.491153994526852
0.4910969647516965
0.49103978476536203
0.49098245400668933
0.4909249719122668
0.4908673379164242
0.4908095514512259
0.4907516119464674
0.49069351882966616
0.4906352715260585
0.4905768694585928
0.49051831204792284
0.4904595987124041
0.4904007288680865
0.4903417019287096
0.49028251730569616
0.49022317440814833
0.4901636726428405
0.4901040114142147
0.49004419012437517
0.4899842081730832
0.4899240649577513
0.4898637598734393
0.48980329231284736
0.4897426616663128
0.48968186732180385
0.4896209086649154
0.48955978507886355
0.48949849594448147
0.489437040640214
0.48937541854211364
0.489313629023835
0.48925167145663156
0.4891895452093501
0.48912724964842647
0.4890647841378823
0.48900214803931896
0.48893934071191525
0.4888763615124219
0.4888132097951583
0.4887498849120088
0.48868638621241756
0.48862271304338656
0.4885588647494703
0.4884948406727737
0.4884306401529473
0.48836626252718457
0.48830170713021853
0.48823697329431825
0.488172060349286
0.4881069676224544
0.4880416944386825
0.4879762401203544
0.4879106039873755
0.48784478535717
0.4877787835446786
0.48771259786235627
0.4876462276201694
0.48757967212559383
0.48751293068361323
0.4874460025967168
0.48737888716489663
0.4873115836856476
0.4872440914539646
0.487176409762341
0.4871085379007679
0.4870404751567328
0.4869722208152182
0.48690377415870056
0.48683513446715
0.48676630101802876
0.4866972730862915
0.48662804994438436
0.4865586308622447
0.48648901510730125
0.48641920194447386
0.48634919063617343
0.4862789804423027
0.48620857062025624
0.4861379604249215
0.4860671491086793
0.48599613592140484
0.4859249201104683
0.4858535009207372
0.48578187759457625
0.4857100493718507
0.48563801548992647
0.4855657751836732
0.4854933276854658
0.4854206722251867
0.48534780803022864
0.4852747343254966
0.4852014503334122
0.4851279552739145
0.48505424836446476
0.4849803288200499
0.484906195853185
0.4848318486739179
0.4847572864898327
0.48468250850605493
0.4846075139252545
0.4845323019476514
0.48445687177102037
0.48438122259069544
0.48430535359957555
0.48422926398813015
0.4841529529444045
0.4840764196540259
0.4839996633002098
0.48392268306376596
0.4838454781231057
0.4837680476542476
0.4836903908308259
0.48361250682409684
0.4835343948029469
0.48345605393390045
0.48337748338112757
0.48329868230645234
0.4832196498693625
0.4831403852270168
0.48306088753425513
0.4829811559436075
0.4829011896053045
0.4828209876672855
0.4827405492752108
0.482659873572471
0.4825789597001984
0.4824978067972773
0.4824164140003565
0.4823347804438597
0.4822529052599981
0.48217078757878307
0.4820884265280382
0.48200582123341174
0.4819229708183909
0.4818398744043144
0.4817565311103868
0.4816729400536923
0.4815891003492093
0.48150501110982563
0.4814206714463528
0.4813360804675425
0.48125123728010105
0.4811661409887072
0.4810807906960271
0.480995185502732
0.4809093245075152
0.4808232068071095
0.48073683149630525
0.4806501976679687
0.4805633044130599
0.4804761508206529
0.4803887359779544
0.48030105897032305
0.48021311888129076
0.48012491479258224
0.48003644578413635
0.47994771093412714
0.47985870931898605
0.47976944001342336
0.4796799020904509
0.4795900946214053
0.479500016675971
0.4794096673222038
0.47931904562655525
0.4792281506538977
0.47913698146754785
0.47904553712929404
0.4789538166994206
0.4788618192367352
0.4787695437985944
0.4786769894409321
0.47858415521828673
0.47849104018382843
0.47839764338938917
0.47830396388549057
0.4782100007213736
0.4781157529450286
0.47802121960322597
0.47792639974154677
0.47783129240441324
0.47773589663512234
0.47764021147587665
0.4775442359678178
0.477447969151059
0.47735141006472037
0.47725455774696157
0.4771574112350173
0.47705996956523294
0.4769622317730995
0.4768641968932901
0.47676586395969817
0.4766672320054724
0.4765683000630566
0.4764690671642272
0.47636953234013235
0.4762696946213311
0.4761695530378343
0.47606910661914353
0.47596835439429397
0.4758672953918946
0.4757659286401712
0.4756642531670088
0.4755622679999945
0.4754599721664626
0.4753573646935373
0.47525444460817856
0.47515121093722834
0.47504766270745497
0.47494379894560124
0.47483961867843116
0.4747351209327774
0.47463030473559065
0.4745251691139878
0.4744197130953012
0.4743139357071302
0.4742078359773907
0.4741014129343667
0.4739946656067626
0.4738875930237556
0.4737801942150487
0.47367246821092457
0.47356441404229993
0.47345603074078035
0.47334731733871604
0.4732382728692578
0.4731288963664141
0.47301918686510835
0.47290914340123674
0.4727987650117271
0.472688050734598
0.47257699960901906
0.4724656106753709
0.4723538829753067
0.47224181555181355
0.47212940744927523
0.47201665771353507
0.47190356539195977
0.4717901295335028
0.47167634918877066
0.47156222341008736
0.47144775125156135
0.47133293176915153
0.4712177640207351
0.47110224706617576
0.47098637996739184
0.4708701617884268
0.47075359159551733
0.4706366684571657
0.47051939144421007
0.47040175962989655
0.47028377208995165
0.4701654279026553
0.4700467261489149
0.4699276659123392
0.46980824627931383
0.4696884663390768
0.469568325183794
0.4694478219086371
0.4693269556118608
0.4692057253948805
0.4690841303623511
0.46896216962224696
0.4688398422859411
0.4687171474682865
0.46859408428769633
0.4684706518662267
0.46834684932965853
0.4682226758075805
0.46809813043347304
0.46797321234479206
0.46784792068305425
0.46772225459392164
0.4675962132272886
0.467469795737367
0.4673430012827754
0.4672158290266236
0.4670882781366047
0.46696034778508055
0.4668320371491732
0.4667033454108538
0.4665742717570335
0.4664448153796542
0.4663149754757806
0.46618475124769143
0.4660541419029732
0.4659231466546121
0.46579176472108885
0.46565999532647145
0.46552783770051154
0.4653952910787375
0.4652623547025523
0.4651290278193282
0.46499530968250324
0.4648611995516793
0.4647266966927188
0.46459180037784287
0.46445650988572973
0.4643208245016141
0.46418474351738526
0.464048266231688
0.46391139195002207
0.46377411998484214
0.4636364496556602
0.46349838028914536
0.46335991121922615
0.46322104178719253
0.46308177134179773
0.4629420992393618
0.4628020248438738
0.4626615475270952
0.4625206666686641
0.4623793816561989
0.4622376918854022
0.4620955967601655
0.4619530956926739
0.46181018810351115
0.46166687342176516
0.461523151085133
0.4613790205400266
0.461234481241679
0.46108953265424985
0.4609441742509322
0.4607984055140585
0.4606522259352075
0.4605056350153103
0.46035863226475754
0.46021121720350655
0.4600633893611875
0.4599151482772113
0.45976649350087595
0.4596174245914744
0.459467941118401
0.4593180426612593
0.4591677288099685
0.45901699916487126
0.4588658533368408
0.45871429094738747
0.45856231162876593
0.4584099150240821
0.4582571007873999
0.45810386858384844
0.45795021808972747
0.45779614899261456
0.4576416609914712
0.4574867537967484
0.4573314271304937
0.45717568072645465
0.45701951433018606
0.4568629276991541
0.45670592060284126
0.4565484928228513
0.4563906441530118
0.4562323743994804
0.4560736833808459
0.4559145709282332
0.4557550368854045
0.45559508110886227
0.4554347034679513
0.455273903844959
0.4551126821352172
0.45495103824720223
0.4547889721026351
0.4546264836365791
0.4544635727975412
0.4543002395475676
0.4541364838623436
0.453972305731288
0.4538077051576517
0.45364268215861137
0.4534772367653661
0.45331136902322966
0.4531450789917254
0.4529783667446782
0.45281123237030674
0.4526436759713144
0.4524756976649792
0.45230729758324395
0.4521384758728044
0.4519692326951965
0.4517995682268836
0.4516294826593428
0.4514589761991485
0.45128804906805714
0.4511167015030905
0.4509449337566165
0.45077274609643
0.45060013880583427
0.4504271121837171
0.45025366654463084
0.4500798022188668
0.44990551955253166
0.44973081890762084
0.4495557006620921
0.4493801652099372
0.44920421296125074
0.4490278443423013
0.44885105979559864
0.44867385977995927
0.4484962447705732
0.4483182152590666
0.4481397717535649
0.44796091477875344
0.44778164487593763
0.4476019626031008
0.4474218685349611
0.44724136326302627
0.4470604473956492
0.4468791215580771
0.4466973863925052
0.4465152425581244
0.4463326907311695
0.44614973160496385
0.4459663658899655
0.4457825943138087
0.4455984176213452
0.4454138365746838
0.44522885195322776
0.4450434645537111
0.4448576751902321
0.4446714846942866
0.444484893914798
0.4442979037181468
0.4441105149881968
0.44392272862632054
0.4437345455514241
0.4435459666999664
0.44335699302598053
0.44316762550109073
0.4429778651145286
0.4427877128731469
0.4425971698014317
0.44240623694151215
0.44221491535316904
0.44202320611383983
0.44183111031862476
0.4416386290802863
0.44144576352925236
0.44125251481361083
0.4410588840991084
0.4408648725691433
0.4406704814247571
0.4404757118846252
0.44028056518504377
0.44008504257991543
0.4398891453407332
0.4396928747565616
0.43949623213401584
0.43929921879723877
0.4391018360878763
0.43890408536504977
0.43870596800532646
0.4385074854026885
0.43830863896849936
0.43810943013146664
0.4379098603376052
0.43770993105019707
0.43750964374974777
0.43730899993394273
0.4371080011175995
0.4369066488326196
0.43670494462793685
0.4365028900694634
0.43630048674003474
0.43609773623935094
0.43589464018391755
0.43569120020698215
0.43548741795847057
0.4352832951049197
0.43507883332940844
0.43487403433148675
0.43466889982710216
0.43446343154852374
0.43425763124426486
0.4340515006790028
0.43384504163349635
0.433638255904502
0.43343114530468674
0.43322371166254
0.4330159568222813
0.432807882643769
0.43259949100240375
0.4323907837890314
0.4321817629098437
0.4319724302862765
0.4317627878549056
0.43155283756734153
0.43134258139012116
0.4311320213045974
0.4309211593068275
0.43070999740745897
0.43049853763161255
0.4302867820187646
0.4300747326226264
0.4298623915110225
0.4296497607657652
0.4294368424825298
0.429223638770725
0.42901015175336316
0.42879638356692856
0.42858233636124327
0.4283680122993309
0.4281534135572789
0.42793854232409906
0.42772340080158644
0.42750799120417493
0.42729231575879384
0.42707637670471926
0.42686017629342676
0.42664371678844115
0.426427000465183
0.4262100296108167
0.4259928065240939
0.42577533351519714
0.4255576129055806
0.4253396470278106
0.4251214382254035
0.42490298885266237
0.42468430127451195
0.42446537786633287
0.4242462210137933
0.4240268331126803
0.42380721656872866
0.4235873737974494
0.4233673072239557
0.42314701928278914
0.42292651241774337
0.42270578908168616
0.42248485173638195
0.42226370285231185
0.42204234490849246
0.42182078039229415
0.42159901179925746
0.4213770416329098
0.421154872404579
0.420932506633208
0.42070994684516694
0.4204871955740651
0.42026425536056133
0.42004112875217475
0.4198178183030925
0.41959432657397966
0.4193706561317844
0.4191468095495468
0.418922789406203
0.41869859828639105
0.4184742387802559
0.4182497134832521
0.4180250249959476
0.4178001759238263
0.41757516887709056
0.4173500064704619
0.41712469132298324
0.41689922605781826
0.41667361330205255
0.416447855686494
0.41622195584547056
0.415995916416631
0.4157697400407434
0.41554342936149374
0.41531698702528524
0.415090415681035
0.41486371797997346
0.41463689657544267
0.4144099541226937
0.4141828932786846
0.41395571670187875
0.4137284270520425
0.4135010269900439
0.4132735191776501
0.41304590627732585
0.4128181909520321
0.412590375865025
0.412362463679654
0.4121344570591609
0.4119063586664811
0.4116781711640408
0.4114498972135584
0.41122153947584567
0.4109931006106068
0.4107645832762416
0.41053599012964614
0.4103073238260162
0.4100785870186486
0.4098497823587461
0.40962091249522103
0.4093919800744998
0.40916298774032833
0.4089339381335783
0.4087048338920537
0.4084756776502986
0.40824647203940545
0.4080172196868244
0.4077879232161723
0.40755858524704497
0.4073292083948279
0.4070997952705092
0.4068703484804931
0.4066408706264151
0.4064113643049569
0.4061818321076625
0.4059522766207573
0.4057227004249657
0.40549310609533096
0.40526349620103685
0.4050338733052287
0.4048042399648377
0.40457459873040463
0.4043449521459058
0.40411530274857965
0.40388565306875546
0.4036560056296825
0.4034263629473603
0.4031967275303718
0.4029671018797155
0.4027374884886414
0.40250788984248603
0.40227830841851125
0.40204874668574214
0.40181920710480784
0.4015896921277834
0.40136020419803387
0.4011307457500573
0.40090131920933275
0.40067192699216775
0.4004425715055471
0.4002132551469848
0.3999839803043753
0.39975474935584915
0.3995255646696271
0.3992964286038786
0.3990673435065806
0.3988383117153767
0.3986093355574415
0.3983804173493429
0.3981515593969081
0.39792276399509074
0.3976940334278402
0.3974653699679711
0.39723677587703654
0.39700825340520235
0.3967798047911215
0.39655143226181283
0.3963231380325389
0.39609492430668886
0.39586679327565943
0.3956387471187396
0.3954107880029972
0.39518291808316697
0.39495513950154004
0.39472745438785506
0.3944998648591924
0.39427237301986795
0.39404498096133117
0.39381769076206297
0.39359050448747657
0.3933634241898193
0.39313645190807656
0.3929095896678785
0.3926828394814063
0.3924562033473023
0.39222968325058105
0.39200328116254257
0.3917769990406861
0.3915508388286278
0.3913248024560186
0.3910988918384639
0.390873108877446
0.3906474554602476
0.390421933459877
0.3901965447349959
0.3899712911298473
0.3897461744741877
0.38952119658321827
0.3892963592575194
0.38907166428298734
0.38884711343077105
0.38862270845721236
0.3883984511037864
0.3881743430970454
0.3879503861485625
0.3877265819548784
0.38750293219744936
0.3872794385425968
0.38705610264145873
0.3868329261299429
0.3866099106286812
0.38638705774298615
0.38616436906280927
0.3859418461627001
0.3857194906017678
0.3854973039236438
0.3852752876564467
0.38505344331274755
0.38483177238953836
0.3846102763682005
0.38438895671447626
0.3841678148784401
0.3839468522944733
0.3837260703812396
0.3835054705416605
0.38328505416289516
0.38306482261631986
0.3828447772575087
0.38262491942621646
0.3824052504463642
0.3821857716260224
0.3819664842574
0.38174738961683163
0.38152848896476826
0.38130978354576817
0.38109127458848846
0.3808729633056806
0.3806548508941843
0.38043693853492505
0.38021922739291025
0.38000171861723014
0.3797844133410574
0.37956731268164856
0.3793504177403466
0.37913372960258623
0.37891724933789744
0.3787009779999133
0.3784849166263766
0.37826906623914947
0.3780534278442222
0.37783800243172594
0.37762279097594226
0.37740779443531997
0.37719301375248493
0.3769784498542592
0.3767641036516759
0.3765499760399964
0.3763360678987291
0.3761223800916488
0.3759089134668171
0.3756956688566033
0.3754826470777078
0.37526984893118354
0.375057275202462
0.3748449266613768
0.37463280406219013
0.3744209081436193
0.37420923962886465
0.3739977992256375
0.37378658762618916
0.37357560550734203
0.37336485353051896
0.3731543323417752
0.3729440425718316
0.3727339848361058
0.37252415973474784
0.37231456785267236
0.3721052097595957
0.37189608601007057
0.3716871971435219
0.371478543684285
0.3712701261416422
0.3710619450098608
0.3708540007682326
0.37064629388111336
0.37043882479796053
0.37023159395337635
0.3700246017671466
0.36981784864428263
0.369611334975064
0.3694050611350788
0.3691990274852684
0.368993234371969
0.36878768212695606
0.36858237106748754
0.3683773014963494
0.3681724737018983
0.36796788795810875
0.3677635445246172
0.36755944364676757
0.3673555855556578
0.3671519704681862
0.36694859858709716
0.36674547010102887
0.3665425851845596
0.3663399439982552
0.36613754668871695
0.3659353933886278
0.36573348421680285
0.3655318192782344
0.36533039866414185
0.3651292224520197
0.36492829070568567
0.36472760347532956
0.3645271607975613
0.3643269626954604
0.3641270091786245
0.36392730024321773
0.3637278358720198
0.3635286160344757
0.36332964068674306
0.3631309097717429
0.36293242321920655
0.3627341809457262
0.36253618285480305
0.3623384288368961
0.36214091876947047
0.3619436525170475
0.36174662993125073
0.36154985085085756
0.3613533151018453
0.36115702249743986
0.3609609728381642
0.36076516591188657
0.3605696014938672
0.36037427934680666
0.3601791992208935
0.35998436085385077
0.3597897639709837
0.35959540828522596
0.35940129349718625
0.3592074192951953
0.35901378535535156
0.35882039134156607
0.3586272369056097
0.3584343216871573
0.3582416453138326
0.35804920740125334
0.35785700755307603
0.35766504536103816
0.3574733204050043
0.3572818322530071
0.3570905804612921
0.35689956457435923
0.3567087841250057
0.35651823863436727
0.35632792761195975
0.3561378505557207
0.35594800695204976
0.35575839627584754
0.3555690179905581
0.3553798715482056
0.35519095638943493
0.35500227194354916
0.354813817628548
0.3546255928511653
0.35443759700690547
0.35424982948008055
0.3540622896438463
0.35387497686023694
0.3536878904802008
0.35350102984363485
0.353314394279418
0.3531279831054449
0.35294179562865813
0.3527558311450819
0.3525700889398523
0.35238456828724873
0.35219926845072486
0.35201418868293816
0.3518293282257799
0.3516446863104029
0.3514602621572504
0.3512760549760835
0.35109206396600756
0.3509082883154996
0.3507247272024321
0.35054137979410027
0.3503582452472439
0.35017532270807367
0.3499926113122914
0.34981011018511543
0.34962781844129853
0.34944573518515326
0.34926385951056804
0.3490821905010299
0.3489007272296417
0.3487194687591409
0.3485384141419168
0.3483575624200275
0.3481769126252152
0.3479964637789232
0.34781621489230813
0.3476361649662557
0.3474563129913929
0.34727665794810025
0.34709719880652323
0.3469179345265837
0.3467388640579896
0.3465599863402437
0.34638130030265285
0.3462028048643346
0.34602449893422516
0.3458463814110848
0.3456684511835036
0.34549070712990493
0.3453131481185504
0.34513577300754184
0.34495858064482354
0.34478156986818287
0.3446047395052521
0.3444280883735066
0.3442516152802632
0.3440753190226795
0.34389919838774974
0.3437232521523011
0.3435474790829893
0.3433718779362923
0.34319644745850475
0.34302118638573004
0.34284609344387196
0.34267116734862607
0.34249640680546933
0.34232181050964955
0.3421473771461734
0.3419731053897938
0.341798993904996
0.3416250413459841
0.34145124635666435
0.34127760757063025
0.3411041236111436
0.3409307930911182
0.34075761461309995
0.34058458676924624
0.3404117081413067
0.34023897730059927
0.34006639280798934
0.3398939532138645
0.3397216570581112
0.3395495028700879
0.3393774891685993
0.3392056144618684
0.33903387724750855
0.33886227601249364
0.33869080923312694
0.33851947537501176
0.3383482728930163
0.3381772002312433
0.33800625582299293
0.33783543809073013
0.33766474544604597
0.33749417628962214
0.3373237290111924
0.33715340198950206
0.3369831935922696
0.33681310217614385
0.33664312608666364
0.3364732636582124
0.3363035132139756
0.3361338730658949
0.33596434151462173
0.33579491684947055
0.33562559734837033
0.3354563812778154
0.3352872668928151
0.33511825243684223
0.3349493361417817
0.3347805162278754
0.3346117909036701
0.3344431583659602
0.33427461679973247
0.3341061643781078
0.33393779926228373
0.3337695196014738
0.33360132353284794
0.3334332091814706
0.33326517466023803
0.33309721806981496
0.33292933749856995
0.3327615310225091
0.33259379670521033
0.33242613259775433
0.33225853673865763
0.3320910071538007
0.3319235418563582
0.3317561388467279
0.33158879611245523
0.3314215116281619
0.3312542833554698
0.3310871092429243
0.3309199872259183
0.3307529152266143
0.3305858911538636
0.33041891290312725
0.3302519783563951
0.3300850853821031
0.32991823183505004
0.3297514155563132
0.3295846343731629
0.32941788609897704
0.32925116853315195
0.32908447946101593
0.32891781665373887
0.3287511778682416
0.3285845608471048
0.32841796331847645
0.3282513829959788
0.32808481757861296
0.32791826475066455
0.32775172218160586
0.3275851875260003
0.32741865842340157
0.32725213249825646
0.32708560735980285
0.3269190806019697
0.32675254980327284
0.3265860125267138
0.3264194663196732
0.32625290871380797
0.3260863372249433
0.3259197493529659
0.3257531425817164
0.3255865143788803
0.3254198621958775
0.32525318346775145
0.32508647561305815
0.324919736033753
0.3247529621150772
0.32458615122544254
0.32441930071631814
0.32425240792211213
0.3240854701600558
0.3239184847300852
0.32375144891472246
0.3235843599789563
0.32341721517012156
0.32325001171777806
0.3230827468335885
0.3229154177111957
0.3227480215260985
0.32258055543552866
0.3224130165783247
0.3222454020748056
0.3220777090266463
0.3219099345167479
0.3217420756091116
0.32157412934870855
0.3214060927613516
0.3212379628535652
0.32106973661245364
0.32090141100557146
0.3207329829807902
0.3205644494661667
0.32039580736980927
0.3202270535797452
0.3200581849637856
0.3198891983693912
0.31972009062353757
0.31955085853257836
0.31938149888211004
0.31921200843683517
0.3190423839404256
0.3188726221153848
0.31870271966290936
0.3185326732627531
0.31836247957308594
0.31819213523035744
0.3180216368491555
0.31785098102206955
0.3176801643195488
0.3175091832897636
0.3173380344584659
0.3171667143288476
0.31699521938140196
0.31682354607378216
0.3166516908406619
0.3164796500935938
0.3163074202208698
0.31613499758738006
0.3159623785344736
0.31578955937981684
0.3156165364172538
0.31544330591666636
0.3152698641238338
0.31509620726029347
0.3149223315232017
0.3147482330851936
0.3145739080942452
0.3143993526735347
0.3142245629213043
0.3140495349107225
0.313874264689747
0.313698748280988
0.3135229816815723
0.3133469608630074
0.31317068177104684
0.3129941403255558
0.31281733242037835
0.3126402539232034
0.3124629006754337
0.31228526849205523
0.3121073531615054
0.31192915044554603
0.3117506560791334
0.31157186577029156
0.311392775199987
0.31121338002200305
0.3110336758628167
0.31085365832147516
0.31067332296947614
0.31049266535064757
0.31031168098102846
0.3101303653487536
0.3099487139139367
0.30976672210855843
0.3095843853363524
0.3094016989726962
0.3092186583645029
0.3090352588301131
0.3088514956591916
0.30866736411262347
0.308482859422414
0.3082979767915893
0.30811271139410035
0.30792705837472845
0.30774101284899297
0.3075545699030627
0.3073677245936667
0.30718047194801235
0.3069928069637006
0.30680472460864827
0.3066162198210118
0.3064272875091111
0.3062379225513611
0.30604811979620244
0.30585787406203746
0.30566718013716737
0.30547603277973484
0.3052844267176684
0.3050923566486303
0.30489981723996895
0.30470680312867326
0.30451330892133277
0.3043193291940994
0.30412485849265397
0.30392989133217774
0.30373442219732566
0.3035384455422059
0.303341955790362
0.30314494733476116
0.3029474145377848
0.3027493517312254
0.30255075321628677
0.30235161326359083
0.302151926113186
0.3019516859745646
0.301750887026682
0.3015495234179824
0.30134758926643057
0.30114507865954654
0.3009419856544493
0.30073830427790227
0.300534028526368
0.3003291523660666
0.30012366973304044
0.29991757453322654
0.29971086064253166
0.2995035219069186
0.29929555214249465
0.2990869451356091
0.298877694642957
0.2986677943916894
0.29845723807953006
0.2982460193749018
0.29803413191705685
0.29782156931621695
0.29760832515372043
0.29739439298217585
0.2971797663256259
0.2969644386797162
0.2967484035118757
0.29653165426150196
0.2963141843401579
0.2960959871317742
0.29587705599286374
0.2956573842527413
0.29543696521375606
0.2952157921515299
0.2949938583152075
0.2947711569277153
0.2945476811860289
0.29432342426145197
0.2940983792999049
0.2938725394222233
0.29364589772446614
0.2934184472782358
0.2931901811310079
0.2929610923064734
0.2927311738048883
0.29250041860343867
0.2922688196566157
0.29203636989660003
0.2918030622336616
0.29156888955656796
0.2913338447330077
0.2910979206100235
0.2908611100144599
0.29062340575342155
0.2903848006147468
0.29014528736749173
0.28990485876242905
0.2896635075325602
0.2894212263936402
0.2891780080447173
0.2889338451686852
0.28868873043285087
0.28844265648951634
0.28819561597657395
0.28794760151811694
0.28769860572506556
0.2874486211958071
0.2871976405168517
0.2869456562635038
0.2866926610005484
0.2864386472829535
0.2861836076565887
0.28592753465896054
0.2856704208199613
0.2854122586626383
0.2851530407039766
0.2848927594557003
0.2846314074250899
0.284368977115817
0.2841054610287969
0.28384085166305817
0.2835751415166289
0.28330832308744275
0.2830403888742618
0.282771331377616
0.28250114310076496
0.28222981655067314
0.2819573442390062
0.28168371868314734
0.2814089324072286
0.2811329779431838
0.2808558478318202
0.28057753462390866
0.28029803088129196
0.2800173291780157
0.2797354221014742
0.2794523022535803
0.2791679622519502
0.2788823947311126
0.2785955923437337
0.27830754776186417
0.27801825367820465
0.2777277028073927
0.2774358878873069
0.2771428016803952
0.27684843697501743
0.27655278658681337
0.27625584336008696
0.2759576001692129
0.2756580499200606
0.27535718555144023
0.27505500003656835
0.27475148638455155
0.27444663764189237
0.2741404468940122
0.2738329072667964
0.27352401192815756
0.2732137540896167
0.2729021270079068
0.27258912398659396
0.2722747383777161
0.27195896358344307
0.2716417930577534
0.27132322030813094
0.2710032388972782
0.2706818424448495
0.2703590246292011
0.27003477918915775
0.2697090999257991
0.2693819807042608
0.26905341545555383
0.2687233981783996
0.26839192294108105
0.26805898388331095
0.2677245752181134
0.267388691233722
0.2670513262954931
0.26671247484783184
0.2663721314161327
0.26603029060873523
0.2656869471188895
0.2653420957267366
0.2649957313013011
0.2646478488024941
0.26429844328312746
0.2639475098909395
0.26359504387062976
0.26324104056590336
0.2628854954215246
0.262528403985378
0.26216976191053865
0.2618095649573463
0.26144780899549075
0.26108449000609596
0.26071960408381734
0.26035314743893556
0.25998511639945926
0.2596155074132284
0.25924431705001894
0.25887154200365053
0.25849717909409387
0.2581212252695772
0.2577436776086921
0.25736453332249776
0.25698378975662095
0.2566014443933545
0.2562174948537488
0.2558319388996991
0.2554447744360259
0.2550559995125491
0.2546656123261515
0.2542736112228354
0.2538799946997678
0.25348476140731413
0.25308791015106086
0.25268943989382386
0.25228934975764294
0.25188763902576056
0.25148430714458575
0.25107935372563905
0.25067277854747894
0.2502645815576105
0.24985476287437192
0.24944332278879994
0.2490302617664723
0.24861558044932652
0.24819927965745375
0.24778136039086646
0.24736182383123873
0.2469406713436189
0.24651790447811195
0.2460935249715322
0.24566753474902264
0.2452399359256447
0.24481073080792978
0.24437992189539995
0.24394751188204886
0.24351350365778818
0.24307790030985404
0.24264070512417366
0.24220192158669243
0.2417615533846592
0.2413196044078669
0.24087607874985204
0.24043098070904573
0.23998431478988236
0.23953608570385768
0.2390862983705413
0.23863495791853728
0.23818206968639766
0.23772763922348109
0.2372716722907615
0.23681417486158324
0.23635515312236055
0.2358946134732236
0.2354325625286065
0.23496900711777974
0.2345039542853242
0.23403741129154512
0.23356938561282853
0.23309988494193518
0.23262891718823386
0.2321564904778734
0.23168261315389016
0.23120729377625304
0.230730541121844
0.23025236418437312
0.22977277217422953
0.22929177451826366
0.2288093808595045
0.2283256010568098
0.22784044518444674
0.22735392353160533
0.22686604660184365
0.2263768251124623
0.22588626999381042
0.225394392388522
0.22490120365068011
0.2244067153449143
0.22391093924542257
0.22341388733492706
0.22291557180355515
0.22241600504765172
0.22191519966851936
0.22141316847108697
0.22090992446250793
0.22040548085068762
0.2198998510427372
0.21939304864336115
0.2188850874531685
0.21837598146691947
0.21786574487169677
0.21735439204501056
0.21684193755283215
0.21632839614755997
0.21581378276591529
0.21529811252677067
0.21478140072891225
0.21426366284873158
0.21374491453785469
0.2132251716207038
0.212704450091994
0.21218276611416584
0.21166013601475517
0.21113657628369997
0.21061210357058543
0.21008673468182842
0.20956048657780274
0.20903337636990463
0.208505421317562
0.2079766388251856
0.20744704643906645
0.20691666184421728
0.20638550286116256
0.20585358744267565
0.2053209336704664
0.20478755975181873
0.2042534840161808
0.20371872491170945
0.20318330100176885
0.2026472309613859
0.20211053357366351
0.20157322772615416
0.20103533240719348
0.20049686670219763
0.19995784978992365
0.19941830093869692
0.19887823950260589
0.19833768491766557
0.19779665669795252
0.1972551744317117
0.1967132577774392
0.1961709264599399
0.19562820026636252
0.19508509904221757
0.19454164268737234
0.19399785115203239
0.19345374443270755
0.19290934256816508
0.19236466563536986
0.1918197337454185
0.1912745670394631
0.1907291856846313
0.1901836098699416
0.18963785980221728
0.18909195570199996
0.188545917799466
0.18799976633034476
0.18745352153184444
0.18690720363858382
0.18636083287853394
0.18581442946897095
0.18526801361244072
0.18472160549274017
0.1841752252709123
0.18362889308126162
0.1830826290273892
0.18253645317824752
0.18199038556422165
0.1814444461732328
0.18089865494687052
0.18035303177655213
0.17980759649971248
0.17926236889602504
0.17871736868365762
0.17817261551556013
0.17762812897579078
0.1770839285758791
0.17654003375122793
0.1759964638575563
0.17545323816738376
0.17491037586655905
0.1743678960508314
0.17382581772246958
0.17328415978692735
0.17274294104955673
0.1722021802123714
0.17166189587085998
0.17112210651085188
0.1705828305054349
0.17004408611192723
0.1695058914689038
0.16896826459327804
0.16843122337744088
0.16789478558645596
0.16735896885531393
0.1668237906862453
0.1662892684460928
0.16575541936374358
0.16522226052762318
0.16468980888325058
0.16415808123085515
0.16362709422305577
0.16309686436260423
0.16256740800019032
0.16203874133231186
0.16151088039920874
0.16098384108286035
0.1604576391050489
0.15993229002548728
0.15940780924001108
0.15888421197883681
0.15836151330488424
0.15783972811216573
0.15731887112423867
0.156798956892725
0.15627999979589402
0.15576201403731219
0.15524501364455748
0.15472901246799592
0.15421402417962696
0.15370006227198907
0.15318714005713183
0.1526752706656507
0.1521644670457849
0.15165474196257903
0.15114610799710618
0.15063857754575388
0.15013216281957073
0.14962687584367573
0.14912272845672564
0.14861973231044512
0.14811789886921328
0.1476172394097126
0.14711776502063154
0.14661948660242918
0.14612241486715333
0.14562656033831572
0.14513193335082386
0.14463854405096466
0.14414640239644566
0.14365551815648536
0.14316590091195897
0.14267756005559418
0.14219050479221723
0.14170474413904993
0.1412202869260546
0.14073714179632782
0.14025531720654025
0.13977482142742403
0.13929566254430512
0.1388178484576793
0.1383413868838328
0.1378662853555046
0.1373925512225917
0.13692019165289324
0.13644921363289622
0.1359796239685987
0.1355114292863725
0.1350446360338603
0.1345792504809109
0.13411527872054899
0.13365272666997804
0.13319160007161776
0.13273190449417166
0.1322736453337282
0.13181682781488951
0.13136145699193194
0.13090753774999297
0.1304550748062859
0.13000407271134162
0.1295545358502756
0.12910646844407825
0.12865987455093064
0.12821475806754135
0.12777112273050678
0.1273289721176903
0.1268883096496228
0.12644913859092177
0.12601146205172847
0.12557528298916365
0.12514060420879708
0.12470742836613541
0.12427575796812286
0.1238455953746578
0.12341694280011999
0.12298980231491186
0.12256417584701085
0.12214006518353258
0.12171747197230325
0.12129639772344232
0.1208768438109525
0.12045881147431807
0.12004230182011033
0.11962731582359884
0.11921385433036756
0.1188019180579381
0.11839150759739435
0.11798262341501245
0.11757526585389304
0.11716943513559613
0.11676513136177673
0.11636235451582244
0.1159611044644909
0.11556138095954718
0.11516318363940056
0.11476651203074004
0.11437136555016714
0.11397774350582879
0.11358564509904404
0.11319506942592991
0.11280601547902215
0.11241848214889257
0.11203246822576085
0.11164797240110114
0.11126499326924366
0.11088352932896928
0.11050357898509883
0.11012514055007416
0.10974821224553351
0.10937279220387697
0.10899887846982675
0.10862646900197695
0.10825556167433573
0.10788615427785803
0.10751824452196942
0.10715183003607992
0.10678690837108845
0.10642347700087634
0.10606153332379169
0.10570107466412185
0.10534209827355533
0.10498460133263347
0.10462858095218959
0.10427403417477704
0.10392095797608537
0.10356934926634563
0.10321920489172162
0.10287052163569044
0.1025232962204097
0.10217752530807324
0.10183320550225287
0.10149033334922714
0.10114890533929956
0.10080891790810009
0.10047036743787643
0.10013325025877018
0.09979756265008113
0.09946330084151635
0.09913046101442714
0.09879903930303176
0.09846903179562495
0.09814043453577295
0.09781324352349546
0.09748745471643314
0.09716306403100271
0.09684006734353622
0.09651846049140765
0.09619823927414548
0.09587939945453172
0.0955619367596856
0.09524584688213517
0.09493112548087415
0.09461776818240455
0.09430577058176645
0.09399512824355291
0.09368583670291183
0.09337789146653386
0.09307128801362637
0.09276602179687393
0.09246208824338516
0.0921594827556262
0.09185820071234006
0.09155823746945306
0.09125958836096781
0.09096224869984267
0.09066621377885797
0.09037147887146901
0.09007803923264636
0.08978589009970216
0.08949502669310458
0.08920544421727876
0.08891713786139513
0.08863010280014454
0.08834433419450204
0.08805982719247606
0.08777657692984801
0.08749457853089633
0.08721382710911126
0.08693431776789506
0.086656045601252
0.08637900569446547
0.0861031931247632
0.08582860296197146
0.08555523026915701
0.08528307010325786
0.08501211751570234
0.08474236755301726
0.08447381525742502
0.0842064556674286
0.08394028381838692
0.08367529474307901
0.0834114834722566
0.08314884503518732
0.08288737446018661
0.08262706677513969
0.08236791700801277
0.08210992018735472
0.08185307134278857
0.08159736550549249
0.08134279770867191
0.08108936298802122
0.08083705638217656
0.08058587293315836
0.08033580768680526
0.0800868556931988
0.07983901200707856
0.0795922716882484
0.07934662980197456
0.07910208141937372
0.07885862161779414
0.07861624548118659
0.07837494810046781
0.07813472457387574
0.07789557000731603
0.07765747951470132
0.0774204482182817
0.07718447124896763
0.07694954374664535
0.07671566086048513
0.07648281774924069
0.07625100958154205
0.07602023153618176
0.07579047880239254
0.07556174658011901
0.0753340300802816
0.07510732452503467
0.07488162514801651
0.07465692719459405
0.07443322592209992
0.07421051660006409
0.07398879451043827
0.07376805494781451
0.07354829321963763
0.07332950464641189
0.07311168456190086
0.07289482831332246
0.07267893126153784
0.07246398878123421
0.07224999626110278
0.07203694910401082
0.07182484272716846
0.07161367256229041
0.07140343405575195
0.07119412266874071
0.07098573387740216
0.0707782631729814
0.07057170606195973
0.07036605806618605
0.07016131472300385
0.06995747158537416
0.06975452422199302
0.069552468217405
0.06935129917211279
0.06915101270268206
0.06895160444184154
0.06875307003858061
0.06855540515824138
0.06835860548260744
0.06816266670998865
0.06796758455530214
0.06777335475014958
0.06757997304289082
0.06738743519871354
0.06719573699970033
0.067004874244891
0.06681484275034298
0.06662563834918697
0.06643725689168051
0.06624969424525745
0.06606294629457529
0.06587700894155826
0.06569187810543836
0.0655075497227931
0.06532401974758045
0.06514128415117101
0.0649593389223771
0.06477818006747953
0.06459780361025172
0.06441820559198086
0.0642393820714873
0.06406132912514025
0.06388404284687244
0.06370751934819127
0.06353175475818848
0.06335674522354716
0.06318248690854623
0.06300897599506346
0.06283620868257603
0.06266418118815895
0.06249288974648146
0.06232233060980142
0.06215250004795869
0.061983394348364446
0.06181500981599122
0.061647342773359357
0.06148038956052245
0.06131414653505124
0.06114861007201504
0.0609837765639623
0.060819642420899364
0.060656204070267554
0.06049345795691871
0.06033140054308987
0.06017002830837521
0.060009337749698174
0.059849325381281016
0.0596899877346136
0.059531321358420805
0.05937332281862848
0.05921598869832853
0.05905931559774266
0.058903300134184544
0.058747938942021974
0.058593228672636166
0.05843916599438193
0.05828574759254541
0.05813297016930148
0.05798083044367005
0.05782932515147107
0.05767845104527912
0.05752820489437707
0.05737858348470819
0.05722958361882857
0.05708120211585763
0.05693343581142835
0.05678628155763689
0.05663973622299115
0.056493796692358794
0.05634845986691439
0.056203722664086186
0.056059582017502094
0.055916034876934695
0.055773078208246465
0.05563070899333369
0.05548892423006998
0.055347720932249565
0.05520709612952942
0.055067046867372196
0.05492757020698664
0.05478866322526955
0.05465032301474621
0.05451254668351041
0.05437533135516452
0.05423867416875902
0.054102572278731303
0.05396702285484449
0.053832023082126076
0.05369757016080553
0.05356366130625246
0.053430293748913824
0.053297464734251176
0.05316517152267781
0.05303341138949493
0.052902181624828515
0.05277147953356546
0.05264130243528954
0.052511647664217204
0.05238251256913329
0.05225389451332634
0.052125790874524056
0.051998199044828546
0.051871116430651044
0.0517445404526474
0.05161846854565207
0.0514928981586136
0.0513678267545287
0.051243251810377234
0.051119170817056206
0.05099558127931472
0.05087248071568779
0.050749866658431196
0.050627736653455366
0.05050608826025994
0.05038491905186783
0.05026422661475977
0.050144008548808204
0.05002426246721193
0.04990498599643016
