2.322772825157484
2.2108199841355125
2.1120357441954685
2.0777262069470055
2.071024564600115
2.070204707961736
2.069686110718414
2.06880893946441
2.0676955020079015
2.0664621530992777
2.0651607877720703
2.063807531562242
2.0624030362374985
2.0609417736675635
2.0594157685496115
2.0578160023611716
2.056132917789493
2.0543565933064576
2.05247680236248
2.0504830346182117
2.048364506209494
2.0461101682711047
2.0437087169653765
2.0411486063620057
2.0384180649602253
2.0355051165032774
2.0323976057039803
2.029083229483109
2.025549574288146
2.02178415999646
2.017774490806797
2.0135081133805146
2.0089726823042904
2.0041560327060295
1.999046259564599
1.993631802914217
1.9879015377630167
1.9818448671346645
1.9754518162205175
1.968713125222585
1.9616203381057589
1.9541658841977698
1.9463431494166419
1.9381465339076647
1.9295714930706045
1.9206145593798245
1.911273343058057
1.9015465105531513
1.8914337408585042
1.8809356609608088
1.8700537630192164
1.8587903071854566
1.8471482151605103
1.8351309605431345
1.822742462660118
1.8099869907979034
1.796869085528599
1.7833935031246724
1.769565187908299
1.755389275844533
1.740871130856522
1.7260164133363773
1.7108311782831522
1.6953219985602541
1.6794961070625158
1.6633615502346673
1.6469273444792145
1.6302036265915358
1.6132017894864834
1.5959345951199375
1.57841625761157
1.5606624910614
1.5426905183182018
1.5245190388820689
1.5061681560798847
1.4876592655180938
1.4690149084822899
1.4502585953289
1.4314146049388243
1.412507766943816
1.393563233691183
1.3746062488051187
1.3556619187797057
1.3367549933609093
1.3179096596126392
1.299149353587045
1.2804965924996927
1.261972829305778
1.2435983306329474
1.2253920781859688
1.207371693022347
1.1895533815185917
1.1719519014065085
1.154580545952068
1.1374511441643238
1.1205740748427009
1.1039582922796705
1.087611361513465
1.0715395011539024
1.055747631966672
1.0402394295831459
1.0250173798917854
1.0100828358541842
0.9954360746669823
0.9810763543558401
0.9670019690369276
0.9532103022142888
0.9396978775982854
0.9264604070325518
0.9134928352064379
0.9007893809089595
0.8883435746514443
0.8761482925517878
0.8641957864361505
0.8524777101766604
0.8409851423487922
0.8297086053623314
0.8186380812978842
0.8077630247697103
0.79707237323803
0.7865545553130431
0.7761974977313537
0.7659886318461488
0.7559149006571773
0.7459627676165138
0.736118228680745
0.7263668293367969
0.7166936886012847
0.7070835322716719
0.6975207379761186
0.687989394805103
0.6784733804816134
0.6689564590989485
0.6594224023787416
0.6498551371220487
0.6402389209844556
0.6305585478444449
0.620799582804183
0.6109486252349013
0.6009935962597385
0.5909240447071535
0.5807314629796079
0.5704096016448619
0.5599547691181991
0.5493661008640729
0.5386457814322
0.5277992026653919
0.5168350428128125
0.5057652541641225
0.4946049511249533
0.48337219612369975
0.4720876869280305
0.46077435527081206
0.44945689249169807
0.4381612225795242
0.42691394606886535
0.41574177942114154
0.40467101376473313
0.3937270143691124
0.38293377836060916
0.37231356344216715
0.36188659528110084
0.3516708562638498
0.3416819538787118
0.33193306334742045
0.3224349364255916
0.3131959665548914
0.30422229970809267
0.29551798019111347
0.2870851211893302
0.2789240907962151
0.2710337054782317
0.26341142427083064
0.25605353835463046
0.24895535194639207
0.24211135160175593
0.2355153620351258
0.2291606874045177
0.22304023768744424
0.2171466402991849
0.211472337493857
0.20600967036110546
0.2007509504069688
0.19568851980571306
0.19081480144751828
0.1861223398999359
0.18160383436174854
0.17725216462663945
0.17306041099916852
0.16902186902333355
0.16513005979926412
0.1613787365797782
0.15776188825807239
0.15427374028223823
0.150908753462568
0.14766162107413938
0.14452726460009643
0.14150082841020087
0.1385776736243208
0.1357533713711621
0.1330236956182533
0.1303846157195032
0.12783228880107383
0.12536305208440116
0.1229734152264893
0.12066005274175243
0.11841979655624522
0.11624962873385133
0.11414667440454491
0.11210819491696564
0.11013158123102464
0.10821434756087947
0.10635412527421885
0.10454865705021904
0.10279579129566074
0.1010934768163972
0.09943975773957087
0.09783276868057232
0.09627073014770027
0.09475194417669501
0.09327479018679294
0.09183772104959316
0.09043925936184649
0.08907799391319329
0.08775257633992455
0.08646171795594179
0.08520418675227184
0.08397880455670467
0.0827844443453898
0.08162002769849785
0.08048452239236062
0.07937694012080918
0.07829633433874769
0.0772417982213154
0.07621246273230936
0.0752074947958436
0.07422609556553054
0.07326749878576401
0.0723309692399667
0.07141580128094126
0.07052131743873254
0.06964686710165521
0.06879182526638633
0.06795559135325421
0.06713758808307019
0.06633726041206026
0.06555407452165038
0.06478751686004675
0.06403709323272476
0.06330232793911493
0.06258276295292194
0.06187795714366996
0.06118748553720278
0.06051093861299896
0.05984792163629048
0.05919805402308535
0.05856096873630795
0.05793631171137439
0.05732374130961469
0.056722927798049945
0.05613355285411359
0.0555553090939915
0.054987899623328604
0.05443103760912213
0.05388444587169079
0.053347856495668575
0.0528210104590367
0.0523036572792557
0.051795554675621594
0.05129646824701101
0.05080617116423087
0.050324443876232285
0.049851073829488154
