0.6044823990067743
0.6254499611379991
0.5383385389345976
0.5332025160545061
0.559460316024836
0.5499114184489572
0.5231074853006423
0.5155982146497118
0.5220365824128133
0.521497151320351
0.5175697178304264
0.5181893668646339
0.519793625284513
0.5183448082852794
0.5160385115714132
0.5154219516434698
0.5157656909907335
0.5159236214521155
0.5160495930832628
0.5162913210550901
0.5163024732605529
0.5159965029576762
0.5156812626348213
0.5155600457379026
0.5155799630738294
0.515644909391911
0.5157086431373585
0.5157301778547558
0.5156838638171197
0.5155952449777801
0.5155149925825971
0.515470537616379
0.5154572397156201
0.5154570527569817
0.5154524198530028
0.5154324604923401
0.5153969550421316
0.5153547366187818
0.5153160105474578
0.5152856865692064
0.5152624403048975
0.5152416662944223
0.515218886949288
0.5151919655144919
0.5151615924773488
0.5151301323916162
0.5150998149453869
0.5150715373558579
0.5150447996418639
0.5150184154634344
0.5149913521568136
0.5149632326718027
0.5149343440043858
0.5149052851555402
0.5148765484347763
0.5148482859392844
0.5148203327195326
0.514792392935695
0.5147642384406306
0.5147358108982018
0.5147072023173352
0.5146785606568739
0.5146499938103241
0.5146215243650842
0.5145931040077405
0.5145646615131846
0.5145361483578679
0.514507558332225
0.5144789185640812
0.5144502654146702
0.5144216227530075
0.5143929935321259
0.5143643651239092
0.5143357213611718
0.5143070528085072
0.5142783603171991
0.5142496520087213
0.5142209372956994
0.5141922220345665
0.5141635070534745
0.5141347898128846
0.514106067358625
0.514077338599321
0.5140486049001172
0.514019869188796
0.5139911345031701
0.5139624029233228
0.513933675339835
0.513904951926599
0.5138762328519383
0.5138475187771353
0.5138188109419544
0.5137901109173616
0.5137614202580776
0.5137327402699157
0.5137040719803814
0.5136754162661166
0.5136467740216742
0.5136181462673969
0.5135895341576395
0.5135609389152462
0.5135323617493915
0.5135038038053077
0.5134752661627385
0.5134467498690218
0.5134182559786702
0.5133897855764565
0.5133613397767625
0.5133329197067096
0.51330452648689
0.5132761612205721
0.5132478249944628
0.5132195188870724
0.5131912439779173
0.5131630013524221
0.5131347921012243
0.5131066173159405
0.5130784780846955
0.5130503754898382
0.5130223106083824
0.5129942845141116
0.5129662982797375
0.5129383529779691
0.5129104496812764
0.5128825894608866
0.5128547733857958
0.5128270025223379
0.5127992779343915
0.5127716006839517
0.5127439718316879
0.5127163924372304
0.5126888635591547
0.5126613862548002
0.5126339615801097
0.5126065905896047
0.5125792743365111
0.5125520138729637
0.5125248102501987
0.51249766451868
0.5124705777281512
0.5124435509276521
0.5124165851655383
0.5123896814895309
0.5123628409467984
0.5123360645840501
0.5123093534476212
0.5122827085835366
0.5122561310375517
0.5122296218551778
0.5122031820817048
0.5121768127622209
0.5121505149416349
0.5121242896646895
0.512098137975967
0.5120720609198788
0.5120460595406391
0.5120201348822284
0.5119942879883423
0.5119685199023315
0.5119428316671297
0.5119172243251682
0.5118916989182771
0.5118662564875697
0.5118408980733107
0.5118156247147688
0.5117904374500545
0.5117653373159388
0.5117403253476595
0.5117154025787064
0.5116905700405919
0.5116658287626022
0.5116411797715303
0.5116166240913902
0.5115921627431135
0.5115677967442265
0.5115435271085083
0.5115193548456305
0.5114952809607768
0.511471306454245
0.511447432321026
0.511423659550368
0.511399989125317
0.5113764220222421
0.511352959210337
0.5113296016511057
0.5113063502978288
0.5112832060950085
0.5112601699777973
0.5112372428714069
0.5112144256904988
0.5111917193385569
0.5111691247072431
0.5111466426757331
0.5111242741100374
0.5111020198623046
0.5110798807701076
0.5110578576557134
0.5110359513253397
0.5110141625683927
0.5109924921566927
0.510970940843684
0.5109495093636316
0.5109281984308042
0.5109070087386436
0.5108859409589243
0.5108649957408976
0.5108441737104273
0.5108234754691139
0.5108029015934076
0.5107824526337134
0.5107621291134863
0.510741931528318
0.5107218603450162
0.5107019160006762
0.5106820989017464
0.5106624094230873
0.5106428479070253
0.5106234146624009
0.5106041099636146
0.5105849340496657
0.5105658871231916
0.5105469693495018
0.5105281808556109
0.5105095217292701
0.5104909920179974
0.5104725917281074
0.5104543208237415
0.5104361792258975
0.5104181668114613
0.5104002834122396
0.5103825288139938
0.5103649027554775
0.5103474049274747
0.5103300349718425
0.5103127924805576
0.5102956769947636
0.5102786880038253
0.5102618249443857
0.510245087199428
0.5102284740973411
0.510211984910992
0.5101956188568004
0.5101793750938218
0.5101632527228323
0.5101472507854211
0.5101313682630879
0.5101156040763447
0.5100999570838237
0.5100844260813899
0.51006900980126
0.5100537069111243
0.5100385160132752
0.5100234356437395
0.5100084642714162
0.5099936002972159
0.5099788420532073
0.5099641878017648
0.5099496357347206
0.5099351839725187
0.5099208305633715
0.5099065734824186
0.5098924106308865
0.509878339835249
0.5098643588463876
0.5098504653387521
0.5098366569095201
0.5098229310777533
0.5098092852835533
0.5097957168872124
0.5097822231683613
0.5097688013251113
0.5097554484731912
0.5097421616450769
0.5097289377891142
0.5097157737686311
0.509702666361043
0.5096896122569455
0.5096766080591953
0.5096636502819788
0.5096507353498667
0.5096378595968527
0.5096250192653766
0.5096122105053279
0.5095994293730326
0.5095866718302179
0.5095739337429552
0.5095612108805814
0.5095484989145933
0.509535793417518
0.5095230898617543
0.5095103836183854
0.5094976699559605
0.5094849440392446
0.5094722009279343
0.5094594355753366
0.5094466428270118
0.5094338174193757
0.5094209539782623
0.5094080470174418
0.5093950909370963
0.5093820800222446
0.5093690084411233
0.5093558702435138
0.5093426593590167
0.5093293695952736
0.5093159946361291
0.5093025280397352
0.5092889632365944
0.5092752935275381
0.509261512081639
0.5092476119340568
0.5092335859838104
0.5092194269914798
0.5092051275768283
0.5091906802163504
0.5091760772407359
0.5091613108322506
0.5091463730220314
0.5091312556872911
0.5091159505484314
0.5091004491660606
0.509084742937912
0.5090688230956639
0.5090526807016507
0.5090363066454711
0.5090196916404801
0.5090028262201722
0.5089857007344405
0.5089683053457202
0.5089506300250021
0.5089326645477201
0.508914398489505
0.5088958212218011
0.5088769219073426
0.5088576894954846
0.5088381127173858
0.508818180081036
0.5087978798661268
0.5087772001187593
0.5087561286459836
0.5087346530101665
0.5087127605231823
0.5086904382404185
0.5086676729545975
0.5086444511894013
0.5086207591928992
0.5085965829307694
0.5085719080793106
0.5085467200182371
0.5085210038232477
0.5084947442583692
0.5084679257680591
0.5084405324690665
0.5084125481420434
0.5083839562228949
0.5083547397938661
0.5083248815743552
0.5082943639114422
0.5082631687701314
0.5082312777232916
0.5081986719412902
0.5081653321813105
0.508131238776341
0.5080963716238298
0.5080607101739905
0.5080242334177532
0.5079869198743451
0.5079487475784931
0.5079096940672336
0.5078697363663218
0.5078288509762217
0.5077870138576698
0.5077442004167957
0.5077003854897864
0.5076555433270795
0.5076096475770718
0.5075626712693255
0.5075145867972581
0.5074653659002962
0.5074149796454805
0.5073633984084989
0.5073105918541319
0.5072565289160897
0.5072011777762224
0.5071445058430779
0.507086479729791
0.5070270652312772
0.506966227300707
0.5069039300252389
0.5068401366009821
0.5067748093071626
0.5067079094794655
0.506639397482523
0.5065692326815165
0.5064973734128634
0.5064237769539499
0.5063483994918798
0.5062711960911989
0.5061921206605563
0.506111125918265
0.5060281633567137
0.5059431832055906
0.5058561343938687
0.5057669645105035
0.5056756197637937
0.5055820449393459
0.5054861833565882
0.505387976823775
0.5052873655914114
0.5051842883040372
0.5050786819502963
0.5049704818112162
0.5048596214066188
0.50474603243958
0.5046296447388472
0.504510386199124
0.5043881827191206
0.5042629581372675
0.50413463416498
0.5040031303173569
0.5038683638411894
0.5037302496401478
0.5035887001970074
0.5034436254927656
0.5032949329224918
0.5031425272077474
0.5029863103053963
0.5028261813126198
0.5026620363679414
0.5024937685480455
0.502321267760173
0.5021444206298533
0.5019631103837265
0.5017772167271891
0.5015866157165811
0.5013911796256204
0.5011907768057693
0.5009852715401987
0.5007745238909995
0.5005583895392727
0.5003367196177
0.5001093605351884
0.4998761537931481
0.49963693579294605
0.4993915376340549
0.4991397849023882
0.49888149744829274
0.4986164891536396
0.4983445676874357
0.4980655342493465
0.4977791833005003
0.49748530228091814
0.49718367131289065
0.49687406288960106
0.49655624154827244
0.49622996352710186
0.4958949764052256
0.49555101872495166
0.49519781959548637
0.49483509827738315
0.49446256374694575
0.4940799142398311
0.49368683677312053
0.49328300664516395
0.49286808691254425
0.49244172784357454
0.49200356634781955
0.4915532253812331
0.49109031332662323
0.49061442334931094
0.4901251327280281
0.48962200216130863
0.4891045750498938
0.48857237675595844
0.4880249138403233
0.4874616732792194
0.486882121662641
0.48628570437685836
0.4856718447742808
0.48503994333455613
0.48438937682158745
0.4837194974420408
0.4830296320119172
0.48231908113887784
0.48158711842924995
0.48083298972999866
0.4800559124174446
0.4792550747461147
0.47842963527286253
0.4775787223732292
0.4767014338689764
0.47579683678772733
0.4748639672777152
0.47390183070268244
0.47290940194396214
0.471885625938616
0.47082941848413096
0.4697396673414609
0.46861523366902996
0.46745495382053925
0.4662576415388692
0.46502209057687394
0.46374707777320895
0.4624313666073257
0.46107371125218577
0.4596728611358827
0.4582275660140295
0.4567365815432963
0.45519867533274416
0.4536126334335477
0.45197726720931647
0.45029142050865745
0.44855397703905486
0.4467638678169726
0.44492007854378635
0.4430216567314064
0.44106771837607694
0.43905745395482737
0.43699013349753685
0.4348651104698092
0.4326818241891746
0.4304398004909219
0.4281386503614225
0.4257780662673744
0.42335781592997335
0.42087773332434525
0.41833770672703197
0.41573766368784304
0.4130775528664935
0.41035732274816167
0.40757689733408586
0.4047361489918409
0.40183486874313984
0.398872734362911
0.3958492767601798
0.3927638452073858
0.38961557207902453
0.3864033378522822
0.3831257372114717
0.379781047184872
0.37636719832757387
0.3728817500476701
0.3693218712557823
0.3656843275988254
0.36196547661615175
0.35816127222603683
0.35426728000684815
0.350278704771493
0.3461904319342724
0.34199708412150576
0.33769309436395767
0.3332727970108327
0.3287305372014067
0.3240607993012565
0.3192583541379905
0.314318424143948
0.3092368646262676
0.30401035834540086
0.2986366194142605
0.2931146012732594
0.28744470221475643
0.28162896071043997
0.27567123174623603
0.2695773346196527
0.26335516234327305
0.2570147430626705
0.2505682448549728
0.24402991700187068
0.2374159633401086
0.23074434651095435
0.22403452568870802
0.2173071344019625
0.21058360902680462
0.20388578204230903
0.19723545681606403
0.19065398221464452
0.1841618455096921
0.1777783008256401
0.17152104786632982
0.1654059721311238
0.15944695366269385
0.1536557469869382
0.1480419307288399
0.14261292176947019
0.13737404599747813
0.13232865583043682
0.12747828374665798
0.12282282098838021
0.11836071121707248
0.11408915003092271
0.1100042826983994
0.10610139404281126
0.10237508598584771
0.09881943971630011
0.09542816072490144
0.09219470600258806
0.08911239352943029
0.08617449479626867
0.08337431152429971
0.08070523800931789
0.07816081064877861
0.07573474624170197
0.07342097061092709
0.07121363900745398
0.0691071496362799
0.06709615150676505
0.06517554766894144
0.06334049475791517
0.06158639963670799
0.05990891380660085
0.05830392614489921
0.056767554433562635
0.055296136058118076
0.05388621818403593
0.052534547656324565
0.051238060816391755
0.049993873387096044
