2.199273237986816
2.1635599224635804
2.186730883974751
2.1747738777865235
2.1660141640336867
2.160131851547655
2.15546725663222
2.151335117343043
2.1474822757040175
2.143807508763656
2.1402648058606015
2.1368302523415066
2.1334896379999915
2.130233326724442
2.1270539624413036
2.123945389769055
2.1209021258683918
2.1179190900032565
2.1149914553133335
2.1121145590269745
2.1092838409017935
2.106494795558561
2.1037429319002587
2.1010237363665105
2.098332638449814
2.095664977687705
2.093015971715933
2.09038068514483
2.087753999108549
2.085130581383641
2.0825048570018776
2.079870979303087
2.0772228013918568
2.0745538479799746
2.0718572876157877
2.069125905323411
2.066352075699641
2.063527736545569
2.060644363143924
2.0576929433331945
2.05466395357637
2.051547336276796
2.048332478656957
2.0450081935888798
2.0415627028479357
2.0379836233555357
2.0342579570804977
2.030372085383233
2.0263117687099146
2.022062152673146
2.0176077816875444
2.0129326214577743
2.008020091735495
2.0028531108606833
1.99741415366941
1.9916853243692116
1.9856484459365245
1.9792851674577503
1.9725770905938709
1.9655059159754822
1.9580536098092998
1.9502025902820084
1.9419359324741285
1.9332375894495128
1.924092625986742
1.9144874601109296
1.904410106238244
1.893850412458556
1.8828002833781514
1.8712538791685958
1.8592077811727064
1.8466611147487395
1.8336156211041157
1.8200756717406839
1.8060482217884166
1.7915427018330754
1.7765708516353445
1.7611465030918807
1.7452853235332215
1.7290045335932727
1.712322616047279
1.695259032903784
1.6778339674789138
1.6600681061614178
1.6419824712425852
1.6235983118355901
1.6049370549578783
1.5860203137744762
1.5668699452803114
1.5475081457641457
1.5279575695759877
1.5082414552164933
1.4883837426438293
1.468409166879438
1.448343315303088
1.4282126391881667
1.4080444137183197
1.38786664460882
1.3677079232100835
1.3475972353201744
1.327563731664548
1.3076364699757939
1.2878441397615512
1.2682147811953313
1.2487755091743586
1.2295522525791904
1.210569517290031
1.191850179725449
1.1734153157292075
1.1552840676838343
1.1374735508952316
1.1199987986619653
1.10287274407657
1.0861062355357716
1.0697080821682399
1.053685124908137
1.038042328721198
1.0227828914886923
1.0079083652300709
0.9934187856534525
0.9793128064228235
0.9655878349848971
0.9522401672756861
0.939265119101845
0.9266571524457337
0.9144099953624656
0.9025167545135551
0.8909700197105193
0.8797619601219866
0.8688844120304491
0.8583289582129054
0.8480869991671106
0.838149816516684
0.828508629008717
0.8191546415715215
0.8100790879323483
0.8012732673092908
0.7927285756920862
0.7844365322160869
0.7763888011153032
0.7685772097162573
0.7609937629064273
0.7536306544807936
0.7464802757386635
0.7395352216714841
0.7327882950514703
0.7262325087010558
0.7198610861948959
0.7136674612194657
0.7076452757905397
0.7017883775059168
0.6960908159897731
0.690546838665848
0.6851508859793434
0.6798975861717036
0.6747817496983788
0.66979836336703
0.6649425842623619
0.6602097335137234
0.6555952899526807
0.6510948836998587
0.6467042897133047
0.6424194213244543
0.6382363237822544
0.6341511678211545
0.6301602432643847
0.6262599526701152
0.6224468050247141
0.6187174094843046
0.6150684691631194
0.6114967749647215
0.6079991994499638
0.6045726907335491
0.6012142663991972
0.5979210074217225
0.5946900520826809
0.5915185898647554
0.5884038553085423
0.5853431218140136
0.5823336953675499
0.579372908174093
0.5764581121726803
0.57358667241234
0.5707559602641203
0.5679633464438665
0.5652061938193007
0.5624818499740201
0.5597876395002694
0.55712085599182
0.5544787537080624
0.5518585388806492
0.5492573606347387
0.5466723014983599
0.5441003674756929
0.5415384776635406
0.5389834533950267
0.5364320069011129
0.5338807294891262
0.5313260792486931
0.5287643683097373
0.5261917496951798
0.5236042038333847
0.5209975248229639
0.5183673065761847
0.5157089290078559
0.5130175444850985
0.5102880648108998
0.5075151490815827
0.5046931928361401
0.5018163190041491
0.49887837125878104
0.4958729104915634
0.49279321524447434
0.4896322870598924
0.4863828618354334
0.48303742839247293
0.47958825557529794
0.476027429280987
0.4723469008636068
0.4685385483428177
0.4645942517561042
0.46050598380364205
0.4562659166224589
0.45186654507122115
0.4473008262922775
0.4425623345357864
0.4376454292868538
0.4325454336533385
0.4272588187933766
0.42178338895622974
0.41611846057030666
0.41026502785145297
0.40422590674871317
0.398005848819348
0.39161161693879387
0.3850520156776018
0.3783378707357737
0.37148195396806694
0.3644988531422269
0.35740478845963963
0.35021738079910597
0.3429553793612895
0.33563835864675967
0.3282863962907803
0.3209197440705727
0.31355850435003046
0.30622232337670974
0.2989301113187505
0.2916997969043985
0.28454812221300874
0.27749048077423455
0.2705407998500135
0.2637114657509456
0.2570132893759879
0.25045550791415655
0.24404581781728854
0.23779043371685782
0.23169416786391683
0.22576052485396447
0.21999180678779442
0.21438922454723885
0.20895301147079084
0.20368253634778094
0.19857641327202322
0.19363260647817063
0.1888485288081252
0.18422113291054248
0.17974699466020636
0.1754223885971495
0.1712433554325249
0.16720576185605654
0.1633053530162509
0.1595377981373935
0.155898729794545
0.15238377739642323
0.14898859543266343
0.14570888703195167
0.14254042335562733
0.1394790593213007
0.136520746115888
0.13366154091963492
0.13089761422393384
0.12822525508742852
0.1256408746379452
0.1231410080928766
0.12072231553811483
0.11838158167576389
0.1161157147236657
0.11392174462528268
0.11179682070655618
0.10973820889688574
0.10774328861416861
0.10580954939872823
0.1039345873677413
0.10211610155026556
0.10035189015300361
0.09863984679831922
0.09697795676862077
0.09536429328486905
0.09379701384155487
0.09227435661587297
0.09079463696491305
0.0893562440213888
0.08795763739565834
0.08659734398946742
0.08527395492491918
0.08398612259058305
0.08273255780534354
0.08151202709952211
0.08032335011195059
0.07916539710098199
0.07803708656689225
0.07693738298270975
0.07586529463019935
0.07481987153750476
0.07380020351480449
0.07280541828423742
0.07183467970032212
0.07088718605707992
0.06996216847811135
0.06905888938592065
0.06817664104686896
0.06731474418821898
0.06647254668384124
0.06564942230526548
0.06484476953487364
0.06405801043815779
0.06328858959208693
0.06253597306675218
0.06179964745758373
0.061079118965557774
0.060373912522924185
0.05968357096211414
0.05900765422559079
0.0583457386145223
0.05769741607426071
0.05706229351471338
0.05643999216379034
0.05583014695220902
0.05523240592802131
0.054646429699320584
0.054071890903664356
0.053508473702823904
0.05295587330155465
0.05241379548913982
0.05188195620253659
0.05136008111001112
0.050847905214212
0.05034517247368601
0.04985163544189617
