0.49840323748070475
0.5759769796365928
0.5582413933183518
0.5441359221865797
0.5337813782928066
0.5266048419565441
0.5218671237187152
0.518858686585955
0.5170027094292473
0.5158786263610068
0.51520203410845
0.5147906427132236
0.5145321110331882
0.5143592516288762
0.514232851476256
0.5141305176103427
0.5140397382510311
0.5139536939462199
0.5138687848753738
0.5137831973010656
0.5136960856342425
0.5136071130715842
0.5135161981195202
0.5134233777637036
0.513328735805369
0.5132323670143533
0.5131343605570263
0.513034793493905
0.5129337293028899
0.5128312187201474
0.5127273014867988
0.5126220082981552
0.5125153626319133
0.5124073823293478
0.5122980809018014
0.5121874685798855
0.5120755531402946
0.5119623405489011
0.5118478354562926
0.5117320415769703
0.5116149619779766
0.511496599297637
0.5113769559107075
0.5112560340525995
0.5111338359124458
0.5110103637024871
0.5108856197094722
0.5107596063323943
0.5106323261098404
0.5105037817394205
0.5103739760911419
0.5102429122161334
0.5101105933517693
0.5099770229239926
0.5098422045474228
0.5097061420237042
0.5095688393384195
0.5094303006568252
0.5092905303185928
0.5091495328316972
0.5090073128655577
0.5088638752435086
0.508719224934664
0.508573367045217
0.5084263068092119
0.5082780495788162
0.5081286008141153
0.5079779660724476
0.5078261509972982
0.5076731613067635
0.5075190027816036
0.5073636812528937
0.5072072025892913
0.5070495726839311
0.506890797440964
0.5067308827617554
0.5065698345307622
0.5064076586011039
0.5062443607798469
0.5060799468130259
0.5059144223704211
0.5057477930301152
0.5055800642628548
0.5054112414162414
0.5052413296987792
0.5050703341638082
0.5048982596933504
0.504725110981902
0.5045508925202009
0.5043756085790038
0.5041992631929062
0.5040218601442398
0.5038434029470835
0.5036638948314238
0.5034833387275021
0.5033017372503883
0.503119092684815
0.502935406970319
0.5027506816867183
0.5025649180399772
0.5023781168484878
0.5021902785298169
0.502001403087952
0.5018114901010892
0.501620538710002
0.5014285476070309
0.5012355150257302
0.5010414387312118
0.5008463160112232
0.5006501436679947
0.5004529180108918
0.5002546348499063
0.5000552894900202
0.4998548767264698
0.4996533908409443
0.49945082559874376
0.4992471742469221
0.49904242951344013
0.49883658360734984
0.4986296282200299
0.49842155452748815
0.4982123531937468
0.4980020143753213
0.497790527726803
0.4975778824075508
0.497364067089496
0.4971490699660613
0.49693287876218817
0.49671548074547284
0.49649686273839405
0.4962770111316283
0.49605591189843073
0.4958335506100682
0.49560991245227737
0.49538498224272753
0.49515874444945773
0.49493118321025487
0.4947022823529422
0.4944720254165364
0.4942403956732356
0.4940073761511933
0.4937729496580333
0.49353709880505486
0.49329980603207946
0.49306105363288294
0.49282082378116077
0.4925790985569651
0.4923358599735582
0.4920910900046194
0.49184477061174287
0.4915968837721662
0.49134741150666356
0.49109633590753976
0.4908436391666616
0.49058930360345976
0.49033331169283906
0.49007564609293164
0.48981628967263124
0.4895552255388436
0.4892924370633957
0.48902790790954076
0.4887616220580038
0.4884935638325092
0.48822371792473934
0.48795206941867036
0.4876786038142362
0.4874033070502765
0.4871261655267224
0.48684716612598106
0.48656629623348135
0.4862835437573448
0.48599889714715255
0.4857123454117802
0.4854238781362743
0.4851334854977512
0.4848411582803007
0.48454688788887706
0.48425066636217073
0.48395248638444915
0.48365234129636414
0.48335022510472236
0.4830461324912228
0.4827400588201636
0.48243200014512433
0.4821219532146373
0.4818099154768566
0.48149588508323793
0.48117986089125264
0.48086184246614566
0.48054183008176554
0.4802198247204832
0.4798958280722261
0.4795698425326517
0.4792418712004859
0.47891191787405507
0.4785799870470368
0.4782460839034612
0.47791021431198916
0.47757238481949893
0.477232602644009
0.4768908756669693
0.47654721242494796
0.4762016221007464
0.47585411451396886
0.47550470011107976
0.47515338995497314
0.4748001957140867
0.4744451296510864
0.4740882046111484
0.47372943400986794
0.4733688318208171
0.4730064125627812
0.4726421912866955
0.4722761835623075
0.471908405464589
0.47153887355991847
0.4711676048920568
0.4707946169679381
0.4704199277432953
0.4700435556081406
0.4696655193721183
0.46928583824975156
0.46890453184559794
0.46852162013933263
0.46813712347077396
0.46775106252487075
0.46736345831666193
0.46697433217622764
0.46658370573364416
0.4661916009039565
0.46579803987218316
0.4654030450783643
0.4650066392026676
0.46460884515056405
0.4642096860380823
0.46380918517715797
0.4634073660610844
0.4630042523500777
0.4625998678569667
0.46219423653301683
0.4617873824538979
0.46137932980580443
0.4609701028717391
0.4605597260179675
0.460148223680651
0.4597356203526673
0.4593219405706274
0.45890720890209413
0.4584914499330095
0.45807468825534026
0.4576569484549464
0.45723825509967664
0.4568186327277017
0.456398105836086
0.455976698869605
0.45555443620981495
0.45513134216437445
0.45470744095662724
0.45428275671544627
0.45385731346534497
0.45343113511685595
0.453004245457184
0.4525766681411303
0.4521484266822942
0.4517195444445535
0.4512900446338213
0.4508599502900851
0.45042928427972406
0.44999806928810887
0.44956632781248007
0.4491340821551079
0.4487013544167297
0.4482681664902667
0.4478345400548162
0.4474004965699188
0.44696605727009814
0.44653124315967085
0.446096075007824
0.445660573343957
0.4452247584532848
0.44478865037269916
0.44435226888688395
0.44391563352468
0.4434787635556968
0.4430416779871652
0.4426043955610277
0.4421669347512594
0.44172931376141805
0.44129155052241453
0.4408536626905014
0.4404156676454717
0.43997758248906393
0.43953942404356755
0.43910120885062187
0.43866295317020404
0.4382246729797998
0.4377863839737496
0.43734810156276605
0.43690984087361506
0.4364716167489554
0.43603344374732955
0.43559533614330115
0.43515730792773016
0.4347193728081833
0.43428154420946957
0.4338438352742972
0.4334062588640456
0.43296882755964516
0.43253155366255885
0.43209444919586093
0.4316575259054063
0.4312207952610821
0.43078426845813955
0.4303479564185979
0.4299118697927149
0.429476018960519
0.42904041403339604
0.4286050648557282
0.42816998100657494
0.42773517180139603
0.42730064629380693
0.4268664132773652
0.42643248128737865
0.42599885860273495
0.42556555324774553
0.4251325729939974
0.42469992536221346
0.42426761762410986
0.42383565680425367
0.4234040496819099
0.42297280279287763
0.42254192243131095
0.42211141465151836
0.4216812852697402
0.4212515398658977
0.4208221837853114
0.42039322214038466
0.41996465981225034
0.4195365014523742
0.41910875148411664
0.41868141410424436
0.41825449328439285
0.4178279927724752
0.4174019160940343
0.41697626655353504
0.41655104723559727
0.4161262610061613
0.4157019105135876
0.4152779981896885
0.41485452625068536
0.4144314966980937
0.41400891131953044
0.4135867716894439
0.4131650791697625
0.41274383491045885
0.4123230398500314
0.4119026947158988
0.41148280002470305
0.4110633560825242
0.41064436298500184
0.41022582061736146
0.40980772865434417
0.4093900865600394
0.4089728935876168
0.40855614877895596
0.4081398509641744
0.4077239987610481
0.4073085905743271
0.40689362459494094
0.4064790987990951
0.406065010947254
0.40565135858301143
0.405238139031845
0.40482534939975306
0.40441298657177316
0.4040010472103793
0.4035895277537575
0.40317842441395524
0.4027677331749068
0.40235744979032934
0.4019475697814892
0.40153808843483624
0.4011290007995049
0.4007203016846783
0.40031198565681503
0.3999040470367371
0.39949647989657244
0.39908927805655625
0.3986824350816841
0.398275944278216
0.3978697986900298
0.3974639910948189
0.39705851400013636
0.3966533596392775
0.39624851996700217
0.395843986655092
0.39543975108774093
0.39503580435677504
0.39463213725669943
0.3942287402795695
0.39382560360968155
0.3934227171180825
0.3930200703568919
0.3926176525534357
0.39221545260418655
0.3918134590685075
0.3914116601621954
0.3910100437508203
0.39060859734285586
0.39020730808259907
0.3898061627428705
0.38940514771749735
0.38900424901356867
0.38860345224346104
0.3882027426166312
0.3878021049311674
0.3874015235650974
0.3870009824674471
0.38660046514904434
0.38619995467306273
0.38579943364529956
0.38539888420418356
0.3849982880105044
0.3845976262368612
0.38419687955681936
0.3837960281337752
0.38339505160951676
0.38299392909247804
0.38259263914567754
0.3821911597743362
0.3817894684131652
0.38138754191332075
0.38098535652901305
0.3805828879037677
0.3801801110563277
0.37977700036619044
0.37937352955877124
0.37896967169018797
0.3785653991316535
0.3781606835534728
0.3777554959086355
0.37734980641599397
0.3769435845430198
0.37653679898813164
0.3761294176625836
0.375721407671909
0.3753127352969078
0.374903365974173
0.37449326427614815
0.374082393890704
0.37367071760023257
0.37325819726024817
0.37284479377748975
0.3724304670875186
0.3720151761318052
0.37159887883430054
0.3711815320774898
0.37076309167791976
0.3703435123612063
0.36992274773651046
0.36950075027049517
0.3690774712607529
0.3686528608087184
0.3682268677920643
0.36779943983659225
0.36737052328762837
0.36694006318093647
0.366508003213166
0.36607428571185213
0.3656388516049976
0.3652016403902568
0.3647625901037619
0.3643216372886232
0.363878716963155
0.36343376258886806
0.3629867060382944
0.3625374775627048
0.362086005759793
0.3616322175414114
0.36117603810144827
0.36071739088394966
0.36025619755160476
0.35979237795471725
0.35932585010080925
0.35885653012501173
0.35838433226141303
0.3579091688155568
0.35743095013829806
0.35694958460124093
0.35646497857401244
0.35597703640363626
0.35548566039630825
0.35499075080188564
0.3544922058014423
0.35398992149825886
0.35348379191265433
0.35297370898108676
0.3524595625599937
0.35194124043486846
0.35141862833509896
0.3508916099551423
0.3503600669826342
0.34982387913407015
0.34928292419873663
0.3487370780916017
0.3481862149159144
0.347630207036297
0.3470689251631501
0.34650223844922323
0.34593001459923467
0.34535211999345694
0.3447684198262054
0.3441787782601924
0.343583058597728
0.3429811234697574
0.3423728350437329
0.341758055251315
0.34113664603689
0.34050846962786835
0.33987338882769885
0.3392312673324958
0.338581970072112
0.33792536357643166
0.3372613163675641
0.3365896993785204
0.3359103863988353
0.3352232545474554
0.33452818477305896
0.3338250623817832
0.3331137775921451
0.33239422611669767
0.3316663097697374
0.3309299371000808
0.33018502404765815
0.329431494622334
0.32866928160304165
0.3278983272549499
0.32711858406201566
0.326330015471876
0.3255325966496392
0.3247263152367309
0.3239111721105251
0.3230871821401048
0.32225437493308007
0.3214127955680211
0.32056250530669556
0.3197035822799818
0.3188361221410257
0.31796023867898165
0.3170760643864773
0.31618375097383133
0.3152834698229936
0.31437541237421773
0.3134597904385819
0.3125368364296972
0.31160680350824227
0.3106699656333772
0.3097266175156043
0.30877707446625846
0.3078216721395233
0.3068607661636896
0.3058947316592675
0.3049239626425447
0.3039488713142401
0.30296988723400065
0.30198745638263136
0.30100204011512494
0.30001411400871464
0.2990241666113385
0.29803269809701627
0.2970402188357054
0.2960472478861918
0.29505431142146527
0.2940619410968148
0.2930706723715412
0.2920810427957049
0.2910935902737056
0.2901088513167123
0.28912735929602795
0.28814964270937815
0.2871762234718764
0.28620761524301164
0.2852443218004852
0.284286835471056
0.28333563562778663
0.2823911872622129
0.28145393963901777
0.2805243250397799
0.27960275760132486
0.2786896322531355
0.27778532375720727
0.27689018585267905
0.2760045505065411
0.2751287272707422
0.2742630027450986
0.2734076401445564
0.2725628789685848
0.27172893476979876
0.27090599901831075
0.27009423905781654
0.26929379814901205
0.2685047955956325
0.2677273269481802
0.26696146428028084
0.266207256532554
0.2654647299189053
0.2647338883902437
0.26401471415077427
0.26330716822221567
0.2626111910515362
0.26192670315807337
0.26125360581620266
0.2605917817700275
0.2599410959768825
0.25930139637675687
0.25867251468504865
0.2580542672063467
0.2574464556672004
0.2568488680660767
0.2562612795388986
0.25568345323872543
0.2551151412282576
0.2545560853839287
0.25400601831038355
0.25346466426413183
0.25293174008512426
0.2524069561348983
0.25189001723982474
0.25138062363781544
0.2508784719266751
0.25038325601206
0.24989466805278712
0.24941239940099424
0.24893614153442384
0.24846558697785837
0.24800043021053522
0.24754036855615366
0.24708510305193593
0.24663433929306156
0.2461877882487137
0.245745167045924
0.24530619971742407
0.2448706179097622
0.24443816154807724
0.2440085794540897
0.24358162991410828
0.24315708119413595
0.24273471199949753
0.24231431187679375
0.24189568155640537
0.24147863323423396
0.2410629907918329
0.24064858995459104
0.24023527838812253
0.2398229157335311
0.2394113735827012
0.23900053539525354
0.23859029635924783
0.238180563198141
0.2377712539268878
0.23736229756041524
0.23695363377799314
0.23654521254726782
0.23613699371192104
0.23572894654705825
0.23532104928651942
0.23491328862634792
0.23450565920864988
0.23409816309001782
0.2336908091986114
0.23328361278384746
0.232876594862501
0.23246978166482352
0.23206320408407013
0.2316568971326072
0.23125089940750837
0.230845252568312
0.2304400008293337
0.23003519046867796
0.2296308693558241
0.22922708649940515
0.2288238916165499
0.22842133472491635
0.2280194657583102
0.22761833420657224
0.22721798878020213
0.22681847710000685
0.22641984541188004
0.22602213832664791
0.22562539858479788
0.2252296668457372
0.22483498150114245
0.22444137851183332
0.22404889126753005
0.22365755046876093
0.22326738403012306
0.22287841700404845
0.22249067152416924
0.22210416676734474
0.22171891893338597
0.2213349412414811
0.2209522439423249
0.2205708343449316
0.22019071685712197
0.2198118930386647
0.21943436166607164
0.21905811880804724
0.21868315791061232
0.21830946989094283
0.21793704323897561
0.21756586412587067
0.21719591651842837
0.21682718229860684
0.21645964138729323
0.21609327187153474
0.21572805013444868
0.21536395098707825
0.21500094780148732
0.21463901264442484
0.21427811641092592
0.21391822895725493
0.21355931923262433
0.2132013554091746
0.2128443050097214
0.2124881350328269
0.2121328120747818
0.2117783024481225
0.2114245722963464
0.21107158770452286
0.21071931480553502
0.21036771988171607
0.21001676946168898
0.20966643041223765
0.20931667002508167
0.2089674560984524
0.208618757013396
0.20827054180476146
0.20792278022685617
0.20757544281378074
0.2072285009344721
0.20688192684251286
0.20653569372078467
0.20618977572106073
0.20584414799865036
0.2054987867422281
0.20515366919899
0.20480877369529707
0.20446407965296903
0.20411956760141506
0.2037752191857806
0.20343101717130754
0.20308694544410474
0.20274298900852902
0.20239913398138798
0.20205536758316012
0.20171167812644766
0.2013680550018606
0.20102448866153874
0.200680970600509
0.2003374933360738
0.19999405038542625
0.19965063624167043
0.19930724634843547
0.19896387707325278
0.1986205256798627
0.19827719029961383
0.1979338699021061
0.1975905642652224
0.19724727394468589
0.19690400024327165
0.19656074517979594
0.1962175114579948
0.19587430243539594
0.19553112209228626
0.19518797500086038
0.19484486629463452
0.19450180163820216
0.19415878719739826
0.19381582960993476
0.1934729359565608
0.19313011373279776
0.19278737082129427
0.19244471546483205
0.19210215624002216
0.19175970203171322
0.19141736200813583
0.19107514559680164
0.1907330624611704
0.19039112247809317
0.1900493357160422
0.1897077124141258
0.18936626296189293
0.18902499787992327
0.1886839278011954
0.18834306345323176
0.18800241564100778
0.18766199523061206
0.18732181313365118
0.18698188029238264
0.18664220766555825
0.18630280621496756
0.1859636868926604
0.18562486062883324
0.18528633832036195
0.18494813081995928
0.18461024892594238
0.18427270337258855
0.18393550482106225
0.18359866385089196
0.1832621909519792
0.18292609651712036
0.1825903908350233
0.18225508408379715
0.1819201863249014
0.18158570749753145
0.1812516574134268
0.18091804575208106
0.18058488205633835
0.18025217572836247
0.1799199360259547
0.1795881720592127
0.17925689278751097
0.1789261070167883
0.1785958233971292
0.1782660504206231
0.17793679641949062
0.1776080695644616
0.17727987786339372
0.1769522291601193
0.17662513113350592
0.17629859129672698
0.17597261699672206
0.17564721541384282
0.1753223935616739
0.17499815828701576
0.17467451627002553
0.17435147402450338
0.1740290378983146
0.17370721407394635
0.17338600856918163
0.17306542723789253
0.17274547577093785
0.17242615969716452
0.17210748438450174
0.1717894550411444
0.17147207671681927
0.17115535430412868
0.1708392925399634
0.17052389600698614
0.17020916913517234
0.16989511620341033
0.16958174134115583
0.1692690485301295
0.16895704160606495
0.16864572426049143
0.16833510004255894
0.16802517236089204
0.16771594448547644
0.16740741954957236
0.16709960055164919
0.16679249035734428
0.1664860917014397
0.16618040718985197
0.16587543930163884
0.16557119039101417
0.16526766268937307
0.16496485830732388
0.16466277923672304
0.16436142735271575
0.16406080441577336
0.16376091207373641
0.16346175186384734
0.16316332521478705
0.16286563344870109
0.16256867778322176
0.16227245933348117
0.16197697911411554
0.16168223804126025
0.1613882369345314
0.16109497651899715
0.16080245742713484
0.16051068020077466
0.16021964529302624
0.15992935307019235
0.15963980381366416
0.15935099772180059
0.1590629349117877
0.15877561542148222
0.158489039211234
0.15820320616569108
0.15791811609558262
0.1576337687394826
0.1573501637655522
0.15706730077326297
0.1567851792950942
0.1565037987982147
0.1562231586861355
0.15594325830034692
0.15566409692192806
0.15538567377313614
0.15510798801897363
0.1548310387687299
0.1545548250775014
0.15427934594768983
0.15400460033047458
0.15373058712726267
0.15345730519111758
0.15318475332816062
0.15291293029895467
0.1526418348198575
0.15237146556435913
0.15210182116439055
0.15183290021161203
0.15156470125867877
0.15129722282048066
0.15103046337536405
0.150764421366325
0.15049909520218577
0.1502344832587444
0.14997058387990495
0.14970739537878328
0.14944491603879365
0.14918314411471184
0.14892207783371586
0.1486617153964069
0.1484020549778103
0.14814309472835183
0.14788483277481676
0.14762726722128597
0.1473703961500542
0.14711421762252577
0.14685872968009245
0.14660393034499003
0.14634981762113713
0.14609638949495501
0.14584364393616522
0.1455915788985747
0.14534019232083603
0.14508948212719391
0.14483944622821246
0.14459008252148528
0.14434138889232756
0.14409336321445101
0.14384600335062298
0.14359930715330882
0.1433532724652972
0.14310789712031022
0.1428631789435965
0.1426191157525116
0.14237570535707972
0.14213294556054268
0.14189083415989448
0.14164936894639776
0.14140854770609265
0.1411683682202847
0.1409288282660237
0.14068992561656826
0.14045165804183524
0.14021402330883864
0.13997701918211433
0.13974064342413375
0.1395048937957031
0.13926976805635388
0.13903526396471827
0.1388013792788964
0.1385681117568083
0.13833545915653944
0.13810341923667308
0.13787198975661105
0.1376411684768873
0.13741095315946783
0.13718134156804443
0.13695233146831515
0.13672392062825847
0.13649610681839622
0.13626888781204896
0.13604226138558015
0.1358162253186352
0.13559077739437017
0.13536591539967138
0.1351416371253687
0.13491794036644086
0.13469482292221266
0.13447228259654395
0.13425031719801425
0.13402892454009574
0.13380810244132527
0.133587848725463
0.13336816122165104
0.13314903776456094
0.13293047619453652
0.1327124743577323
0.13249503010624375
0.1322781412982326
0.13206180579804783
0.13184602147633823
0.13163078621016466
0.13141609788310119
0.13120195438533655
0.130988353613768
0.13077529347209074
0.1305627718708836
0.13035078672769
0.13013933596709448
0.12992841752079465
0.12971802932767146
0.12950816933385093
0.1292988354927681
0.12909002576522227
0.12888173811943088
0.12867397053108107
0.12846672098337464
0.12825998746707348
0.12805376798053936
0.12784806052977243
0.1276428631284446
0.12743817379793274
0.1272339905673481
0.12703031147356236
0.12682713456123185
0.12662445788281962
0.1264222794986153
0.12622059747675232
0.12601940989322105
0.1258187148318846
0.12561851038448868
0.12541879465067
0.12521956573796486
0.1250208217618134
0.12482256084556433
0.12462478112047622
0.12442748072571885
0.12423065780837245
0.12403431052342431
0.12383843703376693
0.12364303551019024
0.12344810413137883
0.12325364108390216
0.12305964456220587
0.12286611276860487
0.12267304391326964
0.12248043621421514
0.1222882878972915
0.12209659719616546
0.12190536235231048
0.12171458161499012
0.12152425324124187
0.12133437549586158
0.1211449466513874
0.1209559649880781
0.12076742879389984
0.12057933636450442
0.12039168600321133
0.12020447602098695
0.12001770473642542
0.11983137047572807
0.11964547157268049
0.11946000636863584
0.1192749732124883
0.1190903704606544
0.11890619647704967
0.1187224496330681
0.11853912830755738
0.1183562308867976
0.1181737557644784
0.11799170134167591
0.11781006602683085
0.11762884823572418
0.11744804639145333
0.11726765892441202
0.11708768427226353
0.11690812087992039
0.11672896719952018
0.11655022169040202
0.11637188281908385
0.11619394905923972
0.11601641889167663
0.11583929080431182
0.11566256329214922
0.11548623485725859
0.11531030400875063
0.11513476926275784
0.11495962914240786
0.11478488217780614
0.11461052690601098
0.11443656187101174
0.11426298562370983
0.11408979672189368
0.11391699373022161
0.11374457522019679
0.11357253977014889
0.11340088596521343
0.11322961239731043
0.11305871766512524
0.11288820037408642
0.11271805913635054
0.11254829257077703
0.11237889930291192
0.11220987796497002
0.11204122719581366
0.11187294564093432
0.1117050319524363
0.11153748478901643
0.11137030281594643
0.1112034847050562
0.11103702913471711
0.11087093478982182
0.11070520036177012
0.11053982454845074
0.11037480605422618
0.11021014358991449
0.11004583587277486
0.10988188162649071
0.10971827958115496
0.1095550284732541
0.10939212704565228
0.10922957404757835
0.10906736823460961
0.10890550836865599
0.10874399321794881
0.10858282155702424
0.1084219921667108
0.1082615038341134
0.10810135535260178
0.10794154552179556
0.10778207314755392
0.10762293704195805
0.10746413602330086
0.10730566891607497
0.10714753455095762
0.10698973176480017
0.10683225940061451
0.10667511630756206
0.10651830134094126
0.10636181336217454
0.10620565123879716
0.10604981384444652
0.10589430005884937
0.10573910876781034
0.10558423886320163
0.10542968924295021
0.10527545881102682
0.10512154647743534
0.1049679511582032
0.10481467177536624
0.10466170725696211
0.10450905653701674
0.10435671855553372
0.10420469225848573
0.10405297659779911
0.10390157053134853
0.10375047302294213
0.10359968304231335
0.10344919956510866
0.10329902157287672
0.10314914805305941
0.10299957799897927
0.10285031040982986
0.1027013442906637
0.10255267865238413
0.10240431251173039
0.10225624489127089
0.10210847481938926
0.10196100133027632
0.1018138234639149
0.10166694026607283
0.10152035078828942
0.10137405408786464
0.10122804922784952
0.10108233527703157
0.10093691130992603
0.10079177640676265
0.10064692965347467
0.10050237014168688
0.10035809696870468
0.10021410923749988
0.10007040605669966
0.09992698654057536
0.09978384980902891
0.09964099498758039
0.09949842120735462
0.0993561276050692
0.09921411332302305
0.09907237750907949
0.0989309193166555
0.0987897379047079
0.09864883243772053
0.09850820208568654
0.0983678460241014
0.09822776343394003
0.09808795350165066
0.0979484154191334
0.09780914838373102
0.09767015159821006
0.09753142427074853
0.09739296561491721
0.09725477484966821
0.0971168511993157
0.09697919389352103
0.0968418021672777
0.0967046752608934
0.09656781241997361
0.09643121289540608
0.09629487594334155
0.09615880082517857
0.09602298680754484
0.09588743316227807
0.09575213916641162
0.09561710410215299
0.0954823272568661
0.09534780792305286
0.09521354539833486
0.0950795389854332
0.09494578799215
0.09481229173134564
0.09467904952092415
0.09454606068380765
0.09441332454791997
0.094280840446164
0.09414860771640034
0.0940166257014268
0.09388489374895855
0.09375341121160265
0.09362217744684037
0.09349119181700126
0.09336045368924373
0.09322996243553007
0.09309971743260646
0.09296971806197454
0.09283996370987464
0.09271045376725659
0.09258118762975848
0.09245216469768394
0.09232338437597201
0.09219484607417984
0.09206654920645184
0.09193849319149813
0.09181067745256748
0.09168310141742336
0.0915557645183155
0.09142866619195486
0.09130180587948991
0.09117518302647555
0.09104879708285073
0.09092264750290785
0.09079673374526748
0.09067105527285066
0.09054561155285164
0.09042040205670836
0.09029542626007644
0.09017068364279981
0.09004617368888183
0.08992189588645715
0.08979784972776274
0.08967403470910941
0.08955045033085145
0.08942709609735612
0.08930397151697797
0.08918107610202387
0.08905840936872694
0.08893597083721362
0.0888137600314753
0.08869177647933728
0.08857001971242517
0.08844848926613906
0.08832718467961843
0.08820610549571212
0.08808525126094668
0.08796462152549604
0.08784421584314848
0.08772403377127538
0.08760407487079873
0.0874843387061589
0.08736482484528482
0.08724553285955682
0.08712646232378005
0.08700761281614644
0.0868889839182053
0.08677057521482986
0.0866523862941844
0.08653441674768977
0.0864166661699926
0.0862991341589303
0.0861818203154994
0.0860647242438196
0.08594784555110384
0.08583118384762188
0.08571473874666864
0.08559850986452845
0.08548249682044448
0.0853666992365819
0.08525111673799636
0.08513574895259907
0.08502059551112268
0.08490565604708841
0.08479093019677153
0.08467641759916743
0.08456211789595822
0.08444803073147851
0.0843341557526802
0.08422049260910186
0.08410704095283024
0.08399380043847082
0.08388077072310977
0.08376795146628364
0.08365534232994395
0.08354294297842126
0.08343075307839697
0.08331877229886224
0.08320700031109055
0.08309543678860018
0.08298408140712281
0.08287293384456769
0.0827619937809918
0.0826512608985611
0.08254073488152244
0.08243041541616686
0.0823203021907985
0.08221039489569873
0.08210069322309659
0.08199119686713285
0.08188190552382961
0.08177281889105559
0.08166393666849416
0.08155525855761164
0.08144678426162445
0.08133851348546584
0.0812304459357547
0.08112258132076351
0.08101491935038696
0.08090745973610877
0.08080020219097137
0.08069314642954513
0.0805862921678931
0.08047963912354539
0.08037318701546409
0.08026693556401451
0.08016088449093436
0.08005503351930122
0.07994938237350507
0.07984393077921745
0.07973867846336022
0.07963362515407568
0.07952877058069936
0.07942411447372877
0.07931965656479405
0.07921539658663025
0.07911133427304766
0.07900746935890254
0.07890380158007126
0.0788003306734192
0.07869705637677442
0.07859397842889973
0.07849109656946486
0.07838841053902018
0.07828592007896744
0.07818362493153566
0.0780815248397519
0.07797961954741761
0.07787790879908028
0.07777639234000758
0.07767506991616449
0.07757394127418393
0.07747300616134435
0.0773722643255439
0.07727171551527583
0.07717135947960435
0.07707119596813969
0.07697122473101521
0.07687144551886223
0.07677185808278789
0.07667246217435356
0.07657325754554804
0.07647424394876765
0.07637542113679197
0.07627678886276662
0.07617834688017426
0.07608009494281782
0.07598203280479846
0.07588416022049432
0.07578647694453879
0.07568898273180075
0.07559167733736556
0.07549456051651202
0.07539763202469771
0.07530089161753417
0.07520433905077109
0.0751079740802766
0.07501179646201867
0.07491580595204778
0.07482000230647684
0.07472438528146595
0.07462895463320234
0.0745337101178859
0.07443865149171068
0.07434377851084814
0.07424909093143257
0.07415458850954307
0.07406027100118714
0.07396613816228946
0.07387218974867142
0.07377842551603937
0.07368484521996968
0.07359144861589297
0.07349823545908103
0.07340520550463332
0.07331235850746269
0.07321969422228258
0.07312721240359286
0.07303491280566916
0.07294279518254945
0.07285085928802036
0.07275910487560656
0.07266753169856086
0.07257613950984915
0.07248492806214321
0.07239389710780601
0.07230304639888374
0.07221237568709536
0.0721218847238205
0.07203157326009271
0.07194144104658735
0.0718514878336134
0.07176171337110424
0.07167211740860965
0.07158269969528538
0.07149345997988703
0.07140439801076111
0.07131551353583751
0.07122680630262124
0.07113827605818591
0.07104992254916632
0.07096174552175272
0.07087374472168213
0.07078591989423484
0.07069827078422611
0.07061079713600153
0.07052349869343064
0.07043637519990134
0.07034942639831704
0.07026265203108914
0.07017605184013356
0.07008962556686577
0.07000337295219766
0.06991729373653272
0.06983138765976087
0.06974565446125808
0.06966009387988058
0.06957470565396245
0.0694894895213122
0.06940444521921188
0.06931957248441048
0.06923487105312805
0.06915034066104742
0.0690659810433152
0.06898179193453871
0.06889777306878703
0.06881392417958686
0.06873024499992281
0.06864673526223744
0.06856339469842553
0.06848022303984103
0.0683972200172896
0.06831438536103372
0.06823171880079029
0.06814922006573015
0.0680668888844787
0.06798472498511789
0.06790272809518522
0.06782089794167456
0.06773923425103849
0.0676577367491881
0.06757640516149499
0.06749523921279137
0.06741423862737317
0.06733340312900264
0.06725273244090563
0.06717222628577987
0.06709188438579218
0.06701170646258252
0.06693169223726936
0.06685184143044516
0.06677215376218665
0.0666926289520528
0.06661326671908975
0.06653406678183399
0.06645502885831307
0.06637615266605362
0.06629743792208076
0.06621888434292308
0.06614049164461641
0.0660622595427072
0.0659841877522579
0.06590627598784858
0.06582852396358288
0.06575093139309073
0.06567349798953608
0.06559622346561536
0.06551910753356882
0.06544214990517896
0.06536535029178067
0.06528870840426215
0.06521222395307125
0.06513589664822071
0.06505972619929072
0.06498371231544046
0.06490785470540503
0.06483215307750773
0.06475660713966044
0.0646812165993715
0.06460598116375098
0.06453090053951777
0.06445597443300069
0.06438120255015019
0.06430658459653808
0.06423212027736874
0.06415780929748112
0.06408365136135699
0.06400964617312681
0.06393579343657324
0.06386209285514188
0.06378854413194286
0.06371514696975927
0.06364190107105461
0.06356880613797572
0.06349586187236206
0.06342306797575274
0.0633504241493867
0.0632779300942192
0.06320558551092008
0.0631333900998838
0.06306134356123477
0.0629894455948367
0.06291769590029533
0.06284609417696525
0.0627746401239631
0.06270333344016508
0.06263217382422116
0.0625611609745565
0.062490294589380845
0.06241957436669555
0.06234900000429942
0.06227857119979717
0.062208287650603766
0.0621381490539531
0.06206815510690267
0.061998305506343984
0.06192859994900813
0.06185903813147018
0.06178961975015865
0.06172034450136173
0.06165121208123527
0.061582222185806536
0.06151337451098611
0.06144466875256922
0.061376104606246554
0.061307681767609326
0.0612393999321592
0.06117125879530816
0.06110325805239541
0.061035397398684854
0.06096767652937788
0.0609000951396178
0.060832652924496355
0.060765349579064154
0.060698184798331375
0.06063115827728084
0.06056426971087071
0.0604975187940418
0.06043090522172629
0.060364428688852306
0.06029808889035331
0.060231885521171216
0.06016581827626524
0.060099886850619344
0.06003409093924726
0.059968430237199326
0.05990290443957018
0.05983751324150398
0.05977225633820187
0.059707133424928595
0.059642144197017515
0.0595772883498798
0.059512565579009205
0.05944797557998716
0.059383518048490055
0.05931919268029835
0.05925499917129919
0.05919093721749538
0.05912700651500867
0.05906320676008962
0.05899953764912097
0.05893599887862375
0.058872590145266364
0.058809311145867696
0.0587461615774051
0.05868314113701861
0.05862024952201727
0.05855748642988767
0.05849485155829543
0.058432344605095915
0.05836996526833782
0.05830771324626621
0.05824558823733322
0.058183589940201216
0.05812171805374772
0.05805997227707081
0.05799835230950136
0.05793685785059758
0.05787548860015854
0.05781424425822733
0.057753124525096323
0.057692129101313494
0.05763125768768676
0.057570509985287635
0.057509885695460665
0.05744938451982709
0.057389006160285784
0.05732875031902604
0.05726861669852598
0.05720860500156248
0.05714871493121122
0.057088946190857415
0.05702929848419432
0.0569697715152347
0.05691036498831111
0.056851078608082264
0.056791912079537765
0.0567328651080033
0.056673937399141824
0.05661512865896461
0.05655643859383084
0.05649786691045244
0.05643941331590032
0.0563810775176096
0.05632285922338049
0.056264758141385485
0.05620677398017278
0.05614890644867042
0.05609115525619066
0.056033520112434926
0.055976000727496075
0.055918596811865645
0.055861308076432095
0.055804134232492045
0.05574707499174931
0.05569013006631859
0.05563329916873305
0.055576582011947054
0.055519978309334736
0.05546348777470087
0.05540711012228012
0.055350845066742406
0.055294692323196726
0.05523865160719336
0.0551827226347279
0.0551269051222456
0.05507119878664181
0.055015603345270045
0.054960118515942916
0.05490474401693278
0.05484947956697861
0.054794324885288175
0.05473927969154228
0.054684343705894256
0.054629516648976306
0.05457479824190121
0.05452018820626698
0.05446568626415571
0.05441129213814296
0.054357005551292345
0.054302826227165424
0.0542487538898226
0.05419478826382291
0.0541409290742289
0.054087176046610064
0.05403352890704468
0.05397998738212181
0.053926551198941824
0.053873220085125406
0.053819993768808735
0.053766871978649475
0.05371385444382927
0.053660940894054744
0.05360813105955985
0.053555424671109506
0.05350282145999873
0.053450321158058825
0.05339792349765677
0.0533456282116985
0.053293435033629016
0.05324134369743659
0.05318935393765409
0.05313746548936203
0.05308567808818477
0.05303399147029925
0.05298240537243641
0.052930919531877
0.05287953368645777
0.052828247574573994
0.05277706093517812
0.052725973507782825
0.05267498503246347
0.05262409524985765
0.052573303901168156
0.052522610728163215
0.052472015473178715
0.052421517879121096
0.052371117689466756
0.05232081464826245
0.05227060850012951
0.0522204989902617
0.0521704858644305
0.05212056886898212
0.05207074775084142
0.05202102225751374
0.05197139213708202
0.05192185713821245
0.051872417010151106
0.0518230715027281
0.05177382036635842
0.051724663352043
0.051675600211365594
0.051626630696499774
0.05157775456020504
0.051528971555831596
0.051480281437315534
0.05143168395918678
0.05138317887656174
0.05133476594515163
0.051286444921258854
0.051238215561778905
0.05119007762420047
0.05114203086660576
0.051094075047671605
0.05104620992666963
0.050998435263468554
0.05095075081853065
0.05090315635291681
0.050855651628283254
0.050808236406886025
0.05076091045157411
0.050713673525800265
0.05066652539361051
0.050619465819652855
0.050572494569173385
0.050525611408014925
0.05047881610262264
0.05043210842004072
0.050385488127911424
0.05033895499447862
0.05029250878858562
0.05024614927967367
0.05019987623778675
0.05015368943356861
0.05010758863826327
0.050061573623714196
0.050015644162364294
0.04996980002725803
