0.5056186002749314
0.5667852691564877
0.5573495102259804
0.5496652324789058
0.5437843414158214
0.5393722133039882
0.5361121366308998
0.5337305163164471
0.5320045880563553
0.5307603497255828
0.5298658389198069
0.5292230646565667
0.5287603540341593
0.5284258501997738
0.5281823259130787
0.5280032067830586
0.5278696003522818
0.52776811544947
0.527689281018132
0.527626409393079
0.5275747840392073
0.5275310816530592
0.5274929622922283
0.527458779340013
0.5274273746130811
0.5273979337984472
0.5273698845525305
0.5273428247244596
0.5273164718270793
0.5272906274821826
0.5272651524119375
0.5272399488541037
0.5272149482009157
0.5271901023122781
0.5271653774126916
0.5271407498045475
0.5271162028580174
0.5270917248979637
0.5270673077210065
0.5270429455551724
0.5270186343303052
0.5269943711666262
0.52697015401638
0.5269459814128836
0.5269218522948906
0.5268977658837576
0.5268737215976037
0.5268497189913819
0.5268257577150839
0.5268018374846279
0.5267779580616114
0.526754119239252
0.526730320832647
0.526706562672038
0.5266828445981682
0.5266591664590923
0.5266355281079922
0.5266119294016887
0.526588370199634
0.526564850363232
0.5265413697553849
0.5265179282401943
0.5264945256827641
0.5264711619490755
0.5264478369059069
0.5264245504207855
0.5264013023619573
0.5263780925983712
0.5263549209996705
0.5263317874361882
0.5263086917789458
0.5262856338996524
0.5262626136707059
0.5262396309651919
0.5262166856568844
0.5261937776202449
0.526170906730421
0.5261480728632455
0.5261252758952343
0.5261025157035838
0.5260797921661686
0.526057105161539
0.526034454568917
0.5260118402681941
0.5259892621399276
0.5259667200653368
0.5259442139262998
0.52592174360535
0.5258993089856725
0.5258769099511001
0.5258545463861101
0.5258322181758205
0.5258099252059864
0.525787667362996
0.525765444533868
0.5257432566062465
0.5257211034683991
0.5256989850092122
0.5256769011181875
0.5256548516854394
0.5256328366016905
0.5256108557582689
0.5255889090471043
0.5255669963607246
0.525545117592253
0.5255232726354042
0.5255014613844811
0.5254796837343715
0.5254579395805452
0.5254362288190497
0.5254145513465087
0.5253929070601167
0.5253712958576373
0.5253497176373999
0.5253281722982961
0.5253066597397761
0.5252851798618465
0.5252637325650673
0.5252423177505474
0.525220935319943
0.5251995851754536
0.5251782672198197
0.5251569813563188
0.5251357274887637
0.5251145055214981
0.5250933153593945
0.525072156907851
0.5250510300727886
0.5250299347606475
0.5250088708783852
0.524987838333473
0.5249668370338929
0.5249458668881358
0.5249249278051973
0.5249040196945757
0.5248831424662685
0.5248622960307713
0.5248414802990722
0.524820695182652
0.5247999405934791
0.524779216444008
0.5247585226471765
0.5247378591164024
0.524717225765581
0.5246966225090836
0.5246760492617523
0.5246555059388999
0.5246349924563063
0.524614508730215
0.5245940546773319
0.5245736302148216
0.5245532352603055
0.5245328697318596
0.5245125335480102
0.524492226627733
0.5244719488904509
0.5244517002560293
0.524431480644776
0.5244112899774369
0.5243911281751948
0.5243709951596667
0.5243508908529001
0.5243308151773723
0.5243107680559873
0.5242907494120728
0.5242707591693786
0.5242507972520737
0.5242308635847447
0.5242109580923923
0.5241910807004296
0.5241712313346801
0.5241514099213745
0.5241316163871493
0.5241118506590436
0.5240921126644976
0.5240724023313501
0.5240527195878355
0.524033064362583
0.5240134365846134
0.523993836183336
0.5239742630885488
0.5239547172304342
0.5239351985395573
0.5239157069468644
0.52389624238368
0.5238768047817051
0.5238573940730149
0.5238380101900568
0.5238186530656479
0.5237993226329734
0.5237800188255841
0.5237607415773946
0.5237414908226807
0.5237222664960782
0.5237030685325798
0.523683896867534
0.5236647514366424
0.5236456321759579
0.523626539021883
0.5236074719111669
0.5235884307809042
0.5235694155685334
0.5235504262118333
0.523531462648923
0.5235125248182582
0.5234936126586303
0.5234747261091643
0.5234558651093165
0.523437029598873
0.5234182195179475
0.5233994348069793
0.5233806754067323
0.5233619412582914
0.5233432323030629
0.52332454848277
0.5233058897394534
0.5232872560154679
0.5232686472534811
0.5232500633964716
0.5232315043877271
0.5232129701708426
0.5231944606897186
0.5231759758885591
0.5231575157118704
0.5231390801044583
0.5231206690114277
0.5231022823781799
0.5230839201504106
0.5230655822741092
0.5230472686955563
0.5230289793613223
0.5230107142182654
0.5229924732135298
0.522974256294545
0.5229560634090227
0.5229378945049559
0.5229197495306176
0.5229016284345578
0.5228835311656037
0.5228654576728562
0.5228474079056895
0.5228293818137489
0.5228113793469499
0.5227934004554751
0.5227754450897744
0.5227575132005617
0.5227396047388148
0.522721719655773
0.5227038579029355
0.5226860194320602
0.5226682041951612
0.5226504121445094
0.5226326432326279
0.5226148974122935
0.522597174636533
0.5225794748586221
0.5225617980320851
0.522544144110692
0.5225265130484573
0.5225089047996392
0.522491319318737
0.5224737565604907
0.5224562164798789
0.5224386990321174
0.5224212041726579
0.5224037318571862
0.5223862820416215
0.5223688546821141
0.5223514497350442
0.5223340671570209
0.5223167069048804
0.5222993689356844
0.5222820532067194
0.5222647596754946
0.5222474882997408
0.5222302390374086
0.5222130118466682
0.5221958066859065
0.5221786235137267
0.5221614622889464
0.5221443229705971
0.5221272055179217
0.522110109890374
0.522093036047617
0.5220759839495218
0.5220589535561657
0.5220419448278318
0.5220249577250072
0.5220079922083811
0.5219910482388446
0.5219741257774888
0.5219572247856035
0.5219403452246759
0.5219234870563898
0.5219066502426238
0.5218898347454498
0.5218730405271328
0.5218562675501286
0.5218395157770832
0.5218227851708306
0.5218060756943931
0.5217893873109787
0.5217727199839806
0.5217560736769759
0.5217394483537241
0.5217228439781656
0.5217062605144216
0.5216896979267923
0.5216731561797554
0.5216566352379647
0.5216401350662501
0.5216236556296153
0.5216071968932372
0.5215907588224649
0.5215743413828172
0.5215579445399836
0.5215415682598212
0.5215252125083547
0.521508877251775
0.5214925624564377
0.5214762680888623
0.5214599941157313
0.5214437405038885
0.521427507220338
0.5214112942322442
0.5213951015069282
0.5213789290118702
0.521362776714705
0.5213466445832228
0.521330532585368
0.5213144406892374
0.5212983688630795
0.5212823170752944
0.5212662852944305
0.5212502734891855
0.5212342816284048
0.5212183096810794
0.5212023576163464
0.5211864254034868
0.5211705130119255
0.5211546204112292
0.5211387475711057
0.5211228944614036
0.5211070610521101
0.5210912473133511
0.5210754532153894
0.5210596787286241
0.5210439238235893
0.5210281884709531
0.5210124726415175
0.5209967763062162
0.5209810994361138
0.5209654420024059
0.5209498039764169
0.5209341853295993
0.5209185860335334
0.5209030060599253
0.5208874453806073
0.520871903967535
0.5208563817927889
0.5208408788285707
0.5208253950472047
0.5208099304211353
0.5207944849229269
0.5207790585252627
0.5207636512009436
0.5207482629228878
0.5207328936641292
0.5207175433978173
0.5207022120972151
0.5206868997356999
0.5206716062867603
0.5206563317239976
0.520641076021123
0.5206258391519575
0.5206106210904313
0.5205954218105822
0.5205802412865557
0.5205650794926028
0.5205499364030806
0.52053481199245
0.5205197062352762
0.5205046191062267
0.5204895505800715
0.520474500631681
0.5204594692360264
0.520444456368178
0.520429462003305
0.520414486116674
0.5203995286836488
0.5203845896796888
0.5203696690803492
0.5203547668612793
0.5203398829982224
0.5203250174670144
0.5203101702435828
0.520295341303947
0.5202805306242164
0.5202657381805903
0.5202509639493563
0.5202362079068905
0.520221470029656
0.5202067502942027
0.5201920486771657
0.5201773651552652
0.5201626997053058
0.5201480523041748
0.520133422928843
0.5201188115563624
0.5201042181638662
0.520089642728568
0.5200750852277609
0.5200605456388169
0.520046023939186
0.5200315201063959
0.5200170341180503
0.5200025659518296
0.5199881155854883
0.5199736829968559
0.5199592681638359
0.5199448710644043
0.5199304916766094
0.5199161299785715
0.5199017859484808
0.5198874595645987
0.5198731508052554
0.51985885964885
0.5198445860738496
0.5198303300587884
0.5198160915822678
0.5198018706229549
0.5197876671595818
0.5197734811709456
0.5197593126359068
0.51974516153339
0.5197310278423816
0.5197169115419299
0.5197028126111454
0.5196887310291978
0.519674666775318
0.5196606198287953
0.519646590168978
0.519632577775272
0.5196185826271413
0.5196046047041059
0.5195906439857418
0.519576700451681
0.5195627740816099
0.5195488648552687
0.5195349727524521
0.5195210977530066
0.5195072398368317
0.5194933989838781
0.519479575174148
0.5194657683876935
0.5194519786046174
0.5194382058050706
0.5194244499692535
0.5194107110774139
0.5193969891098473
0.5193832840468965
0.5193695958689495
0.5193559245564408
0.5193422700898498
0.5193286324496998
0.5193150116165591
0.5193014075710384
0.5192878202937914
0.5192742497655143
0.5192606959669445
0.5192471588788607
0.5192336384820821
0.5192201347574678
0.5192066476859163
0.5191931772483647
0.519179723425789
0.5191662861992021
0.519152865549655
0.5191394614582345
0.5191260739060644
0.519112702874303
0.5190993483441446
0.5190860102968177
0.5190726887135846
0.5190593835757417
0.5190460948646173
0.519032822561573
0.5190195666480022
0.5190063271053296
0.5189931039150103
0.5189798970585308
0.5189667065174066
0.5189535322731833
0.5189403743074348
0.5189272326017635
0.5189141071378002
0.5189009978972023
0.5188879048616548
0.5188748280128692
0.5188617673325822
0.5188487228025566
0.5188356944045801
0.5188226821204649
0.5188096859320472
0.5187967058211868
0.5187837417697666
0.5187707937596924
0.518757861772892
0.5187449457913148
0.518732045796932
0.5187191617717348
0.5187062936977358
0.5186934415569666
0.5186806053314792
0.5186677850033438
0.5186549805546499
0.5186421919675046
0.5186294192240333
0.5186166623063786
0.5186039211966993
0.5185911958771715
0.5185784863299873
0.518565792537354
0.5185531144814944
0.5185404521446456
0.5185278055090601
0.5185151745570034
0.5185025592707545
0.5184899596326065
0.5184773756248644
0.5184648072298459
0.5184522544298806
0.51843971720731
0.5184271955444858
0.5184146894237716
0.5184021988275405
0.5183897237381764
0.5183772641380722
0.5183648200096301
0.5183523913352617
0.5183399780973867
0.5183275802784328
0.5183151978608358
0.5183028308270385
0.518290479159491
0.51827814284065
0.5182658218529785
0.5182535161789454
0.5182412258010254
0.5182289507016978
0.5182166908634478
0.5182044462687643
0.5181922169001405
0.5181800027400739
0.5181678037710653
0.5181556199756185
0.5181434513362402
0.5181312978354398
0.5181191594557287
0.5181070361796202
0.5180949279896292
0.5180828348682717
0.5180707567980645
0.5180586937615251
0.5180466457411714
0.518034612719521
0.518022594679091
0.5180105916023982
0.5179986034719581
0.5179866302702852
0.5179746719798921
0.5179627285832896
0.5179508000629862
0.5179388864014883
0.5179269875812992
0.517915103584919
0.5179032343948451
0.5178913799935702
0.5178795403635841
0.5178677154873716
0.5178559053474139
0.5178441099261866
0.5178323292061605
0.5178205631698014
0.5178088117995692
0.5177970750779181
0.5177853529872962
0.5177736455101452
0.5177619526289
0.517750274325989
0.5177386105838332
0.5177269613848461
0.5177153267114339
0.5177037065459946
0.5176921008709181
0.5176805096685861
0.5176689329213715
0.5176573706116385
0.517645822721742
0.5176342892340274
0.5176227701308311
0.5176112653944791
0.5175997750072879
0.5175882989515631
0.5175768372096006
0.5175653897636847
0.5175539565960895
0.5175425376890775
0.5175311330249004
0.5175197425857976
0.517508366353997
0.5174970043117147
0.5174856564411545
0.5174743227245074
0.5174630031439525
0.5174516976816557
0.5174404063197695
0.5174291290404338
0.5174178658257746
0.5174066166579051
0.5173953815189237
0.5173841603909155
0.517372953255951
0.5173617600960866
0.5173505808933643
0.5173394156298109
0.517328264287439
0.5173171268482456
0.5173060032942123
0.5172948936073062
0.5172837977694775
0.517272715762662
0.5172616475687783
0.5172505931697298
0.5172395525474035
0.5172285256836697
0.5172175125603824
0.5172065131593786
0.5171955274624788
0.5171845554514862
0.517173597108187
0.5171626524143498
0.5171517213517259
0.5171408039020491
0.5171299000470352
0.517119009768382
0.5171081330477698
0.5170972698668602
0.5170864202072967
0.5170755840507042
0.5170647613786892
0.5170539521728396
0.517043156414724
0.5170323740858923
0.5170216051678755
0.5170108496421852
0.5170001074903137
0.5169893786937337
0.5169786632338988
0.5169679610922422
0.5169572722501781
0.5169465966891003
0.5169359343903824
0.5169252853353786
0.5169146495054222
0.5169040268818267
0.5168934174458847
0.5168828211788684
0.5168722380620299
0.5168616680765995
0.5168511112037879
0.516840567424784
0.5168300367207561
0.5168195190728511
0.5168090144621952
0.5167985228698929
0.5167880442770276
0.5167775786646612
0.516767126013834
0.5167566863055648
0.5167462595208508
0.5167358456406671
0.5167254446459675
0.5167150565176833
0.5167046812367247
0.5166943187839789
0.5166839691403116
0.5166736322865663
0.516663308203564
0.5166529968721035
0.5166426982729615
0.5166324123868918
0.5166221391946262
0.5166118786768739
0.5166016308143211
0.5165913955876318
0.516581172977447
0.5165709629643855
0.5165607655290427
0.5165505806519917
0.5165404083137821
0.5165302484949409
0.5165201011759724
0.5165099663373575
0.5164998439595543
0.5164897340229977
0.5164796365080994
0.5164695513952482
0.5164594786648095
0.5164494182971255
0.5164393702725153
0.5164293345712746
0.516419311173676
0.5164093000599683
0.5163993012103774
0.5163893146051057
0.5163793402243322
0.5163693780482124
0.5163594280568783
0.5163494902304387
0.516339564548979
0.5163296509925606
0.5163197495412217
0.5163098601749773
0.5162999828738184
0.5162901176177127
0.5162802643866045
0.516270423160414
0.5162605939190386
0.5162507766423516
0.5162409713102032
0.5162311779024193
0.5162213963988033
0.5162116267791342
0.5162018690231679
0.5161921231106363
0.5161823890212485
0.5161726667346891
0.51616295623062
0.5161532574886794
0.5161435704884817
0.516133895209618
0.516124231631656
0.5161145797341399
0.5161049394965903
0.5160953108985045
0.5160856939193562
0.5160760885385961
0.5160664947356514
0.5160569124899255
0.5160473417807987
0.5160377825876287
0.5160282348897487
0.5160186986664698
0.5160091738970788
0.5159996605608401
0.5159901586369947
0.5159806681047603
0.5159711889433319
0.5159617211318807
0.5159522646495553
0.5159428194754816
0.515933385588762
0.5159239629684763
0.5159145515936814
0.515905151443411
0.5158957624966759
0.515886384732465
0.5158770181297438
0.5158676626674548
0.5158583183245188
0.515848985079833
0.5158396629122728
0.5158303518006907
0.5158210517239169
0.5158117626607589
0.5158024845900023
0.5157932174904103
0.5157839613407232
0.5157747161196602
0.5157654818059174
0.5157562583781694
0.5157470458150681
0.5157378440952444
0.5157286531973062
0.5157194730998403
0.5157103037814117
0.515701145220563
0.5156919973958158
0.5156828602856697
0.5156737338686027
0.5156646181230715
0.5156555130275118
0.5156464185603369
0.5156373346999393
0.5156282614246909
0.5156191987129413
0.5156101465430198
0.5156011048932345
0.5155920737418725
0.5155830530671999
0.515574042847462
0.5155650430608837
0.5155560536856688
0.5155470747000007
0.5155381060820424
0.5155291478099365
0.5155201998618044
0.5155112622157486
0.5155023348498506
0.5154934177421715
0.5154845108707528
0.5154756142136159
0.5154667277487627
0.5154578514541744
0.5154489853078135
0.5154401292876217
0.5154312833715224
0.5154224475374185
0.5154136217631942
0.515404806026714
0.5153960003058231
0.515387204578348
0.5153784188220956
0.5153696430148543
0.5153608771343935
0.5153521211584638
0.5153433750647969
0.5153346388311062
0.5153259124350864
0.5153171958544137
0.5153084890667461
0.5152997920497235
0.5152911047809675
0.5152824272380816
0.5152737593986514
0.5152651012402443
0.5152564527404107
0.5152478138766826
0.5152391846265747
0.5152305649675843
0.5152219548771909
0.5152133543328576
0.5152047633120291
0.5151961817921341
0.5151876097505835
0.5151790471647715
0.5151704940120762
0.5151619502698579
0.5151534159154609
0.5151448909262132
0.5151363752794258
0.5151278689523939
0.5151193719223963
0.5151108841666958
0.5151024056625393
0.5150939363871572
0.5150854763177649
0.5150770254315619
0.5150685837057317
0.5150601511174431
0.5150517276438487
0.5150433132620864
0.5150349079492788
0.5150265116825332
0.5150181244389426
0.5150097461955845
0.5150013769295219
0.514993016617803
0.5149846652374621
0.5149763227655184
0.5149679891789771
0.5149596644548291
0.5149513485700515
0.5149430415016072
0.5149347432264448
0.5149264537215003
0.5149181729636947
0.5149099009299363
0.5149016375971198
0.5148933829421267
0.514885136941825
0.5148768995730696
0.5148686708127027
0.5148604506375535
0.5148522390244383
0.5148440359501611
0.5148358413915127
0.5148276553252722
0.514819477728206
0.5148113085770682
0.5148031478486012
0.514794995519535
0.5147868515665878
0.5147787159664663
0.5147705886958653
0.5147624697314682
0.514754359049947
0.5147462566279621
0.5147381624421633
0.5147300764691886
0.5147219986856655
0.5147139290682106
0.5147058675934293
0.5146978142379173
0.5146897689782589
0.5146817317910283
0.5146737026527894
0.5146656815400963
0.5146576684294926
0.5146496632975119
0.5146416661206781
0.5146336768755054
0.5146256955384988
0.514617722086153
0.5146097564949536
0.5146017987413773
0.5145938488018917
0.5145859066529546
0.5145779722710154
0.514570045632515
0.5145621267138849
0.5145542154915486
0.5145463119419208
0.514538416041408
0.5145305277664085
0.5145226470933121
0.5145147739985014
0.5145069084583498
0.5144990504492246
0.5144911999474839
0.5144833569294791
0.514475521371554
0.5144676932500448
0.5144598725412808
0.5144520592215841
0.5144442532672698
0.5144364546546462
0.5144286633600142
0.5144208793596695
0.5144131026298998
0.5144053331469869
0.5143975708872065
0.514389815826828
0.5143820679421145
0.5143743272093231
0.5143665936047055
0.5143588671045072
0.5143511476849681
0.5143434353223227
0.5143357299928003
0.5143280316726244
0.5143203403380137
0.5143126559651814
0.5143049785303361
0.5142973080096815
0.5142896443794167
0.5142819876157355
0.5142743376948278
0.514266694592879
0.5142590582860698
0.514251428750577
0.5142438059625735
0.5142361898982278
0.5142285805337048
0.5142209778451654
0.5142133818087671
0.5142057924006636
0.5141982095970054
0.5141906333739394
0.5141830637076097
0.5141755005741567
0.5141679439497184
0.5141603938104293
0.5141528501324216
0.5141453128918244
0.5141377820647647
0.5141302576273664
0.5141227395557515
0.5141152278260397
0.5141077224143481
0.5141002232967924
0.5140927304494857
0.5140852438485397
0.5140777634700643
0.5140702892901676
0.5140628212849562
0.5140553594305352
0.5140479037030085
0.5140404540784786
0.5140330105330473
0.5140255730428149
0.514018141583881
0.5140107161323441
0.5140032966643026
0.5139958831558533
0.5139884755830935
0.5139810739221194
0.5139736781490274
0.513966288239913
0.5139589041708722
0.5139515259180005
0.5139441534573941
0.5139367867651486
0.5139294258173603
0.5139220705901264
0.5139147210595432
0.5139073772017085
0.5139000389927211
0.5138927064086795
0.5138853794256839
0.5138780580198351
0.5138707421672349
0.5138634318439864
0.513856127026194
0.5138488276899631
0.5138415338114007
0.5138342453666154
0.5138269623317171
0.5138196846828179
0.5138124123960315
0.5138051454474727
0.5137978838132596
0.5137906274695114
0.5137833763923498
0.513776130557899
0.5137688899422846
0.5137616545216359
0.5137544242720835
0.5137471991697616
0.5137399791908064
0.5137327643113572
0.5137255545075562
0.5137183497555483
0.5137111500314815
0.513703955311507
0.5136967655717795
0.5136895807884564
0.5136824009376988
0.5136752259956712
0.5136680559385417
0.5136608907424821
0.5136537303836678
0.513646574838278
0.5136394240824957
0.5136322780925082
0.5136251368445063
0.5136180003146855
0.5136108684792451
0.5136037413143887
0.5135966187963246
0.5135895009012652
0.5135823876054275
0.5135752788850334
0.5135681747163088
0.5135610750754853
0.5135539799387983
0.513546889282489
0.5135398030828029
0.5135327213159914
0.5135256439583102
0.5135185709860204
0.5135115023753887
0.513504438102687
0.5134973781441925
0.5134903224761881
0.5134832710749622
0.5134762239168091
0.5134691809780283
0.5134621422349255
0.5134551076638123
0.5134480772410058
0.5134410509428295
0.5134340287456133
0.5134270106256924
0.5134199965594087
0.5134129865231106
0.5134059804931522
0.5133989784458949
0.5133919803577058
0.5133849862049591
0.513377995964035
0.5133710096113211
0.5133640271232112
0.5133570484761062
0.5133500736464139
0.5133431026105488
0.5133361353449326
0.5133291718259941
0.5133222120301691
0.5133152559339006
0.5133083035136389
0.5133013547458416
0.5132944096069737
0.5132874680735077
0.5132805301219233
0.513273595728708
0.5132666648703571
0.5132597375233732
0.5132528136642664
0.5132458932695554
0.5132389763157661
0.5132320627794326
0.5132251526370964
0.5132182458653078
0.5132113424406248
0.5132044423396132
0.5131975455388473
0.5131906520149099
0.5131837617443914
0.513176874703891
0.513169990870016
0.5131631102193827
0.5131562327286148
0.5131493583743456
0.5131424871332165
0.5131356189818775
0.5131287538969873
0.5131218918552134
0.5131150328332321
0.5131081768077284
0.5131013237553962
0.5130944736529385
0.5130876264770668
0.5130807822045022
0.5130739408119743
0.513067102276222
0.5130602665739936
0.5130534336820461
0.5130466035771464
0.5130397762360696
0.5130329516356009
0.5130261297525348
0.5130193105636752
0.5130124940458352
0.5130056801758374
0.5129988689305138
0.5129920602867064
0.5129852542212664
0.5129784507110546
0.5129716497329418
0.5129648512638082
0.5129580552805438
0.5129512617600486
0.5129444706792317
0.5129376820150129
0.5129308957443216
0.5129241118440968
0.5129173302912877
0.5129105510628535
0.5129037741357634
0.5128969994869967
0.5128902270935425
0.5128834569324001
0.5128766889805791
0.5128699232150996
0.5128631596129911
0.5128563981512937
0.5128496388070579
0.5128428815573444
0.512836126379224
0.5128293732497781
0.5128226221460985
0.5128158730452872
0.5128091259244565
0.5128023807607297
0.5127956375312402
0.5127888962131316
0.5127821567835587
0.5127754192196862
0.5127686834986899
0.5127619495977555
0.5127552174940804
0.5127484871648714
0.5127417585873472
0.5127350317387359
0.5127283065962771
0.5127215831372214
0.5127148613388292
0.5127081411783722
0.5127014226331329
0.5126947056804046
0.5126879902974913
0.5126812764617078
0.5126745641503799
0.5126678533408442
0.5126611440104482
0.5126544361365499
0.5126477296965191
0.5126410246677358
0.5126343210275908
0.5126276187534866
0.5126209178228361
0.5126142182130634
0.5126075199016036
0.5126008228659025
0.5125941270834175
0.5125874325316163
0.5125807391879782
0.5125740470299935
0.5125673560351633
0.5125606661809998
0.5125539774450266
0.5125472898047778
0.5125406032377996
0.512533917721648
0.5125272332338912
0.5125205497521075
0.5125138672538876
0.5125071857168323
0.5125005051185539
0.5124938254366757
0.5124871466488323
0.5124804687326694
0.512473791665844
0.5124671154260236
0.5124604399908881
0.5124537653381271
0.5124470914454425
0.5124404182905469
0.5124337458511639
0.5124270741050285
0.5124204030298871
0.5124137326034967
0.5124070628036257
0.5124003936080539
0.512393724994572
0.5123870569409823
0.5123803894250972
0.5123737224247417
0.5123670559177507
0.5123603898819711
0.5123537242952603
0.5123470591354874
0.5123403943805321
0.5123337300082861
0.512327065996651
0.5123204023235406
0.5123137389668794
0.5123070759046027
0.5123004131146573
0.5122937505750014
0.5122870882636031
0.5122804261584432
0.5122737642375121
0.5122671024788124
0.5122604408603569
0.5122537793601699
0.5122471179562867
0.5122404566267537
0.5122337953496278
0.5122271341029774
0.5122204728648818
0.5122138116134314
0.5122071503267271
0.5122004889828812
0.512193827560017
0.5121871660362681
0.5121805043897795
0.5121738425987074
0.5121671806412181
0.5121605184954894
0.5121538561397099
0.5121471935520785
0.5121405307108053
0.5121338675941115
0.5121272041802287
0.5121205404473992
0.5121138763738764
0.5121072119379241
0.5121005471178169
0.5120938818918407
0.5120872162382908
0.5120805501354745
0.5120738835617087
0.5120672164953217
0.512060548914652
0.5120538807980487
0.5120472121238717
0.5120405428704908
0.5120338730162873
0.5120272025396523
0.5120205314189874
0.5120138596327051
0.5120071871592277
0.5120005139769883
0.5119938400644304
0.5119871654000079
0.5119804899621846
0.5119738137294351
0.5119671366802439
0.5119604587931061
0.5119537800465271
0.511947100419022
0.5119404198891162
0.5119337384353461
0.5119270560362565
0.5119203726704045
0.5119136883163554
0.5119070029526853
0.5119003165579805
0.5118936291108369
0.5118869405898607
0.5118802509736677
0.5118735602408839
0.5118668683701451
0.5118601753400964
0.5118534811293937
0.511846785716702
0.5118400890806958
0.5118333912000604
0.5118266920534897
0.5118199916196878
0.5118132898773686
0.5118065868052546
0.511799882382079
0.511793176586584
0.511786469397521
0.5117797607936518
0.5117730507537468
0.511766339256586
0.5117596262809585
0.5117529118056636
0.5117461958095091
0.5117394782713118
0.5117327591698987
0.5117260384841053
0.511719316192776
0.5117125922747653
0.5117058667089359
0.5116991394741597
0.5116924105493179
0.5116856799133003
0.5116789475450059
0.5116722134233422
0.5116654775272265
0.5116587398355832
0.5116520003273475
0.5116452589814617
0.5116385157768776
0.5116317706925555
0.5116250237074643
0.5116182748005815
0.5116115239508929
0.5116047711373932
0.5115980163390853
0.5115912595349805
0.5115845007040986
0.5115777398254674
0.5115709768781237
0.5115642118411116
0.5115574446934842
0.5115506754143023
0.511543903982635
0.5115371303775598
0.5115303545781612
0.5115235765635329
0.5115167963127758
0.5115100138049993
0.5115032290193197
0.511496441934862
0.5114896525307587
0.51148286078615
0.5114760666801837
0.5114692701920153
0.5114624713008082
0.5114556699857327
0.511448866225967
0.5114420600006969
0.5114352512891153
0.5114284400704227
0.5114216263238266
0.5114148100285422
0.5114079911637915
0.5114011697088042
0.5113943456428165
0.511387518945072
0.5113806895948215
0.5113738575713225
0.5113670228538397
0.5113601854216442
0.5113533452540147
0.5113465023302362
0.5113396566296001
0.5113328081314055
0.5113259568149573
0.5113191026595671
0.5113122456445535
0.5113053857492411
0.5112985229529614
0.5112916572350521
0.5112847885748567
0.5112779169517261
0.5112710423450164
0.5112641647340909
0.5112572840983178
0.5112504004170728
0.5112435136697364
0.5112366238356959
0.5112297308943444
0.5112228348250807
0.5112159356073093
0.5112090332204406
0.5112021276438913
0.5111952188570831
0.5111883068394436
0.5111813915704058
0.5111744730294083
0.5111675511958953
0.5111606260493164
0.5111536975691264
0.5111467657347856
0.5111398305257595
0.5111328919215187
0.511125949901539
0.5111190044453013
0.5111120555322918
0.5111051031420012
0.5110981472539255
0.5110911878475655
0.5110842249024266
0.5110772583980195
0.5110702883138593
0.5110633146294652
0.5110563373243622
0.5110493563780789
0.5110423717701488
0.5110353834801095
0.5110283914875036
0.5110213957718773
0.5110143963127818
0.5110073930897718
0.5110003860824068
0.51099337527025
0.5109863606328688
0.5109793421498343
0.5109723198007223
0.5109652935651114
0.5109582634225851
0.5109512293527297
0.5109441913351362
0.5109371493493984
0.5109301033751139
0.5109230533918842
0.5109159993793139
0.5109089413170111
0.5109018791845876
0.5108948129616581
0.5108877426278405
0.5108806681627565
0.5108735895460299
0.5108665067572886
0.5108594197761631
0.510852328582287
0.5108452331552962
0.5108381334748302
0.510831029520531
0.5108239212720433
0.5108168087090146
0.5108096918110948
0.5108025705579361
0.5107954449291942
0.5107883149045263
0.510781180463592
0.5107740415860538
0.5107668982515761
0.510759750439825
0.5107525981304701
0.5107454413031818
0.5107382799376328
0.510731114013498
0.5107239435104545
0.5107167684081801
0.5107095886863559
0.5107024043246635
0.5106952153027867
0.510688021600411
0.5106808231972231
0.5106736200729112
0.5106664122071654
0.5106591995796765
0.5106519821701371
0.5106447599582408
0.5106375329236825
0.510630301046158
0.5106230643053646
0.5106158226810003
0.5106085761527638
0.5106013247003549
0.5105940683034746
0.5105868069418243
0.5105795405951061
0.5105722692430222
0.5105649928652767
0.5105577114415731
0.5105504249516158
0.5105431333751094
0.510535836691759
0.5105285348812696
0.5105212279233471
0.5105139157976971
0.5105065984840254
0.5104992759620376
0.5104919482114395
0.5104846152119367
0.5104772769432349
0.5104699333850392
0.5104625845170547
0.5104552303189861
0.5104478707705375
0.5104405058514132
0.510433135541316
0.5104257598199486
0.5104183786670135
0.5104109920622116
0.5104035999852439
0.5103962024158097
0.5103887993336084
0.5103813907183378
0.5103739765496945
0.5103665568073746
0.5103591314710728
0.5103517005204827
0.5103442639352965
0.5103368216952051
0.5103293737798982
0.5103219201690639
0.5103144608423886
0.5103069957795575
0.5102995249602544
0.5102920483641606
0.5102845659709563
0.5102770777603197
0.5102695837119272
0.510262083805453
0.5102545780205697
0.5102470663369476
0.510239548734255
0.5102320251921579
0.5102244956903201
0.5102169602084032
0.5102094187260665
0.5102018712229663
0.5101943176787576
0.5101867580730916
0.5101791923856176
0.5101716205959816
0.5101640426838282
0.5101564586287978
0.5101488684105284
0.5101412720086556
0.5101336694028111
0.5101260605726243
0.5101184454977217
0.5101108241577257
0.510103196532256
0.5100955626009294
0.5100879223433586
0.5100802757391537
0.5100726227679206
0.5100649634092621
0.5100572976427775
0.5100496254480622
0.5100419468047079
0.5100342616923028
0.5100265700904307
0.5100188719786725
0.510011167336604
0.5100034561437979
0.5099957383798224
0.5099880140242419
0.5099802830566158
0.5099725454565003
0.5099648012034466
0.5099570502770019
0.5099492926567086
0.5099415283221049
0.5099337572527245
0.5099259794280961
0.5099181948277443
0.5099104034311881
0.509902605217943
0.5098948001675182
0.5098869882594192
0.5098791694731456
0.5098713437881925
0.5098635111840499
0.5098556716402027
0.5098478251361299
0.5098399716513061
0.5098321111652001
0.5098242436572754
0.50981636910699
0.5098084874937968
0.5098005987971421
0.5097927029964677
0.5097848000712094
0.5097768900007966
0.5097689727646539
0.509761048342199
0.5097531167128446
0.5097451778559968
0.5097372317510558
0.5097292783774161
0.5097213177144653
0.5097133497415851
0.5097053744381512
0.5096973917835326
0.509689401757092
0.5096814043381858
0.5096733995061636
0.5096653872403687
0.5096573675201373
0.5096493403247995
0.5096413056336783
0.50963326342609
0.5096252136813438
0.5096171563787425
0.5096090914975813
0.5096010190171486
0.5095929389167257
0.509584851175587
0.5095767557729993
0.5095686526882219
0.5095605419005077
0.5095524233891011
0.50954429713324
0.5095361631121541
0.5095280213050657
0.5095198716911898
0.5095117142497332
0.5095035489598956
0.5094953758008681
0.5094871947518347
0.5094790057919709
0.5094708089004447
0.5094626040564157
0.5094543912390358
0.5094461704274484
0.5094379416007888
0.509429704738184
0.509421459818753
0.509413206821606
0.509404945725845
0.5093966765105636
0.5093883991548466
0.5093801136377704
0.5093718199384026
0.5093635180358025
0.5093552079090199
0.5093468895370965
0.5093385628990645
0.509330227973948
0.509321884740761
0.5093135331785095
0.5093051732661895
0.5092968049827886
0.5092884283072849
0.5092800432186472
0.5092716496958347
0.5092632477177977
0.509254837263477
0.5092464183118034
0.5092379908416987
0.509229554832075
0.5092211102618345
0.5092126571098701
0.5092041953550642
0.5091957249762901
0.5091872459524112
0.5091787582622804
0.509170261884741
0.5091617567986264
0.5091532429827597
0.5091447204159535
0.5091361890770109
0.5091276489447242
0.5091190999978759
0.5091105422152372
0.5091019755755699
0.509093400057625
0.5090848156401427
0.5090762223018528
0.5090676200214743
0.5090590087777158
0.509050388549275
0.5090417593148386
0.5090331210530831
0.5090244737426731
0.5090158173622632
0.5090071518904962
0.5089984773060043
0.5089897935874086
0.5089811007133187
0.5089723986623332
0.5089636874130395
0.5089549669440135
0.5089462372338196
0.508937498261011
0.5089287500041292
0.5089199924417045
0.508911225552255
0.5089024493142879
0.5088936637062981
0.508884868706769
0.5088760642941719
0.5088672504469669
0.5088584271436014
0.5088495943625113
0.5088407520821205
0.5088319002808406
0.508823038937071
0.5088141680291993
0.5088052875356007
0.5087963974346377
0.5087874977046614
0.5087785883240097
0.5087696692710082
0.5087607405239706
0.5087518020611971
0.5087428538609761
0.5087338959015828
0.5087249281612805
0.5087159506183189
0.5087069632509349
0.5086979660373535
0.508688958955786
0.508679941984431
0.5086709151014737
0.5086618782850869
0.5086528315134302
0.5086437747646494
0.5086347080168777
0.5086256312482349
0.5086165444368277
0.5086074475607488
0.5085983405980782
0.508589223526882
0.508580096325213
0.5085709589711104
0.5085618114425998
0.508552653717693
0.5085434857743883
0.5085343075906703
0.5085251191445095
0.5085159204138625
0.5085067113766726
0.508497492010868
0.5084882622943644
0.5084790222050622
0.5084697717208481
0.508460510819595
0.5084512394791606
0.5084419576773896
0.5084326653921117
0.5084233626011423
0.508414049282282
0.5084047254133179
0.5083953909720218
0.5083860459361512
0.508376690283449
0.5083673239916433
0.5083579470384478
0.5083485594015613
0.5083391610586676
0.5083297519874359
0.5083203321655204
0.50831090157056
0.5083014601801796
0.5082920079719879
0.5082825449235792
0.5082730710125322
0.5082635862164108
0.5082540905127637
0.5082445838791236
0.5082350662930089
0.5082255377319216
0.508215998173349
0.5082064475947623
0.5081968859736179
0.5081873132873559
0.5081777295134011
0.5081681346291624
0.5081585286120334
0.5081489114393914
0.5081392830885983
0.5081296435369999
0.5081199927619258
0.5081103307406901
0.5081006574505905
0.5080909728689091
0.5080812769729114
0.5080715697398468
0.5080618511469485
0.5080521211714338
0.508042379790503
0.5080326269813407
0.5080228627211144
0.5080130869869758
0.5080032997560596
0.5079935010054845
0.5079836907123515
0.5079738688537463
0.5079640354067368
0.5079541903483751
0.5079443336556952
0.5079344653057157
0.5079245852754373
0.5079146935418439
0.5079047900819027
0.5078948748725638
0.5078849478907599
0.5078750091134069
0.507865058517403
0.50785509607963
0.5078451217769515
0.5078351355862143
0.5078251374842475
0.5078151274478634
0.5078051054538556
0.5077950714790015
0.5077850255000601
0.5077749674937729
0.5077648974368639
0.507754815306039
0.507744721077987
0.507734614729378
0.5077244962368649
0.5077143655770824
0.5077042227266471
0.507694067662158
0.5076839003601952
0.5076737207973219
0.5076635289500818
0.5076533247950016
0.5076431083085887
0.5076328794673329
0.5076226382477049
0.5076123846261583
0.5076021185791265
0.5075918400830256
0.5075815491142527
0.5075712456491864
0.5075609296641866
0.5075506011355944
0.5075402600397322
0.5075299063529037
0.5075195400513934
0.5075091611114674
0.5074987695093722
0.5074883652213359
0.5074779482235673
0.5074675184922557
0.5074570760035717
0.5074466207336668
0.5074361526586727
0.5074256717547022
0.5074151779978487
0.5074046713641861
0.5073941518297687
0.5073836193706315
0.5073730739627897
0.5073625155822392
0.507351944204956
0.5073413598068964
0.5073307623639971
0.5073201518521747
0.5073095282473262
0.5072988915253287
0.5072882416620388
0.5072775786332937
0.5072669024149102
0.5072562129826852
0.5072455103123951
0.5072347943797962
0.5072240651606248
0.5072133226305964
0.5072025667654064
0.5071917975407298
0.507181014932221
0.5071702189155136
0.5071594094662214
0.5071485865599364
0.5071377501722312
0.5071269002786564
0.5071160368547425
0.5071051598759992
0.5070942693179151
0.5070833651559576
0.5070724473655737
0.5070615159221887
0.5070505708012072
0.507039611978012
0.5070286394279657
0.5070176531264089
0.5070066530486608
0.5069956391700196
0.5069846114657619
0.5069735699111428
0.5069625144813957
0.5069514451517326
0.5069403618973438
0.5069292646933977
0.5069181535150411
0.5069070283373991
0.5068958891355746
0.5068847358846489
0.5068735685596811
0.5068623871357082
0.5068511915877452
0.5068399818907849
0.506828758019798
0.5068175199497329
0.5068062676555156
0.5067950011120497
0.5067837202942163
0.506772425176874
0.5067611157348595
0.5067497919429858
0.506738453776044
0.5067271012088023
0.5067157342160058
0.5067043527723774
0.5066929568526164
0.5066815464313997
0.5066701214833809
0.5066586819831904
0.5066472279054364
0.5066357592247023
0.5066242759155495
0.5066127779525156
0.5066012653101153
0.506589737962839
0.5065781958851547
0.506566639051506
0.5065550674363132
0.5065434810139731
0.5065318797588584
0.5065202636453184
0.5065086326476785
0.5064969867402399
0.5064853258972799
0.506473650093052
0.5064619593017857
0.5064502534976858
0.5064385326549334
0.5064267967476852
0.5064150457500735
0.5064032796362061
0.5063914983801666
0.5063797019560139
0.5063678903377822
0.5063560634994815
0.5063442214150962
0.5063323640585871
0.5063204914038892
0.506308603424913
0.5062967000955442
0.5062847813896428
0.5062728472810447
0.5062608977435594
0.5062489327509722
0.5062369522770427
0.5062249562955051
0.5062129447800684
0.5062009177044156
0.5061888750422048
0.5061768167670679
0.5061647428526115
0.5061526532724163
0.506140548000037
0.5061284270090027
0.5061162902728163
0.5061041377649547
0.506091969458869
0.5060797853279835
0.506067585345697
0.5060553694853811
0.5060431377203819
0.5060308900240187
0.5060186263695841
0.5060063467303443
0.5059940510795388
0.5059817393903802
0.5059694116360549
0.5059570677897216
0.5059447078245126
0.5059323317135328
0.5059199394298606
0.5059075309465465
0.5058951062366142
0.50588266527306
0.505870208028853
0.5058577344769343
0.5058452445902182
0.5058327383415906
0.5058202157039107
0.5058076766500089
0.5057951211526882
0.5057825491847242
0.5057699607188635
0.5057573557278255
0.5057447341843012
0.505732096060953
0.5057194413304158
0.5057067699652953
0.5056940819381692
0.5056813772215865
0.5056686557880682
0.5056559176101055
0.505643162660162
0.5056303909106714
0.5056176023340394
0.5056047969026419
0.5055919745888265
0.505579135364911
0.5055662792031843
0.505553406075906
0.5055405159553059
0.5055276088135849
0.5055146846229136
0.5055017433554341
0.5054887849832571
0.5054758094784653
0.5054628168131099
0.5054498069592134
0.5054367798887671
0.5054237355737331
0.5054106739860428
0.5053975950975974
0.5053844988802672
0.5053713853058931
0.505358254346284
0.5053451059732195
0.5053319401584472
0.5053187568736848
0.5053055560906187
0.5052923377809043
0.5052791019161659
0.5052658484679964
0.5052525774079577
0.5052392887075802
0.5052259823383628
0.5052126582717729
0.5051993164792464
0.5051859569321869
0.5051725796019667
0.5051591844599259
0.5051457714773729
0.5051323406255834
0.5051188918758018
0.5051054251992392
0.505091940567075
0.5050784379504555
0.5050649173204951
0.5050513786482751
0.505037821904844
0.5050242470612177
0.5050106540883792
0.5049970429572775
0.5049834136388299
0.5049697661039191
0.5049561003233951
0.5049424162680747
0.5049287139087404
0.5049149932161416
0.5049012541609939
0.5048874967139786
0.5048737208457434
0.5048599265269021
0.5048461137280341
0.5048322824196843
0.5048184325723637
0.5048045641565486
0.5047906771426806
0.504776771501167
0.5047628472023797
0.5047489042166566
0.5047349425142997
0.5047209620655767
0.504706962840719
0.504692944809924
0.5046789079433528
0.5046648522111314
0.5046507775833499
0.5046366840300628
0.5046225715212886
0.5046084400270101
0.5045942895171739
0.5045801199616902
0.5045659313304333
0.5045517235932409
0.5045374967199142
0.5045232506802177
0.5045089854438792
0.50449470098059
0.5044803972600036
0.5044660742517374
0.5044517319253708
0.5044373702504468
0.5044229891964697
0.5044085887329075
0.5043941688291897
0.5043797294547088
0.5043652705788184
0.5043507921708351
0.5043362942000369
0.5043217766356634
0.504307239446916
0.504292682602958
0.5042781060729133
0.5042635098258682
0.5042488938308688
0.5042342580569231
0.5042196024729999
0.5042049270480289
0.5041902317509
0.504175516550464
0.5041607814155322
0.5041460263148759
0.5041312512172268
0.5041164560912764
0.5041016409056764
0.5040868056290382
0.5040719502299327
0.5040570746768906
0.5040421789384018
0.5040272629829154
0.5040123267788401
0.5039973702945431
0.5039823934983508
0.5039673963585483
0.503952378843379
0.5039373409210455
0.5039222825597081
0.5039072037274855
0.5038921043924548
0.5038769845226507
0.5038618440860659
0.5038466830506511
0.5038315013843134
0.5038162990549189
0.5038010760302898
0.5037858322782061
0.5037705677664044
0.5037552824625785
0.5037399763343787
0.5037246493494121
0.503709301475242
0.503693932679388
0.5036785429293263
0.5036631321924886
0.503647700436263
0.5036322476279931
0.5036167737349778
0.5036012787244719
0.5035857625636853
0.5035702252197832
0.5035546666598857
0.503539086851068
0.5035234857603597
0.5035078633547452
0.5034922196011631
0.5034765544665067
0.5034608679176233
0.503445159921314
0.5034294304443339
0.5034136794533915
0.5033979069151495
0.5033821127962235
0.503366297063182
0.5033504596825474
0.5033346006207946
0.5033187198443513
0.5033028173195978
0.5032868930128669
0.5032709468904437
0.5032549789185654
0.5032389890634217
0.5032229772911532
0.5032069435678528
0.503190887859565
0.5031748101322856
0.5031587103519614
0.5031425884844901
0.503126444495721
0.5031102783514535
0.5030940900174374
0.5030778794593739
0.5030616466429134
0.5030453915336568
0.503029114097155
0.5030128142989083
0.5029964921043669
0.5029801474789305
0.5029637803879475
0.5029473907967162
0.5029309786704832
0.502914543974444
0.5028980866737426
0.5028816067334717
0.502865104118672
0.5028485787943322
0.5028320307253893
0.5028154598767273
0.5027988662131786
0.5027822496995222
0.5027656103004852
0.5027489479807408
0.5027322627049096
0.5027155544375586
0.5026988231432018
0.5026820687862992
0.5026652913312564
0.502648490742426
0.5026316669841058
0.5026148200205395
0.5025979498159158
0.5025810563343691
0.5025641395399785
0.5025471993967686
0.502530235868708
0.5025132489197102
0.5024962385136332
0.5024792046142788
0.502462147185393
0.5024450661906655
0.5024279615937297
0.5024108333581625
0.5023936814474838
0.5023765058251565
0.5023593064545869
0.5023420832991232
0.5023248363220568
0.5023075654866211
0.5022902707559913
0.5022729520932852
0.5022556094615614
0.5022382428238212
0.5022208521430063
0.5022034373819995
0.5021859985036254
0.5021685354706487
0.5021510482457745
0.5021335367916488
0.5021160010708575
0.5020984410459267
0.5020808566793218
0.5020632479334483
0.5020456147706505
0.5020279571532122
0.5020102750433565
0.5019925684032447
0.5019748371949772
0.5019570813805923
0.5019393009220664
0.5019214957813146
0.501903665920189
0.5018858113004797
0.5018679318839138
0.5018500276321559
0.5018320985068073
0.5018141444694064
0.5017961654814275
0.5017781615042818
0.5017601324993161
0.5017420784278137
0.501723999250993
0.5017058949300085
0.5016877654259494
0.50166961069984
0.5016514307126397
0.5016332254252428
0.5016149947984773
0.501596738793106
0.5015784573698254
0.5015601504892655
0.5015418181119907
0.5015234601984982
0.5015050767092181
0.5014866676045135
0.5014682328446811
0.5014497723899488
0.5014312862004772
0.5014127742363591
0.5013942364576193
0.5013756728242134
0.5013570832960293
0.5013384678328856
0.5013198263945315
0.5013011589406476
0.5012824654308443
0.5012637458246627
0.5012450000815738
0.5012262281609782
0.5012074300222062
0.5011886056245178
0.5011697549271016
0.501150877889075
0.5011319744694847
0.5011130446273053
0.5010940883214395
0.5010751055107185
0.5010560961539008
0.5010370602096725
0.501017997636647
0.5009989083933646
0.5009797924382928
0.5009606497298249
0.5009414802262817
0.5009222838859088
0.5009030606668785
0.5008838105272883
0.5008645334251615
0.500845229318446
0.5008258981650149
0.5008065399226663
0.5007871545491223
0.5007677420020288
0.5007483022389565
0.5007288352173994
0.5007093408947749
0.5006898192284237
0.5006702701756092
0.5006506936935182
0.5006310897392592
0.5006114582698633
0.5005917992422838
0.5005721126133954
0.5005523983399945
0.5005326563787986
0.5005128866864462
0.5004930892194968
0.5004732639344299
0.5004534107876462
0.5004335297354652
0.5004136207341268
0.5003936837397905
0.5003737187085349
0.5003537255963574
0.5003337043591746
0.5003136549528209
0.5002935773330494
0.5002734714555315
0.5002533372758556
0.5002331747495279
0.500212983831972
0.5001927644785278
0.500172516644453
0.5001522402849206
0.5001319353550203
0.5001116018097578
0.5000912396040541
0.5000708486927461
0.5000504290305854
0.5000299805722385
0.5000095032722869
0.49998899708522576
0.4999684619654652
0.49994789786732824
0.4999273047450522
0.4999066825527872
0.49988603124459674
0.4998653507744566
0.4998446410962556
0.4998239021637945
0.499803133930786
0.49978233635085445
0.4997615093775355
0.4997406529642765
0.49971976706443516
0.49969885163127975
0.4996779066179893
0.4996569319776523
0.4996359276632678
0.49961489362774375
0.49959382982389733
0.49957273620445536
0.4995516127220523
0.4995304593292318
0.49950927597844563
0.49948806262205314
0.49946681921232133
0.49944554570142485
0.4994242420414446
0.49940290818436894
0.49938154408209273
0.4993601496864164
0.49933872494904674
0.49931726982159635
0.4992957842555831
0.4992742682024291
0.49925272161346257
0.49923114443991534
0.49920953663292367
0.49918789814352793
0.49916622892267226
0.49914452892120365
0.4991227980898726
0.4991010363793323
0.4990792437401385
0.499057420122749
0.4990355654775239
0.4990136797547247
0.49899176290451397
0.4989698148769561
0.49894783562201594
0.4989258250895584
0.49890378322934914
0.49888170999105375
0.4988596053242369
0.49883746917836325
0.4988153015027962
0.49879310224679785
0.498770871359529
0.4987486087900482
0.49872631448731214
0.4987039884001756
0.49868163047738967
0.49865924066760275
0.49863681891936035
0.4986143651811041
0.49859187940117167
0.4985693615277963
0.4985468115091075
0.4985242292931292
0.4985016148277806
0.49847896806087544
0.49845628894012184
0.4984335774131217
0.4984108334273709
0.49838805693025867
0.49836524786906744
0.498342406190972
0.49831953184303973
0.49829662477223113
0.49827368492539703
0.49825071224928136
0.49822770669051836
0.49820466819563375
0.4981815967110436
0.4981584921830545
0.498135354557863
0.49811218378155553
0.49808897980010836
0.49806574255938596
0.4980424720051424
0.49801916808301994
0.49799583073854936
0.49797245991714884
0.4979490555641246
0.49792561762467036
0.49790214604386596
0.4978786407666786
0.4978551017379619
0.497831528902455
0.4978079222047833
0.49778428158945726
0.49776060700087255
0.4977368983833095
0.49771315568093355
0.4976893788377935
0.49766556779782245
0.4976417225048367
0.4976178429025365
0.49759392893450405
0.49756998054420487
0.49754599767498636
0.49752198027007793
0.4974979282725908
0.49747384162551744
0.4974497202717312
0.4974255641539863
0.4974013732149172
0.49737714739703814
0.497352886642744
0.4973285908943079
0.4973042600938829
0.4972798941835004
0.4972554931050701
0.4972310568003806
0.4972065852110976
0.49718207827876404
0.49715753594480094
0.49713295815050534
0.49710834483705124
0.49708369594548835
0.4970590114167429
0.49703429119161635
0.4970095352107849
0.4969847434148003
0.4969599157440887
0.4969350521389502
0.49691015253955906
0.496885216885963
0.4968602451180831
0.4968352371757131
0.4968101929985197
0.49678511252604174
0.4967599956976898
0.49673484245274613
0.4967096527303645
0.49668442646956934
0.49665916360925594
0.49663386408818977
0.4966085278450059
0.49658315481820975
0.49655774494617544
0.49653229816714617
0.49650681441923405
0.4964812936404191
0.4964557357685497
0.4964301407413414
0.49640450849637746
0.49637883897110796
0.4963531321028491
0.4963273878287845
0.49630160608596274
0.49627578681129836
0.49624992994157124
0.49622403541342613
0.4961981031633726
0.4961721331277842
0.4961461252428983
0.4961200794448166
0.49609399566950313
0.49606787385278545
0.49604171393035357
0.49601551583776005
0.4959892795104184
0.495963004883605
0.49593669189245637
0.4959103404719704
0.49588395055700596
0.4958575220822812
0.49583105498237473
0.49580454919172473
0.4957780046446284
0.49575142127524174
0.49572479901757927
0.4956981378055139
0.4956714375727762
0.4956446982529541
0.49561791977949293
0.49559110208569457
0.4955642451047175
0.4955373487695763
0.49551041301314136
0.49548343776813836
0.49545642296714776
0.49542936854260544
0.4954022744268014
0.49537514055187937
0.495347966849837
0.4953207532525254
0.4952934996916486
0.4952662060987633
0.49523887240527803
0.49521149854245405
0.4951840844414038
0.49515663003309124
0.4951291352483309
0.4951016000177881
0.4950740242719781
0.49504640794126653
0.49501875095586834
0.4949910532458473
0.49496331474111654
0.4949355353714372
0.49490771506641895
0.4948798537555189
0.4948519513680419
0.4948240078331393
0.49479602307980997
0.49476799703689855
0.49473992963309577
0.4947118207969383
0.49468367045680806
0.4946554785409315
0.4946272449773804
0.49459896969407013
0.4945706526187604
0.49454229367905406
0.49451389280239766
0.49448544991608007
0.49445696494723324
0.49442843782283086
0.4943998684696881
0.49437125681446215
0.4943426027836511
0.49431390630359356
0.4942851673004688
0.49425638570029584
0.4942275614289332
0.4941986944120792
0.4941697845752707
0.4941408318438833
0.4941118361431307
0.49408279739806427
0.4940537155335737
0.49402459047438496
0.49399542214506087
0.4939662104700014
0.49393695537344195
0.49390765677945386
0.49387831461194354
0.4938489287946528
0.4938194992511581
0.49379002590486987
0.4937605086790325
0.49373094749672414
0.49370134228085605
0.4936716929541722
0.4936419994392495
0.4936122616584962
0.4935824795341531
0.4935526529882919
0.4935227819428155
0.4934928663194574
0.49346290603978177
0.4934329010251821
0.49340285119688193
0.49337275647593387
0.49334261678321967
0.49331243203944897
0.49328220216516017
0.49325192708071924
0.49322160670631937
0.49319124096198097
0.49316082976755127
0.4931303730427034
0.4930998707069373
0.49306932267957715
0.49303872887977385
0.4930080892265019
0.4929774036385612
0.4929466720345752
0.49291589433299143
0.49288507045208096
0.49285420030993754
0.4928232838244777
0.4927923209134403
0.4927613114943861
0.4927302554846979
0.49269915280157883
0.4926680033620536
0.4926368070829669
0.4926055638809842
0.4925742736725897
0.49254293637408797
0.4925115519016018
0.49248012017107334
0.4924486410982623
0.4924171145987468
0.49238554058792233
0.49235391898100156
0.4923222496930138
0.49229053263880473
0.4922587677330368
0.492226954890187
0.49219509402454864
0.49216318505022955
0.4921312278811518
0.4920992224310525
0.492067168613482
0.49203506634180394
0.4920029155291958
0.4919707160886471
0.4919384679329601
0.49190617097474876
0.49187382512643885
0.49184143030026717
0.49180898640828175
0.49177649336234075
0.491743951074113
0.49171135945507616
0.4916787184165179
0.49164602786953504
0.4916132877250326
0.49158049789372393
0.4915476582861307
0.4915147688125815
0.4914818293832126
0.49144883990796645
0.4914158002965926
0.4913827104586459
0.49134957030348725
0.49131637974028275
0.4912831386780037
0.49124984702542535
0.4912165046911273
0.49118311158349304
0.49114966761070966
0.4911161726807666
0.49108262670145675
0.4910490295803746
0.4910153812249167
0.49098168154228167
0.4909479304394687
0.4909141278232778
0.4908802736003095
0.49084636767696405
0.4908124099594419
0.49077840035374243
0.4907443387656638
0.49071022510080303
0.4906760592645544
0.4906418411621111
0.4906075706984631
0.4905732477783974
0.4905388723064977
0.4905044441871436
0.4904699633245112
0.49043542962257136
0.4904008429850908
0.49036620331563036
0.4903315105175453
0.4902967644939852
0.4902619651478929
0.49022711238200456
0.4901922060988493
0.4901572462007483
0.4901222325898154
0.4900871651679553
0.49005204383686485
0.4900168684980314
0.4899816390527329
0.48994635540203757
0.4899110174468031
0.48987562508767707
0.4898401782250956
0.48980467675928396
0.48976912059025507
0.48973350961781026
0.48969784374153824
0.48966212286081473
0.489626346874802
0.48959051568244905
0.4895546291824908
0.4895186872734474
0.4894826898536242
0.4894466368211124
0.48941052807378627
0.48937436350930485
0.489338143025111
0.48930186651843033
0.4892655338862716
0.4892291450254262
0.4891926998324677
0.48915619820375145
0.48911964003541364
0.489083025223372
0.4890463536633249
0.48900962525075053
0.48897283988090745
0.488935997448833
0.4888990978493443
0.48886214097703656
0.4888251267262838
0.4887880549912376
0.4887509256658269
0.4887137386437584
0.4886764938185152
0.48863919108335646
0.4886018303313181
0.4885644114552109
0.48852693434762146
0.4884893989009106
0.48845180500721413
0.4884141525584416
0.48837644144627657
0.48833867156217536
0.48830084279736746
0.48826295504285516
0.4882250081894126
0.48818700212758553
0.48814893674769144
0.4881108119398185
0.4880726275938255
0.4880343835993415
0.48799607984576543
0.4879577162222653
0.4879192926177788
0.4878808089210117
0.4878422650204382
0.4878036608043003
0.4877649961606078
0.48772627097713744
0.48768748514143245
0.48764863854080265
0.48760973106232375
0.4875707625928368
0.4875317330189485
0.48749264222702987
0.4874534901032165
0.48741427653340785
0.4873750014032673
0.4873356645982212
0.4872962660034586
0.48725680550393136
0.4872172829843533
0.4871776983291998
0.48713805142270744
0.4870983421488742
0.4870585703914579
0.48701873603397694
0.48697883895970917
0.48693887905169214
0.4868988561927218
0.48685877026535357
0.48681862115190017
0.4867784087344323
0.4867381328947787
0.486697793514524
0.4866573904750106
0.4866169236573365
0.48657639294235566
0.4865357982106776
0.48649513934266686
0.48645441621844265
0.48641362871787863
0.48637277672060214
0.48633186010599405
0.4862908787531886
0.48624983254107296
0.48620872134828585
0.48616754505321885
0.4861263035340147
0.48608499666856736
0.48604362433452153
0.4860021864092728
0.4859606827699661
0.48591911329349663
0.48587747785650853
0.48583577633539476
0.48579400860629707
0.48575217454510516
0.48571027402745626
0.48566830692873525
0.4856262731240737
0.48558417248834995
0.4855420048961884
0.4854997702219592
0.4854574683397781
0.48541509912350544
0.48537266244674665
0.4853301581828514
0.4852875862049129
0.4852449463857678
0.48520223859799616
0.4851594627139205
0.4851166186056059
0.48507370614485934
0.4850307252032291
0.4849876756520049
0.48494455736221675
0.484901370204636
0.48485811404977286
0.4848147887678783
0.4847713942289416
0.4847279303026914
0.48468439685859493
0.48464079376585745
0.4845971208934215
0.4845533781099673
0.48450956528391204
0.4844656822834097
0.48442172897634994
0.4843777052303588
0.48433361091279736
0.4842894458907618
0.48424521003108295
0.48420090320032655
0.48415652526479125
0.48411207609051005
0.48406755554324854
0.4840229634885056
0.4839782997915122
0.48393356431723167
0.48388875693035827
0.4838438774953185
0.483798925876269
0.4837539019370974
0.4837088055414213
0.4836636365525879
0.4836183948336744
0.48357308024748624
0.48352769265655815
0.4834822319231527
0.4834366979092609
0.48339109047660084
0.4833454094866176
0.4832996548004838
0.483253826279098
0.48320792378308475
0.4831619471727945
0.4831158963083031
0.4830697710494111
0.4830235712556438
0.4829772967862505
0.4829309475002048
0.4828845232562032
0.482838023912666
0.48279144932773554
0.4827447993592773
0.4826980738648782
0.48265127270184704
0.48260439572721375
0.48255744279772966
0.4825104137698665
0.4824633084998157
0.4824161268434894
0.48236886865651885
0.48232153379425413
0.4822741221117648
0.48222663346383815
0.4821790677049799
0.48213142468941395
0.4820837042710806
0.4820359063036379
0.4819880306404607
0.48194007713463927
0.48189204563898075
0.4818439360060075
0.4817957480879571
0.4817474817367825
0.4816991368041504
0.48165071314144264
0.4816022105997545
0.48155362902989474
0.48150496828238554
0.4814562282074615
0.48140740865507026
0.4813585094748716
0.4813095305162367
0.48126047162824853
0.4812113326597014
0.4811621134591
0.48111281387465993
0.48106343375430644
0.4810139729456757
0.480964431296112
0.4809148086526692
0.48086510486211076
0.4808153197709078
0.48076545322524006
0.48071550507099475
0.4806654751537669
0.480615363318859
0.4805651694112795
0.4805148932757448
0.48046453475667616
0.48041409369820154
0.48036356994415436
0.4803129633380734
0.4802622737232022
0.4802115009424893
0.48016064483858706
0.4801097052538526
0.48005868203034624
0.480007575009832
0.4799563840337767
0.47990510894335037
0.4798537495794255
0.47980230578257654
0.4797507773930801
0.4796991642509142
0.4796474661957583
0.4795956830669931
0.4795438147036999
0.47949186094465995
0.4794398216283554
0.4793876965929681
0.47933548567637885
0.47928318871616893
0.4792308055496171
0.47917833601370236
0.4791257799451011
0.47907313718018857
0.4790204075550373
0.47896759090541796
0.4789146870667985
0.4788616958743436
0.47880861716291495
0.47875545076707093
0.47870219652106616
0.47864885425885106
0.478595423814072
0.47854190502007066
0.4784882977098845
0.47843460171624524
0.4783808168715797
0.4783269430080091
0.4782729799573491
0.4782189275511092
0.47816478562049247
0.4781105539963959
0.4780562325094092
0.47800182098981564
0.47794731926759104
0.4778927271724035
0.47783804453361395
0.4777832711802751
0.4777284069411316
0.47767345164462
0.4776184051188678
0.47756326719169406
0.47750803769060857
0.4774527164428122
0.47739730327519625
0.4773417980143421
0.47728620048652187
0.4772305105176967
0.47717472793351884
0.47711885255932884
0.4770628842201572
0.4770068227407229
0.476950667945435
0.47689441965839063
0.4768380777033754
0.4767816419038635
0.4767251120830176
0.47666848806368806
0.4766117696684131
0.47655495671941894
0.47649804903861925
0.47644104644761437
0.47638394876769313
0.4763267558198304
0.476269467424688
0.4762120834026151
0.47615460357364664
0.47609702775750484
0.47603935577359735
0.47598158744101826
0.47592372257854815
0.4758657610046529
0.475807702537484
0.4757495469948793
0.4756912941943611
0.47563294395313793
0.4755744960881031
0.4755159504158351
0.47545730675259723
0.4753985649143381
0.47533972471669084
0.4752807859749733
0.47522174850418775
0.47516261211902133
0.4751033766338452
0.4750440418627148
0.4749846076193701
0.4749250737172346
0.47486543996941677
0.4748057061887081
0.4747458721875848
0.4746859377782061
0.4746259027724157
0.47456576698174036
0.47450553021739117
0.47444519229026216
0.4743847530109313
0.47432421218966014
0.4742635696363934
0.4742028251607591
0.47414197857206897
0.4740810296793179
0.4740199782911846
0.4739588242160299
0.47389756726189947
0.47383620723652065
0.4737747439473053
0.4737131772013477
0.4736515068054261
0.4735897325660011
0.4735278542892174
0.47346587178090244
0.4734037848465671
0.4733415932914057
0.47327929692029536
0.47321689553779706
0.47315438894815504
0.4730917769552967
0.47302905936283324
0.47296623597405907
0.47290330659195196
0.4728402710191738
0.4727771290580697
0.4727138805106687
0.4726505251786833
0.4725870628635103
0.47252349336623
0.4724598164876067
0.47239603202808905
0.4723321397878098
0.47226813956658587
0.47220403116391807
0.4721398143789924
0.4720754890106791
0.4720110548575333
0.4719465117177943
0.47188185938938687
0.47181709766992075
0.4717522263566906
0.4716872452466766
0.4716221541365441
0.4715569528226445
0.47149164110101405
0.4714262187673759
0.4713606856171385
0.4712950414453967
0.47122928604693204
0.47116341921621235
0.47109744074739185
0.47103135043431216
0.47096514807050155
0.4708988334491764
0.47083240636323925
0.47076586660528164
0.4706992139675824
0.47063244824210815
0.47056556922051423
0.47049857669414485
0.4704314704540325
0.47036425029089846
0.4702969159951539
0.47022946735689924
0.47016190416592446
0.4700942262117096
0.4700264332834252
0.46995852516993186
0.4698905016597816
0.4698223625412169
0.469754107602172
0.46968573663027263
0.4696172494128364
0.46954864573687316
0.46947992538908523
0.4694110881558678
0.46934213382330936
0.46927306217719156
0.4692038730029903
0.46913456608587495
0.4690651412107098
0.46899559816205383
0.46892593672416094
0.4688561566809806
0.46878625781615846
0.46871623991303585
0.4686461027546509
0.46857584612373865
0.46850546980273133
0.46843497357375913
0.4683643572186501
0.46829362051893086
0.4682227632558263
0.4681517852102617
0.468080686162861
0.4680094658939491
0.46793812418355046
0.46786666081139117
0.4677950755568986
0.4677233681992014
0.46765153851713076
0.46757958628922147
0.4675075112937097
0.4674353133085366
0.4673629921113467
0.46729054747948945
0.4672179791900189
0.46714528701969493
0.46707247074498304
0.4669995301420554
0.4669264649867913
0.4668532750547768
0.4667799601213069
0.4667065199613839
0.46663295434972013
0.4665592630607368
0.46648544586856494
0.4664115025470469
0.4663374328697354
0.4662632366098952
0.466188913540503
0.46611446343424845
0.46603988606353375
0.46596518120047636
0.46589034861690654
0.4658153880843705
0.46574029937412975
0.465665082257162
0.46558973650416186
0.4655142618855407
0.4654386581714279
0.4653629251316719
0.4652870625358394
0.465211070153218
0.4651349477528144
0.4650586951033572
0.46498231197329576
0.46490579813080235
0.4648291533437716
0.4647523773798219
0.46467547000629605
0.4645984309902604
0.46452126009850836
0.46444395709755815
0.4643665217536554
0.46428895383277297
0.46421125310061173
0.4641334193226012
0.46405545226390077
0.4639773516893994
0.46389911736371714
0.4638207490512052
0.46374224651594775
0.46366360952176067
0.4635848378321945
0.46350593121053363
0.46342688941979693
0.4633477122227397
0.4632683993818536
0.4631889506593668
0.46310936581724604
0.4630296446171963
0.462949786820662
0.46286979218882734
0.4627896604826176
0.4627093914626994
0.4626289848894819
0.46254844052311694
0.46246775812350016
0.46238693745027215
0.46230597826281805
0.46222488032026965
0.4621436433815051
0.4620622672051505
0.46198075154957985
0.46189909617291636
0.46181730083303313
0.4617353652875541
0.46165328929385396
0.4615710726090603
0.46148871499005306
0.46140621619346656
0.4613235759756885
0.46124079409286317
0.46115787030089006
0.4610748043554259
0.4609915960118848
0.46090824502543926
0.46082475115102134
0.4607411141433229
0.4606573337567962
0.46057340974565597
0.46048934186387847
0.4604051298652034
0.4603207735031342
0.46023627253093996
0.460151626701654
0.46006683576807667
0.4599818994827753
0.45989681759808554
0.4598115898661111
0.45972621603872554
0.4596406958675722
0.45955502910406615
0.4594692154993939
0.4593832548045153
0.4592971467701622
0.45921089114684205
0.4591244876848366
0.4590379361342033
0.45895123624477635
0.45886438776616767
0.45877739044776633
0.45869024403874115
0.4586029482880398
0.45851550294439114
0.4584279077563047
0.4583401624720716
0.4582522668397667
0.45816422060724704
0.45807602352215504
0.45798767533191675
0.45789917578374506
0.45781052462463834
0.4577217216013825
0.45763276646055157
0.4575436589485076
0.45745439881140215
0.4573649857951769
0.4572754196455642
0.4571857001080875
0.45709582692806283
0.4570057998505984
0.4569156186205965
0.45682528298275354
0.45673479268156003
0.4566441474613027
0.456553347066064
0.4564623912397235
0.45637127972595765
0.45628001226824155
0.4561885886098483
0.4560970084938508
0.456005271663122
0.4559133778603345
0.4558213268279623
0.4557291183082816
0.4556367520433703
0.4555442277751089
0.4554515452451816
0.45535870419507585
0.4552657043660842
0.45517254549930397
0.45507922733563694
0.45498574961579163
0.45489211208028285
0.45479831446943175
0.4547043565233672
0.4546102379820253
0.4545159585851505
0.45442151807229614
0.4543269161828236
0.45423215265590433
0.45413722723051897
0.45404213964545814
0.4539468896393233
0.4538514769505262
0.45375590131728943
0.45366016247764707
0.45356426016944473
0.4534681941303396
0.4533719640978011
0.45327556980911055
0.453179011001362
0.4530822874114616
0.45298539877612914
0.45288834483189655
0.45279112531510873
0.4526937399619241
0.4525961885083138
0.4524984706900629
0.452400586242769
0.45230253490184313
0.45220431640250985
0.45210593047980696
0.452007376868585
0.451908655303508
0.4518097655190525
0.4517107072495083
0.45161148022897796
0.4515120841913758
0.45141251887042944
0.4513127839996775
0.45121287931247106
0.45111280454197233
0.45101255942115487
0.45091214368280297
0.45081155705951115
0.4507107992836835
0.45060987008753517
0.4505087692030884
0.4504074963621755
0.45030605129643597
0.45020443373731706
0.45010264341607226
0.45000068006376215
0.44989854341125224
0.44979623318921264
0.449693749128118
0.44959109095824557
0.4494882584096755
0.44938525121228906
0.4492820690957686
0.44917871178959556
0.4490751790230504
0.4489714705252114
0.44886758602495314
0.4487635252509454
0.44865928793165305
0.4485548737953333
0.4484502825700356
0.44834551398359984
0.44824056776365506
0.44813544363761837
0.44803014133269314
0.44792466057586766
0.4478190010939135
0.44771316261338445
0.44760714486061376
0.44750094756171366
0.447394570442573
0.44728801322885564
0.44718127564599824
0.447074357419209
0.44696725827346495
0.44685997793351073
0.4467525161238556
0.44664487256877194
0.44653704699229335
0.4464290391182113
0.44632084867007327
0.4462124753711815
0.44610391894458873
0.4459951791130966
0.4458862555992531
0.44577714812534974
0.44566785641341844
0.44555838018522986
0.4454487191622892
0.4453388730658343
0.4452288416168318
0.44511862453597456
0.4450082215436784
0.4448976323600785
0.44478685670502716
0.44467589429808857
0.44456474485853686
0.44445340810535255
0.44434188375721734
0.44423017153251176
0.4441182711493117
0.44400618232538275
0.4438939047781776
0.4437814382248317
0.4436687823821587
0.44355593696664647
0.44344290169445255
0.44332967628139974
0.44321626044297147
0.44310265389430725
0.44298885635019786
0.4428748675250799
0.44276068713303207
0.44264631488776907
0.4425317505026358
0.4424169936906037
0.4423020441642641
0.4421869016358235
0.44207156581709667
0.44195603641950193
0.44184031315405514
0.44172439573136335
0.4416082838616185
0.4414919772545916
0.441375475619626
0.44125877866563123
0.441141886101076
0.4410247976339812
0.4409075129719134
0.44079003182197735
0.4406723538908093
0.44055447888456895
0.44043640650893295
0.4403181364690857
0.44019966846971287
0.44008100221499347
0.43996213740858997
0.43984307375364257
0.4397238109527583
0.4396043487080045
0.439484686720899
0.4393648246924009
0.4392447623229018
0.43912449931221675
0.4390040353595747
0.4388833701636086
0.4387625034223457
0.43864143483319695
0.4385201640929485
0.4383986908977493
0.43827701494310134
0.43815513592384925
0.43803305353416866
0.437910767467555
0.43778827741681314
0.43766558307404374
0.43754268413063313
0.437419580277241
0.43729627120378717
0.43717275659944044
0.4370490361526041
0.43692510955090463
0.43680097648117766
0.436676636629454
0.4365520896809475
0.43642733532003924
0.4363023732302642
0.43617720309429736
0.4360518245939375
0.4359262374100934
0.43580044122276784
0.4356744357110426
0.435548220553062
0.4354217954260171
0.43529516000612933
0.4351683139686334
0.43504125698776014
0.43491398873672027
0.43478650888768516
0.4346588171117701
0.43453091307901504
0.4344027964583669
0.43427446691765936
0.43414592412359565
0.4340171677417255
0.4338881974364289
0.4337590128708928
0.43362961370709224
0.43349999960576796
0.43337017022640556
0.4332401252272135
0.43310986426510123
0.43297938699565514
0.4328486930731172
0.43271778215036055
0.4325866538788654
0.43245530790869563
0.4323237438884725
0.4321919614653511
0.4320599602849934
0.43192773999154266
0.43179530022759705
0.43166264063418186
0.4315297608507229
0.43139666051501757
0.4312633392632068
0.4311297967297455
0.4309960325473734
0.43086204634708536
0.4307278377580998
0.43059340640782817
0.4304587519218419
0.4303238739238428
0.4301887720356272
0.43005344587705396
0.4299178950660108
0.4297821192183781
0.4296461179479946
0.4295098908666218
0.4293734375839062
0.42923675770734293
0.4290998508422376
0.42896271659166785
0.4288253545564436
0.4286877643350674
0.4285499455236937
0.42841189771608723
0.4282736205035812
0.42813511347503397
0.4279963762167855
0.4278574083126123
0.4277182093436841
0.42757877888851403
0.4274391165229155
0.4272992218199526
0.4271590943498912
0.42701873368014964
0.4268781393752495
0.42673731099676204
0.42659624810325814
0.42645495025025315
0.42631341699015424
0.4261716478722046
0.4260296424424272
0.4258874002435671
0.4257449208150352
0.42560220369284607
0.4254592484095599
0.4253160544942205
0.42517262147229185
0.4250289488655953
0.42488503619224455
0.4247408829665791
0.4245964886990975
0.42445185289638876
0.42430697506106246
0.4241618546916778
0.42401649128267094
0.42387088432428194
0.4237250333024797
0.4235789376988848
0.42343259699069224
0.4232860106505933
0.42313917814669194
0.42299209894242595
0.4228447724964805
0.422697198262706
0.4225493756900276
0.42240130422235944
0.4222529832985139
0.4221044123521094
0.4219555908114776
0.4218065180995679
0.4216571936338503
0.4215076168262172
0.42135778708288263
0.4212077038042792
0.4210573663849552
0.42090677421346634
0.42075592667226924
0.42060482313760955
0.42045346297941105
0.4203018455611597
0.4201499702397883
0.41999783636555665
0.41984544328193124
0.41969279032546125
0.41953987682565275
0.41938670210484164
0.41923326547806206
0.4190795662529144
0.4189256037294294
0.4187713771999292
0.4186168859488888
0.41846212925279097
0.4183071063799811
0.41815181659051787
0.41799625913602206
0.417840433259522
0.4176843381952959
0.4175279731687115
0.41737133739606247
0.41721443008440184
0.4170572504313724
0.4168997976250335
0.41674207084368414
0.4165840692556836
0.41642579201926866
0.41626723828236606
0.4161084071824028
0.4159492978461117
0.415789909389334
0.41563024091681766
0.41547029152201176
0.4153100602868579
0.41514954628157563
0.4149887485644459
0.41482766618158873
0.4146662981667377
0.41450464354100897
0.41434270131266665
0.41418047047688344
0.4140179500154965
0.41385513889675873
0.41369203607508553
0.413528640490795
0.41336495106984594
0.41320096672356776
0.4130366863483874
0.4128721088255506
0.41270723302083534
0.4125420577842632
0.41237658194980314
0.41221080433506974
0.41204472374101575
0.41187833895161774
0.41171164873355826
0.4115446518358977
0.4113773469897443
0.41120973290791374
0.4110418082845839
0.41087357179494466
0.41070502209483617
0.41053615782038544
0.41036697758763113
0.41019747999214473
0.41002766360864196
0.4098575269905879
0.4096870686697929
0.4095162871560035
0.40934518093648087
0.40917374847557664
0.4090019882142947
0.408829898569849
0.40865747793521107
0.40848472467864705
0.408311637143249
0.40813821364645464
0.4079644524795587
0.40779035190721463
0.407615910166927
0.4074411254685325
0.4072659959936739
0.407090519895261
0.4069146952969219
0.4067385202924455
0.4065619929452098
0.4063851112876027
0.40620787332042985
0.40603027701231065
0.40585232029906493
0.40567400108308505
0.4054953172326977
0.4053162665815142
0.40513684692776647
0.40495705603363186
0.40477689162454455
0.4045963513884946
0.40441543297531296
0.4042341339959432
0.4040524520217005
0.40387038458351554
0.4036879291711646
0.4035050832324866
0.40332184417258365
0.4031382093530077
0.4029541760909333
0.40276974165831286
0.4025849032810189
0.4023996581379689
0.4022140033602348
0.4020279360301373
0.4018414531803223
0.40165455179282267
0.4014672287981005
0.4012794810740758
0.40109130544513605
0.4009026986811278
0.40071365749633325
0.4005241785484257
0.40033425843741016
0.40014389370454356
0.39995308083123826
0.39976181623794554
0.3995700962830214
0.39937791726157357
0.3991852754042884
0.3989921668762403
0.39879858777567984
0.3986045341328046
0.39841000190850845
0.3982149869931123
0.39801948520507474
0.39782349228968256
0.3976270039177229
0.39743001568413205
0.39723252310662827
0.39703452162432135
0.396836006596304
0.3966369733002218
0.396437416930825
0.3962373325984981
0.39603671532777074
0.39583556005580933
0.3956338616308885
0.3954316148108412
0.3952288142614936
0.3950254545550774
0.39482153016862387
0.3946170354823402
0.3944119647779679
0.3942063122371213
0.39400007193961045
0.3937932378617467
0.3935858038746303
0.39337776374242334
0.39316911112060676
0.392959839554222
0.3927499424760988
0.3925394132050697
0.3923282449441709
0.39211643077883307
0.3919039636750583
0.39169083647759007
0.3914770419080722
0.3912625725632012
0.39104742091287054
0.3908315792983099
0.3906150399302227
0.3903977948869169
0.3901798361124371
0.38996115541469756
0.3897417444636151
0.389521594789248
0.3893006977799394
0.3890790446804694
0.38885662659021575
0.38863343446132764
0.3884094590969137
0.38818469114924603
0.3879591211179843
0.387732739348422
0.38750553602975596
0.38727750119338555
0.3870486247112415
0.3868188962941484
0.38658830549022566
0.3863568416833276
0.38612449409152966
0.3858912517656608
0.38565710358789007
0.38542203827036736
0.38518604435392584
0.3849491102068481
0.3847112240237026
0.38447237382425337
0.3842325474524484
0.38399173257549307
0.38374991668301156
0.3835070870863021
0.38326323091769526
0.38301833513001327
0.38277238649614564
0.38252537160873895
0.382277276880012
0.38202808854170056
0.38177779264513934
0.3815263750614859
0.3812738214820957
0.3810201174190558
0.3807652482058777
0.3805091989983669
0.3802519547756679
0.3799935003414968
0.3797338203255666
0.3794728991852138
0.3792107212072353
0.3789472705099405
0.3786825310454288
0.37841648660210014
0.3781491208074048
0.3778804171308435
0.37761035888722216
0.3773389292401706
0.37706611120593647
0.3767918876574552
0.3765162413287086
0.3762391548193819
0.37596061059981783
0.3756805910162847
0.37539907829655944
0.375116054555835
0.37483150180295705
0.374545401946999
0.3742577368041762
0.3739684881051115
0.37367763750245175
0.3733851665788422
0.3730910568552645
0.3727952897997377
0.37249784683639103
0.3721987093549066
0.3718978587203354
0.37159527628328864
0.3712909433905043
0.37098484139578847
0.3706769516713301
0.37036725561939027
0.37005573468435615
0.3697423703651673
0.36942714422809586
0.3691100379198884
0.3687910331812532
0.3684701118606883
0.36814725592864433
0.36782244749200677
0.36749566880889173
0.36716690230373816
0.3668361305826874
0.3665033364492316
0.36616850292011727
0.3658316132414864
0.3654926509052348
0.36515159966557026
0.3648084435557499
0.3644631669049688
0.3641157543553853
0.3637661908792502
0.3634144617961181
0.36306055279011357
0.36270444992722106
0.3623461396725731
0.36198560890770326
0.3616228449477344
0.3612578355584685
0.36089056897334604
0.36052103391024026
0.360149219588052
0.3597751157430697
0.35939871264505957
0.35902000111304755
0.3586389725307598
0.3582556188616819
0.3578699326637025
0.3574819071033029
0.357091535969257
0.35669881368580386
0.356303735325261
0.35590629662003614
0.35550649397400996
0.3551043244732517
0.35469978589603623
0.3542928767221297
0.35388359614131537
0.35347194406112736
0.35305792111376855
0.35264152866218157
0.3522227688052537
0.35180164438213
0.351378158975614
0.35095231691463946
0.3505241232757971
0.35009358388389705
0.3496607053115653
0.3492254948778545
0.34878796064586826
0.3483481114193968
0.3479059567385534
0.34746150687442406
0.347014772822725
0.3465657662964792
0.3461144997177209
0.34566098620823527
0.3452052395793548
0.3447472743208224
0.3442871055887442
0.3438247491926546
0.34336022158171453
0.3428935398300721
0.3424247216214147
0.34195378523274195
0.3414807495173927
0.34100563388736177
0.3405284582949434
0.34004924321373725
0.33956800961906086
0.3390847789678044
0.33859957317777534
0.3381124146065722
0.33762332603003464
0.3371323306203123
0.3366394519235994
0.3361447138375816
0.3356481405886401
0.3351497567088572
0.33464958701287606
0.33414765657465195
0.333643990704148
0.33313861492401503
0.3326315549463036
0.3321228366492485
0.3316124860541716
0.3311005293025424
0.3305869926332358
0.33007190236002965
0.3295552848493743
0.32903716649847786
0.32851757371373386
0.3279965328895288
0.3274740703874621
0.3269502125160022
0.3264249855106151
0.3258984155143817
0.32537052855913673
0.3248413505471457
0.32431090723334244
0.32377922420814614
0.3232463268808724
0.3227122404637547
0.3221769899565896
0.3216406001320135
0.3211030955214234
0.32056450040154844
0.320024838781675
0.31948413439153345
0.3189424106698463
0.31839969075353797
0.31785599746760884
0.3173113533156663
0.316765780471113
0.31621930076898763
0.31567193569844715
0.31512370639589027
0.3145746336387072
0.3140247378396494
0.31347403904180904
0.31292255691419524
0.31237031074789523
0.31181731945280855
0.3112636015549386
0.31070917519423014
0.31015405812293345
0.309598267704486
0.30904182091288895
0.3084847343325684
0.30792702415870127
0.30736870619798984
0.3068097958698705
0.30625030820813515
0.3056902578629537
0.30512965910327655
0.3045685258196002
0.3040068715270831
0.3034447093689884
0.3028820521204432
0.302318912192493
0.30175530163643816
0.3011912321484326
0.3006267150743341
0.3000617614147856
0.2994963818305131
0.2989305866478298
0.29836438586432396
0.29779778915472327
0.29723080587691775
0.2966634450781294
0.2960957155012141
0.2955276255910842
0.29495918350123884
0.2943903971003901
0.2938212739791745
0.2932518214569356
0.2926820465885718
0.2921119561714335
0.29154155675226556
0.2909708546341806
0.29039985588365674
0.2898285663375505
0.28925699161011736
0.28868513710002963
0.2881130079973877
0.28754060929071373
0.2869679457739251
0.28639502205327766
0.2858218425542747
0.2852484115285347
0.2846747330606143
0.28410081107477986
0.28352664934172256
0.28295225148521486
0.2823776209887007
0.28180276120181985
0.28122767534685866
0.28065236652512626
0.2800768377232533
0.2795010918194081
0.27892513158943083
0.2783489597128801
0.27777257877899325
0.27719599129255446
0.276619199679672
0.2760422062934612
0.2754650134196337
0.2748876232819888
0.2743100380478084
0.27373225983315314
0.2731542907080614
0.2725761327016436
0.2719977878070825
0.2714192579865274
0.27084054517589085
0.27026165128954177
0.26968257822489816
0.2691033278669182
0.2685239020924905
0.2679443027747219
0.2673645317871255
0.2667845910077074
0.26620448232295324
0.2656242076317154
0.2650437688489995
0.2644631679096529
0.2638824067719553
0.26330148742111065
0.26272041187264294
0.2621391821756951
0.2615578004162321
0.260976268720151
0.26039458925629355
0.25981276423937066
0.2592307959327883
0.2586486866513878
0.2580664387640913
0.2574840546964604
0.2569015369331635
0.25631888802035774
0.2557361105679811
0.2551532072519619
0.25457018081634014
0.2539870340753061
0.2534037699151563
0.252820391296166
0.25223690125438075
0.2516533029033289
0.2510695994356526
0.2504857941246623
0.24990189032581236
0.24931789147810207
0.24873380110539867
0.24814962281768843
0.24756536031225135
0.24698101737476608
0.24639659788034074
0.2458121057944745
0.24522754517394804
0.2446429201676469
0.24405823501731422
0.24347349405823954
0.2428887017198776
0.2423038625264069
0.24171898109721882
0.24113406214734673
0.24054911048783095
0.23996413102602304
0.23937912876582867
0.23879410880789087
0.23820907634971403
0.2376240366857312
0.237038995207311
0.23645395740271297
0.23586892885698243
0.23528391525179465
0.23469892236524276
0.2341139560715743
0.2335290223408751
0.2329441272387024
0.2323592769256673
0.23177447765696785
0.23118973578187363
0.23060505774316353
0.23002045007651417
0.22943591940984598
0.22885147246262003
0.22826711604509464
0.22768285705753485
0.22709870248938177
0.2265146594183794
0.22593073500966027
0.2253469365147912
0.22476327127077989
0.22417974669904378
0.22359637030434015
0.22301314967365973
0.22243009247508685
0.22184720645662032
0.22126449944496493
0.22068197934428593
0.22009965413493326
0.21951753187213324
0.21893562068465122
0.2183539287734209
0.21777246441014902
0.21719123593588874
0.21661025175958665
0.21602952035660525
0.21544905026721548
0.21486885009507012
0.2142889285056484
0.21370929422468127
0.21312995603655172
0.21255092278267634
0.2119722033598646
0.21139380671865945
0.21081574186165897
0.21023801784182047
0.20966064376074733
0.20908362876695918
0.2085069820541477
0.2079307128594184
0.2073548304615162
0.2067793441790409
0.20620426336865044
0.2056295974232518
0.20505535577018175
0.20448154786937928
0.20390818321154902
0.2033352713163159
0.20276282173037433
0.20219084402562934
0.2016193477973351
0.20104834266222538
0.20047783825664395
0.1999078442346686
0.1993383702662354
0.19876942603526065
0.19820102123776195
0.19763316557997979
0.19706586877650015
0.19649914054837836
0.1959329906212656
0.19536742872353838
0.19480246458443184
0.1942381079321785
0.19367436849215042
0.19311125598500956
0.19254878012486237
0.1919869506174251
0.19142577715819334
0.19086526943062324
0.19030543710432057
0.1897462898332402
0.18918783725389685
0.18863008898358538
0.18807305461861545
0.18751674373255606
0.18696116587449524
0.18640633056731265
0.1858522473059659
0.18529892555579258
0.18474637475082667
0.1841946042921318
0.18364362354614983
0.18309344184306778
0.18254406847520022
0.18199551269539116
0.1814477837154334
0.18090089070450724
0.18035484278763722
0.17980964904417063
0.17926531850627409
0.178721860157451
0.17817928293108115
0.17763759570897994
0.17709680731997943
0.1765569265385335
0.17601796208334108
0.1754799226159965
0.17494281673965986
0.17440665299775068
0.1738714398726676
0.17333718578452745
0.17280389908993324
0.1722715880807625
0.17174026098298154
0.17120992595548482
0.17068059108895864
0.17015226440476916
0.16962495385387702
0.1690986673157767
0.16857341259746078
0.16804919743241067
0.16752602947961276
0.1670039163226003
0.16648286546852098
0.16596288434723194
0.16544398031041857
0.16492616063074106
0.16440943250100667
0.1638938030333688
0.1633792792585505
0.16286586812509563
0.16235357649864704
0.1618424111612483
0.16133237881067392
0.16082348605978442
0.16031573943590807
0.15980914538024865
0.15930371024731763
0.15879944030439472
0.15829634173101226
0.15779442061846516
0.15729368296934737
0.1567941346971135
0.156295781625665
0.15579862948896078
0.15530268393065647
0.15480795050376214
0.15431443467033124
0.15382214180116863
0.15333107717556632
0.15284124598106186
0.15235265331321973
0.151865304175438
0.15137920347877748
0.15089435604181334
0.15041076659051164
0.1499284397581258
0.14944738008511826
0.14896759201910204
0.14848907991480598
0.14801184803405992
0.14753590054580293
0.14706124152611147
0.1465878749582484
0.14611580473273417
0.14564503464743528
0.14517556840767523
0.14470740962636464
0.14424056182414968
0.14377502842958031
0.14331081277929741
0.14284791811823835
0.1423863475998595
0.14192610428637895
0.1414671911490335
0.14100961106835577
0.140553366834467
0.14009846114738572
0.1396448966173531
0.1391926757651749
0.13874180102257863
0.13829227473258354
0.13784409914989024
0.13739727644128064
0.1369518086860336
0.13650769787635553
0.13606494591782223
0.13562355462983605
0.13518352574609518
0.1347448609150749
0.13430756170052213
0.1338716295819608
0.13343706595521013
0.13300387213291237
0.1325720493450735
0.13214159873961234
0.13171252138292222
0.13128481826044042
0.13085849027722907
0.13043353825856385
0.13000996295053302
0.1295877650206436
0.129166945058438
0.12874750357611645
0.12832944100916893
0.12791275771701333
0.12749745398364143
0.12708353001827205
0.12667098595600979
0.12625982185851053
0.1258500377146535
0.12544163344121714
0.125034608883563
0.12462896381632275
0.12422469794409081
0.12382181090212135
0.12342030225702978
0.12302017150749799
0.12262141808498385
0.12222404135443336
0.12182804061499702
0.12143341510074865
0.12104016398140711
0.12064828636306027
0.12025778128889207
0.11986864773990993
0.11948088463567627
0.11909449083503958
0.11870946513686771
0.11832580628078285
0.11794351294789554
0.11756258376154198
0.11718301728801926
0.11680481203732275
0.11642796646388263
0.11605247896730048
0.11567834789308593
0.11530557153339185
0.11493414812775
0.11456407586380542
0.11419535287804872
0.11382797725654928
0.11346194703568484
0.1130972602028715
0.11273391469729024
0.11237190841061212
0.11201123918772316
0.11165190482744405
0.11129390308324981
0.1109372316639862
0.11058188823458327
0.11022787041676675
0.10987517578976615
0.10952380189101987
0.10917374621687806
0.10882500622330012
0.10847757932655164
0.10813146290389529
0.10778665429428025
0.10744315079902654
0.10710094968250561
0.10676004817281814
0.106420443462467
0.10608213270902625
0.10574511303580572
0.10540938153251213
0.10507493525590504
0.10474177123044953
0.10440988644896229
0.10407927787325612
0.10374994243477655
0.10342187703523663
0.10309507854724533
0.10276954381493145
0.1024452696545626
0.10212225285515995
0.10180049017910661
0.1014799783627528
0.10116071411701413
0.10084269412796595
0.10052591505743179
0.10021037354356768
0.09989606620143981
0.09958298962359832
0.09927114038064408
0.09896051502179226
0.09865111007542852
0.0983429220496615
0.09803594743286856
0.09773018269423682
0.09742562428429845
0.09712226863546092
0.09682011216253122
0.096519151263235
0.09621938231872999
0.0959208016941139
0.09562340573892672
0.09532719078764813
0.09503215316018886
0.09473828916237576
0.09444559508643303
0.09415406721145708
0.09386370180388492
0.09357449511795893
0.09328644339618479
0.0929995428697841
0.09271378975914184
0.09242918027424826
0.09214571061513518
0.09186337697230643
0.09158217552716422
0.09130210245242829
0.0910231539125512
0.09074532606412676
0.09046861505629503
0.09019301703113967
0.08991852812408165
0.08964514446426777
0.08937286217495154
0.08910167737387259
0.08883158617362732
0.08856258468203643
0.08829466900250628
0.08802783523438606
0.08776207947331889
0.08749739781158776
0.08723378633845766
0.08697124114051169
0.0867097583019817
0.08644933390507534
0.086189964030297
0.08593164475676471
0.08567437216252115
0.08541814232484128
0.08516295132053321
0.08490879522623669
0.08465567011871468
0.08440357207514156
0.08415249717338638
0.08390244149229087
0.08365340111194412
0.0834053721139516
0.08315835058170025
0.0829123326006188
0.08266731425843372
0.08242329164542148
0.08218026085465507
0.08193821798224746
0.08169715912759037
0.08145708039358865
0.08121797788689046
0.08097984771811365
0.08074268600206794
0.08050648885797265
0.0802712524096706
0.08003697278583866
0.07980364612019293
0.07957126855169197
0.07933983622473387
0.07910934528935151
0.07887979190140315
0.07865117222275908
0.07842348242148478
0.07819671867202097
0.07797087715535894
0.07774595405921325
0.07752194557819084
0.07729884791395539
0.07707665727539008
0.07685536987875585
0.07663498194784601
0.0764154897141383
0.07619688941694369
0.07597917730355006
0.07576234962936654
0.07554640265805986
0.07533133266169122
0.0751171359208485
0.07490380872477619
0.07469134737150054
0.07447974816795451
0.07426900743009716
0.07405912148303131
0.07385008666111902
0.0736418993080926
0.07343455577716383
0.07322805243113042
0.07302238564247958
0.07281755179348878
0.07261354727632396
0.07241036849313508
0.0722080118561493
0.07200647378776144
0.0718057507206217
0.07160583909772147
0.07140673537247631
0.07120843600880633
0.07101093748121483
0.07081423627486419
0.07061832888564885
0.07042321182026798
0.0702288815962934
0.07003533474223698
0.06984256779761562
0.06965057731301355
0.06945935985014291
0.06926891198190224
0.069079230292433
0.06889031137717355
0.06870215184291215
0.06851474830783702
0.06832809740158495
0.06814219576528797
0.06795704005161834
0.06777262692483103
0.06758895306080548
0.06740601514708437
0.06722380988291213
0.06704233397926962
0.0668615841589096
0.06668155715638889
0.06650224971809879
0.06632365860229525
0.06614578057912607
0.06596861243065766
0.06579215095089883
0.06561639294582514
0.06544133523339973
0.06526697464359399
0.06509330801840621
0.06492033221187934
0.06474804409011657
0.06457644053129669
0.06440551842568695
0.0642352746756556
0.06406570619568205
0.063896809912367
0.06372858276444118
0.06356102170277107
0.0633941236903661
0.06322788570238318
0.06306230472612964
0.06289737776106659
0.06273310181880982
0.06256947392313017
0.06240649110995289
0.062244150427355774
0.062082448935566345
0.061921383706958155
0.06176095182604581
0.06160115038947938
0.06144197650603741
0.06128342729661986
0.06112549989423903
0.06096819144401033
0.0608114991031421
0.0606554200409242
0.06049995143871652
0.06034509048993557
0.060190834400041485
0.06003718038652317
0.059884125678883626
0.05973166751862368
0.05957980315922535
0.05942852986613495
0.05927784491674464
0.05912774560037369
0.05897822921824949
0.05882929308348703
0.058680934521068366
0.05853315086782143
0.058385939472397855
0.05823929769525096
0.058093222908611644
0.05794771249646567
0.05780276385452902
0.05765837439022306
0.05751454152264916
0.057371262682563304
0.057228535312349144
0.057086356865991325
0.056944724809048594
0.0568036366186255
0.0566630897833442
0.0565230818033161
0.05638361019011248
0.05624467246673495
0.0561062661675856
0.055968388838436516
0.055831038036399085
0.05569421132989307
0.05555790629861468
0.0554221205335052
0.05528685163671836
0.05515209722158835
0.05501785491259629
0.05488412234533771
0.054750897166488476
0.05461817703377153
0.05448595961592242
0.0543542425926553
0.05422302365462785
0.05409230050340676
0.05396207085143267
0.05383233242198452
0.053703082949143964
0.053574320177759455
0.05344604186341065
0.05331824577237146
0.05319092968157406
0.05306409137857188
0.052937728661503036
0.05281183933905291
0.05268642123041724
0.052561472165264675
0.052436989983698924
0.0523129725362215
0.05218941768369317
0.05206632329729691
0.051943687258498836
0.051821507459010555
0.051699781800750494
0.051578508195805325
0.05145768456639167
0.05133730884481695
0.0512173789734411
0.05109789290463719
0.05097884860075252
0.0508602440340698
0.05074207718676765
0.05062434605088169
0.050507048628265
0.05039018293054894
0.050273746979103556
0.05015773880499834
0.0500421564489626
0.049926997961346045
