2.0916874659420723
2.185927014309362
2.1908649062961887
2.180994359307458
2.1739621835836633
2.168588930478043
2.1638822082784017
2.159470907471401
2.1552300504403212
2.151117473997957
2.1471188014288876
2.143229642383365
2.139449600870241
2.1357800453833624
2.132223154189502
2.128781443537172
2.125457504994072
2.122253844810692
2.119172777461124
2.1162163496658057
2.113386282451489
2.110683924564923
2.1081102136596734
2.1056656433773093
2.1033502353747164
2.101163515847896
2.0991044963581516
2.0971716588853515
2.095362945074928
2.093675749644146
2.0921069178879965
2.0906527471868217
2.08930899237295
2.088070874766301
2.0869330946419113
2.085889846847694
2.084934839249956
2.084061313648642
2.083262068774775
2.082529484959866
2.0818555500516585
2.0812318861426067
2.080649776676922
2.0801001935087675
2.0795738234976366
2.0790610942468004
2.078552198616096
2.07803711767073
2.0775056417622406
2.0769473894757566
2.0763518242183596
2.0757082682660615
2.075005914131246
2.0742338331577286
2.0733809812967907
2.0724362020642837
2.0713882267262997
2.0702256718090797
2.0689370340780044
2.067510683181299
2.0659348522069325
2.0641976264569113
2.0622869308025744
2.060190516048475
2.057895944801898
2.055390577420883
2.0526615586965504
2.0496958060159787
2.0464799998499563
2.0430005775151514
2.0392437312710707
2.0351954119263365
2.030841339242086
2.026167020527092
2.0211577789113013
2.0157987928512173
2.0100751484482973
2.003971906133393
1.9974741831664
1.9905672531982246
1.9832366638179577
1.9754683725380509
1.9672489010337848
1.958565506636623
1.949406369082166
1.9397607893477462
1.9296193961209518
1.9189743540858355
1.9078195668978932
1.896150866573513
1.8839661802028258
1.871265664579697
1.8580517996968287
1.8443294332145332
1.8301057700534424
1.8153903041675241
1.8001946931920902
1.7845325807755097
1.7684193756223403
1.751872000148147
1.7349086246948047
1.7175484050445418
1.6998112411804924
1.6817175737240597
1.6632882312978396
1.6445443374927367
1.625507280615704
1.6061987435367813
1.586640785358536
1.5668559618741704
1.5468674683256414
1.5266992861189568
1.5063763150098721
1.4859244737624604
1.4653707551672401
1.4447432252271746
1.4240709608531945
1.4033839251133502
1.3827127835391462
1.3620886688641516
1.3415429046012615
1.3211066999078245
1.3008108291980642
1.280685309988497
1.2607590916278149
1.2410597660429388
1.2216133096302493
1.202443863142884
1.1835735540649717
1.1650223636873451
1.1468080390356035
1.1289460480398144
1.1114495749259696
1.094329551768831
1.0775947214620258
1.0612517270017403
1.0453052218991088
1.0297579966807178
1.0146111167523695
0.9998640673368826
0.9855149017062519
0.9715603894729209
0.9579961622529196
0.9448168545413974
0.9320162381317658
0.9195873488524197
0.9075226047840237
0.8958139154536489
0.8844527817806855
0.8734303867765284
0.8627376771799261
0.8523654363477924
0.8423043488226892
0.8325450570684885
0.823078210910118
0.8138945102365298
0.8049847415323733
0.7963398087970286
0.7879507593928983
0.7798088053408329
0.7719053405515619
0.7642319544498113
0.7567804424138853
0.7495428134190203
0.7425112952386382
0.7356783375244098
0.729036613054241
0.7225790174072213
0.7162986672964571
0.7101888977645956
0.7042432584228477
0.6984555088923116
0.6928196135864225
0.6873297359552417
0.6819802322959783
0.6767656452194759
0.6716806968492904
0.6667202818182506
0.6618794601169795
0.6571534498395823
0.6525376198634802
0.6480274824930857
0.6436186860905702
0.6393070077112454
0.63508834575606
0.6309587126491929
0.6269142275447865
0.6229511090633234
0.6190656680550065
0.6152543003847013
0.6115134797304874
0.6078397503856197
0.6042297200516609
0.6006800526087369
0.5971874608472284
0.5937486991437332
0.5903605560628701
0.587019846865345
0.5837234059018024
0.5804680788712393
0.5772507149223015
0.5740681585755868
0.5709172414452539
0.5677947737388174
0.5646975355151584
0.5616222676825322
0.5585656627209444
0.5555243551168123
0.5524949115025957
0.5494738205002607
0.5464574822754225
0.5434421978190429
0.5404241579861694
0.5373994323366948
0.5343639578421728
0.5313135275458006
0.528243779290399
0.525150184662307
0.5220280383380872
0.5188724480665042
0.5156783255708656
0.5124403787168464
0.5091531053584634
0.5058107893495235
0.5024074992888579
0.49893709065324293
0.4953932120595868
0.4917693164838746
0.4880586783434667
0.4842544174147528
0.48034953060167773
0.47633693258221166
0.47220950632828707
0.4679601644081476
0.4635819218266398
0.45906798092841256
0.45441182857371354
0.4496073453934073
0.4446489264416782
0.4395316120010058
0.4342512266705454
0.4288045242078634
0.4231893349206882
0.41740471174721006
0.41145107054747376
0.4053303195817299
0.39904597270436054
0.3926032404929438
0.3860090934149242
0.37927229128166684
0.3724033737388503
0.3654146074815182
0.3583198873255553
0.35113459022362364
0.34387538370862947
0.3365599929124544
0.32920693298867254
0.32183521616386807
0.31446404445705206
0.30711250010782243
0.2997992458168441
0.2925422460322671
0.28535851884118085
0.2782639257667398
0.2712730041979122
0.26439884456056306
0.2576530119101393
0.25104550956149707
0.24458478077407753
0.23827774341758223
0.23212985193617253
0.22614518075024395
0.22032652340335102
0.21467550218846396
0.20919268358540954
0.20387769553278412
0.1987293432792802
0.19374572126283837
0.18892431911750157
0.18426212048630208
0.17975569381354206
0.17540127469897193
0.17119483972298175
0.16713217190302274
0.16320891812614202
0.1594206390307279
0.15576285189222563
0.15223106711198872
0.14882081892391547
0.1455276909273237
0.1423473370326717
0.13927549837423353
0.1363080167046119
0.13344084474310466
0.1306700539057471
0.12799183980103065
0.12540252583304173
0.12289856521387235
0.12047654165011674
0.11813316893432177
0.1158652896415152
0.1136698731033326
0.11154401280767422
0.10948492335008926
0.10748993704397156
0.10555650027994602
0.10368216971029079
0.10186460832165538
0.10010158144848673
0.09839095277024949
0.09673068032755691
0.09511881258553792
0.09355348456698472
0.09203291407296241
0.09055539800444169
0.0891193087950722
0.08772309096234492
0.08636525778199153
0.08504438808851102
0.08375912320308347
0.08250816398882785
0.08129026803229088
0.08010424694921388
0.07894896381196077
0.07782333069547695
0.07672630633826233
0.07565689391457128
0.0746141389138481
0.07359712712329805
0.07260498270942858
0.07163686639438478
0.07069197372292711
0.06976953341596144
0.06886880580660716
0.06798908135489652
0.06712967923730395
0.0662899460074382
0.06546925432435552
0.06466700174509112
0.06388260957814787
0.06311552179481336
0.06236520399532582
0.0616311424270391
0.06091284305187437
0.060209830660477075
0.059521648030628684
0.058847855127579195
0.0581880283440927
0.05754175977810847
0.05690865654602943
0.05628834012975824
0.05568044575569718
0.05508462180402572
0.054500529246660295
0.05392784111238705
0.053366241977739426
0.052815427482271055
0.05227510386694916
0.05174498753446006
0.051224804630288764
0.05071429064349432
0.0502131900261617
0.04972125583056864
