0.505384439549573
0.5672285647842067
0.5562846515464793
0.5474804037286283
0.5407968123153535
0.5358375000357846
0.5322213911080962
0.529618733226899
0.5277628284125869
0.5264477413607969
0.52551949787855
0.5248655375006375
0.5244048600192428
0.524079813513556
0.5238496765570009
0.5236858376393925
0.523568266061942
0.5234829720500113
0.5234201997895558
0.5233731519887423
0.523337094473949
0.5233087299148669
0.5232857608965289
0.5232665856101146
0.523250086143401
0.5232354812910864
0.5232222242556904
0.5232099315522813
0.5231983335906908
0.5231872403126415
0.5231765172835704
0.5231660690453388
0.5231558275130748
0.5231457438776952
0.5231357829463559
0.5231259191796169
0.5231161339106214
0.5231064133887163
0.5230967473989522
0.5230871282845374
0.5230775502518422
0.5230680088740063
0.5230585007345481
0.5230490231700005
0.5230395740828552
0.5230301518046543
0.5230207549950245
0.523011382566622
0.523002033628871
0.5229927074454309
0.5229834034017595
0.522974120980171
0.5229648597404917
0.5229556193049402
0.5229463993462213
0.5229371995780834
0.5229280197477835
0.5229188596300398
0.5229097190221512
0.5229005977400434
0.5228914956150512
0.5228824124912916
0.5228733482235111
0.5228643026753207
0.5228552757177406
0.522846267228003
0.5228372770885612
0.5228283051862724
0.5228193514117196
0.5228104156586499
0.5228014978235088
0.522792597805054
0.5227837155040329
0.5227748508229175
0.5227660036656805
0.5227571739376109
0.5227483615451604
0.5227395663958146
0.5227307883979859
0.5227220274609246
0.5227132834946433
0.5227045564098556
0.5226958461179226
0.5226871525308103
0.5226784755610514
0.5226698151217155
0.522661171126382
0.5226525434891189
0.5226439321244638
0.5226353369474074
0.5226267578733804
0.522618194818242
0.5226096476982693
0.5226011164301494
0.5225926009309712
0.5225841011182182
0.5225756169097646
0.5225671482238679
0.5225586949791656
0.5225502570946705
0.5225418344897667
0.5225334270842062
0.5225250347981063
0.5225166575519453
0.522508295266561
0.5224999478631462
0.5224916152632485
0.5224832973887663
0.5224749941619462
0.5224667055053817
0.5224584313420106
0.522450171595113
0.5224419261883082
0.5224336950455546
0.5224254780911457
0.5224172752497095
0.522409086446206
0.5224009116059247
0.5223927506544843
0.5223846035178288
0.5223764701222277
0.5223683503942722
0.5223602442608748
0.5223521516492671
0.5223440724869975
0.5223360067019303
0.5223279542222429
0.522319914976425
0.5223118888932764
0.5223038759019052
0.522295875931726
0.5222878889124591
0.5222799147741273
0.5222719534470553
0.5222640048618681
0.5222560689494882
0.522248145641135
0.5222402348683232
0.5222323365628602
0.5222244506568456
0.5222165770826689
0.5222087157730075
0.5222008666608264
0.5221930296793753
0.522185204762188
0.5221773918430799
0.5221695908561468
0.5221618017357642
0.5221540244165843
0.5221462588335354
0.5221385049218201
0.5221307626169138
0.522123031854563
0.5221153125707845
0.5221076047018622
0.5220999081843485
0.5220922229550593
0.5220845489510756
0.52207688610974
0.5220692343686565
0.5220615936656882
0.522053963938956
0.522046345126838
0.522038737167967
0.5220311400012296
0.5220235535657641
0.522015977800961
0.5220084126464589
0.5220008580421456
0.5219933139281546
0.5219857802448656
0.521978256932902
0.5219707439331296
0.5219632411866555
0.5219557486348267
0.5219482662192294
0.5219407938816859
0.5219333315642554
0.5219258792092311
0.5219184367591397
0.5219110041567402
0.5219035813450217
0.5218961682672028
0.5218887648667307
0.5218813710872788
0.5218739868727468
0.5218666121672577
0.5218592469151586
0.5218518910610175
0.5218445445496236
0.5218372073259849
0.5218298793353282
0.5218225605230961
0.5218152508349477
0.5218079502167563
0.5218006586146084
0.5217933759748021
0.5217861022438475
0.5217788373684629
0.5217715812955754
0.5217643339723206
0.5217570953460388
0.5217498653642757
0.5217426439747811
0.521735431125507
0.5217282267646071
0.5217210308404355
0.5217138433015455
0.5217066640966883
0.5216994931748123
0.521692330485062
0.5216851759767758
0.5216780295994866
0.5216708913029194
0.5216637610369907
0.5216566387518077
0.5216495243976662
0.5216424179250506
0.5216353192846326
0.5216282284272694
0.5216211453040038
0.5216140698660621
0.5216070020648536
0.5215999418519696
0.5215928891791818
0.521585843998442
0.5215788062618807
0.5215717759218055
0.5215647529307018
0.5215577372412297
0.5215507288062242
0.5215437275786942
0.5215367335118206
0.5215297465589568
0.521522766673626
0.5215157938095216
0.5215088279205055
0.5215018689606071
0.5214949168840234
0.5214879716451154
0.5214810331984105
0.5214741014985994
0.5214671765005354
0.5214602581592341
0.5214533464298714
0.5214464412677844
0.521439542628468
0.5214326504675761
0.5214257647409197
0.5214188854044657
0.5214120124143368
0.5214051457268096
0.5213982852983151
0.5213914310854362
0.521384583044908
0.5213777411336158
0.5213709053085955
0.5213640755270319
0.5213572517462576
0.521350433923753
0.5213436220171446
0.5213368159842042
0.5213300157828485
0.5213232213711382
0.5213164327072762
0.5213096497496084
0.521302872456621
0.521296100786941
0.5212893346993348
0.5212825741527076
0.5212758191061022
0.5212690695186982
0.521262325349812
0.5212555865588944
0.5212488531055312
0.5212421249494417
0.5212354020504781
0.5212286843686248
0.5212219718639969
0.5212152644968402
0.5212085622275302
0.5212018650165706
0.5211951728245938
0.5211884856123591
0.5211818033407518
0.5211751259707835
0.5211684534635898
0.521161785780431
0.5211551228826904
0.5211484647318737
0.5211418112896081
0.5211351625176424
0.5211285183778447
0.5211218788322032
0.5211152438428244
0.5211086133719323
0.521101987381869
0.5210953658350918
0.5210887486941748
0.5210821359218056
0.5210755274807873
0.5210689233340355
0.5210623234445786
0.521055727775557
0.5210491362902223
0.5210425489519365
0.5210359657241717
0.521029386570508
0.5210228114546348
0.5210162403403485
0.5210096731915528
0.5210031099722569
0.5209965506465759
0.5209899951787296
0.5209834435330415
0.5209768956739387
0.5209703515659507
0.5209638111737092
0.5209572744619466
0.5209507413954965
0.520944211939292
0.5209376860583649
0.5209311637178464
0.5209246448829647
0.5209181295190456
0.520911617591511
0.5209051090658785
0.5208986039077613
0.5208921020828664
0.5208856035569948
0.5208791082960409
0.5208726162659907
0.5208661274329229
0.5208596417630066
0.5208531592225017
0.5208466797777577
0.5208402033952134
0.5208337300413959
0.5208272596829203
0.5208207922864887
0.5208143278188901
0.5208078662469989
0.5208014075377754
0.5207949516582637
0.5207884985755928
0.5207820482569745
0.5207756006697034
0.5207691557811563
0.5207627135587918
0.5207562739701486
0.520749836982846
0.5207434025645835
0.5207369706831384
0.5207305413063676
0.5207241144022049
0.5207176899386614
0.5207112678838253
0.5207048482058598
0.5206984308730042
0.5206920158535722
0.5206856031159515
0.5206791926286036
0.5206727843600627
0.5206663782789352
0.5206599743538995
0.5206535725537053
0.5206471728471718
0.5206407752031887
0.5206343795907161
0.5206279859787812
0.52062159433648
0.5206152046329766
0.5206088168375012
0.5206024309193509
0.5205960468478884
0.5205896645925423
0.5205832841228049
0.520576905408233
0.5205705284184471
0.5205641531231308
0.5205577794920292
0.5205514074949502
0.5205450371017623
0.5205386682823948
0.5205323010068375
0.520525935245139
0.5205195709674075
0.5205132081438094
0.5205068467445686
0.520500486739967
0.5204941281003425
0.5204877707960895
0.5204814147976585
0.5204750600755539
0.5204687066003355
0.5204623543426169
0.520456003273065
0.5204496533623997
0.5204433045813928
0.5204369569008682
0.5204306102917013
0.5204242647248174
0.5204179201711925
0.520411576601852
0.5204052339878704
0.5203988923003708
0.5203925515105237
0.5203862115895479
0.5203798725087084
0.5203735342393168
0.5203671967527304
0.5203608600203521
0.520354524013629
0.5203481887040531
0.5203418540631592
0.5203355200625263
0.5203291866737751
0.5203228538685689
0.5203165216186125
0.5203101898956516
0.5203038586714727
0.5202975279179017
0.5202911976068045
0.5202848677100862
0.5202785381996891
0.520272209047595
0.520265880225822
0.5202595517064252
0.5202532234614964
0.5202468954631629
0.5202405676835875
0.5202342400949678
0.5202279126695354
0.520221585379556
0.5202152581973282
0.5202089310951836
0.520202604045486
0.520196277020631
0.5201899499930448
0.520183622935185
0.520177295819539
0.520170968618624
0.5201646413049864
0.5201583138512007
0.5201519862298705
0.5201456584136261
0.5201393303751257
0.5201330020870535
0.5201266735221199
0.5201203446530616
0.5201140154526392
0.5201076858936389
0.5201013559488706
0.5200950255911677
0.5200886947933869
0.5200823635284075
0.5200760317691306
0.5200696994884791
0.5200633666593971
0.5200570332548491
0.5200506992478193
0.5200443646113122
0.5200380293183511
0.5200316933419775
0.5200253566552517
0.5200190192312512
0.5200126810430702
0.5200063420638199
0.5200000022666279
0.5199936616246368
0.5199873201110048
0.519980977698904
0.5199746343615212
0.5199682900720571
0.5199619448037245
0.5199555985297495
0.5199492512233703
0.5199429028578366
0.5199365534064093
0.5199302028423598
0.5199238511389698
0.5199174982695303
0.5199111442073421
0.5199047889257139
0.5198984323979634
0.5198920745974152
0.5198857154974014
0.5198793550712606
0.5198729932923383
0.5198666301339845
0.5198602655695554
0.5198538995724115
0.5198475321159175
0.5198411631734418
0.5198347927183564
0.5198284207240355
0.5198220471638556
0.5198156720111956
0.5198092952394348
0.5198029168219536
0.519796536732133
0.519790154943353
0.5197837714289937
0.5197773861624333
0.519770999117049
0.5197646102662151
0.5197582195833037
0.519751827041683
0.5197454326147184
0.5197390362757709
0.5197326379981962
0.5197262377553454
0.5197198355205638
0.5197134312671907
0.5197070249685581
0.5197006165979917
0.519694206128809
0.5196877935343194
0.5196813787878239
0.5196749618626142
0.5196685427319722
0.5196621213691698
0.5196556977474683
0.5196492718401178
0.5196428436203567
0.5196364130614117
0.5196299801364964
0.5196235448188111
0.519617107081543
0.5196106668978648
0.5196042242409346
0.5195977790838958
0.5195913313998753
0.5195848811619848
0.5195784283433189
0.5195719729169547
0.5195655148559521
0.519559054133353
0.5195525907221805
0.519546124595438
0.51953965572611
0.5195331840871605
0.5195267096515327
0.5195202323921487
0.519513752281909
0.519507269293692
0.5195007834003529
0.5194942945747241
0.5194878027896142
0.5194813080178073
0.5194748102320634
0.5194683094051166
0.5194618055096751
0.5194552985184218
0.5194487884040113
0.5194422751390724
0.5194357586962048
0.5194292390479807
0.519422716166943
0.5194161900256058
0.5194096605964522
0.5194031278519362
0.5193965917644795
0.5193900523064734
0.5193835094502771
0.5193769631682164
0.5193704134325852
0.5193638602156431
0.5193573034896161
0.519350743226695
0.5193441793990365
0.5193376119787605
0.5193310409379512
0.5193244662486564
0.5193178878828861
0.5193113058126131
0.5193047200097711
0.5192981304462561
0.5192915370939235
0.5192849399245896
0.5192783389100302
0.5192717340219798
0.5192651252321316
0.5192585125121368
0.519251895833604
0.5192452751680983
0.5192386504871417
0.5192320217622115
0.5192253889647409
0.5192187520661168
0.5192121110376811
0.5192054658507289
0.5191988164765086
0.519192162886221
0.5191855050510189
0.5191788429420063
0.5191721765302384
0.5191655057867203
0.5191588306824071
0.5191521511882031
0.5191454672749614
0.5191387789134829
0.519132086074516
0.5191253887287559
0.5191186868468449
0.5191119803993705
0.5191052693568654
0.5190985536898076
0.5190918333686185
0.5190851083636641
0.5190783786452517
0.5190716441836329
0.519064904949
0.5190581609114872
0.5190514120411684
0.5190446583080588
0.5190378996821123
0.5190311361332227
0.519024367631221
0.5190175941458767
0.5190108156468966
0.5190040321039239
0.5189972434865378
0.5189904497642531
0.5189836509065193
0.5189768468827203
0.518970037662174
0.5189632232141306
0.5189564035077735
0.5189495785122176
0.5189427481965093
0.5189359125296257
0.5189290714804735
0.5189222250178899
0.5189153731106397
0.5189085157274171
0.5189016528368435
0.5188947844074671
0.518887910407763
0.5188810308061318
0.5188741455708994
0.5188672546703164
0.518860358072557
0.5188534557457194
0.5188465476578239
0.5188396337768133
0.5188327140705515
0.5188257885068235
0.5188188570533346
0.5188119196777095
0.5188049763474919
0.5187980270301437
0.5187910716930446
0.5187841103034914
0.5187771428286971
0.5187701692357904
0.5187631894918157
0.518756203563731
0.5187492114184084
0.5187422130226335
0.518735208343104
0.5187281973464297
0.5187211799991313
0.5187141562676403
0.5187071261182976
0.5187000895173538
0.5186930464309683
0.5186859968252071
0.5186789406660446
0.5186718779193614
0.518664808550944
0.5186577325264833
0.5186506498115758
0.5186435603717214
0.5186364641723227
0.5186293611786847
0.5186222513560154
0.5186151346694223
0.5186080110839141
0.5186008805643987
0.5185937430756837
0.518586598582474
0.5185794470493732
0.5185722884408804
0.5185651227213921
0.5185579498551994
0.5185507698064887
0.5185435825393401
0.5185363880177267
0.5185291862055151
0.518521977066463
0.5185147605642193
0.5185075366623235
0.5185003053242045
0.5184930665131808
0.5184858201924584
0.5184785663251312
0.5184713048741794
0.5184640358024697
0.5184567590727538
0.5184494746476678
0.5184421824897315
0.5184348825613482
0.5184275748248028
0.5184202592422623
0.5184129357757736
0.5184056043872645
0.5183982650385414
0.5183909176912888
0.5183835623070698
0.5183761988473237
0.5183688272733659
0.5183614475463874
0.5183540596274534
0.5183466634775031
0.5183392590573486
0.5183318463276742
0.5183244252490351
0.5183169957818579
0.518309557886438
0.5183021115229405
0.5182946566513984
0.518287193231712
0.5182797212236481
0.518272240586839
0.5182647512807824
0.5182572532648397
0.5182497464982357
0.5182422309400574
0.5182347065492534
0.5182271732846331
0.518219631104866
0.5182120799684804
0.5182045198338626
0.5181969506592567
0.5181893724027631
0.5181817850223377
0.5181741884757916
0.5181665827207892
0.5181589677148486
0.5181513434153399
0.5181437097794839
0.5181360667643529
0.5181284143268678
0.5181207524237991
0.5181130810117638
0.5181054000472273
0.5180977094864997
0.5180900092857371
0.5180822994009395
0.51807457978795
0.5180668504024543
0.5180591111999794
0.5180513621358931
0.5180436031654029
0.5180358342435546
0.5180280553252322
0.5180202663651561
0.5180124673178833
0.5180046581378053
0.5179968387791474
0.5179890091959686
0.5179811693421599
0.5179733191714433
0.517965458637371
0.5179575876933245
0.5179497062925138
0.5179418143879759
0.517933911932575
0.5179259988789991
0.5179180751797623
0.5179101407872011
0.5179021956534746
0.5178942397305636
0.5178862729702687
0.5178782953242108
0.5178703067438286
0.5178623071803784
0.5178542965849329
0.5178462749083799
0.517838242101422
0.5178301981145749
0.5178221428981664
0.5178140764023358
0.5178059985770327
0.5177979093720153
0.5177898087368504
0.5177816966209119
0.5177735729733797
0.5177654377432377
0.517757290879275
0.5177491323300828
0.517740962044054
0.5177327799693818
0.5177245860540601
0.51771638024588
0.5177081624924302
0.5176999327410963
0.5176916909390584
0.5176834370332909
0.5176751709705607
0.517666892697427
0.5176586021602396
0.5176502993051375
0.5176419840780483
0.5176336564246867
0.517625316290554
0.5176169636209358
0.5176085983609019
0.5176002204553044
0.5175918298487774
0.5175834264857349
0.5175750103103699
0.5175665812666538
0.5175581392983344
0.517549684348935
0.517541216361754
0.517532735279862
0.517524241046102
0.5175157336030876
0.5175072128932022
0.5174986788585973
0.5174901314411917
0.5174815705826695
0.5174729962244798
0.517464408307835
0.5174558067737098
0.5174471915628391
0.5174385626157182
0.5174299198726001
0.5174212632734949
0.5174125927581688
0.5174039082661422
0.5173952097366887
0.5173864971088341
0.517377770321354
0.5173690293127742
0.5173602740213677
0.5173515043851548
0.5173427203419003
0.5173339218291138
0.5173251087840471
0.5173162811436934
0.5173074388447856
0.5172985818237956
0.5172897100169322
0.5172808233601404
0.5172719217890991
0.5172630052392208
0.5172540736456495
0.5172451269432596
0.5172361650666544
0.5172271879501645
0.5172181955278471
0.5172091877334837
0.5172001645005788
0.517191125762359
0.5171820714517716
0.5171730015014825
0.5171639158438748
0.517154814411048
0.5171456971348163
0.5171365639467065
0.5171274147779574
0.5171182495595179
0.5171090682220448
0.5170998706959034
0.5170906569111633
0.517081426797599
0.5170721802846873
0.5170629173016059
0.5170536377772326
0.5170443416401425
0.5170350288186073
0.5170256992405942
0.5170163528337629
0.5170069895254653
0.5169976092427435
0.5169882119123277
0.5169787974606357
0.5169693658137704
0.5169599168975185
0.5169504506373492
0.5169409669584117
0.5169314657855345
0.5169219470432233
0.5169124106556595
0.5169028565466985
0.5168932846398681
0.5168836948583664
0.5168740871250612
0.516864461362487
0.5168548174928441
0.5168451554379971
0.5168354751194721
0.5168257764584567
0.5168160593757963
0.5168063237919941
0.516796569627208
0.5167867968012505
0.5167770052335847
0.5167671948433249
0.5167573655492328
0.5167475172697172
0.5167376499228314
0.516727763426272
0.5167178576973762
0.5167079326531211
0.5166979882101206
0.5166880242846255
0.516678040792519
0.5166680376493177
0.5166580147701674
0.5166479720698425
0.5166379094627442
0.5166278268628977
0.5166177241839511
0.5166076013391738
0.5165974582414533
0.5165872948032941
0.5165771109368166
0.5165669065537536
0.516556681565449
0.5165464358828564
0.5165361694165364
0.5165258820766548
0.5165155737729813
0.5165052444148862
0.5164948939113397
0.5164845221709092
0.5164741291017574
0.5164637146116404
0.5164532786079055
0.5164428209974892
0.5164323416869155
0.5164218405822935
0.516411317589315
0.5164007726132531
0.51639020555896
0.5163796163308647
0.5163690048329703
0.5163583709688535
0.5163477146416604
0.5163370357541065
0.5163263342084727
0.5163156099066046
0.5163048627499092
0.5162940926393532
0.5162832994754614
0.5162724831583133
0.5162616435875419
0.5162507806623311
0.516239894281413
0.5162289843430674
0.5162180507451168
0.516207093384927
0.5161961121594024
0.5161851069649858
0.5161740776976543
0.5161630242529187
0.5161519465258193
0.5161408444109259
0.5161297178023332
0.51611856659366
0.516107390678046
0.51609618994815
0.5160849642961474
0.5160737136137274
0.516062437792091
0.5160511367219491
0.5160398102935186
0.5160284583965216
0.516017080920182
0.5160056777532234
0.5159942487838662
0.5159827938998263
0.5159713129883112
0.5159598059360184
0.5159482726291326
0.5159367129533231
0.5159251267937418
0.5159135140350197
0.5159018745612655
0.5158902082560621
0.5158785150024648
0.515866794682998
0.5158550471796532
0.5158432723738862
0.5158314701466139
0.5158196403782129
0.515807782948516
0.5157958977368098
0.5157839846218317
0.5157720434817679
0.5157600741942496
0.5157480766363525
0.5157360506845913
0.5157239962149189
0.5157119131027227
0.5156998012228233
0.5156876604494696
0.5156754906563374
0.5156632917165269
0.5156510635025591
0.515638805886373
0.5156265187393234
0.5156142019321781
0.5156018553351137
0.515589478817715
0.5155770722489701
0.5155646354972689
0.5155521684303992
0.5155396709155446
0.515527142819281
0.5155145840075741
0.5155019943457767
0.5154893736986248
0.5154767219302354
0.5154640389041034
0.5154513244830985
0.5154385785294626
0.5154258009048063
0.5154129914701056
0.5154001500856997
0.5153872766112877
0.5153743709059254
0.515361432828022
0.5153484622353374
0.515335458984979
0.5153224229333985
0.5153093539363891
0.5152962518490816
0.5152831165259424
0.5152699478207691
0.5152567455866883
0.5152435096761523
0.515230239940935
0.5152169362321296
0.5152035984001456
0.5151902262947046
0.5151768197648375
0.5151633786588816
0.5151499028244768
0.5151363921085628
0.5151228463573749
0.5151092654164421
0.5150956491305825
0.5150819973439005
0.5150683098997832
0.515054586640898
0.5150408274091876
0.5150270320458679
0.5150132003914237
0.5149993322856068
0.51498542756743
0.5149714860751665
0.5149575076463444
0.514943492117744
0.5149294393253946
0.5149153491045703
0.5149012212897868
0.5148870557147981
0.5148728522125933
0.5148586106153913
0.5148443307546398
0.5148300124610097
0.514815655564392
0.5148012598938951
0.5147868252778403
0.514772351543758
0.5147578385183846
0.5147432860276591
0.5147286938967188
0.5147140619498952
0.5146993900107117
0.5146846779018792
0.5146699254452918
0.5146551324620238
0.5146402987723259
0.5146254241956211
0.5146105085505012
0.5145955516547228
0.5145805533252039
0.5145655133780196
0.5145504316283984
0.5145353078907189
0.5145201419785053
0.5145049337044234
0.5144896828802772
0.5144743893170057
0.5144590528246771
0.5144436732124865
0.5144282502887517
0.5144127838609083
0.5143972737355069
0.5143817197182088
0.5143661216137816
0.5143504792260962
0.5143347923581214
0.5143190608119205
0.5143032843886481
0.514287462888545
0.5142715961109346
0.5142556838542185
0.5142397259158726
0.5142237220924439
0.5142076721795443
0.5141915759718487
0.5141754332630898
0.5141592438460536
0.5141430075125767
0.5141267240535398
0.5141103932588662
0.5140940149175157
0.5140775888174811
0.5140611147457841
0.5140445924884709
0.5140280218306077
0.5140114025562772
0.5139947344485732
0.5139780172895978
0.5139612508604559
0.5139444349412512
0.5139275693110825
0.5139106537480386
0.5138936880291946
0.513876671930607
0.5138596052273099
0.5138424876933101
0.5138253191015834
0.5138080992240698
0.513790827831669
0.5137735046942361
0.5137561295805775
0.5137387022584463
0.5137212224945378
0.5137036900544848
0.5136861047028541
0.5136684662031406
0.5136507743177645
0.513633028808065
0.5136152294342979
0.513597375955629
0.5135794681301312
0.5135615057147792
0.5135434884654452
0.5135254161368943
0.5135072884827799
0.5134891052556396
0.5134708662068899
0.5134525710868224
0.5134342196445987
0.513415811628246
0.5133973467846524
0.513378824859563
0.5133602455975743
0.5133416087421295
0.5133229140355156
0.5133041612188564
0.51328535003211
0.513266480214063
0.5132475515023254
0.5132285636333275
0.5132095163423142
0.5131904093633401
0.513171242429266
0.5131520152717528
0.513132727621258
0.5131133792070302
0.5130939697571049
0.5130744989982998
0.5130549666562101
0.5130353724552031
0.5130157161184147
0.5129959973677437
0.5129762159238476
0.5129563715061378
0.5129364638327745
0.5129164926206627
0.512896457585447
0.512876358441507
0.5128561949019522
0.5128359666786182
0.5128156734820604
0.5127953150215513
0.5127748910050741
0.5127544011393188
0.512733845129677
0.5127132226802377
0.5126925334937819
0.5126717772717783
0.5126509537143786
0.5126300625204127
0.5126091033873836
0.5125880760114633
0.5125669800874872
0.5125458153089507
0.5125245813680028
0.5125032779554429
0.5124819047607148
0.5124604614719029
0.5124389477757275
0.512417363357539
0.5123957079013143
0.5123739810896517
0.5123521826037662
0.5123303121234848
0.5123083693272417
0.5122863538920737
0.5122642654936154
0.5122421038060951
0.5122198685023293
0.5121975592537182
0.5121751757302418
0.5121527176004541
0.5121301845314792
0.5121075761890068
0.5120848922372867
0.5120621323391252
0.5120392961558797
0.5120163833474549
0.5119933935722972
0.5119703264873909
0.5119471817482532
0.5119239590089296
0.5119006579219905
0.5118772781385246
0.5118538193081361
0.5118302810789396
0.5118066630975552
0.5117829650091046
0.5117591864572065
0.5117353270839722
0.5117113865300003
0.5116873644343737
0.5116632604346544
0.5116390741668788
0.5116148052655541
0.5115904533636533
0.5115660180926109
0.5115414990823193
0.5115168959611233
0.5114922083558168
0.5114674358916383
0.5114425781922665
0.5114176348798156
0.5113926055748322
0.5113674898962901
0.5113422874615869
0.5113169978865391
0.5112916207853783
0.5112661557707477
0.5112406024536968
0.5112149604436789
0.5111892293485453
0.5111634087745424
0.5111374983263081
0.5111114976068665
0.5110854062176254
0.5110592237583713
0.5110329498272663
0.5110065840208436
0.5109801259340042
0.5109535751600133
0.5109269312904956
0.5109001939154326
0.5108733626231585
0.5108464370003561
0.5108194166320543
0.5107923011016233
0.5107650899907716
0.510737782879543
0.5107103793463116
0.5106828789677802
0.5106552813189758
0.5106275859732461
0.5105997925022563
0.5105719004759868
0.5105439094627282
0.5105158190290795
0.5104876287399441
0.5104593381585273
0.5104309468463323
0.5104024543631581
0.5103738602670959
0.510345164114526
0.5103163654601154
0.5102874638568146
0.5102584588558546
0.5102293500067445
0.5102001368572684
0.5101708189534826
0.5101413958397135
0.5101118670585544
0.5100822321508629
0.5100524906557591
0.5100226421106225
0.5099926860510896
0.5099626220110518
0.5099324495226528
0.5099021681162867
0.5098717773205957
0.5098412766624671
0.5098106656670329
0.509779943857666
0.5097491107559794
0.5097181658818235
0.5096871087532853
0.5096559388866848
0.509624655796575
0.5095932589957395
0.5095617479951903
0.5095301223041673
0.5094983814301359
0.5094665248787862
0.5094345521540308
0.5094024627580044
0.5093702561910619
0.509337931951777
0.5093054895369422
0.5092729284415662
0.509240248158874
0.5092074481803056
0.5091745279955151
0.5091414870923696
0.5091083249569492
0.5090750410735457
0.5090416349246625
0.509008105991013
0.508974453751522
0.5089406776833234
0.5089067772617611
0.5088727519603887
0.5088386012509682
0.5088043246034717
0.5087699214860799
0.5087353913651828
0.5087007337053797
0.5086659479694797
0.5086310336185018
0.5085959901116748
0.508560816906439
0.508525513458445
0.5084900792215561
0.5084545136478477
0.5084188161876084
0.5083829862893419
0.5083470233997658
0.5083109269638149
0.508274696424641
0.5082383312236138
0.5082018308003238
0.5081651945925818
0.5081284220364216
0.5080915125661014
0.5080544656141043
0.5080172806111422
0.5079799569861545
0.5079424941663137
0.5079048915770242
0.5078671486419263
0.507829264782897
0.5077912394200542
0.5077530719717565
0.5077147618546075
0.5076763084834579
0.5076377112714082
0.5075989696298105
0.5075600829682727
0.5075210506946607
0.5074818722151009
0.5074425469339844
0.5074030742539692
0.5073634535759847
0.5073236842992332
0.5072837658211953
0.5072436975376321
0.5072034788425901
0.5071631091284032
0.5071225877856989
0.5070819142034002
0.5070410877687308
0.5070001078672184
0.5069589738827004
0.5069176851973267
0.5068762411915648
0.5068346412442046
0.5067928847323628
0.5067509710314876
0.5067088995153636
0.5066666695561167
0.5066242805242196
0.5065817317884962
0.5065390227161272
0.5064961526726558
0.5064531210219928
0.5064099271264222
0.5063665703466064
0.5063230500415932
0.5062793655688205
0.5062355162841221
0.5061915015417355
0.5061473206943059
0.5061029730928936
0.5060584580869807
0.506013775024476
0.5059689232517235
0.5059239021135079
0.5058787109530615
0.5058333491120712
0.5057878159306856
0.5057421107475214
0.5056962328996718
0.5056501817227121
0.5056039565507091
0.5055575567162262
0.5055109815503327
0.5054642303826109
0.5054173025411639
0.5053701973526233
0.5053229141421571
0.5052754522334778
0.5052278109488509
0.5051799896091025
0.5051319875336279
0.5050838040404001
0.5050354384459783
0.5049868900655163
0.5049381582127713
0.5048892422001128
0.5048401413385311
0.5047908549376467
0.5047413823057194
0.5046917227496566
0.5046418755750235
0.5045918400860524
0.504541615585651
0.504491201375413
0.5044405967556277
0.5043898010252886
0.5043388134821044
0.5042876334225076
0.5042362601416658
0.5041846929334903
0.5041329310906475
0.5040809739045673
0.5040288206654555
0.5039764706623024
0.503923923182894
0.503871177513822
0.5038182329404948
0.5037650887471478
0.5037117442168537
0.5036581986315346
0.5036044512719711
0.5035505014178143
0.5034963483475964
0.503441991338742
0.5033874296675787
0.5033326626093483
0.5032776894382187
0.5032225094272944
0.5031671218486281
0.5031115259732326
0.5030557210710911
0.5029997064111695
0.5029434812614285
0.5028870448888336
0.502830396559369
0.5027735355380466
0.5027164610889201
0.5026591724750962
0.5026016689587456
0.5025439498011156
0.5024860142625427
0.502427861602463
0.5023694910794259
0.5023109019511047
0.5022520934743102
0.5021930649050016
0.5021338154982994
0.5020743445084973
0.502014651189075
0.5019547347927092
0.5018945945712878
0.5018342297759208
0.5017736396569532
0.5017128234639772
0.5016517804458444
0.5015905098506798
0.5015290109258916
0.5014672829181864
0.5014053250735795
0.5013431366374087
0.5012807168543467
0.501218064968413
0.5011551802229874
0.5010920618608216
0.5010287091240522
0.5009651212542139
0.5009012974922509
0.5008372370785299
0.5007729392528535
0.5007084032544716
0.500643628322095
0.5005786136939065
0.5005133586075761
0.5004478623002704
0.5003821240086672
0.5003161429689682
0.5002499184169102
0.5001834495877784
0.5001167357164192
0.5000497760372523
0.499982569784283
0.4999151161911154
0.49984741449096365
0.49977946391666633
0.4997112637006964
0.4996428130751755
0.4995741112718861
0.4995051575222826
0.49943595105750493
0.4993664911083905
0.499296776905486
0.4992268076790607
0.4991565826591169
0.4990861010754043
0.49901536215743014
0.4989443651344728
0.4988731092355929
0.498801593689646
0.4987298177252939
0.4986577805710174
0.49858548145512793
0.49851291960577887
0.49844009425097857
0.49836700461860106
0.4982936499363983
0.49822002943201227
0.4981461423329858
0.4980719878667753
0.4979975652607612
0.4979228737422605
0.49784791253853783
0.49777268087681703
0.49769717798429275
0.4976214030881413
0.497545355415533
0.4974690341936424
0.49739243864966026
0.4973155680108046
0.4972384215043319
0.4971609983575481
0.4970832977978201
0.49700531905258605
0.49692706134936726
0.4968485239157788
0.4967697059795403
0.4966906067684869
0.4966112255105804
0.49653156143391974
0.49645161376675195
0.49637138173748285
0.49629086457468774
0.4962100615071222
0.49612897176373255
0.49604759457366676
0.4959659291662847
0.4958839747711683
0.4958017306181337
0.49571919593723957
0.49563636995879945
0.4955532519133907
0.4954698410318661
0.49538613654536345
0.4953021376853162
0.4952178436834643
0.4951332537718636
0.49504836718289724
0.49496318314928467
0.49487770090409366
0.49479191968074876
0.49470583871304313
0.494619457235148
0.49453277448162336
0.4944457896874279
0.49435850208792964
0.4942709109189162
0.49418301541660503
0.4940948148176538
0.4940063083591708
0.49391749527872514
0.4938283748143578
0.493738946204591
0.49364920868843964
0.49355916150542123
0.4934688038955667
0.4933781350994309
0.4932871543581032
0.4931958609132183
0.4931042540069669
0.4930123328821057
0.49292009678197
0.49282754495048287
0.4927346766321672
0.4926414910721558
0.4925479875162038
0.4924541652106987
0.49236002340267193
0.49226556133981075
0.4921707782704692
0.49207567344367964
0.4919802461091646
0.49188449551734903
0.4917884209193708
0.4916920215670945
0.49159529671312197
0.4914982456108056
0.4914008675142605
0.49130316167837645
0.4912051273588312
0.4911067638121034
0.49100807029548466
0.49090904606709385
0.49080969038588956
0.49071000251168356
0.4906099817051553
0.4905096272278644
0.4904089383422659
0.49030791431172355
0.49020655440052463
0.4901048578738947
0.49000282399801165
0.48990045204002175
0.48979774126805403
0.489694690951236
0.48959130035970977
0.4894875687646469
0.48938349543826587
0.4892790796538474
0.48917432068575234
0.4890692178094371
0.48896377030147176
0.4888579774395579
0.4887518385025453
0.48864535277045074
0.48853851952447624
0.4884313380470273
0.48832380762173244
0.48821592753346194
0.48810769706834756
0.4879991155138022
0.4878901821585413
0.487780896292601
0.48767125720736176
0.48756126419556745
0.4874509165513482
0.4873402135702416
0.48722915454921556
0.487117738786691
0.487005965582564
0.48689383423823046
0.48678134405660906
0.4866684943421662
0.48655528440093976
0.486441713540565
0.4863277810702991
0.4862134863010481
0.4860988285453923
0.48598380711761335
0.48586842133372155
0.48575267051148263
0.4856365539704473
0.48552007103197814
0.4854032210192797
0.48528600325742727
0.485168417073397
0.4850504617960962
0.48493213675639457
0.48481344128715487
0.484694374723265
0.4845749364016706
0.48445512566140725
0.4843349418436347
0.48421438429166985
0.484093452351021
0.48397214536942385
0.48385046269687565
0.48372840368567177
0.4836059676904418
0.48348315406818665
0.4833599621783163
0.4832363913826877
0.48311244104564294
0.48298811053404933
0.48286339921733845
0.4827383064675466
0.48261283165935526
0.4824869741701334
0.4823607333799791
0.48223410867176125
0.4821070994311637
0.48197970504672927
0.4818519249099026
0.4817237584150762
0.48159520495963576
0.48146626394400605
0.48133693477169703
0.4812072168493527
0.4810771095867967
0.4809466123970828
0.4808157246965429
0.4806844459048368
0.48055277544500236
0.4804207127435065
0.4802882572302977
0.48015540833885556
0.4800221655062461
0.4798885281731733
0.4797544957840343
0.4796200677869722
0.4794852436339335
0.47935002278072186
0.479214404687055
0.47907838881662235
0.4789419746371416
0.47880516162041775
0.478667949242401
0.4785303369832474
0.47839232432737716
0.4782539107635369
0.4781150957848598
0.4779758788889277
0.47783625957783393
0.4776962373582456
0.47755581174146783
0.47741498224350737
0.4772737483851381
0.47713210969196584
0.47699006569449454
0.4768476159281929
0.4767047599335615
0.4765614972562002
0.476417827446877
0.4762737500615964
0.4761292646616694
0.4759843708137826
0.4758390680900699
0.4756933560681824
0.4755472343313607
0.4754007024685077
0.4752537600742601
0.4751064067490622
0.47495864209924027
0.47481046573707614
0.4746618772808819
0.47451287635507594
0.4743634625902587
0.47421363562328844
0.47406339509735884
0.47391274066207567
0.4737616719735348
0.47361018869440097
0.47345829049398575
0.4733059770483272
0.4731532480402701
0.4730001031595441
0.4728465421028466
0.4726925645739222
0.4725381702836448
0.47238335895009853
0.4722281302986608
0.47207248406208424
0.47191641998058004
0.471759937801901
0.4716030372814254
0.47144571818224057
0.47128798027522767
0.4711298233391463
0.47097124716071925
0.47081225153471784
0.4706528362640479
0.47049300115983517
0.4703327460415119
0.4701720707369024
0.4700109750823112
0.469849458922608
0.46968752211131676
0.4695251645107016
0.4693623859918551
0.4691991864347856
0.46903556572850547
0.46887152377111885
0.4687070604699104
0.4685421757414328
0.4683768695115959
0.46821114171575495
0.4680449922988
0.46787842121524315
0.4677114284293089
0.46754401391502254
0.46737617765629846
0.46720791964702973
0.46703923989117724
0.4668701384028576
0.4667006152064335
0.4665306703366007
0.46636030383847904
0.46618951576769924
0.4660183061904926
0.4658466751837795
0.4656746228352574
0.4655021492434889
0.4653292545179914
0.4651559387793231
0.46498220215917196
0.46480804480044285
0.4646334668573451
0.46445846849547934
0.464283049891925
0.46410721123532583
0.46393095272597723
0.4637542745759114
0.4635771770089838
0.4633996602609578
0.46322172457958954
0.4630433702247132
0.46286459746832487
0.46268540659466517
0.4625057979003046
0.46232577169422484
0.46214532829790134
0.4619644680453858
0.4617831912833867
0.46160149837135084
0.46141938968154284
0.46123686559912563
0.46105392652223925
0.4608705728620788
0.46068680504297277
0.4605026235024605
0.4603180286913682
0.46013302107388476
0.4599476011276375
0.45976176934376567
0.45957552622699493
0.45938887229570946
0.4592018080820246
0.4590143341318582
0.45882645100499986
0.458638159275183
0.45844945953014987
0.45826035237172347
0.4580708384158714
0.45788091829277305
0.4576905926468849
0.45749986213700355
0.4573087274363301
0.457117189232531
0.45692524822779973
0.4567329051389165
0.4565401606973075
0.4563470156491022
0.4561534707551906
0.45595952679127805
0.4557651845479408
0.455570444830678
0.45537530845996443
0.4551797762713013
0.45498384911526596
0.45478752785755955
0.45459081337905555
0.4543937065758439
0.45419620835927677
0.45399831965601123
0.45380004140805097
0.45360137457278743
0.453402320123038
0.45320287904708445
0.4530030523487091
0.4528028410472293
0.4526022461775312
0.4524012687901018
0.4521999099510592
0.4519981707421813
0.45179605226093345
0.4515935556204952
0.451390681949783
0.4511874323934742
0.4509838081120279
0.4507798102817047
0.45057544009458406
0.4503706987585815
0.45016558749746294
0.44996010755085697
0.4497542601742678
0.44954804663908354
0.4493414682325847
0.44913452625795053
0.44892722203426333
0.4487195568965108
0.44851153219558815
0.44830314929829607
0.4480944095873392
0.44788531446132096
0.44767586533473774
0.4474660636379711
0.4472559108172777
0.44704540833477757
0.4468345576684407
0.44662336031207167
0.4464118177752925
0.4461999315835233
0.4459877032779613
0.44577513441555827
0.445562226568995
0.44534898132665507
0.4451354002925962
0.4449214850865194
0.44470723734373685
0.44449265871513643
0.44427775086714666
0.44406251548169706
0.4438469542561788
0.4436310689034021
0.4434148611515513
0.44319833274413944
0.44298148543995985
0.442764321013036
0.4425468412525685
0.44232904796288225
0.44211094296336917
0.44189252808843144
0.4416738051874194
0.44145477612457135
0.4412354427789481
0.441015807044368
0.44079587082933797
0.44057563605698413
0.4403551046649792
0.4401342786054689
0.439913159844996
0.43969175036442226
0.43947005215884827
0.439248067237532
0.4390257976238053
0.4388032453549865
0.43858041248229473
0.4383573010707592
0.43813391319912753
0.43791025095977226
0.4376863164585965
0.4374621118149346
0.4372376391614546
0.4370129006440561
0.4367878984217678
0.4365626346666426
0.4363371115636502
0.4361113313105692
0.4358852961178765
0.43565900820863496
0.43543246981837874
0.435205683194999
0.43497865059862406
0.434751374301502
0.4345238565878782
0.4342960997538727
0.4340681061073557
0.43383987796782125
0.43361141766625894
0.43338272754502394
0.4331538099577061
0.4329246672689964
0.4326953018545532
0.4324657161008642
0.43223591240511056
0.4320058931750256
0.4317756608287556
0.4315452177947156
0.4313145665114465
0.431083709427469
0.4308526490011365
0.43062138770048747
0.4303899280030942
0.4301582723959131
0.4299264233751303
0.42969438344600974
0.4294621551227359
0.42922974092825805
0.42899714339413225
0.4287643650603624
0.4285314084752392
0.428298276195179
0.42806497078456085
0.4278314948155624
0.427597850867995
0.42736404152913743
0.4271300693935688
0.426895937062999
0.4266616471461021
0.4264272022583423
0.42619260502180595
0.4259578580650269
0.4257229640228148
0.42548792553608045
0.4252527452516606
0.4250174258221429
0.4247819699056888
0.4245463801658562
0.42431065927142175
0.4240748098962025
0.42383883471887496
0.4236027364227964
0.4233665176958238
0.42313018123013213
0.422893729722033
0.4226571658717922
0.4224204923834465
0.42218371196462035
0.42194682732634237
0.42170984118286137
0.421472756251461
0.42123557525227556
0.4209983009081041
0.420760935944226
0.4205234830882141
0.42028594506974915
0.42004832462043407
0.41981062447360706
0.4195728473641554
0.4193349960283289
0.4190970732035535
0.4188590816282441
0.4186210240416188
0.41838290318351146
0.41814472179418594
0.41790648261414914
0.41766818838396436
0.4174298418440665
0.4171914457345747
0.4169530027951072
0.4167145157645956
0.4164759873811005
0.41623742038162487
0.41599881750193124
0.4157601814763565
0.41552151503762824
0.41528282091668167
0.41504410184247614
0.4148053605418132
0.4145665997391544
0.41432782215644026
0.4140890305129087
0.4138502275249157
0.4136114159057549
0.4133725983654797
0.41313377761072373
0.4128949563445243
0.41265613726614525
0.4124173230709008
0.4121785164499807
0.41193972009027535
0.41170093667420266
0.4114621688795349
0.4112234193792269
0.41098469084124617
0.4107459859284014
0.41050730729817475
0.410268657602553
0.4100300394878617
0.40979145559459756
0.4095529085572654
0.4093144010042138
0.4090759355574713
0.4088375148325868
0.4085991414384682
0.40836081797722296
0.40812254704400064
0.40788433122683626
0.40764617310649487
0.4074080752563162
0.4071700402420631
0.4069320706217695
0.4066941689455892
0.40645633775564827
0.40621857958589647
0.4059808969619611
0.4057432924010025
0.40550576841157016
0.405268327493461
0.4050309721375786
0.4047937048257938
0.4045565280308082
0.4043194442160163
0.40408245583537217
0.4038455653332551
0.40360877514433957
0.40337208769346367
0.40313550539550147
0.4028990306552357
0.4026626658672322
0.40242641341571683
0.40219027567445254
0.40195425500661924
0.4017183537646948
0.40148257429033796
0.40124691891427156
0.4010113899561707
0.400775989724548
0.400540720516645
0.4003055846183215
0.4000705843039494
0.3998357218363068
0.3996009994664738
0.39936641943373086
0.39913198396545746
0.39889769527703417
0.3986635555717455
0.3984295670406842
0.398195731862658
0.39796205220409775
0.3977285302189666
0.3974951680486729
0.3972619678219831
0.3970289316549359
0.3967960616507608
0.3965633598997952
0.3963308284794064
0.3960984694539119
0.3958662848745042
0.3956342767791769
0.3954024471926516
0.3951707981263066
0.39493933157810857
0.3947080495325447
0.39447695396055754
0.39424604681948
0.39401533005297523
0.3937848055909739
0.3935544753496173
0.39332434123119964
0.3930944051241127
0.39286466890279353
0.39263513442767045
0.39240580354511545
0.3921766780873941
0.39194775987262
0.39171905070470897
0.39149055237333663
0.39126226665389624
0.3910341953074589
0.3908063400807359
0.39057870270604106
0.3903512849012569
0.3901240883698009
0.3898971148005939
0.38967036586803044
0.38944384323194947
0.38921754853760915
0.38899148341566003
0.3887656494821229
0.388540048338366
0.38831468157108495
0.3880895507522836
0.38786465743925763
0.3876400031745773
0.387415589486075
0.38719141788683165
0.3869674898751651
0.386743806934622
0.38652037053396787
0.38629718212718145
0.3860742431534498
0.3858515550371633
0.3856291191879142
0.385406937000496
0.38518500985490295
0.3849633391163331
0.38474192613519054
0.38452077224709097
0.38429987877286736
0.38407924701857726
0.3838588782755118
0.38363877382020584
0.38341893491444856
0.38319936280529765
0.3829800587250915
0.3827610238914658
0.3825422595073692
0.3823237667610817
0.38210554682623266
0.3818876008618224
0.38166993001224186
0.3814525354072966
0.3812354181622296
0.3810185793777467
0.3808020201400418
0.38058574152082514
0.38036974457735073
0.3801540303524457
0.3799385998745411
0.37972345415770326
0.37950859420166566
0.37929402099186393
0.37907973549946944
0.37886573868142437
0.37865203148047966
0.37843861482523145
0.3782254896301601
0.37801265679567
0.3778001172081289
0.37758787173991015
0.37737592124943464
0.3771642665812138
0.3769529085658936
0.3767418480202991
0.3765310857474808
0.3763206225367606
0.37611045916377916
0.3759005963905437
0.37569103496547757
0.3754817756234691
0.3752728190859225
0.37506416606080895
0.37485581724271794
0.37464777331291016
0.3744400349393712
0.3742326027768643
0.3740254774669859
0.3738186596382205
0.373612149905996
0.3734059488727413
0.3732000571279426
0.3729944752482011
0.3727892037972907
0.372584243326218
0.37237959437328116
0.37217525746412894
0.37197123311182234
0.3717675218168943
0.3715641240674122
0.3713610403390388
0.37115827109509525
0.37095581678662304
0.3707536778524485
0.3705518547192449
0.3703503478015976
0.3701491575020682
0.3699482842112588
0.3697477283078785
0.3695474901588076
0.3693475701191641
0.3691479685323697
0.36894868573021716
0.368749722032936
0.36855107774926066
0.3683527531764969
0.36815474860059055
0.367957064296195
0.36775970052673934
0.36756265754449735
0.3673659355906552
0.36716953489538146
0.3669734556778961
0.36677769814653793
0.3665822624988369
0.3663871489215821
0.36619235759089164
0.3659978886722829
0.3658037423207424
0.3656099186807967
0.3654164178865813
0.36522324006191276
0.3650303853203579
0.3648378537653053
0.3646456454900353
0.3644537605777913
0.36426219910185037
0.3640709611255938
0.3638800467025785
0.36368945587660784
0.3634991886818022
0.36330924514267
0.36311962527417924
0.36293032908182754
0.3627413565617138
0.362552707700609
0.3623643824760261
0.3621763808562924
0.36198870280061896
0.36180134825917243
0.3616143171731442
0.36142760947482266
0.3612412250876625
0.3610551639263554
0.36086942589690085
0.360684010896675
0.36049891881450224
0.36031414953072427
0.36012970291727003
0.35994557883772516
0.35976177714740276
0.3595782976934108
0.359395140314723
0.35921230484224687
0.3590297910988939
0.35884759889964596
0.3586657280516269
0.3584841783541686
0.3583029495988794
0.3581220415697136
0.35794145404303723
0.35776118678769714
0.3575812395650875
0.35740161212921734
0.35722230422677725
0.35704331559720587
0.3568646459727568
0.3566862950785644
0.3565082626327102
0.3563305483462875
0.3561531519234686
0.35597607306156803
0.3557993114511089
0.35562286677588706
0.3554467387130352
0.35527092693308715
0.35509543110004216
0.35492025087142787
0.3547453858983635
0.35457083582562315
0.3543966002916984
0.3542226789288602
0.35404907136322195
0.3538757772148002
0.3537027960975764
0.3535301276195583
0.3533577713828406
0.3531857269836651
0.3530139940124817
0.35284257205400715
0.3526714606872855
0.35250065948574644
0.35233016801726524
0.35215998584422026
0.3519901125235515
0.351820547606818
0.3516512906402566
0.3514823411648377
0.3513136987163227
0.35114536282531983
0.3509773330173415
0.3508096088128586
0.3506421897273574
0.35047507527139254
0.3503082649506439
0.35014175826596916
0.34997555471345887
0.3498096537844894
0.3496440549657766
0.3494787577394281
0.34931376158299626
0.3491490659695299
0.3489846703676264
0.3488205742414831
0.34865677705094733
0.3484932782515689
0.348330077294648
0.34816717362728694
0.348004566692439
0.34784225592895723
0.3476802407716435
0.3475185206512967
0.34735709499476103
0.3471959632249733
0.3470351247610094
0.3468745790181332
0.34671432540784075
0.34655436333790746
0.3463946922124336
0.3462353114318893
0.3460762203931603
0.3459174184895915
0.34575890511103113
0.3456006796438752
0.34544274147111065
0.3452850899723578
0.3451277245239135
0.344970644498793
0.34481384926677183
0.34465733819442745
0.34450111064518046
0.3443451659793344
0.34418950355411676
0.3440341227237189
0.3438790228393354
0.34372420324920266
0.3435696632986388
0.3434154023300807
0.343261419683123
0.34310771469455537
0.34295428669839956
0.342801135025946
0.342648259005791
0.34249565796387194
0.34234333122350435
0.34219127810541505
0.34203949792777893
0.34188799000625264
0.341736753654009
0.3415857881817708
0.34143509289784385
0.34128466710815064
0.3411345101162628
0.3409846212234322
0.34083499972862513
0.340685644928552
0.3405365561176988
0.34038773258835875
0.3402391736306618
0.3400908785326046
0.3399428465800813
0.33979507705691153
0.3396475692448701
0.33950032242371536
0.33935333587121713
0.3392066088631853
0.33906014067349605
0.3389139305741204
0.33876797783514967
0.3386222817248225
0.3384768415095511
0.33833165645394603
0.33818672582084214
0.3380420488713233
0.3378976248647475
0.33775345305876986
0.33760953270936744
0.33746586307086257
0.3373224433959461
0.3371792729356994
0.33703635093961776
0.33689367665563225
0.3367512493301307
0.33660906820798026
0.3364671325325475
0.3363254415457194
0.3361839944879238
0.3360427905981493
0.3359018291139647
0.33576110927153857
0.3356206303056579
0.3354803914497474
0.3353403919358864
0.33520063099482855
0.3350611078560178
0.3349218217476064
0.3347827718964721
0.3346439575282339
0.3345053778672685
0.3343670321367273
0.3342289195585496
0.33409103935348056
0.33395339074108377
0.3338159729397573
0.33367878516674737
0.333541826638162
0.3334050965689851
0.3332685941730892
0.3331323186632483
0.3329962692511512
0.3328604451474132
0.3327248455615872
0.3325894697021772
0.3324543167766478
0.33231938599143573
0.33218467655196066
0.3320501876626356
0.3319159185268759
0.3317818683471101
0.3316480363247887
0.3315144216603929
0.3313810235534434
0.33124784120250944
0.3311148738052157
0.33098212055825094
0.3308495806573746
0.3307172532974246
0.33058513767232356
0.3304532329750857
0.33032153839782247
0.33019005313174876
0.3300587763671882
0.32992770729357823
0.32979684509947493
0.3296661889725582
0.32953573809963504
0.3294054916666439
0.32927544885865834
0.3291456088598907
0.3290159708536936
0.3288865340225646
0.3287572975481466
0.3286282606112318
0.32849942239176166
0.3283707820688293
0.3282423388206803
0.3281140918247135
0.32798604025748146
0.32785818329469046
0.32773052011120096
0.32760304988102584
0.3274757717773312
0.32734868497243375
0.32722178863780066
0.3270950819440466
0.3269685640609332
0.326842234157365
0.3267160914013883
0.3265901349601868
0.32646436400007944
0.3263387776865161
0.32621337518407384
0.32608815565645255
0.32596311826647106
0.3258382621760611
0.32571358654626253
0.32558909053721874
0.32546477330816914
0.32534063401744473
0.3252166718224603
0.32509288587970825
0.32496927534475095
0.32484583937221456
0.32472257711577956
0.3245994877281741
0.3244765703611643
0.3243538241655469
0.32423124829113936
0.32410884188677014
0.32398660410026997
0.32386453407846105
0.32374263096714706
0.3236208939111024
0.3234993220540607
0.32337791453870424
0.32325667050665186
0.3231355890984464
0.3230146694535438
0.32289391071029816
0.3227733120059512
0.32265287247661684
0.3225325912572685
0.32241246748172503
0.32229250028263595
0.3221726887914666
0.32205303213848346
0.32193352945273856
0.3218141798620533
0.3216949824930029
0.32157593647089905
0.32145704091977434
0.3213382949623639
0.32121969772008774
0.32110124831303377
0.320982945859939
0.3208647894781703
0.32074677828370635
0.3206289113911176
0.3205111879135465
0.32039360696268765
0.3202761676487673
0.3201588690805218
0.32004171036517715
0.31992469060842654
0.3198078089144092
0.3196910643856868
0.3195744561232219
0.3194579832263539
0.31934164479277516
0.31922543991850816
0.3191093676978796
0.31899342722349683
0.318877617586222
0.31876193787514645
0.3186463871775649
0.3185309645789486
0.3184156691629189
0.3183005000112199
0.3181854562036898
0.3180705368182348
0.3179557409307978
0.3178410676153317
0.31772651594376916
0.3176120849859918
0.31749777380980165
0.31738358148088885
0.3172695070628011
0.31715554961691167
0.31704170820238786
0.31692798187615745
0.3168143696928765
0.3167008707048957
0.31658748396222514
0.3164742085125022
0.3163610434009536
0.316247987670363
0.3161350403610327
0.31602220051074825
0.3159094671547416
0.31579683932565317
0.315684316053494
0.3155718963656082
0.31545957928663193
0.3153473638384568
0.3152352490401867
0.31512323390810004
0.31501131745560695
0.3148994986932078
0.31478777662845225
0.3146761502658949
0.3145646186070535
0.3144531806503638
0.31434183539113647
0.314230581821511
0.3141194189304108
0.3140083457034968
0.3138973611231216
0.3137864641682805
0.31367565381456547
0.31356492903411515
0.3134542887955669
0.31334373206400623
0.31323325780091693
0.31312286496413033
0.31301255250777305
0.31290231938221535
0.31279216453401787
0.3126820869058786
0.31257208543657783
0.3124621590609247
0.3123523067097005
0.31224252730960267
0.3121328197831884
0.3120231830488166
0.3119136160205901
0.3118041176082965
0.31169468671734846
0.311585322248723
0.311476023098901
0.31136678815980545
0.31125761631873805
0.3111485064583166
0.31103945745641076
0.31093046818607734
0.310821537515494
0.31071266430789424
0.310603847421499
0.3104950857094491
0.3103863780197371
0.3102777231951369
0.3101691200731337
0.310060567485853
0.3099520642599885
0.3098436092167294
0.30973520117168596
0.30962683893481624
0.30951852131034985
0.3094102470967113
0.3093020150864444
0.3091938240661321
0.3090856728163201
0.30897756011143396
0.3088694847197011
0.30876144540306816
0.30865344091711727
0.30854547001098476
0.3084375314272744
0.3083296239019738
0.30822174616436687
0.3081138969369466
0.30800607493532745
0.30789827886815496
0.30779050743701597
0.3076827593363475
0.3075750332533435
0.3074673278678623
0.307359641852332
0.3072519738716545
0.3071443225831091
0.3070366866362553
0.306929064672834
0.3068214553266673
0.3067138572235575
0.3066062689811859
0.3064986892090097
0.30639111650815626
0.30628354947131975
0.3061759866826535
0.30606842671766255
0.30596086814309476
0.3058533095168313
0.3057457493877749
0.30563818629573775
0.30553061877132814
0.30542304533583575
0.305315464501115
0.3052078747694684
0.305100274633528
0.30499266257613616
0.30488503707022363
0.30477739657868846
0.30466973955427123
0.304562064439432
0.3044543696662224
0.3043466536561594
0.30423891482009685
0.30413115155809467
0.3040233622592882
0.30391554530175524
0.30380769905238203
0.30369982186672817
0.30359191208889014
0.30348396805136213
0.3033759880748984
0.3032679704683703
0.30315991352862626
0.30305181554034666
0.3029436747758995
0.30283548949519357
0.30272725794553107
0.30261897836145785
0.30251064896461344
0.3024022679635779
0.3022938335537191
0.3021853439170376
0.3020767972220096
0.3019681916234296
0.30185952526225085
0.3017507962654243
0.30164200274573605
0.3015331428016445
0.30142421451711376
0.30131521596144817
0.301206145189123
0.3010970002396151
0.30098777913723174
0.3008784798909377
0.3007691004941815
0.3006596389247187
0.3005500931444359
0.30044046109917155
0.30033074071853527
0.3002209299157265
0.30011102658735245
0.3000010286132411
0.29989093385625754
0.2997807401621153
0.2996704453591862
0.29956004725831187
0.2994495436526105
0.29933893231728415
0.29922821100942276
0.2991173774678084
0.2990064294127184
0.2988953645457246
0.29878418054949396
0.2986728750875859
0.2985614458042496
0.2984498903242181
0.29833820625250423
0.29822639117419075
0.2981144426542235
0.29800235823720056
0.2978901354471605
0.29777777178737086
0.29766526474011346
0.29755261176646897
0.29743981030610234
0.29732685777704293
0.29721375157546764
0.2971004890754809
0.2969870676288927
0.2968734845649976
0.2967597371903525
0.2966458227885506
0.29653173861999793
0.2964174819216875
0.29630304990697165
0.2961884397653348
0.2960736486621649
0.29595867373852486
0.29584351211092114
0.2957281608710741
0.2956126170856862
0.29549687779621003
0.29538094001861626
0.29526480074315964
0.29514845693414693
0.29503190552970127
0.2949151434415298
0.2947981675546879
0.2946809747273451
0.2945635617905509
0.29444592554799753
0.29432806277578827
0.29420997022219997
0.29409164460745
0.29397308262346106
0.29385428093362737
0.29373523617258007
0.2936159449459542
0.2934964038301566
0.29337660937213345
0.2932565580891373
0.29313624646849845
0.2930156709673938
0.292894828012619
0.29277371400036034
0.2926523252959679
0.292530658233731
0.29240870911665484
0.2922864742162373
0.29216394977224946
0.292041131992516
0.2919180170526992
0.29179460109608324
0.2916708802333625
0.2915468505424309
0.29142250806817344
0.2912978488222614
0.2911728687829494
0.2910475638948754
0.29092193006886446
0.29079596318173395
0.29066965907610404
0.2905430135602106
0.29041602240772096
0.29028868135755553
0.29016098611371055
0.2900329323450889
0.2899045156853298
0.2897757317326484
0.28964657604967625
0.289517044163308
0.28938713156455453
0.28925683370839644
0.28912614601365016
0.2889950638628331
0.28886358260203715
0.2887316975408099
0.2885994039520394
0.28846669707184536
0.28833357209947946
0.28820002419722957
0.28806604849033324
0.28793164006689603
0.28779679397782076
0.2876615052367413
0.2875257688199651
0.28738957966642487
0.28725293267763785
0.2871158227176739
0.286978244613132
0.28684019315312614
0.28670166308928147
0.28656264913573826
0.28642314596916696
0.28628314822879264
0.28614265051642973
0.286001647396529
0.28586013339623195
0.2857181030054396
0.28557555067689033
0.2854324708262506
0.2852888578322166
0.2851447060366281
0.28500000974459555
0.28485476322463793
0.28470896070883445
0.28456259639298964
0.2844156644368113
0.2842681589641008
0.2841200740629587
0.2839714037860046
0.2838221421506094
0.28367228313914306
0.28352182069923737
0.2833707487440636
0.2832190611526233
0.2830667517700589
0.28291381440797364
0.2827602428447731
0.2826060308260197
0.28245117206480286
0.28229566024212793
0.2821394890073197
0.28198265197844313
0.2818251427427414
0.28166695485709015
0.2815080818484702
0.2813485172144563
0.28118825442372475
0.2810272869165773
0.280865608105483
0.28070321137563997
0.28054009008555225
0.2803762375676257
0.2802116471287842
0.2800463120510999
0.2798802255924457
0.27971338098716375
0.2795457714467529
0.27937739016057506
0.2792082302965793
0.279038285002044
0.27886754740433806
0.27869601061170046
0.2785236677140376
0.2783505117837384
0.2781765358765096
0.2780017330322258
0.27782609627579957
0.2776496186180703
0.2774722930567073
0.27729411257713277
0.2771150701534626
0.2769351587494623
0.27675437131951985
0.27657270080963686
0.27639014015843516
0.27620668229817846
0.2760223201558118
0.2758370466540141
0.27565085471226797
0.2754637372479433
0.275275687177395
0.27508669741707514
0.2748967608846586
0.2747058705001826
0.2745140191871977
0.2743211998739322
0.27412740549446757
0.2739326289899259
0.27373686330966734
0.27354010141249896
0.2733423362678923
0.2731435608572105
0.2729437681749438
0.272742951229954
0.27254110304672446
0.27233821666661917
0.27213428514914584
0.27192930157322526
0.2717232590384669
0.2715161506664455
0.27130796960198444
0.2710987090144399
0.27088836209898676
0.27067692207790894
0.2704643822018849
0.27025073575127856
0.27003597603742635
0.26982009640392274
0.26960309022790524
0.2693849509213333
0.26916567193226765
0.2689452467461402
0.2687236688870225
0.2685009319188859
0.2682770294468567
0.2680519551184611
0.26782570262486516
0.26759826570210304
0.26736963813229664
0.2671398137448649
0.2669087864177222
0.26667655007846375
0.2664430987055389
0.2662084263294134
0.2659725270337139
0.26573539495636145
0.26549702429068817
0.26525740928653907
0.2650165442513571
0.2647744235512517
0.2645310416120499
0.26428639292033057
0.26404047202443814
0.26379327353548004
0.26354479212830373
0.26329502254245435
0.26304395958311205
0.26279159812201064
0.2625379330983326
0.26228295951958736
0.26202667246246425
0.26176906707366737
0.2615101385707269
0.2612498822427906
0.2609882934513909
0.2607253676311931
0.2604611002907204
0.2601954870130558
0.25992852345652406
0.25966020535535195
0.25939052852030414
0.2591194888393011
0.2588470822780131
0.25857330488043345
0.258298152769433
0.25802162214728974
0.25774370929620194
0.25746441057877967
0.25718372243851734
0.2569016414002452
0.25661816407056515
0.25633328713826536
0.25604700737471875
0.255759321634264
0.25547022685456977
0.25517972005698203
0.25488779834685865
0.2545944589138844
0.2542996990323768
0.2540035160615758
0.25370590744592053
0.25340687071531603
0.2531064034853867
0.2528045034577199
0.2525011684201004
0.25219639624673446
0.2518901848984685
0.2515825324229983
0.25127343695507026
0.25096289671668215
0.25065091001727346
0.25033747525391503
0.2500225909114957
0.24970625556290424
0.24938846786921248
0.24906922657985606
0.24874853053281742
0.2484263786548071
0.24810276996144923
0.24777770355746842
0.24745117863688187
0.2471231944831926
0.24679375046959076
0.24646284605916013
0.2461304808050893
0.24579665435089135
0.24546136643063227
0.2451246168691668
0.2447864055823828
0.24444673257745708
0.24410559795312103
0.2437630018999359
0.24341894470058145
0.24307342673015594
0.24272644845648614
0.2423780104404549
0.24202811333633817
0.24167675789215587
0.24132394495003823
0.24096967544660625
0.24061395041336406
0.24025677097710874
0.23989813836035384
0.23953805388176796
0.23917651895662712
0.2388135350972847
0.23844910391365393
0.23808322711370677
0.23771590650398775
0.23734714399014195
0.23697694157745808
0.2366053013714272
0.23623222557831247
0.2358577165057371
0.23548177656328295
0.23510440826310364
0.23472561422055088
0.234345397154812
0.23396375988956125
0.23358070535362235
0.23319623658164002
0.23281035671476524
0.23242306900134824
0.23203437679764063
0.23164428356850725
0.23125279288814538
0.23085990844081056
0.23046563402154913
0.23006997353693648
0.22967293100582004
0.22927451056006543
0.22887471644530677
0.22847355302169803
0.22807102476466581
0.22766713626566287
0.2272618922329202
0.22685529749219796
0.22644735698753293
0.22603807578198337
0.22562745905836712
0.22521551211999674
0.22480224039140415
0.2243876494190611
0.22397174487208693
0.2235545325429486
0.2231360183481489
0.22271620832890177
0.2222951086517933
0.2218727256094309
0.22144906562107367
0.2210241352332478
0.22059794112034262
0.22017049008518877
0.21974178905961542
0.21931184510498652
0.21888066541271384
0.2184482573047476
0.21801462823404094
0.21757978578499143
0.2171437376738515
0.2167064917491157
0.21626805599187543
0.21582843851614594
0.2153876475691617
0.2149456915316393
0.21450257891800845
0.214058318376609
0.21361291868985227
0.21316638877434804
0.21271873768099336
0.2122699745950261
0.21182010883603783
0.21136914985794938
0.21091710724894597
0.21046399073137106
0.21000981016157977
0.20955457552975013
0.20909829695965076
0.20864098470836545
0.2081826491659754
0.20772330085519353
0.207262950430957
0.206801608679972
0.20633928652021294
0.20587599500037618
0.20541174529928372
0.20494654872524423
0.20448041671536155
0.20401336083479857
0.20354539277599076
0.20307652435781384
0.20260676752469864
0.20213613434570055
0.20166463701351986
0.201192287843471
0.20071909927240375
0.20024508385757672
0.19977025427547912
0.19929462332060535
0.19881820390418106
0.1983410090528397
0.19786305190724943
0.19738434572069488
0.19690490385760698
0.19642473979204908
0.19594386710615241
0.1954622994885062
0.19498005073250096
0.19449713473462565
0.1940135654927187
0.19352935710417488
0.1930445237641064
0.1925590797634615
0.1920730394870988
0.1915864174118184
0.19109922810435281
0.19061148621931406
0.1901232064971044
0.1896344037617821
0.18914509291889264
0.18865528895325984
0.1881650069267411
0.18767426197594467
0.18718306930991338
0.1866914442077733
0.1861994020163492
0.1857069581477485
0.1852141280769115
0.18472092733913545
0.18422737152756558
0.1837334762906604
0.18323925732963064
0.18274473039584954
0.18224991128824317
0.18175481585065245
0.18125945996917697
0.18076385956949642
0.1802680306141714
0.17977198909992825
0.179275751054924
0.17877933253599715
0.17828274962590418
0.17778601843054057
0.17728915507615212
0.17679217570653527
0.17629509648022557
0.17579793356768222
0.17530070314846127
0.1748034214083877
0.1743061045367198
0.17380876872331347
0.17331143015578304
0.1728141050166621
0.1723168094805689
0.17181955971136811
0.17132237185934188
0.17082526205836268
0.1703282464230743
0.16983134104607947
0.1693345619951368
0.16883792531036831
0.16834144700147682
0.16784514304497825
0.16734902938144602
0.1668531219127726
0.166357436499444
0.16586198895783513
0.16536679505752266
0.164871870518617
0.16437723100911553
0.16388289214227938
0.16338886947403058
0.16289517850037621
0.16240183465485578
0.16190885330601568
0.16141624975491134
0.16092403923263696
0.1604322368978847
0.1599408578345343
0.15944991704927325
0.15895942946924924
0.15846940993975514
0.15797987322194865
0.15749083399060426
0.15700230683190272
0.15651430624125526
0.15602684662116412
0.15553994227912174
0.15505360742554655
0.1545678561717588
0.15408270252799383
0.15359816040145793
0.15311424359442158
0.15263096580235558
0.1521483406121081
0.15166638150012315
0.15118510183070197
0.15070451485430666
0.1502246337059073
0.14974547140337202
0.1492670408459008
0.14878935481250405
0.14831242596052446
0.1478362668242042
0.14736088981329581
0.14688630721171927
0.1464125311762628
0.1459395737353297
0.14546744678773024
0.14499616210151806
0.14452573131287308
0.144056165925029
0.14358747730724636
0.1431196766938307
0.1426527751831955
0.1421867837369718
0.14172171317916127
0.14125757419533366
0.14079437733187197
0.14033213299525749
0.13987085145140396
0.13941054282503204
0.1389512170990896
0.13849288411421515
0.13803555356824376
0.13757923501575717
0.13712393786767513
0.13666967139089045
0.1362164447079448
0.1357642667967455
0.135313146490326
0.13486309247664371
0.13441411329842004
0.13396621735302003
0.13351941289237113
0.13307370802291998
0.13262911070562863
0.13218562875600864
0.13174326984419144
0.13130204149503627
0.13086195108827425
0.1304230058586877
0.1299852128963255
0.1295485791467521
0.12911311141133053
0.12867881634754008
0.1282457004693245
0.1278137701474748
0.12738303161004141
0.1269534909427798
0.12652515408962375
0.12609802685319005
0.1256721148953124
0.12524742373760245
0.1248239587620395
0.12440172521158821
0.12398072819084108
0.12356097266668774
0.12314246346900956
0.12272520529139905
0.12230920269190262
0.12189446009378677
0.12148098178632741
0.12106877192562057
0.12065783453541504
0.12024817350796546
0.11983979260490513
0.11943269545813912
0.11902688557075564
0.11862236631795522
0.11821914094799858
0.11781721258316993
0.11741658422075776
0.1170172587340515
0.11661923887335118
0.11622252726699447
0.11582712642239525
0.11543303872709657
0.11504026644983628
0.11464881174162378
0.11425867663683
0.11386986305428634
0.11348237279839524
0.11309620756025027
0.1127113689187657
0.1123278583418138
0.11194567718737189
0.11156482670467487
0.11118530803537777
0.11080712221472179
0.11043027017270883
0.11005475273528023
0.10968057062550099
0.1093077244647487
0.10893621477390729
0.10856604197456238
0.10819720639020211
0.10782970824741991
0.10746354767711898
0.10709872471571907
0.10673523930636554
0.10637309130013833
0.10601228045726172
0.10565280644831536
0.1052946688554435
0.10493786717356543
0.10458240081158349
0.10422826909359127
0.10387547126007898
0.1035240064691372
0.10317387379765883
0.10282507224253809
0.10247760072186626
0.10213145807612464
0.10178664306937361
0.10144315439043818
0.10110099065408902
0.10076015040221942
0.1004206321050174
0.10008243416213286
0.09974555490383943
0.09940999259219117
0.09907574542217319
0.0987428115228471
0.09841118895848927
0.09808087572972318
0.09775186977464645
0.09742416896994813
0.09709777113202313
0.09677267401807518
0.09644887532721624
0.0961263727015557
0.09580516372728415
0.09548524593574714
0.09516661680451291
0.09484927375843104
0.09453321417068317
0.09421843536382536
0.09390493461082161
0.09359270913606964
0.0932817561164172
0.09297207268216978
0.09266365591808969
0.09235650286438596
0.0920506105176949
0.09174597583205231
0.09144259571985525
0.0911404670528158
0.09083958666290454
0.0905399513432848
0.0902415578492379
0.08994440289907803
0.08964848317505857
0.08935379532426782
0.08906033595951554
0.08876810166021011
0.08847708897322529
0.08818729441375742
0.08789871446617403
0.08761134558485054
0.08732518419499875
0.08704022669348553
0.08675646944964094
0.08647390880605677
0.08619254107937621
0.08591236256107217
0.08563336951821734
0.08535555819424336
0.08507892480969108
0.08480346556295061
0.0845291766309921
0.08425605417008561
0.08398409431651374
0.0837132931872723
0.08344364688076258
0.08317515147747367
0.0829078030406557
0.08264159761698306
0.08237653123720895
0.08211259991680965
0.0818497996566202
0.08158812644346042
0.08132757625075179
0.08106814503912536
0.08080982875702011
0.08055262334127293
0.08029652471769841
0.08004152880166152
0.07978763149863877
0.07953482870477421
0.07928311630742246
0.07903249018568656
0.078782946210945
0.07853448024737153
0.07828708815244528
0.0780407657774538
0.07779550896798636
0.07755131356441995
0.07730817540239657
0.07706609031329274
0.07682505412468077
0.07658506266078159
0.07634611174291028
0.07610819718991421
0.07587131481860131
0.07563546044416328
0.07540062988058958
0.07516681894107421
0.07493402343841503
0.07470223918540593
0.0744714619952211
0.0742416876817931
0.07401291206018246
0.07378513094694134
0.0735583401604692
0.0733325355213628
0.07310771285275786
0.07288386798066523
0.07266099673429974
0.0724390949464022
0.0722181584535559
0.0719981830964952
0.07177916472040914
0.07156109917523783
0.07134398231596303
0.07112781000289234
0.07091257810193757
0.0706982824848871
0.07048491902967241
0.07027248362062766
0.07006097214874592
0.06985038051192706
0.06964070461522184
0.06943194037106962
0.06922408369953081
0.06901713052851435
0.0688110767939991
0.06860591844025038
0.06840165142003193
0.06819827169481146
0.06799577523496218
0.06779415801995953
0.06759341603857236
0.0673935452890492
0.06719454177930104
0.0669964015270777
0.06679912056014112
0.06660269491643317
0.0664071206442393
0.0662123938023481
0.06601851046020582
0.06582546669806755
0.06563325860714328
0.06544188228974043
0.0652513338594023
0.06506160944104193
0.06487270517107317
0.06468461719753613
0.06449734168022117
0.06431087479078645
0.06412521271287427
0.06394035164222191
0.06375628778677005
0.06357301736676722
0.06339053661487072
0.06320884177624442
0.0630279291086528
0.06284779488255268
0.06266843538118017
0.06248984690063587
0.06231202574996619
0.06213496825124196
0.06195867073963354
0.06178312956348378
0.061608341084377266
0.06143430167720721
0.06126100773023925
0.06108845564517293
0.06091664183719965
0.060745562735059114
0.060575214781092124
0.060405594431291516
0.06023669815534981
0.060068522436705615
0.059901063772586305
0.05973431867404927
0.059568283666020495
0.05940295528733065
0.05923833009074905
0.05907440464301608
0.05891117552487195
0.0587486393310855
0.05858679267047848
0.05842563216594994
0.05826515445449733
0.05810535618723622
0.057946234029417565
0.05778778466044407
0.057630004773883664
0.05747289107748166
0.057316440293171615
0.05716064915708337
0.057005514419549944
0.056851032845113655
0.05669720121252929
0.05654401631476585
0.05639147495900791
0.056239573966653945
0.05608831017331417
0.05593768042880706
0.05578768159715326
0.055638310556569294
0.055489564199459815
0.05534143943240738
0.05519393317616271
0.055047042365632085
0.05490076394986429
0.05475509489203652
0.0546100321694383
0.054465572773455165
0.05432171370955055
0.054178451997246996
0.054035784670105995
0.05389370877570668
0.053752221375624146
0.05361131954540618
0.053471000374548876
0.05333126096647197
0.05319209843849275
0.05305350992179894
0.05291549256142136
0.052778043516205214
0.05264115995878018
0.05250483907553094
0.052369078066565294
0.05223387414568317
0.05209922454034338
0.05196512649163049
0.05183157725422108
0.05169857409634898
0.051566114299769275
0.05143419515972333
0.05130281398490127
0.05117196809740503
0.05104165483271059
0.0509118715396292
0.05078261558026893
0.050653884329994375
0.050525675177387236
0.050397985524205414
0.05027081278534187
0.05014415438878311
0.0500180077755672
0.04989237039974148
