0.5573826365186656
0.6214125284960407
0.6022845064455153
0.5852774179997471
0.5708695124922399
0.5591261835038097
0.5498789231102452
0.5428068751721958
0.5375247137456329
0.5336510078147971
0.5308484955665742
0.528840194276456
0.5274098238986309
0.5263943341128555
0.5256737935764753
0.5251614996494819
0.524795528805436
0.5245320302935141
0.5243401361986229
0.5241982077521927
0.5240911193863733
0.5240083188402892
0.5239424537755482
0.5238884053906865
0.52384261130391
0.5238025925176638
0.5237666236323463
0.5237335032530341
0.5237023943007888
0.5236727130119465
0.5236440518075082
0.5236161257051926
0.5235887350869096
0.5235617398249175
0.5235350412952758
0.5235085698680759
0.5234822762010772
0.523456125175305
0.5234300916664977
0.5234041575928918
0.523378309850919
0.5233525388691025
0.5233268375927906
0.5233012007695217
0.523275624444463
0.5232501056029117
0.5232246419159531
0.5231992315586604
0.523173873079459
0.5231485653056929
0.5231233072749135
0.5230980981845196
0.5230729373545665
0.5230478242000709
0.5230227582102114
0.5229977389325707
0.5229727659610928
0.5229478389267967
0.5229229574905588
0.5228981213374513
0.522873330172276
0.5228485837160078
0.5228238817029505
0.5227992238784451
0.522774609997016
0.5227500398208647
0.5227255131186381
0.522701029664423
0.5226765892369163
0.5226521916187448
0.5226278365959017
0.5226035239572827
0.5225792534942988
0.5225550250005574
0.5225308382715972
0.5225066931046672
0.5224825892985425
0.5224585266533728
0.5224345049705522
0.5224105240526159
0.5223865837031494
0.5223626837267145
0.5223388239287874
0.522315004115707
0.5222912240946309
0.5222674836734988
0.5222437826610024
0.5222201208665581
0.5221964981002868
0.5221729141729939
0.5221493688961553
0.5221258620819027
0.5221023935430125
0.5220789630928967
0.5220555705455939
0.5220322157157624
0.5220088984186739
0.5219856184702072
0.521962375686845
0.5219391698856675
0.5219160008843506
0.5218928685011609
0.5218697725549533
0.5218467128651678
0.521823689251827
0.5218007015355336
0.5217777495374679
0.5217548330793856
0.5217319519836162
0.5217091060730602
0.5216862951711874
0.5216635191020358
0.5216407776902088
0.5216180707608734
0.5215953981397595
0.5215727596531571
0.5215501551279148
0.5215275843914391
0.5215050472716913
0.5214825435971869
0.5214600731969936
0.52143763590073
0.5214152315385631
0.521392859941208
0.521370520939925
0.5213482143665198
0.5213259400533398
0.5213036978332737
0.5212814875397502
0.5212593090067357
0.5212371620687332
0.5212150465607804
0.5211929623184488
0.521170909177841
0.5211488869755908
0.5211268955488597
0.5211049347353368
0.5210830043732371
0.5210611043012993
0.5210392343587845
0.5210173943854752
0.520995584221673
0.5209738037081978
0.5209520526863854
0.5209303309980867
0.520908638485666
0.5208869749919991
0.5208653403604726
0.5208437344349808
0.5208221570599263
0.5208006080802166
0.5207790873412639
0.5207575946889824
0.5207361299697881
0.5207146930305961
0.5206932837188197
0.5206719018823686
0.5206505473696476
0.5206292200295553
0.5206079197114819
0.5205866462653079
0.5205653995414037
0.5205441793906261
0.5205229856643188
0.5205018182143087
0.5204806768929071
0.520459561552906
0.520438472047577
0.5204174082306706
0.5203963699564145
0.5203753570795113
0.5203543694551379
0.5203334069389435
0.520312469387048
0.5202915566560415
0.5202706686029813
0.5202498050853918
0.5202289659612618
0.5202081510890444
0.520187360327654
0.520166593536466
0.5201458505753149
0.5201251313044924
0.5201044355847467
0.5200837632772806
0.52006311424375
0.5200424883462624
0.5200218854473757
0.5200013054100969
0.5199807480978799
0.5199602133746241
0.5199397011046741
0.519919211152817
0.5198987433842813
0.5198782976647358
0.5198578738602874
0.5198374718374804
0.5198170914632949
0.5197967326051451
0.5197763951308778
0.5197560789087712
0.5197357838075332
0.5197155096963006
0.5196952564446371
0.5196750239225311
0.5196548120003962
0.5196346205490683
0.5196144494398045
0.5195942985442817
0.5195741677345952
0.5195540568832573
0.5195339658631962
0.5195138945477535
0.5194938428106843
0.519473810526154
0.5194537975687393
0.519433803813424
0.5194138291355996
0.5193938734110635
0.5193739365160166
0.5193540183270634
0.5193341187212093
0.5193142375758598
0.5192943747688195
0.5192745301782898
0.5192547036828683
0.5192348951615462
0.5192151044937092
0.5191953315591332
0.5191755762379858
0.5191558384108222
0.519136117958586
0.5191164147626073
0.5190967287045996
0.519077059666661
0.5190574075312715
0.5190377721812911
0.5190181534999599
0.5189985513708959
0.518978965678093
0.5189593963059209
0.5189398431391232
0.518920306062816
0.5189007849624858
0.5188812797239903
0.5188617902335546
0.5188423163777713
0.518822858043599
0.51880341511836
0.5187839874897409
0.5187645750457892
0.5187451776749126
0.5187257952658791
0.5187064277078134
0.5186870748901972
0.5186677367028669
0.5186484130360135
0.5186291037801798
0.51860980882626
0.5185905280654983
0.5185712613894875
0.5185520086901674
0.5185327698598241
0.5185135447910885
0.5184943333769338
0.5184751355106767
0.518455951085974
0.5184367799968216
0.5184176221375543
0.5183984774028435
0.5183793456876966
0.5183602268874545
0.5183411208977919
0.5183220276147151
0.5183029469345609
0.5182838787539956
0.5182648229700129
0.5182457794799338
0.5182267481814044
0.5182077289723951
0.5181887217511997
0.5181697264164328
0.5181507428670302
0.5181317710022468
0.5181128107216552
0.5180938619251447
0.51807492451292
0.5180559983855006
0.5180370834437186
0.5180181795887175
0.5179992867219521
0.5179804047451859
0.517961533560491
0.5179426730702461
0.517923823177135
0.5179049837841472
0.5178861547945743
0.5178673361120107
0.5178485276403512
0.51782972928379
0.5178109409468201
0.517792162534232
0.5177733939511113
0.5177546351028396
0.5177358858950908
0.5177171462338324
0.5176984160253227
0.5176796951761103
0.5176609835930324
0.5176422811832141
0.5176235878540668
0.5176049035132884
0.5175862280688593
0.5175675614290446
0.5175489035023904
0.5175302541977237
0.5175116134241514
0.5174929810910585
0.5174743571081075
0.5174557413852372
0.5174371338326613
0.5174185343608673
0.5173999428806153
0.5173813593029378
0.5173627835391368
0.5173442155007842
0.5173256550997204
0.5173071022480522
0.5172885568581531
0.517270018842661
0.5172514881144779
0.5172329645867684
0.5172144481729585
0.5171959387867349
0.5171774363420436
0.5171589407530887
0.5171404519343321
0.517121969800491
0.5171034942665378
0.5170850252476993
0.5170665626594548
0.5170481064175354
0.5170296564379228
0.5170112126368485
0.5169927749307923
0.516974343236482
0.5169559174708913
0.5169374975512399
0.5169190833949909
0.5169006749198515
0.5168822720437706
0.5168638746849386
0.5168454827617859
0.5168270961929822
0.516808714897435
0.5167903387942887
0.5167719678029243
0.5167536018429572
0.5167352408342367
0.5167168846968458
0.5166985333510986
0.5166801867175403
0.5166618447169462
0.5166435072703204
0.516625174298895
0.5166068457241285
0.5165885214677058
0.5165702014515366
0.5165518855977543
0.5165335738287153
0.5165152660669983
0.5164969622354021
0.5164786622569464
0.5164603660548693
0.5164420735526273
0.5164237846738936
0.5164054993425576
0.5163872174827242
0.5163689390187122
0.5163506638750532
0.516332391976492
0.5163141232479838
0.5162958576146951
0.5162775950020009
0.5162593353354853
0.5162410785409399
0.516222824544363
0.5162045732719581
0.5161863246501343
0.5161680786055038
0.5161498350648821
0.5161315939552871
0.516113355203937
0.516095118738251
0.516076884485847
0.5160586523745418
0.5160404223323498
0.5160221942874812
0.5160039681683426
0.5159857439035358
0.5159675214218553
0.51594930065229
0.5159310815240206
0.5159128639664186
0.5158946479090467
0.5158764332816568
0.5158582200141895
0.5158400080367733
0.5158217972797243
0.5158035876735436
0.5157853791489189
0.5157671716367214
0.515748965068006
0.5157307593740117
0.5157125544861574
0.5156943503360445
0.5156761468554545
0.5156579439763482
0.5156397416308649
0.5156215397513221
0.515603338270214
0.5155851371202111
0.5155669362341591
0.5155487355450791
0.515530534986165
0.5155123344907842
0.515494133992476
0.5154759334249515
0.5154577327220922
0.5154395318179494
0.5154213306467438
0.5154031291428638
0.5153849272408657
0.5153667248754726
0.5153485219815735
0.5153303184942225
0.5153121143486379
0.5152939094802025
0.5152757038244614
0.515257497317122
0.5152392898940534
0.5152210814912852
0.5152028720450071
0.5151846614915676
0.5151664497674746
0.5151482368093931
0.5151300225541453
0.51511180693871
0.5150935899002211
0.5150753713759679
0.5150571513033939
0.5150389296200957
0.5150207062638231
0.515002481172478
0.5149842542841132
0.514966025536933
0.5149477948692911
0.5149295622196907
0.5149113275267838
0.5148930907293704
0.5148748517663975
0.5148566105769592
0.5148383671002951
0.5148201212757904
0.5148018730429751
0.5147836223415228
0.5147653691112506
0.5147471132921186
0.5147288548242287
0.5147105936478239
0.5146923297032886
0.5146740629311468
0.5146557932720626
0.5146375206668381
0.5146192450564144
0.5146009663818703
0.5145826845844208
0.5145643996054183
0.5145461113863504
0.5145278198688399
0.5145095249946444
0.5144912267056556
0.5144729249438982
0.5144546196515302
0.5144363107708411
0.5144179982442526
0.5143996820143177
0.514381362023719
0.5143630382152701
0.5143447105319129
0.5143263789167185
0.5143080433128864
0.5142897036637433
0.5142713599127436
0.5142530120034676
0.5142346598796219
0.5142163034850384
0.5141979427636744
0.5141795776596106
0.5141612081170523
0.5141428340803282
0.5141244554938891
0.5141060723023083
0.514087684450281
0.5140692918826237
0.5140508945442732
0.5140324923802869
0.5140140853358413
0.5139956733562326
0.5139772563868756
0.5139588343733031
0.5139404072611657
0.513921974996231
0.5139035375243839
0.5138850947916245
0.5138666467440696
0.5138481933279508
0.5138297344896146
0.513811270175522
0.5137928003322475
0.5137743249064793
0.5137558438450187
0.513737357094779
0.513718864602786
0.5137003663161769
0.5136818621821999
0.5136633521482141
0.513644836161689
0.5136263141702039
0.5136077861214472
0.5135892519632166
0.5135707116434182
0.5135521651100663
0.5135336123112831
0.5135150531952978
0.5134964877104466
0.5134779158051725
0.5134593374280241
0.5134407525276559
0.5134221610528279
0.513403562952405
0.5133849581753558
0.5133663466707545
0.5133477283877774
0.5133291032757056
0.5133104712839223
0.5132918323619136
0.5132731864592678
0.5132545335256752
0.5132358735109275
0.5132172063649176
0.513198532037639
0.5131798504791861
0.5131611616397531
0.5131424654696336
0.5131237619192213
0.5131050509390086
0.5130863324795863
0.5130676064916444
0.5130488729259705
0.5130301317334496
0.5130113828650646
0.5129926262718953
0.5129738619051187
0.5129550897160072
0.5129363096559304
0.5129175216763533
0.5128987257288362
0.5128799217650348
0.5128611097367004
0.5128422895956778
0.5128234612939067
0.512804624783421
0.512785780016348
0.5127669269449087
0.512748065521417
0.51272919569828
0.5127103174279974
0.5126914306631614
0.5126725353564557
0.5126536314606563
0.5126347189286312
0.5126157977133384
0.5125968677678281
0.5125779290452411
0.5125589814988082
0.5125400250818511
0.5125210597477811
0.5125020854500995
0.5124831021423972
0.5124641097783542
0.5124451083117398
0.5124260976964125
0.512407077886318
0.5123880488354923
0.5123690104980583
0.5123499628282273
0.5123309057802979
0.5123118393086571
0.5122927633677781
0.5122736779122221
0.5122545828966367
0.5122354782757566
0.5122163640044021
0.5121972400374807
0.5121781063299855
0.5121589628369957
0.512139809513676
0.5121206463152769
0.5121014731971334
0.5120822901146671
0.512063097023383
0.5120438938788718
0.5120246806368086
0.5120054572529527
0.5119862236831476
0.5119669798833214
0.5119477258094856
0.5119284614177355
0.5119091866642502
0.5118899015052918
0.5118706058972062
0.5118512997964221
0.5118319831594509
0.5118126559428873
0.5117933181034082
0.5117739695977734
0.5117546103828247
0.5117352404154862
0.511715859652764
0.5116964680517468
0.5116770655696038
0.5116576521635867
0.5116382277910291
0.5116187924093449
0.5115993459760302
0.5115798884486616
0.5115604197848976
0.5115409399424763
0.5115214488792176
0.5115019465530216
0.511482432921869
0.5114629079438211
0.5114433715770192
0.5114238237796852
0.5114042645101204
0.5113846937267071
0.5113651113879066
0.5113455174522603
0.511325911878389
0.5113062946249938
0.511286665650854
0.5112670249148297
0.5112473723758592
0.5112277079929606
0.5112080317252307
0.5111883435318453
0.5111686433720595
0.5111489312052069
0.5111292069906999
0.5111094706880293
0.5110897222567647
0.5110699616565545
0.5110501888471248
0.5110304037882806
0.5110106064399047
0.5109907967619584
0.5109709747144808
0.5109511402575893
0.5109312933514787
0.5109114339564226
0.5108915620327713
0.5108716775409539
0.5108517804414759
0.510831870694922
0.5108119482619522
0.5107920131033066
0.5107720651798006
0.5107521044523277
0.5107321308818586
0.5107121444294414
0.510692145056201
0.5106721327233396
0.5106521073921362
0.5106320690239468
0.5106120175802049
0.5105919530224196
0.510571875312178
0.5105517844111434
0.5105316802810556
0.5105115628837315
0.5104914321810639
0.5104712881350228
0.5104511307076545
0.5104309598610813
0.5104107755575022
0.5103905777591926
0.5103703664285035
0.5103501415278632
0.510329903019775
0.5103096508668193
0.510289385031652
0.5102691054770049
0.5102488121656861
0.5102285050605794
0.5102081841246444
0.5101878493209169
0.5101675006125078
0.5101471379626044
0.5101267613344691
0.5101063706914404
0.5100859659969322
0.5100655472144338
0.5100451143075098
0.5100246672398006
0.5100042059750216
0.5099837304769642
0.5099632407094943
0.5099427366365532
0.5099222182221579
0.5099016854303998
0.509881138225446
0.5098605765715382
0.509840000432993
0.5098194097742026
0.5097988045596331
0.5097781847538263
0.5097575503213982
0.50973690122704
0.5097162374355169
0.509695558911669
0.5096748656204113
0.509654157526733
0.5096334345956975
0.5096126967924433
0.509591944082182
0.5095711764302007
0.5095503938018601
0.5095295961625951
0.5095087834779147
0.509487955713402
0.5094671128347139
0.5094462548075811
0.5094253815978086
0.5094044931712745
0.509383589493931
0.5093626705318042
0.5093417362509928
0.5093207866176698
0.5092998215980812
0.5092788411585467
0.5092578452654588
0.5092368338852834
0.5092158069845595
0.5091947645298991
0.5091737064879868
0.5091526328255807
0.509131543509511
0.5091104385066809
0.5090893177840666
0.5090681813087158
0.5090470290477496
0.5090258609683603
0.5090046770378138
0.508983477223447
0.5089622614926692
0.5089410298129617
0.5089197821518774
0.5088985184770414
0.5088772387561497
0.5088559429569701
0.5088346310473421
0.5088133029951759
0.5087919587684534
0.5087705983352271
0.5087492216636207
0.5087278287218284
0.5087064194781155
0.5086849939008173
0.5086635519583401
0.50864209361916
0.5086206188518236
0.5085991276249473
0.5085776199072174
0.5085560956673897
0.5085345548742901
0.5085129974968137
0.5084914235039248
0.5084698328646569
0.5084482255481124
0.5084266015234628
0.5084049607599478
0.5083833032268761
0.5083616288936242
0.5083399377296374
0.5083182297044284
0.5082965047875782
0.5082747629487347
0.5082530041576143
0.5082312283839999
0.5082094355977415
0.5081876257687563
0.5081657988670281
0.5081439548626071
0.5081220937256099
0.5081002154262192
0.5080783199346833
0.5080564072213163
0.5080344772564983
0.5080125300106738
0.5079905654543526
0.5079685835581096
0.5079465842925838
0.5079245676284787
0.5079025335365621
0.5078804819876654
0.5078584129526835
0.5078363264025747
0.5078142223083608
0.5077921006411259
0.5077699613720167
0.5077478044722429
0.5077256299130751
0.5077034376658468
0.5076812277019525
0.5076589999928477
0.5076367545100491
0.5076144912251339
0.5075922101097399
0.5075699111355644
0.5075475942743652
0.5075252594979591
0.5075029067782216
0.5074805360870881
0.5074581473965515
0.5074357406786631
0.5074133159055323
0.507390873049326
0.5073684120822675
0.5073459329766381
0.5073234357047745
0.5073009202390705
0.5072783865519745
0.5072558346159912
0.5072332644036801
0.5072106758876552
0.5071880690405848
0.5071654438351911
0.5071428002442497
0.5071201382405899
0.5070974577970924
0.5070747588866917
0.5070520414823734
0.5070293055571743
0.5070065510841831
0.5069837780365384
0.5069609863874293
0.5069381761100946
0.5069153471778227
0.5068924995639503
0.5068696332418631
0.5068467481849942
0.5068238443668249
0.5068009217608828
0.5067779803407428
0.5067550200800249
0.5067320409523959
0.5067090429315664
0.5066860259912929
0.5066629901053749
0.5066399352476562
0.506616861392023
0.5065937685124049
0.5065706565827727
0.5065475255771392
0.506524375469558
0.5065012062341226
0.5064780178449675
0.5064548102762656
0.5064315835022282
0.5064083374971056
0.5063850722351853
0.5063617876907915
0.5063384838382854
0.5063151606520634
0.5062918181065572
0.5062684561762337
0.5062450748355929
0.5062216740591684
0.5061982538215266
0.5061748140972662
0.5061513548610167
0.5061278760874391
0.5061043777512239
0.5060808598270913
0.5060573222897902
0.5060337651140976
0.5060101882748183
0.505986591746783
0.5059629755048489
0.5059393395238989
0.5059156837788399
0.5058920082446027
0.5058683128961413
0.5058445977084325
0.5058208626564744
0.505797107715286
0.5057733328599063
0.5057495380653944
0.5057257233068271
0.5057018885592998
0.5056780337979245
0.5056541589978295
0.505630264134159
0.505606349182071
0.5055824141167381
0.5055584589133456
0.505534483547091
0.5055104879931829
0.5054864722268408
0.5054624362232937
0.5054383799577787
0.5054143034055422
0.5053902065418359
0.5053660893419192
0.5053419517810552
0.5053177938345129
0.5052936154775634
0.5052694166854808
0.5052451974335407
0.5052209576970198
0.5051966974511932
0.5051724166713365
0.5051481153327212
0.5051237934106172
0.5050994508802888
0.5050750877169965
0.5050507038959933
0.5050262993925262
0.5050018741818332
0.504977428239143
0.5049529615396752
0.5049284740586367
0.504903965771223
0.504879436652616
0.5048548866779828
0.5048303158224756
0.5048057240612295
0.5047811113693621
0.5047564777219724
0.5047318230941392
0.5047071474609205
0.504682450797352
0.5046577330784464
0.5046329942791917
0.5046082343745506
0.5045834533394586
0.5045586511488241
0.504533827777526
0.5045089832004125
0.504484117392301
0.5044592303279761
0.5044343219821883
0.5044093923296533
0.5043844413450501
0.5043594690030204
0.5043344752781671
0.5043094601450524
0.5042844235781981
0.5042593655520828
0.5042342860411411
0.5042091850197625
0.5041840624622899
0.5041589183430185
0.504133752636194
0.5041085653160118
0.5040833563566154
0.5040581257320947
0.5040328734164856
0.5040075993837678
0.5039823036078632
0.5039569860626356
0.503931646721888
0.5039062855593622
0.5038809025487371
0.5038554976636266
0.5038300708775794
0.503804622164076
0.503779151496529
0.50375365884828
0.5037281441925993
0.5037026075026836
0.5036770487516551
0.5036514679125594
0.5036258649583645
0.5036002398619588
0.5035745925961501
0.5035489231336638
0.503523231447141
0.503497517509137
0.5034717812921206
0.5034460227684708
0.5034202419104779
0.5033944386903381
0.5033686130801556
0.5033427650519385
0.5033168945775981
0.5032910016289475
0.5032650861776992
0.5032391481954634
0.5032131876537479
0.5031872045239537
0.5031611987773759
0.5031351703852003
0.5031091193185022
0.5030830455482449
0.5030569490452779
0.5030308297803343
0.5030046877240303
0.5029785228468626
0.5029523351192067
0.5029261245113152
0.502899890993316
0.5028736345352106
0.5028473551068723
0.5028210526780432
0.5027947272183346
0.5027683786972229
0.502742007084049
0.5027156123480161
0.5026891944581876
0.5026627533834853
0.5026362890926879
0.502609801554428
0.5025832907371918
0.5025567566093151
0.5025301991389832
0.5025036182942276
0.5024770140429251
0.5024503863527947
0.5024237351913964
0.502397060526129
0.5023703623242275
0.5023436405527619
0.5023168951786348
0.5022901261685793
0.5022633334891564
0.5022365171067542
0.5022096769875842
0.5021828130976811
0.5021559254028984
0.5021290138689082
0.5021020784611981
0.5020751191450694
0.5020481358856344
0.5020211286478149
0.5019940973963398
0.5019670420957425
0.5019399627103593
0.5019128592043268
0.5018857315415798
0.5018585796858487
0.5018314036006578
0.5018042032493226
0.501776978594948
0.5017497296004253
0.5017224562284306
0.501695158441422
0.5016678362016376
0.5016404894710929
0.5016131182115785
0.5015857223846583
0.5015583019516655
0.5015308568737029
0.5015033871116379
0.5014758926261011
0.5014483733774849
0.5014208293259391
0.5013932604313698
0.5013656666534367
0.5013380479515511
0.5013104042848717
0.5012827356123042
0.5012550418924975
0.501227323083842
0.5011995791444663
0.5011718100322353
0.5011440157047471
0.5011161961193311
0.5010883512330451
0.5010604810026724
0.5010325853847197
0.5010046643354142
0.5009767178107015
0.5009487457662424
0.5009207481574101
0.5008927249392883
0.5008646760666683
0.5008366014940457
0.5008085011756188
0.5007803750652848
0.5007522231166378
0.5007240452829662
0.5006958415172493
0.500667611772155
0.5006393560000373
0.5006110741529329
0.5005827661825588
0.5005544320403097
0.5005260716772547
0.5004976850441352
0.5004692720913614
0.5004408327690095
0.5004123670268196
0.5003838748141922
0.500355356080185
0.5003268107735112
0.5002982388425358
0.5002696402352723
0.500241014899381
0.5002123627821649
0.5001836838305674
0.5001549779911697
0.5001262452101864
0.5000974854334646
0.5000686986064788
0.50003988467433
0.5000110435817406
0.4999821752730533
0.4999532796922263
0.49992435678283215
0.4998954064880531
0.49986642875067894
0.4998374235131033
0.49980839071732136
0.49977933030492616
0.49975024221710557
0.49972112639463956
0.4996919827778963
0.4996628113068299
0.4996336119209769
0.49960438455945266
0.49957512916094937
0.4995458456637312
0.4995165340056326
0.4994871941240545
0.4994578259559607
0.49942842943787547
0.49939900450587965
0.49936955109560777
0.49934006914224466
0.499310558580522
0.49928101934471536
0.4992514513686407
0.49922185458565105
0.49919222892863346
0.49916257433000544
0.49913289072171135
0.49910317803521975
0.49907343620151895
0.4990436651511154
0.4990138648140284
0.4989840351197876
0.4989541759974299
0.4989242873754953
0.49889436918202407
0.49886442134455283
0.49883444379011144
0.49880443644521943
0.49877439923588246
0.49874433208758917
0.49871423492530687
0.49868410767347915
0.4986539502560214
0.4986237625963175
0.49859354461721705
0.49856329624103085
0.49853301738952754
0.4985027079839304
0.49847236794491345
0.498441997192598
0.4984115956465489
0.4983811632257712
0.49835069984870595
0.4983202054332274
0.4982896798966385
0.49825912315566806
0.4982285351264661
0.4981979157246008
0.49816726486505547
0.49813658246222287
0.4981058684299036
0.4980751226813011
0.4980443451290185
0.49801353568505446
0.49798269426079966
0.4979518207670329
0.4979209151139176
0.4978899772109977
0.4978590069671937
0.49782800429079943
0.49779696908947796
0.4977659012702571
0.49773480073952686
0.49770366740303423
0.4976725011658807
0.49764130193251666
0.4976100696067394
0.49757880409168764
0.4975475052898389
0.497516173103004
0.49748480743232487
0.49745340817826966
0.4974219752406287
0.49739050851851097
0.49735900791033977
0.49732747331384863
0.49729590462607803
0.49726430174337083
0.4972326645613678
0.49720099297500486
0.49716928687850787
0.4971375461653887
0.4971057707284424
0.4970739604597414
0.49704211525063224
0.49701023499173186
0.4969783195729228
0.49694636888334953
0.4969143828114142
0.496882361244772
0.496850304070328
0.49681821117423225
0.49678608244187594
0.496753917757887
0.49672171700612605
0.4966894800696819
0.49665720683086806
0.4966248971712177
0.4965925509714803
0.4965601681116158
0.49652774847079256
0.4964952919273815
0.4964627983589519
0.49643026764226816
0.4963976996532845
0.4963650942671408
0.49633245135815873
0.4962997707998374
0.4962670524648481
0.4962342962250311
0.49620150195139084
0.49616866951409117
0.4961357987824516
0.496102889624943
0.4960699419091817
0.49603695550192756
0.4960039302690773
0.4959708660756612
0.49593776278583845
0.4959046202628928
0.49587143836922776
0.4958382169663621
0.4958049559149261
0.4957716550746559
0.4957383143043903
0.4957049334620652
0.49567151240470925
0.49563805098843966
0.4956045490684575
0.4955710064990433
0.4955374231335517
0.4955037988244079
0.49547013342310264
0.4954364267801874
0.4954026787452699
0.49536888916700983
0.4953350578931137
0.49530118477033014
0.495267269644446
0.4952333123602809
0.49519931276168294
0.49516527069152394
0.49513118599169437
0.4950970585030995
0.4950628880656534
0.4950286745182759
0.4949944176988862
0.4949601174443992
0.4949257735907199
0.4948913859727396
0.49485695442433014
0.49482247877833974
0.4947879588665881
0.4947533945198614
0.4947187855679074
0.49468413183943083
0.49464943316208865
0.4946146893624847
0.4945799002661651
0.49454506569761386
0.49451018548024683
0.4944752594364077
0.4944402873873632
0.4944052691532975
0.4943702045533075
0.4943350934053981
0.4942999355264774
0.49426473073235067
0.4942294788377169
0.49419417965616264
0.49415883300015745
0.49412343868104885
0.49408799650905744
0.49405250629327097
0.49401696784164095
0.49398138096097616
0.49394574545693815
0.4939100611340357
0.4938743277956205
0.4938385452438817
0.4938027132798404
0.49376683170334484
0.4937309003130654
0.49369491890648964
0.4936588872799161
0.49362280522845
0.4935866725459986
0.49355048902526427
0.49351425445774083
0.49347796863370796
0.4934416313422252
0.4934052423711278
0.4933688015070209
0.4933323085352741
0.49329576324001667
0.4932591654041316
0.4932225148092514
0.49318581123575156
0.4931490544627455
0.49311224426808004
0.49307538042832944
0.49303846271878965
0.4930014909134739
0.4929644647851064
0.4929273841051174
0.49289024864363806
0.49285305816949415
0.49281581245020156
0.49277851125196015
0.49274115433964893
0.49270374147681983
0.4926662724256931
0.4926287469471511
0.49259116480073306
0.49255352574462946
0.49251582953567674
0.49247807592935156
0.4924402646797654
0.4924023955396587
0.4923644682603958
0.49232648259195855
0.4922884382829415
0.4922503350805457
0.49221217273057394
0.49217395097742367
0.49213566956408256
0.4920973282321227
0.49205892672169443
0.4920204647715205
0.4919819421188915
0.491943358499659
0.49190471364822996
0.49186600729756186
0.49182723917915566
0.4917884090230513
0.49174951655782095
0.4917105615105636
0.49167154360689935
0.4916324625709634
0.4915933181254005
0.4915541099913584
0.491514837888483
0.4914755015349118
0.4914361006472681
0.491396634940655
0.4913571041286502
0.49131750792329903
0.4912778460351094
0.49123811817304497
0.4911983240445203
0.4911584633553939
0.4911185358099625
0.4910785411109555
0.4910384789595281
0.4909983490552564
0.49095815109613017
0.4909178847785474
0.4908775497973084
0.4908371458456094
0.49079667261503634
0.49075612979555944
0.49071551707552563
0.4906748341416544
0.49063408067902997
0.49059325637109574
0.49055236089964877
0.49051139394483195
0.4904703551851295
0.4904292442973596
0.4903880609566689
0.49034680483652593
0.4903054756087144
0.49026407294332786
0.4902225965087626
0.4901810459717119
0.49013942099715924
0.49009772124837225
0.4900559463868964
0.4900140960725483
0.48997216996340986
0.4899301677158213
0.4898880889843753
0.4898459334219101
0.48980370067950346
0.4897613904064657
0.48971900225033427
0.4896765358568659
0.4896339908700309
0.489591366932007
0.4895486636831716
0.48950588076209667
0.48946301780554147
0.48942007444844576
0.48937705032392376
0.4893339450632572
0.48929075829588903
0.48924748964941644
0.48920413874958435
0.48916070522027916
0.48911718868352116
0.4890735887594594
0.4890299050663627
0.4889861372206157
0.48894228483670976
0.4888983475272376
0.48885432490288616
0.4888102165724297
0.48876602214272336
0.488721741218696
0.48867737340334366
0.4886329182977228
0.48858837550094314
0.48854374461016103
0.4884990252205728
0.48845421692540714
0.4884093193159198
0.4883643319813843
0.4883192545090873
0.4882740864843206
0.488228827490374
0.4881834771085289
0.48813803491805113
0.4880925004961839
0.488046873418141
0.48800115325709936
0.48795533958419285
0.4879094319685039
0.48786342997705817
0.4878173331748161
0.4877711411246665
0.4877248533874191
0.4876784695217981
0.4876319890844342
0.4875854116298578
0.4875387367104927
0.4874919638766474
0.48744509267650904
0.4873981226561361
0.48735105335945084
0.48730388432823235
0.48725661510210966
0.48720924521855336
0.48716177421287
0.4871142016181938
0.48706652696547925
0.4870187497834944
0.4869708695988138
0.48692288593580996
0.48687479831664754
0.4868266062612755
0.48677830928741894
0.4867299069105731
0.486681398643995
0.4866327839986968
0.486584062483438
0.4865352336047181
0.4864862968667695
0.4864372517715494
0.48638809781873366
0.48633883450570786
0.48628946132756123
0.48623997777707856
0.48619038334473225
0.48614067751867623
0.48609085978473715
0.4860409296264077
0.485990886524839
0.4859407299588328
0.48589045940483433
0.48584007433692483
0.4857895742268137
0.4857389585438314
0.48568822675492146
0.4856373783246336
0.4855864127151155
0.4855353293861061
0.48548412779492683
0.4854328073964754
0.4853813676432173
0.48532980798517916
0.48527812786993985
0.48522632674262406
0.48517440404589446
0.4851223592199441
0.4850701917024884
0.4850179009287582
0.4849654863314921
0.4849129473409285
0.484860283384798
0.48480749388831657
0.4847545782741771
0.48470153596254245
0.48464836637103703
0.48459506891474036
0.48454164300617847
0.484488088055317
0.48443440346955335
0.4843805886537089
0.4843266430100217
0.48427256593813894
0.4842183568351093
0.48416401509537504
0.48410954011076524
0.4840549312704874
0.48400018796112027
0.4839453095666062
0.48389029546824414
0.48383514504468106
0.48377985767190523
0.4837244327232386
0.48366886956932864
0.483613167578142
0.48355732611495583
0.48350134454235116
0.4834452222202049
0.48338895850568264
0.4833325527532313
0.48327600431457085
0.4832193125386884
0.4831624767718293
0.48310549635749067
0.4830483706364135
0.4829910989465759
0.4829336806231847
0.4828761149986694
0.48281840140267357
0.48276053916204903
0.4827025276008467
0.482644366040311
0.482586053798872
0.4825275901921377
0.48246897453288773
0.4824102061310655
0.48235128429377155
0.48229220832525566
0.4822329775269105
0.48217359119726455
0.4821140486319745
0.4820543491238185
0.4819944919626894
0.4819344764355873
0.48187430182661284
0.48181396741696103
0.4817534724849128
0.4816928163058296
0.48163199815214586
0.48157101729336205
0.4815098729960395
0.4814485645237909
0.4813870911372765
0.48132545209419597
0.48126364664928173
0.481201674054293
0.4811395335580091
0.48107722440622325
0.48101474584173565
0.4809520971043472
0.48088927743085386
0.48082628605503963
0.4807631222076705
0.48069978511648864
0.48063627400620595
0.480572588098498
0.4805087266119982
0.480444688762292
0.4803804737619104
0.4803160808203246
0.4802515091439403
0.48018675793609156
0.48012182639703566
0.48005671372394704
0.47999141911091214
0.4799259417489235
0.47986028082587523
0.4797944355265567
0.47972840503264774
0.4796621885227136
0.4795957851721997
0.47952919415342665
0.47946241463558514
0.4793954457847313
0.4793282867637818
0.4792609367325091
0.47919339484753704
0.47912566026233594
0.4790577321272187
0.47898960958933573
0.4789212917926715
0.4788527778780396
0.47878406698307874
0.47871515824224986
0.47864605078683053
0.47857674374491244
0.47850723624139746
0.4784375273979935
0.4783676163332117
0.4782975021623625
0.47822718399755304
0.47815666094768355
0.47808593211844425
0.4780149966123127
0.4779438535285508
0.47787250196320247
0.4778009410090906
0.4777291697558147
0.47765718728974893
0.4775849926940397
0.47751258504860356
0.4774399634301255
0.4773671269120566
0.4772940745646135
0.4772208054547757
0.4771473186462849
0.4770736131996432
0.47699968817211313
0.47692554261771547
0.47685117558722917
0.47677658612819074
0.47670177328489327
0.4766267360983872
0.47655147360647887
0.4764759848437311
0.47640026884146414
0.47632432462775504
0.47624815122743847
0.4761717476621073
0.4760951129501142
0.4760182461065716
0.47594114614335437
0.4758638120690996
0.47578624288920973
0.47570843760585346
0.47563039521796824
0.4755521147212622
0.4754735951082166
0.4753948353680889
0.4753158344869155
0.47523659144751373
0.4751571052294866
0.4750773748092258
0.47499739915991457
0.4749171772515331
0.4748367080508614
0.47475599052148454
0.47467502362379643
0.47459380631500564
0.47451233754914
0.4744306162770518
0.47434864144642375
0.4742664120017744
0.47418392688446453
0.4741011850327038
0.4740181853815566
0.47393492686294936
0.4738514084056781
0.47376762893541485
0.4736835873747162
0.47359928264303136
0.4735147136567095
0.47342987932900893
0.4733447785701061
0.4732594102871048
0.4731737733840445
0.4730878667619116
0.47300168931864855
0.4729152399491641
0.4728285175453448
0.472741520996065
0.47265424918719906
0.4725667010016323
0.472478875319273
0.4723907710170656
0.4723023869690021
0.47221372204613554
0.472124775116594
0.47203554504559325
0.4719460306954512
0.47185623092560264
0.47176614459261346
0.4716757705501961
0.47158510764922523
0.4714941547377528
0.4714029106610255
0.47131137426150077
0.4712195443788639
0.47112741985004514
0.4710349995092382
0.47094228218791856
0.4708492667148611
0.47075595191616026
0.47066233661524925
0.47056841963291973
0.4704741997873422
0.47037967589408686
0.4702848467661454
0.47018971121395137
0.47009426804540383
0.46999851606588844
0.46990245407830183
0.4698060808830739
0.46970939527819283
0.4696123960592285
0.4695150820193585
0.4694174519493925
0.4693195046377986
0.4692212388707298
0.46912265343205073
0.4690237471033648
0.4689245186640425
0.46882496689124964
0.4687250905599756
0.46862488844306394
0.46852435931124164
0.4684235019331498
0.4683223150753739
0.4682207975024769
0.46811894797702974
0.4680167652596454
0.46791424810901083
0.4678113952819221
0.4677082055333171
0.4676046776163122
0.4675008102822364
0.4673966022806684
0.46729205235947263
0.4671871592648367
0.46708192174130925
0.4669763385318388
0.46687040837781213
0.46676413001909456
0.46665750219406976
0.46655052363968164
0.46644319309147436
0.4663355092836363
0.4662274709490415
0.46611907681929377
0.46601032562477085
0.4659012160946687
0.46579174695704795
0.46568191693887895
0.4655717247660889
0.46546116916360963
0.46535024885542525
0.46523896256462133
0.46512730901343424
0.46501528692330146
0.4649028950149121
0.46479013200825886
0.46467699662269
0.4645634875769634
0.46444960358929843
0.46433534337743193
0.464220705658673
0.4641056891499581
0.46399029256790925
0.46387451462888996
0.46375835404906385
0.46364180954445383
0.4635248798310011
0.4634075636246259
0.4632898596412887
0.46317176659705184
0.4630532832081421
0.46293440819101483
0.462815140262417
0.4626954781394529
0.4625754205396501
0.4624549661810251
0.46233411378215167
0.46221286206222845
0.46209120974114753
0.46196915553956475
0.46184669817896995
0.4617238363817586
0.4616005688713029
0.4614768943720261
0.46135281160947533
0.4612283193103963
0.4611034162028088
0.4609781010160831
0.4608523724810162
0.46072622932991036
0.4605996702966521
0.4604726941167902
0.4603452995276175
0.46021748526825157
0.46008925007971685
0.4599605927050262
0.45983151188926696
0.45970200637968306
0.45957207492576185
0.4594417162793198
0.4593109291945891
0.45917971242830624
0.45904806473980003
0.4589159848910818
0.4587834716469349
0.45865052377500676
0.45851714004590044
0.4583833192332673
0.45824906011390165
0.45811436146783396
0.45797922207842756
0.4578436407324741
0.45770761622029055
0.45757114733581794
0.4574342328767189
0.45729687164447824
0.45715906244450233
0.4570208040862216
0.4568820953831916
0.4567429351531957
0.45660332221834987
0.45646325540520616
0.4563227335448577
0.45618175547304685
0.4560403200302694
0.4558984260618836
0.45575607241821936
0.4556132579546862
0.45546998153188406
0.45532624201571426
0.45518203827749
0.4550373691940506
0.4548922336478734
0.45474663052718783
0.45460055872609045
0.4544540171446601
0.45430700468907426
0.45415952027172557
0.4540115628113403
0.45386313123309563
0.4537142244687392
0.4535648414567093
0.4534149811422548
0.4532646424775559
0.45311382442184717
0.4529625259415391
0.4528107460103411
0.4526584836093863
0.45250573772735503
0.45235250736060006
0.4521987915132727
0.45204458919744894
0.45188989943325597
0.4517347212490003
0.45157905368129503
0.45142289577518946
0.451266246584297
0.4511091051709262
0.45095147060621
0.45079334197023707
0.4506347183521825
0.45047559885044003
0.4503159825727543
0.4501558686363528
0.44999525616807984
0.4498341443045292
0.44967253219217906
0.44951041898752553
0.4493478038572176
0.44918468597819244
0.4490210645378102
0.448856938733991
0.4486923077753491
0.4485271708813314
0.4483615272823526
0.44819537621993244
0.4480287169468328
0.44786154872719597
0.44769387083668083
0.4475256825626013
0.4473569832040643
0.44718777207210764
0.4470180484898385
0.44684781179257166
0.44667706132796703
0.44650579645616956
0.4463340165499464
0.4461617209948265
0.4459889091892383
0.4458155805446482
0.4456417344857001
0.44546737045035195
0.44529248789001563
0.44511708626969415
0.4449411650681204
0.44476472377789394
0.4445877619056198
0.4444102789720449
0.4442322745121961
0.4440537480755167
0.44387469922600253
0.44369512754234003
0.4435150326180402
0.44333441406157514
0.44315327149651385
0.44297160456165574
0.442789412911166
0.44260669621470916
0.4424234541575825
0.44223968644084866
0.44205539278146816
0.4418705729124312
0.4416852265828888
0.44149935355828257
0.44131295362047573
0.44112602656788086
0.4409385722155892
0.4407505903954981
0.44056208095643706
0.44037304376429504
0.4401834787021443
0.4399933856703657
0.4398027645867716
0.439611615386728
0.4394199380232771
0.4392277324672561
0.43903499870741836
0.43884173675055055
0.4386479466215909
0.43845362836374474
0.43825878203859947
0.438063407726239
0.4378675055253561
0.4376710755533635
0.4374741179465052
0.4372766328599633
0.4370786204679675
0.4368800809639003
0.4366810145604017
0.4364814214894729
0.4362813020025782
0.43608065637074445
0.4358794848846612
0.4356777878547776
0.43547556561139766
0.43527281850477473
0.4350695469052043
0.434865751203114
0.4346614318091537
0.43445658915428226
0.43425122368985325
0.43404533588769895
0.4338389262402118
0.4336319952604258
0.4334245434820933
0.4332165714597625
0.43300807976885125
0.43279906900571996
0.43258953978774123
0.43237949275336973
0.43216892856220723
0.4319578478950674
0.43174625145403833
0.4315341399625422
0.43132151416539316
0.4311083748288533
0.43089472274068596
0.4306805587102073
0.43046588356833443
0.4302506981676335
0.4300350033823627
0.42981880010851536
0.4296020892638584
0.4293848717879709
0.4291671486422781
0.4289489208100846
0.4287301892966031
0.4285109551289828
0.4282912193563344
0.42807098304975205
0.42785024730233356
0.4276290132291973
0.4274072819674976
0.4271850546764365
0.426962332537273
0.4267391167533303
0.4265154085499998
0.4262912091747427
0.42606651989708866
0.4258413420086321
0.42561567682302576
0.42538952567596955
0.4251628899252016
0.42493577095048063
0.4247081701535694
0.42448008895821376
0.42425152881012007
0.4240224911769276
0.42379297754818157
0.42356298943529935
0.4233325283715372
0.42310159591195173
0.42287019363336065
0.42263832313429783
0.4224059860349685
0.42217318397720016
0.42193991862438907
0.42170619166144757
0.4214720047947446
0.4212373597520458
0.4210022582824494
0.42076670215632034
0.4205306931652206
0.4202942331218362
0.42005732385990324
0.4198199672341279
0.41958216512010726
0.419343919414244
0.41910523203366046
0.4188661049161073
0.41862654001987226
0.4183865393236841
0.4181461048266138
0.41790523854797346
0.4176639425272116
0.4174222188238072
0.41718006951715814
0.4169374967064695
0.4166945025106371
0.4164510890681302
0.41620725853686896
0.41596301309410105
0.4157183549362744
0.4154732862789079
0.41522780935645887
0.4149819264221878
0.4147356397480203
0.4144889516244076
0.4142418643601817
0.41399438028241053
0.4137465017362498
0.4134982310847901
0.41324957070890483
0.41300052300709317
0.41275109039532065
0.41250127530685854
0.41225108019211937
0.41200050751849066
0.4117495597701658
0.41149823944797265
0.4112465490691999
0.41099449116742104
0.4107420682923153
0.4104892830094874
0.41023613790028424
0.4099826355616085
0.4097287786057334
0.4094745696601097
0.4092200113671764
0.40896510638416456
0.40870985738290216
0.40845426704961574
0.4081983380847294
0.4079420732026623
0.40768547513162484
0.40742854661341277
0.4071712904031973
0.40691370926931647
0.40665580599306267
0.4063975833684691
0.40613904420209423
0.4058801913128042
0.40562102753155505
0.40536155570117116
0.40510177867612357
0.4048416993223065
0.4045813205168118
0.4043206451477027
0.4040596761137857
0.4037984163243807
0.40353686869909056
0.403275036167569
0.40301292166928754
0.4027505281532998
0.40248785857800656
0.40222491591091897
0.40196170312841994
0.4016982232155256
0.40143447916564484
0.4011704739803386
0.40090621066907717
0.4006416922489986
0.4003769217446639
0.4001119021878132
0.3998466366171206
0.39958112807794743
0.39931537962209707
0.39904939430756675
0.3987831751982998
0.3985167253639389
0.398250047879575
0.39798314582550015
0.39771602228695735
0.3974486803538902
0.3971811231206937
0.39691335368596314
0.39664537515224374
0.3963771906257799
0.3961088032162644
0.3958402160365873
0.39557143220258556
0.39530245483279025
0.3950332870481787
0.3947639319719208
0.3944943927291303
0.3942246724466134
0.3939547742526187
0.3936847012765877
0.3934144566489043
0.39314404350064697
0.3928734649633383
0.3926027241686977
0.3923318242483932
0.3920607683337941
0.3917895595557238
0.39151820104421414
0.3912466959282592
0.3909750473355716
0.3907032583923365
0.39043133222297044
0.3901592719498765
0.3898870806932048
0.3896147615706101
0.389342317697012
0.38906975218435724
0.3887970681413799
0.38852426867336576
0.38825135688191587
0.3879783358647126
0.3877052087152839
0.3874319785227736
0.3871586483717079
0.38688522134176606
0.38661170050755184
0.38633808893836585
0.3860643896979792
0.3857906058444091
0.38551674042969425
0.38524279649967463
0.38496877709376887
0.3846946852447575
0.38442052397856297
0.3841462963140354
0.38387200526273685
0.383597653828729
0.38332324500836157
0.3830487817900632
0.3827742671541324
0.38249970407253175
0.38222509550868344
0.38195044441726567
0.38167575374401214
0.3814010264255122
0.3811262653890138
0.38085147355222626
0.3805766538231276
0.3803018090997721
0.3800269422700998
0.37975205621174746
0.37947715379186353
0.379202237866922
0.3789273112825407
0.37865237687330006
0.378377437462564
0.3781024958623044
0.37782755487292496
0.37755261728308787
0.37727768586954546
0.3770027633969683
0.3767278526177805
0.37645295627199415
0.37617807708704637
0.3759032177776392
0.37562838104558066
0.37535356957962773
0.37507878605533296
0.37480403313489125
0.374529313466989
0.37425462968665774
0.3739799844151254
0.3737053802596748
0.37343081981349996
0.37315630565556657
0.3728818403504752
0.3726074264483237
0.372333066484576
0.37205876297992874
0.3717845184401827
0.37151033535611544
0.3712362162033562
0.37096216344226285
0.37068817951780086
0.3704142668594237
0.37014042788095747
0.36986666498048487
0.369592980540233
0.3693193769264633
0.3690458564893617
0.3687724215629333
0.36849907446489744
0.36822581749658545
0.36795265294283963
0.3676795830719166
0.36740661013538856
0.36713373636805074
0.3668609639878281
0.36658829519568537
0.3663157321755389
0.3660432770941696
0.3657709321011384
0.36549869932870394
0.3652265808917424
0.3649545788876674
0.36468269539635434
0.36441093248006506
0.36413929218337415
0.36386777653309876
0.3635963875382274
0.3633251271898545
0.3630539974611128
0.36278300030710975
0.36251213766486573
0.36224141145325284
0.361970823572936
0.3617003759063168
0.3614300703174771
0.36115990865212505
0.36088989273754435
0.36062002438254215
0.36035030537740165
0.36008073749383374
0.3598113224849321
0.35954206208512823
0.35927295801014997
0.3590040119569797
0.35873522560381443
0.35846660061002883
0.35819813861613703
0.3579298412437597
0.3576617100955872
0.3573937467553499
0.357125952787785
0.35685832973860865
0.35659087913448595
0.35632360248300465
0.3560565012726493
0.355789576972776
0.35552283103358956
0.35525626488612155
0.3549898799422081
0.35472367759447143
0.3544576592163003
0.3541918261618322
0.3539261797659375
0.3536607213442026
0.3533954521929178
0.3531303735890604
0.35286548679028507
0.3526007930349112
0.35233629354191204
0.3520719895109049
0.3518078821221427
0.35154397253650543
0.3512802618954935
0.35101675132122073
0.35075344191640856
0.350490334764382
0.3502274309290643
0.3499647314549743
0.34970223736722283
0.34943994967151154
0.34917786935412964
0.3489159973819541
0.3486543347024494
0.3483928822436664
0.3481316409142433
0.34787061160340754
0.3476097951809756
0.34734919249735685
0.3470888043835539
0.34682863165116673
0.3465686750923941
0.3463089354800391
0.34604941356751073
0.34579011008882804
0.3455310257586252
0.34527216127215454
0.3450135173052921
0.3447550945145413
0.344496893537038
0.3442389149905556
0.34398115947350905
0.3437236275649609
0.3434663198246254
0.34320923679287324
0.34295237899073716
0.342695746919916
0.34243934106278
0.3421831618823746
0.341927209822426
0.34167148530734337
0.34141598874222545
0.3411607205128618
0.340905680985738
0.34065087050803816
0.34039628940764777
0.3401419379931563
0.3398878165538595
0.33963392535976095
0.339380264661573
0.3391268346907186
0.3388736356593305
0.3386206677602517
0.3383679311670346
0.3381154260339402
0.3378631524959347
0.33761111066868876
0.33735930064857284
0.33710772251265475
0.3368563763186933
0.3366052621051344
0.33635437989110456
0.3361037296764028
0.3358533114414954
0.33560312514750407
0.33535317073619914
0.3351034481299877
0.3348539572319027
0.3346046979255901
0.3343556700752961
0.33410687352585217
0.33385830810266004
0.33360997361167477
0.33336186983938737
0.33311399655280527
0.33286635349943294
0.33261894040725065
0.33237175698469146
0.33212480292061813
0.3318780778842966
0.33163158152537114
0.3313853134738363
0.33113927334000687
0.3308934607144876
0.3306478751681416
0.3304025162520562
0.3301573834975082
0.3299124764159266
0.32966779449885475
0.3294233372179113
0.3291791040247471
0.32893509435100243
0.32869130760826365
0.3284477431880137
0.32820440046158594
0.32796127878011333
0.3277183774744754
0.3274756958552451
0.3272332332126327
0.3269909888164279
0.32674896191593933
0.32650715173993333
0.3262655574965703
0.3260241783733374
0.3257830135369813
0.3255420621334377
0.32530132328775824
0.3250607961040366
0.3248204796653304
0.32458037303358245
0.324340475249539
0.32410078533266523
0.3238613022810584
0.32362202507136006
0.3233829526586631
0.32314408397641875
0.3229054179363385
0.32266695342829654
0.3224286893202264
0.322190624458017
0.32195275766540477
0.3217150877438634
0.3214776134724916
0.32124033360789533
0.3210032468840718
0.32076635201228426
0.3205296476809395
0.3202931325554594
0.3200568052781497
0.3198206644680658
0.31958470872087497
0.3193489366087175
0.3191133466800603
0.31887793745955234
0.3186427074478716
0.31840765512157265
0.3181727789329287
0.3179380773097704
0.31770354865532124
0.3174691913480296
0.31723500374139607
0.3170009841637989
0.31676713091831393
0.3165334422825304
0.31629991650836464
0.3160665518218698
0.31583334642303856
0.3156002984856052
0.3153674061568426
0.31513466755735303
0.31490208078085785
0.31466964389398067
0.3144373549360278
0.3142052119187615
0.31397321282617274
0.3137413556142458
0.3135096382107203
0.31327805851484813
0.3130466143971458
0.31281530369914046
0.312584124233114
0.3123530737818392
0.3121221500983127
0.31189135090548314
0.31166067389597274
0.31143011673179366
0.31119967704406204
0.31096935243270185
0.31073914046614826
0.31050903868104196
0.31027904458191946
0.3100491556408978
0.3098193692973525
0.30958968295759204
0.30936009399452336
0.3091305997473131
0.30890119752104456
0.3086718845863642
0.3084426581791264
0.3082135155000294
0.30798445371424576
0.307755469951046
0.3075265613034165
0.30729772482767
0.3070689575430497
0.30684025643132723
0.30661161843639273
0.30638304046383924
0.3061545193805387
0.30592605201421214
0.30569763515299203
0.3054692655449778
0.3052409398977828
0.30501265487807633
0.30478440711111526
0.3045561931802705
0.30432800962654327
0.3040998529480767
0.30387171959965664
0.3036436059922062
0.3034155084922717
0.3031874234215004
0.3029593470561106
0.30273127562635194
0.3025032053159602
0.3022751322615986
0.302047052552297
0.3018189622288767
0.3015908572833696
0.3013627336584276
0.3011345872467226
0.30090641389033873
0.30067820938015377
0.30044996945521285
0.30022168980209196
0.2999933660542522
0.29976499379138455
0.2995365685387454
0.2993080857664816
0.29907954088894706
0.2988509292640082
0.2986222461923403
0.2983934869167134
0.2981646466212684
0.2979357204307831
0.2977067034099272
0.29747759056250944
0.2972483768307101
0.29701905709430804
0.29678962616989246
0.29656007881006885
0.2963304097026495
0.29610061346983796
0.29587068466739885
0.2956406177838198
0.29541040723946
0.29518004738569137
0.2949495325040241
0.2947188568052261
0.29448801442842787
0.2942569994402187
0.2940258058337302
0.2937944275277097
0.29356285836558255
0.2933310921145039
0.2930991224643973
0.2928669430269856
0.2926345473348079
0.2924019288402271
0.2921690809144267
0.2919359968463945
0.29170266984189963
0.2914690930224535
0.29123525942426587
0.29100116199718395
0.2907667936036269
0.2905321470175062
0.29029721492313665
0.29006198991413734
0.2898264644923229
0.2895906310665836
0.2893544819517575
0.2891180093674914
0.28888120543709267
0.2886440621863737
0.2884065715424837
0.28816872533273635
0.2879305152834252
0.287691933018633
0.2874529700590323
0.2872136178206781
0.2869738676137948
0.2867337106415549
0.2864931379988511
0.28625214067106325
0.2860107095328187
0.2857688353467479
0.2855265087622352
0.28528372031416455
0.2850404604216634
0.2847967193868407
0.28455248739352457
0.2843077545059964
0.2840625106677247
0.2838167457000974
0.2835704493011546
0.2833236110443223
0.28307622037714625
0.28282826662003063
0.28257973896497735
0.2823306264743306
0.28208091807952695
0.2818306025798505
0.2815796686411949
0.28132810479483467
0.28107589943620415
0.28082304082368814
0.28056951707742234
0.2803153161781087
0.28006042596584324
0.27980483413895924
0.2795485282528885
0.2792914957190397
0.2790337238036973
0.2787751996269407
0.27851591016158833
0.27825584223216354
0.27799498251389043
0.2777333175317154
0.277470833659359
0.2772075171184011
0.2769433539773996
0.276678330151046
0.27641243139935584
0.2761456433269061
0.27587795138210947
0.2756093408565375
0.27533979688428956
0.2750693044414135
0.2747978483453773
0.27452541325459856
0.2742519836680313
0.27397754392481233
0.2737020782039743
0.27342557052422417
0.27314800474379247
0.27286936456035626
0.27258963351103727
0.2723087949724812
0.27202683216102136
0.2717437281329253
0.27145946578473884
0.27117402785371514
0.270887396918351
0.2705995553990179
0.27031048555870263
0.27002016950385643
0.2697285891853575
0.2694357263995929
0.2691415627896617
0.2688460798467049
0.2685492589113659
0.2682510811753879
0.2679515276833496
0.26765057933454683
0.26734821688502297
0.26704442094975267
0.26673917200498654
0.26643245039075647
0.2661242363135523
0.2658145098491704
0.2655032509457408
0.26519043942693876
0.2648760549953831
0.2645600772362295
0.26424248562096175
0.26392325951138607
0.2636023781638356
0.2632798207335851
0.2629555662794895
0.2626295937688408
0.2623018820824571
0.2619724100200029
0.2616411563055489
0.2613080995933735
0.2609732184740133
0.26063649148056417
0.2602978970952401
0.2599574137561918
0.2596150198645912
0.259270693791984
0.2589244138879158
0.2585761584878339
0.2582259059212691
0.257873634520301
0.2575193226283088
0.25716294860901073
0.25680449085579443
0.2564439278013409
0.25608123792754345
0.255716399775723
0.25534939195714085
0.25498019316380927
0.2546087821796025
0.2542351378916652
0.25385923930211723
0.25348106554006006
0.25310059587387407
0.2527178097238135
0.25233268667488945
0.25194520649004376
0.25155534912360544
0.2511630947350304
0.250768423702914
0.25037131663927625
0.24997175440410943
0.2495697181201872
0.24916518918811897
0.24875814930165155
0.24834858046320102
0.24793646499961242
0.24752178557812793
0.24710452522256476
0.24668466732968092
0.24626219568571955
0.24583709448312097
0.24540934833738592
0.24497894230407546
0.24454586189593322
0.24411009310011222
0.24367162239549103
0.24323043677005882
0.2427865237383534
0.2423398713589306
0.24189046825184773
0.2414383036161354
0.2409833672472429
0.2405256495544286
0.2400651415780767
0.23960183500691398
0.23913572219510587
0.23866679617920225
0.2381950506949131
0.23772048019368444
0.2372430798590505
0.23676284562273314
0.2362797741804662
0.23579386300751048
0.2353051103738402
0.2348135153589655
0.2343190778663684
0.2338217986375214
0.23332167926546352
0.23281872220790145
0.2323129307998128
0.2318043092655218
0.23129286273021818
0.2307785972308967
0.23026151972668557
0.2297416381085416
0.2292189612082856
0.22869349880695142
0.22816526164242454
0.22763426141635237
0.22710051080029245
0.22656402344108914
0.22602481396544977
0.2254828979837042
0.22493829209272936
0.22439101387801924
0.22384108191488866
0.2232885157687921
0.22273333599474673
0.22217556413584946
0.22161522272087253
0.22105233526093618
0.22048692624524785
0.2199190211359012
0.2193486463617358
0.21877582931125208
0.21820059832458338
0.21762298268452931
0.21704301260664596
0.21646071922841068
0.21587613459745808
0.2152892916589017
0.21470022424175278
0.21410896704444637
0.21351555561949087
0.21292002635725882
0.21232241646893263
0.21172276396863313
0.2111211076547423
0.21051748709045254
0.20991194258356186
0.20930451516554371
0.20869524656991645
0.20808417920994626
0.20747135615570836
0.20685682111054265
0.20624061838693364
0.20562279288185056
0.20500339005158075
0.2043824558860926
0.20376003688296546
0.20313618002092318
0.2025109327330067
0.2018843428794282
0.2012564587201428
0.20062732888717594
0.19999700235674833
0.19936552842123595
0.19873295666100327
0.1980993369161523
0.1974647192582225
0.19682915396188258
0.19619269147665125
0.19555538239868595
0.19491727744267545
0.19427842741387305
0.19363888318030695
0.1929986956452019
0.19235791571964617
0.19171659429553845
0.19107478221884514
0.1904325302631985
0.18978988910386846
0.18914690929213296
0.1885036412300787
0.18786013514585287
0.18721644106939683
0.18657260880867962
0.1859286879264577
0.18528472771757995
0.18464077718685523
0.18399688502750539
0.18335309960021381
0.1827094689127912
0.18206604060046505
0.1814228619068126
0.1807799796653403
0.18013744028172526
0.17949528971672327
0.17885357346975045
0.1782123365631443
0.1775716235271081
0.17693147838533996
0.1762919446413504
0.17565306526546431
0.17501488268251153
0.17437743876019984
0.17374077479816852
0.17310493151771825
0.17246994905221139
0.1718358669381375
0.17120272410683507
0.1705705588768628
0.16993940894701196
0.16930931138994768
0.1686803026464722
0.16805241852039587
0.16742569417400643
0.1668001641241233
0.1661758622387246
0.16555282173413335
0.16493107517274916
0.16431065446131202
0.16369159084968243
0.16307391493012546
0.16245765663708117
0.16184284524740875
0.16122950938108702
0.16061767700235788
0.1600073754212953
0.1593986312957853
0.1587914706339017
0.15818591879666136
0.15758200050114318
0.15697973982395655
0.156379160205043
0.1557802844517958
0.15518313474348208
0.1545877326359548
0.1539940990666366
0.15340225435976293
0.15281221823187033
0.1522240097975148
0.15163764757520687
0.15105314949355156
0.15047053289757517
0.1498898145552339
0.14931101066408156
0.1487341368580952
0.14815920821463685
0.14758623926154546
0.14701524398434712
0.14644623583356992
0.1458792277321561
0.14531423208295857
0.14475126077631326
0.14419032519767847
0.1436314362353285
0.1430746042880981
0.14251983927316303
0.1419671506338535
0.1414165473474908
0.14086803793323718
0.14032163045995621
0.13977733255407315
0.13923515140743048
0.1386950937851312
0.13815716603336467
0.13762137408720884
0.13708772347840356
0.136556219343091
0.13602686642951478
0.1354996691056783
0.13497463136695376
0.13445175684363897
0.13393104880846002
0.13341251018401354
0.13289614355014612
0.13238195115126963
0.13186993490360477
0.13136009640235735
0.13085243692881726
0.13034695745738323
0.12984365866250855
0.1293425409255671
0.12884360434163708
0.12834684872620172
0.12785227362176446
0.12735987830437856
0.12686966179008924
0.12638162284128712
0.1258957599729734
0.1254120714589344
0.12493055533782621
0.12445120941916818
0.12397403128924557
0.12349901831691934
0.1230261676593468
0.12255547626760772
0.12208694089224056
0.12162055808868627
0.12115632422264097
0.12069423547531766
0.12023428784861614
0.11977647717020373
0.1193207990985055
0.11886724912760405
0.11841582259205258
0.11796651467159745
0.1175193203958145
0.1170742346486576
0.11663125217292207
0.11619036757462246
0.11575157532728439
0.1153148697761549
0.1148802451423285
0.11444769552679201
0.11401721491438821
0.11358879717769932
0.11316243608085223
0.11273812528324445
0.11231585834319481
0.11189562872151582
0.11147742978501335
0.1110612548099109
0.11064709698520205
0.11023494941592932
0.10982480512639498
0.10941665706329959
0.10901049809881322
0.10860632103357867
0.10820411859964893
0.10780388346335762
0.10740560822812671
0.10700928543721008
0.10661490757637504
0.10622246707652194
0.10583195631624531
0.10544336762433347
0.10505669328221241
0.10467192552633067
0.1042890565504901
0.10390807850811878
0.10352898351449322
0.1031517636489048
0.10277641095677546
0.10240291745172225
0.10203127511757054
0.10166147591031974
0.10129351176005987
0.1009273745728402
0.10056305623249187
0.10020054860240636
0.09983984352726706
0.09948093283473809
0.09912380833711032
0.0987684618329058
0.09841488510843942
0.0980630699393417
0.09771300809204125
0.09736469132520881
0.09701811139116322
0.0966732600372397
0.09633012900712264
0.0959887100421416
0.09564899488253371
0.09531097526867026
0.09497464294225162
0.09463998964746746
0.09430700713212625
0.09397568714875323
0.09364602145565658
0.09331800181796485
0.09299162000863412
0.09266686780942651
0.09234373701186083
0.09202221941813504
0.09170230684202238
0.09138399110974077
0.09106726406079622
0.09075211754880172
0.09043854344227069
0.09012653362538645
0.08981607999874869
0.08950717448009571
0.08919980900500553
0.08889397552757383
0.08858966602107074
0.08828687247857661
0.08798558691359717
0.08768580136065843
0.08738750787588188
0.08709069853754095
0.08679536544659809
0.08650150072722373
0.08620909652729754
0.08591814501889153
0.08562863839873715
0.08534056888867464
0.08505392873608661
0.08476871021431481
0.08448490562306356
0.0842025072887854
0.08392150756505282
0.08364189883291655
0.08336367350124807
0.08308682400706993
0.08281134281587063
0.08253722242190864
0.08226445534850155
0.08199303414830415
0.0817229514035736
0.08145419972642268
0.08118677175906126
0.08092066017402758
0.08065585767440682
0.08039235699403934
0.08013015089772008
0.07986923218138495
0.07960959367228879
0.07935122822917418
0.07909412874242885
0.07883828813423543
0.07858369935871157
0.07833035540204107
0.07807824928259688
0.07782737405105529
0.07757772279050199
0.07732928861653081
0.0770820646773341
0.07683604415378537
0.07659122025951558
0.07634758624098098
0.07610513537752571
0.07586386098143534
0.07562375639798591
0.0753848150054858
0.07514703021531065
0.07491039547193343
0.0746749042529478
0.07444055006908606
0.0742073264642309
0.07397522701542293
0.07374424533286167
0.0735143750599022
0.07328560987304653
0.07305794348192977
0.07283136962930259
0.07260588209100818
0.0723814746759544
0.0721581412260836
0.07193587561633571
0.07171467175460913
0.0714945235817167
0.07127542507133813
0.07105737022996907
0.07084035309686575
0.07062436774398673
0.07040940827593156
0.07019546882987522
0.06998254357549986
0.06977062671492414
0.06955971248262807
0.06934979514537663
0.06914086900213898
0.06893292838400665
0.06872596765410756
0.06851998120751851
0.06831496347117522
0.06811090890377879
0.06790781199570181
0.06770566726889068
0.06750446927676657
0.0673042126041242
0.06710489186702841
0.06690650171270938
0.06670903681945521
0.06651249189650366
0.06631686168393135
0.06612214095254167
0.06592832450375175
0.06573540716947657
0.06554338381201283
0.06535224932392096
0.06516199862790571
0.06497262667669577
0.06478412845292175
0.06459649896899355
0.06440973326697619
0.0642238264184646
0.06403877352445767
0.06385456971523118
0.06367121015020968
0.06348869001783802
0.0633070045354511
0.06312614894914377
0.0629461185336399
0.06276690859216003
0.06258851445628896
0.06241093148584301
0.06223415506873578
0.06205818062084432
0.061883003585874
0.06170861943522348
0.06153502366784928
0.061362211810129484
0.06119017941572724
0.06101892206545448
0.06084843536713426
0.06067871495546394
0.06050975649187757
0.06034155566440806
0.060174108187548994
0.06000740980211711
0.059841456275113614
0.059676243399585896
0.0595117669944894
0.059348022904548985
0.05918500700012025
0.05902271517705139
0.0588611433565446
0.05870028748501743
0.058540143533964646
0.058380707499819835
0.05822197540381707
0.058063943291853215
0.0579066072343493
0.05774996332611345
0.05759400768620263
0.05743873645778576
0.05728414580800596
0.05713023192784393
0.05697699103198102
0.056824419358662545
0.056672513169561976
0.056521268749644575
0.05637068240703165
0.056220750472865844
0.05607146930117513
0.05592283526873877
0.05577484477495287
0.0556274942416962
0.05548078011319661
0.055334698855897924
0.055189246958326804
0.055044420930960535
0.05490021730609482
0.054756632637712264
0.05461366350135102
0.05447130649397437
0.054329558233839795
0.05418841536036983
0.054047874534021864
0.053907932436160225
0.05376858576892683
0.05362983125511364
0.05349166563803514
0.05335408568140128
0.05321708816919115
0.0530806699055268
0.05294482771454815
0.052809558440287716
0.05267485894654643
0.052540726116769625
0.0524071568539238
0.05227414808037393
0.05214169673776091
0.05200979978688045
0.051878454207560924
0.05174765699854414
0.05161740517736414
0.051487695780228444
0.05135852586189864
0.05122989249557272
0.05110179277276668
0.05097422380319767
0.050847182714667385
0.05072066665294595
0.05059467278165673
0.05046919828216111
0.05034424035344436
0.050219796212002135
0.05009586309172718
0.04997243824379689
