2.536875063729055
2.366871239698992
2.243193407220832
2.1800346231399628
2.1543558757861687
2.1436518104293527
2.1374443467680924
2.132430332516539
2.1277996812724203
2.123400844620176
2.119224478800647
2.115282319140665
2.111583916420016
2.1081343908457146
2.104935619592337
2.101987397461922
2.0992881530673437
2.096835335067163
2.0946256076578798
2.0926549467807547
2.090918688867815
2.089411559647348
2.0881276969823874
2.0870606744878972
2.08620352891484
2.0855487923718554
2.0850885294908816
2.0848143791637455
2.08471760024207
2.084789120481911
2.0850195879679907
2.085399424241693
2.0859188783684406
2.0865680812070093
2.0873370991822653
2.0882159869113135
2.089194838089492
2.090263834105248
2.0914132899200757
2.092633696819745
2.0939157617143724
2.0952504427359306
2.0966289809511713
2.0980429280743067
2.0994841701261575
2.100944947043847
2.102417868296919
2.1038959246114324
2.105372495942995
2.1068413558726324
2.1082966726261017
2.1097330069379128
2.1111453069962587
2.112528900714854
2.113879485582715
2.115193116343861
2.1164661907562667
2.11769543367378
2.118877879686633
2.120010854546182
2.1210919555880405
2.122119031355261
2.123090160610055
2.124003630908986
2.124857916902939
2.12565165850964
2.126383639093224
2.127052763772487
2.1276580379670538
2.128198546278836
2.128673431794845
2.129081875886712
2.129423078572102
2.12969623949365
2.129900539562003
2.1300351233010915
2.1300990819257812
2.1300914371746353
2.130011125913624
2.1298569855202056
2.129627740051388
2.129321987194079
2.1289381859913483
2.128474645334135
2.1279295132045424
2.1273007666541273
2.126586202498699
2.125783428709961
2.124889856484152
2.1239026929684743
2.1228189346278556
2.1216353612373107
2.120348530489111
2.118954773209043
2.11745018918241
2.1158306435981142
2.1140917641282067
2.1122289386707793
2.110237313796028
2.1081117939487677
2.105847041475607
2.103437477561525
2.1008772841784356
2.09816040716776
2.0952805605995994
2.092231232572909
2.0890056926437293
2.085597001091812
2.0819980202593906
2.0782014282189936
2.0741997350492296
2.0699853020178143
2.0655503639885007
2.060887055382065
2.055987440029517
2.0508435452567437
2.045447400531894
2.039791080988042
2.033866756101656
2.027666743759809
2.0211835698834615
2.014410033688032
2.0073392785536277
1.9999648683439015
1.9922808688531506
1.9842819338755622
1.9759633951792401
1.9673213554328817
1.9583527828788718
1.9490556062792572
1.939428808389024
1.9294725159455284
1.9191880839172255
1.9085781715449612
1.8976468075524582
1.8863994418178196
1.8748429808031601
1.8629858041514225
1.8508377600914376
1.8384101376525268
1.8257156141796511
1.8127681772523618
1.7995830208290768
1.7861764162364053
1.7725655594662446
1.758768397088529
1.7448034338874687
1.7306895260350665
1.7164456641816854
1.7020907512301782
1.6876433797392816
1.6731216138588945
1.6585427804356245
1.6439232734585891
1.629278375374885
1.6146220980355006
1.5999670451884997
1.5853242975739208
1.5707033208507135
1.5561118958523525
1.541556070069251
1.5270401288274098
1.5125665843979228
1.4981361812440888
1.4837479157954654
1.4693990695265378
1.4550852547004973
1.4408004728998387
1.4265371873841786
1.4122864113662899
1.398037815446531
1.3837798586491565
1.3694999486989903
1.3551846382753348
1.3408198648577516
1.3263912422662665
1.3118844118744732
1.2972854604619668
1.282581409452901
1.2677607765262064
1.2528142049869329
1.2377351486919856
1.2225205908078032
1.2071717637073527
1.19169482586685
1.1761014412603286
1.1604091995661514
1.1446418138830008
1.1288290388353897
1.1130062673729586
1.0972137892112934
1.0814957257405733
1.0658986913309898
1.05047026379016
1.0352573714072866
1.0203047157436134
1.005653345649812
0.9913394795197377
0.9773936430419244
0.9638401541467835
0.9506969514674162
0.9379757325897276
0.9256823470240109
0.913817377422892
0.902376840453674
0.8913529439755394
0.8807348472611233
0.8705093834489618
0.8606617161569858
0.8511759137765985
0.8420354345703036
0.8332235230000024
0.8247235227766971
0.8165191152298089
0.8085944931336594
0.8009344805054311
0.7935246084721379
0.7863511564002071
0.7794011663261243
0.7726624374896159
0.7661235065648443
0.7597736180782189
0.7536026885286965
0.7476012669000015
0.7417604935711566
0.7360720590806247
0.7305281637641448
0.7251214789496628
0.7198451101374408
0.71469256240393
0.7096577081306044
0.7047347570619706
0.6999182286310385
0.6952029264476688
0.6905839148195778
0.6860564971623582
0.6816161961502125
0.6772587354603454
0.672980022969122
0.6687761352656615
0.6646433033574327
0.6605778994519533
0.6565764247082675
0.6526354978612366
0.6487518446305918
0.6449222878350429
0.6411437381394564
0.6374131853702364
0.633727690340557
0.6300843771330275
0.6264804257928432
0.6229130653894179
0.6193795674091359
0.615877239446091
0.6124034191616717
0.6089554684876552
0.60553076805104
0.6021267118024252
0.5987407018331763
0.5953701433701286
0.5920124399401206
0.5886649887003419
0.5853251759343151
0.5819903727174172
0.5786579307602314
0.5753251784426892
0.5719894170570934
0.568647917283628
0.5652979159279743
0.5619366129571601
0.5585611688768904
0.5551687025011184
0.5517562891728254
0.5483209595035281
0.5448596987080228
0.5413694466201618
0.5378470984846807
0.5342895066292672
0.5306934831295158
0.5270558035869721
0.5233732121463285
0.5196424278815382
0.5158601526811426
0.512023080759701
0.5081279099137729
0.5041713546264173
0.5001501611025553
0.4960611242878723
0.4919011068855309
0.4876670603374791
0.48335604768094215
0.47896526812685974
0.4744920831377798
0.4699340437115098
0.46528891850837045
0.4605547224004506
0.4557297449779447
0.45081257852833617
0.4458021450164079
0.44069772164270127
0.4354989646481006
0.4302059311608415
0.4248190990412467
0.4193393848533985
0.4137681602589389
0.40810726725715385
0.40235903275570095
0.39652628291768477
0.3906123575712171
0.3846211246796639
0.378556994466603
0.37242493230434526
0.36623046896527295
0.3599797063740987
0.3536793166649458
0.3473365322116376
0.3409591244140848
0.33455536940805436
0.32813399950283334
0.32170413998723335
0.31527523189576623
0.30885694229329336
0.30245906451577986
0.296091411507837
0.2897637058599387
0.2834854703365551
0.2772659226006741
0.2711138775091086
0.2650376598271371
0.2590450295535691
0.25314312132474265
0.24733839864047244
0.2416366229782897
0.23604283727312114
0.23056136276177122
0.2251958078358694
0.2199490873124478
0.21482345040856793
0.2098205156801966
0.20494131123757586
0.20018631866051537
0.1955555191890489
0.1910484409414382
0.1866642060987933
0.18240157718269986
0.17825900173104364
0.1742346548420384
0.1703264792038571
0.1665322223554564
0.1628494710328891
0.159275682545146
0.15580821319578012
0.15244434382284092
0.14918130257200365
0.14601628504812803
0.14294647201079907
0.13996904479143868
0.13708119861498294
0.13428015400932627
0.13156316648195976
0.1289275346365422
0.12637060689337545
0.12388978696766709
0.12148253824854513
0.11914638721056428
0.11687892597817673
0.11467781415264366
0.11254078000027791
0.11046562109087997
0.10845020446583567
0.10649246640661608
0.10459041186639502
0.10274211362015272
0.10094571118196521
0.09919940953215002
0.09750147769150494
0.09585024717502981
0.09424411035317255
0.09268151874479186
0.09116098126260938
0.0896810624289102
0.08824038057658484
0.08683760604827499
0.0854714594043415
0.08414070964858285
0.08284417247907686
0.08158070857016722
0.08034922189044756
0.07914865806057936
0.07797800275391234
0.07683628014213052
0.0757225513875071
0.07463591318280592
0.07357549633941236
0.07254046442388215
0.07153001244277728
0.07054336557538483
0.06957977795369168
0.06863853148880832
0.06771893474288482
0.06682032184545077
0.06594205145301647
0.06508350575070793
0.06424408949465663
0.06342322909383757
0.06262037173002273
0.061834984514517376
0.061066553680343395
0.06031458380854574
0.05957859708731665
0.05885813260265117
0.058152745659274425
0.05746200713061595
0.05678550283662972
0.056122832948300866
0.05547361141771341
0.05483746543258821
0.05421403489424025
0.05360297191794185
0.05300394035471298
0.05241661533360309
0.05184068282355785
0.051275839214008585
0.05072179091335076
0.050178253964516424
0.049644953676879044
