0.5129405318695026
0.5324374112950174
0.5320845625275682
0.5316639564343741
0.5313477574404067
0.5311069341692015
0.5309198214130225
0.5307709444003855
0.5306492762620793
0.5305469714187219
0.5304584538804266
0.5303797638898664
0.5303080911450928
0.5302414420489467
0.5301784028720965
0.5301179713729198
0.5300594371855492
0.5300022969033449
0.5299461938220265
0.5298908751971529
0.529836161934473
0.5297819271023966
0.5297280807024823
0.5296745588778957
0.5296213162684167
0.5295683205959008
0.5295155488305018
0.5294629844769807
0.5294106156545189
0.5293584337385432
0.5293064324005142
0.5292546069294326
0.5292029537527134
0.5291514700980994
0.5291001537553112
0.5290490029081886
0.5289980160166278
0.5289471917336729
0.5288965288473992
0.5288460262402725
0.5287956828608047
0.5287454977038542
0.5286954697969937
0.5286455981911247
0.5285958819540577
0.5285463201661628
0.5284969119174479
0.5284476563056297
0.5283985524348832
0.5283495994150508
0.5283007963611648
0.5282521423931761
0.5282036366358173
0.5281552782185521
0.5281070662755762
0.5280589999458485
0.5280110783731378
0.527963300706074
0.5279156660981993
0.527868173708015
0.5278208226990231
0.5277736122397592
0.5277265415038201
0.5276796096698815
0.527632815921713
0.527586159448183
0.5275396394432601
0.5274932551060099
0.5274470056405861
0.5274008902562193
0.5273549081672009
0.5273090585928661
0.5272633407575729
0.5272177538906802
0.5271722972265231
0.5271269700043881
0.5270817714684854
0.5270367008679222
0.5269917574566729
0.5269469404935513
0.5269022492421792
0.5268576829709576
0.5268132409530348
0.5267689224662773
0.5267247267932365
0.5266806532211196
0.5266367010417573
0.5265928695515725
0.52654915805155
0.5265055658472039
0.5264620922485475
0.5264187365700619
0.526375498130665
0.5263323762536802
0.5262893702668064
0.5262464795020869
0.5262037032958791
0.5261610409888241
0.5261184919258166
0.5260760554559751
0.5260337309326113
0.5259915177132021
0.525949415159358
0.5259074226367959
0.5258655395153077
0.5258237651687342
0.5257820989749338
0.5257405403157549
0.5256990885770082
0.5256577431484376
0.5256165034236921
0.5255753688002986
0.5255343386796338
0.5254934124668975
0.5254525895710837
0.525411869404955
0.5253712513850148
0.5253307349314815
0.5252903194682607
0.5252500044229194
0.52520978922666
0.5251696733142939
0.5251296561242152
0.5250897370983766
0.5250499156822613
0.5250101913248605
0.5249705634786457
0.5249310315995454
0.5248915951469191
0.5248522535835334
0.5248130063755371
0.5247738529924367
0.5247347929070725
0.5246958255955947
0.5246569505374387
0.5246181672153023
0.5245794751151218
0.524540873726048
0.5245023625404241
0.5244639410537623
0.5244256087647197
0.524387365175077
0.5243492097897149
0.5243111421165926
0.5242731616667241
0.5242352679541574
0.5241974604959516
0.5241597388121553
0.524122102425785
0.524084550862803
0.5240470836520972
0.5240097003254576
0.5239724004175577
0.5239351834659316
0.5238980490109543
0.52386099659582
0.5238240257665222
0.5237871360718331
0.5237503270632833
0.5237135982951414
0.523676949324394
0.5236403797107263
0.5236038890165017
0.5235674768067425
0.5235311426491103
0.5234948861138864
0.5234587067739531
0.523422604204774
0.5233865779843763
0.5233506276933293
0.5233147529147285
0.5232789532341753
0.5232432282397593
0.5232075775220398
0.5231720006740269
0.5231364972911646
0.5231010669713116
0.5230657093147246
0.5230304239240393
0.5229952104042539
0.5229600683627113
0.522924997409081
0.5228899971553426
0.5228550672157686
0.5228202072069071
0.5227854167475648
0.5227506954587906
0.5227160429638584
0.5226814588882512
0.5226469428596436
0.5226124945078869
0.522578113464991
0.5225437993651099
0.5225095518445247
0.5224753705416287
0.5224412550969098
0.5224072051529363
0.5223732203543414
0.5223393003478065
0.5223054447820467
0.5222716533077951
0.522237925577788
0.5222042612467493
0.5221706599713762
0.5221371214103236
0.5221036452241897
0.522070231075501
0.5220368786286984
0.5220035875501219
0.5219703575079966
0.5219371881724184
0.5219040792153395
0.5218710303105552
0.521838041133688
0.5218051113621764
0.5217722406752584
0.5217394287539594
0.5217066752810781
0.5216739799411727
0.521641342420548
0.5216087624072414
0.52157623959101
0.5215437736633173
0.5215113643173201
0.5214790112478557
0.5214467141514285
0.5214144727261976
0.5213822866719634
0.5213501556901559
0.5213180794838213
0.5212860577576096
0.521254090217763
0.5212221765721023
0.5211903165300154
0.5211585098024443
0.5211267561018751
0.5210950551423232
0.5210634066393234
0.5210318103099167
0.5210002658726399
0.5209687730475125
0.5209373315560263
0.5209059411211326
0.5208746014672317
0.5208433123201612
0.5208120734071847
0.5207808844569803
0.5207497451996298
0.5207186553666072
0.520687614690768
0.5206566229063385
0.520625679748904
0.5205947849553987
0.5205639382640947
0.5205331394145921
0.5205023881478068
0.5204716842059611
0.5204410273325737
0.5204104172724475
0.5203798537716613
0.5203493365775586
0.5203188654387364
0.5202884401050375
0.5202580603275382
0.5202277258585393
0.5201974364515562
0.5201671918613088
0.5201369918437115
0.5201068361558638
0.5200767245560411
0.5200466568036838
0.5200166326593887
0.5199866518848992
0.5199567142430965
0.5199268194979889
0.5198969674147037
0.5198671577594777
0.5198373902996476
0.5198076648036409
0.5197779810409677
0.5197483387822105
0.5197187377990161
0.5196891778640862
0.5196596587511688
0.5196301802350495
0.5196007420915425
0.5195713440974823
0.5195419860307148
0.5195126676700885
0.5194833887954469
0.519454149187619
0.5194249486284115
0.5193957869006003
0.5193666637879227
0.5193375790750678
0.51930853254767
0.5192795239922997
0.5192505531964559
0.5192216199485574
0.5191927240379357
0.5191638652548269
0.519135043390363
0.5191062582365649
0.5190775095863347
0.5190487972334472
0.5190201209725427
0.51899148059912
0.5189628759095274
0.5189343067009564
0.5189057727714336
0.5188772739198131
0.51884880994577
0.518820380649792
0.5187919858331727
0.5187636252980042
0.5187352988471698
0.5187070062843373
0.5186787474139507
0.5186505220412246
0.5186223299721364
0.5185941710134192
0.5185660449725549
0.5185379516577681
0.5185098908780175
0.518481862442991
0.518453866163098
0.5184259018494624
0.5183979693139166
0.5183700683689944
0.518342198827924
0.518314360504623
0.5182865532136893
0.518258776770398
0.518231030990691
0.5182033156911742
0.5181756306891088
0.5181479758024057
0.5181203508496198
0.5180927556499426
0.518065190023197
0.5180376537898301
0.5180101467709084
0.5179826687881105
0.5179552196637215
0.5179277992206268
0.5179004072823066
0.5178730436728293
0.5178457082168457
0.5178184007395842
0.5177911210668429
0.5177638690249854
0.5177366444409345
0.5177094471421665
0.5176822769567055
0.5176551337131178
0.5176280172405058
0.5176009273685028
0.5175738639272679
0.517546826747479
0.517519815660329
0.5174928304975195
0.5174658710912547
0.5174389372742374
0.5174120288796626
0.5173851457412125
0.5173582876930508
0.5173314545698187
0.5173046462066273
0.5172778624390546
0.5172511031031397
0.5172243680353771
0.5171976570727115
0.5171709700525338
0.5171443068126749
0.5171176671914007
0.5170910510274086
0.5170644581598199
0.5170378884281776
0.5170113416724393
0.5169848177329737
0.5169583164505551
0.5169318376663583
0.5169053812219551
0.5168789469593076
0.5168525347207648
0.5168261443490578
0.5167997756872945
0.5167734285789549
0.5167471028678877
0.5167207983983038
0.5166945150147733
0.5166682525622197
0.5166420108859167
0.5166157898314822
0.5165895892448752
0.5165634089723904
0.5165372488606534
0.5165111087566181
0.5164849885075605
0.516458887961075
0.5164328069650697
0.5164067453677631
0.5163807030176788
0.5163546797636416
0.5163286754547728
0.5163026899404872
0.5162767230704876
0.5162507746947608
0.5162248446635747
0.5161989328274721
0.516173039037269
0.5161471631440483
0.516121304999157
0.5160954644542024
0.5160696413610464
0.516043835571804
0.5160180469388371
0.5159922753147519
0.5159665205523943
0.5159407825048465
0.5159150610254225
0.515889355967665
0.5158636671853408
0.5158379945324378
0.5158123378631603
0.5157866970319258
0.5157610718933612
0.5157354623022987
0.5157098681137731
0.5156842891830166
0.5156587253654562
0.5156331765167097
0.5156076424925822
0.5155821231490623
0.5155566183423186
0.5155311279286964
0.5155056517647134
0.515480189707057
0.5154547416125799
0.5154293073382983
0.5154038867413855
0.5153784796791718
0.5153530860091382
0.5153277055889152
0.5153023382762774
0.515276983929142
0.515251642405564
0.5152263135637333
0.515200997261972
0.5151756933587297
0.5151504017125821
0.5151251221822254
0.5150998546264751
0.515074598904262
0.515049354874628
0.5150241223967249
0.5149989013298092
0.5149736915332402
0.5149484928664763
0.5149233051890721
0.514898128360675
0.5148729622410219
0.5148478066899373
0.5148226615673287
0.5147975267331842
0.5147724020475694
0.5147472873706246
0.5147221825625613
0.5146970874836597
0.5146720019942654
0.5146469259547862
0.5146218592256897
0.5145968016675002
0.5145717531407953
0.5145467135062032
0.5145216826244006
0.5144966603561085
0.5144716465620901
0.5144466411031484
0.5144216438401217
0.5143966546338827
0.5143716733453343
0.5143466998354078
0.5143217339650592
0.514296775595267
0.5142718245870296
0.5142468808013615
0.5142219440992923
0.5141970143418622
0.5141720913901207
0.5141471751051224
0.5141222653479267
0.5140973619795921
0.5140724648611761
0.5140475738537313
0.514022688818303
0.5139978096159266
0.5139729361076253
0.5139480681544069
0.5139232056172616
0.5138983483571598
0.5138734962350486
0.5138486491118501
0.5138238068484589
0.5137989693057388
0.5137741363445207
0.5137493078256007
0.513724483609737
0.513699663557647
0.5136748475300059
0.5136500353874438
0.513625226990543
0.5136004221998356
0.513575620875802
0.5135508228788668
0.5135260280693983
0.5135012363077051
0.5134764474540333
0.5134516613685652
0.5134268779114166
0.513402096942634
0.5133773183221928
0.5133525419099951
0.5133277675658667
0.5133029951495555
0.5132782245207289
0.5132534555389717
0.513228688063784
0.5132039219545781
0.5131791570706774
0.5131543932713137
0.5131296304156248
0.5131048683626521
0.5130801069713399
0.5130553461005305
0.513030585608965
0.5130058253552795
0.5129810651980025
0.5129563049955539
0.5129315446062428
0.5129067838882646
0.5128820226996995
0.51285726089851
0.5128324983425393
0.512807734889509
0.5127829703970166
0.512758204722534
0.5127334377234054
0.512708669256845
0.512683899179935
0.5126591273496238
0.5126343536227238
0.5126095778559098
0.5125847999057156
0.5125600196285343
0.5125352368806144
0.5125104515180582
0.5124856633968213
0.5124608723727085
0.5124360783013732
0.5124112810383146
0.5123864804388776
0.5123616763582483
0.5123368686514538
0.51231205717336
0.5122872417786699
0.5122624223219208
0.5122375986574832
0.512212770639559
0.5121879381221794
0.5121631009592026
0.5121382590043134
0.5121134121110196
0.5120885601326511
0.5120637029223586
0.5120388403331101
0.5120139722176913
0.5119890984287021
0.5119642188185551
0.5119393332394754
0.5119144415434961
0.511889543582459
0.5118646392080115
0.5118397282716054
0.511814810624495
0.5117898861177353
0.5117649546021804
0.5117400159284821
0.5117150699470874
0.5116901165082377
0.5116651554619663
0.5116401866580976
0.5116152099462448
0.5115902251758082
0.511565232195974
0.5115402308557129
0.5115152210037767
0.5114902024886991
0.5114651751587928
0.5114401388621478
0.5114150934466298
0.5113900387598794
0.5113649746493097
0.511339900962105
0.511314817545219
0.5112897242453738
0.5112646209090578
0.5112395073825244
0.5112143835117902
0.5111892491426339
0.5111641041205945
0.51113894829097
0.5111137814988151
0.5110886035889409
0.5110634144059129
0.5110382137940488
0.5110130015974179
0.5109877776598399
0.5109625418248823
0.5109372939358597
0.5109120338358324
0.5108867613676044
0.5108614763737228
0.5108361786964756
0.5108108681778906
0.5107855446597338
0.5107602079835089
0.5107348579904543
0.5107094945215429
0.5106841174174805
0.5106587265187046
0.510633321665382
0.510607902697409
0.5105824694544085
0.5105570217757304
0.510531559500448
0.5105060824673595
0.5104805905149833
0.5104550834815602
0.5104295612050493
0.5104040235231285
0.5103784702731919
0.5103529012923499
0.5103273164174263
0.5103017154849587
0.510276098331196
0.5102504647920976
0.510224814703332
0.5101991479002762
0.5101734642180136
0.5101477634913333
0.5101220455547287
0.5100963102423962
0.5100705573882348
0.5100447868258431
0.5100189983885202
0.5099931919092633
0.5099673672207669
0.5099415241554217
0.5099156625453127
0.5098897822222196
0.5098638830176142
0.5098379647626596
0.50981202728821
0.5097860704248082
0.5097600940026857
0.5097340978517609
0.5097080818016383
0.5096820456816071
0.5096559893206405
0.5096299125473944
0.5096038151902071
0.5095776970770967
0.5095515580357611
0.5095253978935776
0.5094992164776003
0.5094730136145603
0.509446789130864
0.5094205428525931
0.5093942746055019
0.5093679842150182
0.5093416715062411
0.5093153363039404
0.5092889784325557
0.5092625977161955
0.5092361939786363
0.5092097670433209
0.509183316733359
0.5091568428715247
0.5091303452802571
0.509103823781658
0.5090772781974912
0.5090507083491835
0.5090241140578214
0.5089974951441514
0.5089708514285789
0.5089441827311679
0.5089174888716392
0.5088907696693706
0.5088640249433953
0.5088372545124015
0.5088104581947315
0.5087836358083807
0.5087567871709976
0.508729912099882
0.5087030104119852
0.5086760819239082
0.508649126451902
0.508622143811866
0.5085951338193482
0.5085680962895439
0.5085410310372949
0.508513937877089
0.5084868166230597
0.5084596670889847
0.5084324890882861
0.5084052824340288
0.5083780469389215
0.508350782415314
0.5083234886751975
0.5082961655302052
0.5082688127916092
0.5082414302703223
0.5082140177768963
0.5081865751215209
0.5081591021140239
0.5081315985638715
0.5081040642801656
0.5080764990716451
0.5080489027466847
0.5080212751132943
0.5079936159791192
0.5079659251514381
0.5079382024371646
0.5079104476428449
0.5078826605746588
0.5078548410384187
0.5078269888395686
0.5077991037831846
0.5077711856739741
0.5077432343162755
0.5077152495140573
0.5076872310709186
0.5076591787900882
0.507631092474424
0.5076029719264136
0.5075748169481733
0.5075466273414472
0.5075184029076083
0.507490143447657
0.5074618487622218
0.5074335186515583
0.5074051529155486
0.5073767513537024
0.5073483137651561
0.5073198399486717
0.5072913297026378
0.5072627828250691
0.5072341991136059
0.5072055783655142
0.5071769203776854
0.5071482249466361
0.5071194918685082
0.507090720939069
0.5070619119537101
0.5070330647074484
0.5070041789949251
0.5069752546104068
0.5069462913477841
0.5069172890005722
0.5068882473619116
0.5068591662245662
0.5068300453809254
0.5068008846230027
0.5067716837424359
0.506742442530488
0.506713160778046
0.506683838275622
0.5066544748133526
0.5066250701809993
0.5065956241679485
0.5065661365632119
0.506536607155426
0.5065070357328525
0.5064774220833794
0.506447765994519
0.5064180672534104
0.5063883256468186
0.5063585409611342
0.5063287129823745
0.5062988414961839
0.5062689262878329
0.5062389671422197
0.5062089638438697
0.5061789161769357
0.5061488239251994
0.50611868687207
0.5060885048005854
0.506058277493413
0.5060280047328491
0.50599768630082
0.5059673219788816
0.5059369115482213
0.5059064547896561
0.5058759514836354
0.50584540141024
0.505814804349183
0.5057841600798103
0.5057534683811007
0.5057227290316668
0.5056919418097557
0.505661106493249
0.5056302228596639
0.5055992906861526
0.5055683097495045
0.505537279826146
0.5055062006921409
0.5054750721231908
0.5054438938946367
0.5054126657814592
0.505381387558278
0.5053500589993551
0.505318679878593
0.5052872499695364
0.5052557690453736
0.5052242368789356
0.5051926532426986
0.5051610179087834
0.5051293306489573
0.5050975912346334
0.5050657994368731
0.505033955026386
0.5050020577735304
0.5049701074483153
0.5049381038203996
0.5049060466590947
0.5048739357333644
0.5048417708118261
0.5048095516627512
0.5047772780540669
0.5047449497533567
0.504712566527861
0.5046801281444786
0.5046476343697677
0.5046150849699463
0.5045824797108943
0.5045498183581529
0.5045171006769276
0.5044843264320874
0.5044514953881672
0.5044186073093684
0.5043856619595597
0.5043526591022786
0.5043195985007325
0.5042864799177997
0.5042533031160308
0.5042200678576493
0.5041867739045536
0.504153421018317
0.5041200089601904
0.5040865374911022
0.5040530063716603
0.5040194153621533
0.5039857642225514
0.5039520527125072
0.5039182805913588
0.5038844476181287
0.503850553551527
0.5038165981499516
0.5037825811714904
0.5037485023739218
0.503714361514716
0.5036801583510377
0.5036458926397458
0.5036115641373957
0.5035771726002405
0.5035427177842322
0.5035081994450238
0.5034736173379696
0.503438971218128
0.5034042608402612
0.5033694859588387
0.5033346463280371
0.5032997417017425
0.5032647718335512
0.5032297364767724
0.5031946353844283
0.5031594683092567
0.5031242350037117
0.503088935219966
0.503053568709912
0.5030181352251634
0.5029826345170562
0.5029470663366519
0.502911430434737
0.502875726561826
0.5028399544681624
0.5028041139037205
0.5027682046182069
0.502732226361062
0.502696178881462
0.5026600619283196
0.5026238752502868
0.5025876185957562
0.5025512917128616
0.502514894349481
0.5024784262532375
0.5024418871715006
0.5024052768513895
0.5023685950397724
0.50233184148327
0.5022950159282564
0.5022581181208605
0.5022211478069684
0.5021841047322244
0.502146988642033
0.5021097992815604
0.5020725363957363
0.5020351997292557
0.5019977890265799
0.5019603040319389
0.5019227444893327
0.5018851101425332
0.5018474007350855
0.5018096160103097
0.5017717557113031
0.5017338195809407
0.5016958073618777
0.5016577187965513
0.5016195536271816
0.5015813115957738
0.5015429924441197
0.5015045959137991
0.5014661217461821
0.5014275696824293
0.5013889394634956
0.5013502308301292
0.5013114435228756
0.5012725772820776
0.5012336318478775
0.5011946069602186
0.5011555023588466
0.5011163177833117
0.501077052972969
0.5010377076669814
0.5009982816043204
0.5009587745237672
0.5009191861639152
0.5008795162631708
0.5008397645597548
0.5007999307917042
0.5007600146968736
0.5007200160129367
0.500679934477387
0.5006397698275404
0.5005995218005354
0.5005591901333352
0.5005187745627284
0.5004782748253319
0.5004376906575896
0.5003970217957758
0.500356267975996
0.5003154289341876
0.5002745044061213
0.5002334941274028
0.5001923978334734
0.5001512152596113
0.500109946140933
0.5000685902123941
0.5000271472087904
0.4999856168647592
0.4999439989147797
0.499902293093175
0.4998604991341123
0.4998186167716038
0.4997766457395081
0.4997345857715307
0.4996924366012251
0.4996501979619934
0.49960786958708736
0.4995654512096084
0.4995229425625096
0.49948034337859526
0.49943765339052215
0.4993948723307995
0.4993519999317904
0.499309035925712
0.4992659800446355
0.49922283202048723
0.49917959158504904
0.4991362584699585
0.49909283240670865
0.4990493131266497
0.49900570036098807
0.49896199384078715
0.49891819329696696
0.49887429846030495
0.4988303090614356
0.4987862248308505
0.49874204549889856
0.4986977707957857
0.49865340045157436
0.49860893419618485
0.4985643717593928
0.49851971287083063
0.4984749572599868
0.49843010465620535
0.49838515478868484
0.49834010738647905
0.4982949621784958
0.4982497188934959
0.4982043772600934
0.49815893700675395
0.4981133978617949
0.4980677595533835
0.498022021809537
0.49797618435812097
0.4979302469268482
0.4978842092432781
0.49783807103481537
0.49779183202870847
0.49774549195204876
0.49769905053176844
0.4976525074946403
0.4976058625672749
0.49755911547611953
0.4975122659474571
0.4974653137074035
0.49741825848190646
0.4973710999967431
0.4973238379775189
0.4972764721496644
0.49722900223843447
0.49718142796890485
0.4971337490659712
0.4970859652543449
0.4970380762585534
0.4969900818029347
0.49694198161163683
0.49689377540861474
0.49684546291762643
0.49679704386223233
0.4967485179657901
0.4966998849514529
0.49665114454216563
0.496602296460663
0.49655334042946436
0.4965042761708719
0.4964551034069665
0.4964058218596041
0.4963564312504124
0.49630693130078696
0.49625732173188736
0.49620760226463334
0.49615777261970057
0.4961078325175167
0.49605778167825704
0.4960076198218405
0.49595734666792457
0.49590696193590145
0.49585646534489336
0.4958058566137468
0.4957551354610295
0.4957043016050237
0.4956533547637223
0.495602294654823
0.49555112099572385
0.4954998335035165
0.4954484318949822
0.49539691588658574
0.49534528519446885
0.495293539534446
0.4952416786219969
0.4951897021722616
0.49513760990003386
0.49508540151975494
0.4950330767455071
0.49498063529100733
0.4949280768696009
0.49487540119425366
0.494822607977547
0.49476969693166895
0.49471666776840795
0.49466352019914617
0.49461025393485114
0.49455686868606963
0.4945033641629182
0.4944497400750772
0.49439599613178237
0.4943421320418169
0.49428814751350286
0.49423404225469414
0.49417981597276706
0.49412546837461263
0.4940709991666276
0.4940164080547059
0.49396169474422996
0.49390685894006126
0.4938519003465319
0.4937968186674351
0.4937416136060158
0.4936862848649613
0.4936308321463916
0.4935752551518496
0.4935195535822914
0.49346372713807624
0.4934077755189568
0.4933516984240677
0.49329549555191676
0.4932391666003729
0.4931827112666571
0.4931261292473301
0.4930694202382824
0.49301258393472297
0.49295562003116766
0.49289852822142904
0.4928413081986035
0.4927839596550604
0.49272648228243043
0.49266887577159335
0.4926111398126666
0.49255327409499217
0.4924952783071255
0.49243715213682215
0.4923788952710257
0.4923205073958551
0.49226198819659167
0.4922033373576661
0.4921445545626456
0.4920856394942207
0.49202659183419156
0.49196741126345445
0.49190809746198916
0.4918486501088436
0.49178906888212137
0.4917293534589665
0.49166950351555044
0.49160951872705705
0.4915493987676681
0.4914891433105494
0.49142875202783504
0.4913682245906139
0.49130756066891335
0.4912467599316851
0.4911858220467894
0.4911247466809804
0.4910635334998894
0.49100218216801084
0.49094069234868515
0.49087906370408374
0.49081729589519274
0.49075538858179657
0.49069334142246235
0.4906311540745226
0.49056882619406006
0.4905063574358895
0.49044374745354197
0.49038099589924766
0.49031810242391927
0.49025506667713364
0.4901918883071162
0.4901285669607222
0.49006510228342004
0.4900014939192737
0.48993774151092423
0.48987384469957235
0.48980980312496136
0.4897456164253573
0.48968128423753227
0.48961680619674564
0.48955218193672523
0.48948741108964944
0.489422493286128
0.48935742815518457
0.4892922153242355
0.4892268544190733
0.48916134506384634
0.4890956868810399
0.48902987949145693
0.4889639225141988
0.488897815566646
0.4888315582644379
0.48876515022145417
0.48869859104979396
0.488631880359757
0.48856501775982275
0.48849800285663164
0.4884308352549636
0.4883635145577188
0.48829604036589713
0.48822841227857766
0.4881606298928985
0.48809269280403605
0.4880246006051847
0.48795635288753597
0.48788794924025763
0.48781938925047336
0.4877506725032412
0.48768179858153327
0.48761276706621454
0.4875435775360214
0.48747422956754094
0.48740472273518975
0.48733505661119214
0.4872652307655599
0.4871952447660696
0.48712509817824223
0.4870547905653212
0.4869843214882506
0.48691369050565486
0.4868428971738154
0.4867719410466503
0.4867008216756925
0.48662953861006675
0.48655809139647027
0.48648647957914815
0.486414702699874
0.4863427602979268
0.4862706519100691
0.4861983770705256
0.48612593531096093
0.4860533261604577
0.4859805491454947
0.48590760378992526
0.4858344896149544
0.4857612061391177
0.48568775287825955
0.4856141293455098
0.4855403350512636
0.48546636950315786
0.4853922322060505
0.48531792266199747
0.48524344037023226
0.4851687848271423
0.4850939555262481
0.4850189519581814
0.48494377361066304
0.4848684199684809
0.48479289051346885
0.484717184724484
0.48464130207738637
0.48456524204501583
0.4844890040971709
0.48441258770058804
0.48433599231891866
0.48425921741270894
0.48418226243937734
0.48410512685319423
0.48402781010525964
0.48395031164348284
0.48387263091256044
0.483794767353956
0.4837167204058785
0.48363848950326116
0.48356007407774176
0.4834814735576404
0.48340268736793945
0.4833237149302634
0.4832445556628575
0.48316520898056803
0.4830856742948215
0.4830059510136048
0.4829260385414446
0.4828459362793886
0.48276564362498375
0.4826851599722582
0.4826044847117008
0.48252361723024195
0.482442556911234
0.48236130313443215
0.4822798552759753
0.4821982127083671
0.4821163748004574
0.4820343409174229
0.48195211042074926
0.48186968266821273
0.4817870570138617
0.48170423280799846
0.481621209397162
0.48153798612410964
0.48145456232779993
0.4813709373433752
0.4812871105021443
0.4812030811315654
0.4811188485552301
0.48103441209284575
0.48094977106021974
0.4808649247692429
0.4807798725278737
0.4806946136401229
0.4806091474060368
0.48052347312168314
0.48043759007913567
0.48035149756645834
0.4802651948676922
0.48017868126283897
0.480091956027849
0.48000501843460586
0.47991786775091283
0.4798305032404798
0.47974292416291003
0.4796551297736865
0.47956711932416046
0.47947889206153776
0.4793904472288673
0.4793017840650292
0.479212901804723
0.47912379967845614
0.47903447691253376
0.4789449327290468
0.478855166345862
0.4787651769766128
0.4786749638306872
0.4785845261132206
0.4784938630250849
0.4784029737628806
0.47831185751892785
0.47822051348125777
0.4781289408336053
0.47803713875540077
0.47794510642176347
0.47785284300349407
0.4777603476670683
0.47766761957463094
0.4775746578839893
0.4774814617486084
0.47738803031760546
0.4772943627357454
0.4772004581434359
0.477106315676724
0.477011934467292
0.47691731364245454
0.47682245232515547
0.4767273496339652
0.4766320046830794
0.47653641658231666
0.47644058443711695
0.47634450734854206
0.47624818441327366
0.47615161472361406
0.4760547973674868
0.4759577314284371
0.47586041598563344
0.47576285011386876
0.47566503288356343
0.4755669633607672
0.4754686406071628
0.47537006368006884
0.47527123163244456
0.4751721435128936
0.47507279836566985
0.47497319523068127
0.4748733331434981
0.47477321113535687
0.4746728282331688
0.47457218345952723
0.47447127583271403
0.4743701043667097
0.4742686680712012
0.474166965951592
0.47406499700901156
0.4739627602403258
0.47386025463814796
0.4737574791908511
0.4736544328825786
0.4735511146932582
0.4734475235986142
0.47334365857018107
0.4732395185753189
0.4731351025772267
0.4730304095349586
0.4729254384034401
0.4728201881334835
0.47271465767180615
0.4726088459610474
0.4725027519397873
0.47239637454256506
0.472289712699899
0.47218276533830633
0.47207553138032377
0.47196800974452924
0.47186019934556317
0.4717520990941516
0.471643707897129
0.47153502465746233
0.47142604827427526
0.47131677764287305
0.47120721165476925
0.4710973491977106
0.47098718915570514
0.4708767304090495
0.47076597183435753
0.47065491230458856
0.4705435506890784
0.4704318858535682
0.47031991666023687
0.4702076419677317
0.4700950606312015
0.46998217150232957
0.4698689734293674
0.46975546525716916
0.4696416458272271
0.46952751397770753
0.4694130685434876
0.4692983083561918
0.4691832322442314
0.46906783903284277
0.4689521275441263
0.4688360965970879
0.468719745007679
0.4686030715888392
0.46848607515053836
0.4683687544998199
0.4682511084408452
0.4681331357749385
0.4680148353006319
0.4678962058137122
0.46777724610726856
0.4676579549717391
0.4675383311949612
0.46741837356221977
0.4672980808562983
0.46717745185752974
0.4670564853438483
0.46693518009084245
0.4668135348718081
0.466691548457803
0.466569219617702
0.46644654711825295
0.4663235297241337
0.4662001661980094
0.466076455300591
0.46595239579069414
0.46582798642530027
0.46570322595961644
0.4655781131471378
0.4654526467397099
0.4653268254875922
0.4652006481395221
0.46507411344278093
0.46494722014325873
0.4648199669855224
0.46469235271288223
0.4645643760674611
0.46443603579026377
0.4643073306212476
0.4641782592993932
0.4640488205627763
0.4639190131486412
0.4637888357934742
0.46365828723307834
0.4635273662026493
0.46339607143685085
0.46326440166989313
0.4631323556356103
0.4629999320675393
0.46286712969900085
0.46273394726317885
0.46260038349320326
0.46246643712223184
0.46233210688353416
0.4621973915105753
0.46206228973710184
0.46192680029722755
0.46179092192552
0.4616546533570895
0.4615179933276768
0.4613809405737432
0.46124349383256114
0.46110565184230545
0.4609674133421456
0.4608287770723389
0.4606897417743247
0.4605503061908194
0.46041046906591176
0.4602702291451601
0.4601295851756894
0.4599885359062904
0.4598470800875183
0.45970521647179297
0.45956294381349994
0.4594202608690927
0.4592771663971951
0.45913365915870546
0.4589897379168996
0.4588454014375382
0.45870064848897113
0.4585554778422454
0.45840988827121304
0.4582638785526387
0.458117447466311
0.4579705937951508
0.45782331632532386
0.45767561384635147
0.4575274851512247
0.4573789290365169
0.45722994430249764
0.45708052975324925
0.4569306841967817
0.45678040644514956
0.45662969531456954
0.45647854962553835
0.4563269682029525
0.45617494987622687
0.4560224934794163
0.4558695978513361
0.4557162618356846
0.45556248428116464
0.4554082640416085
0.4552535999761006
0.45509849094910315
0.45494293583058126
0.45478693349612853
0.454630482827095
0.45447358271071336
0.4543162320402281
0.4541584297150227
0.45400017464075076
0.4538414657294645
0.45368230189974607
0.45352268207683777
0.45336260519277516
0.4532020701865178
0.45304107600408267
0.45287962159867756
0.45271770593083493
0.45255532796854603
0.4523924866873954
0.4522291810706971
0.4520654101096295
0.45190117280337233
0.4517364681592427
0.4515712951928325
0.45140565292814583
0.45123954039773695
0.45107295664284836
0.4509059007135491
0.45073837166887476
0.4505703685769657
0.4504018905152068
0.4502329365703677
0.4500635058387431
0.44989359742629176
0.449723210448779
0.4495523440319166
0.44938099731150305
0.44920916943356665
0.4490368595545051
0.44886406684122837
0.4486907904712985
0.4485170296330737
0.4483427835258482
0.44816805135999527
0.4479928323571079
0.447817125750142
0.4476409307835581
0.4474642467134621
0.4472870728077477
0.44710940834623936
0.44693125262083155
0.4467526049356322
0.44657346460710323
0.44639383096420193
0.4462137033485219
0.44603308111443374
0.44585196362922613
0.4456703502732453
0.4454882404400359
0.4453056335364798
0.44512252898293597
0.44493892621337955
0.44475482467554023
0.44457022383104017
0.4443851231555324
0.44419952213883707
0.44401342028507956
0.4438268171128251
0.44363971215521636
0.4434521049601065
0.4432639950901954
0.4430753821231627
0.442886265651801
0.442696645284149
0.4425065206436223
0.44231589136914556
0.4421247571152823
0.441933117552364
0.4417409723666197
0.4415483212603031
0.44135516395181995
0.4411615001758535
0.4409673296834907
0.44077265224234463
0.44057746763667927
0.44038177566753073
0.44018557615282816
0.4399888689275142
0.4397916538436636
0.4395939307706007
0.43939569959501634
0.4391969602210823
0.43899771257056674
0.4387979565829454
0.4385976922155146
0.4383969194435005
0.43819563826016766
0.4379938486769274
0.43779155072344317
0.43758874444773554
0.4373854299162849
0.4371816072141332
0.4369772764449841
0.43677243773130153
0.4365670912144066
0.43636123705457286
0.43615487543111964
0.4359480065425049
0.4357406306064147
0.43553274785985174
0.4353243585592232
0.43511546298042436
0.4349060614189227
0.4346961541898389
0.4344857416280265
0.43427482408814905
0.4340634019447566
0.43385147559235837
0.4336390454454949
0.43342611193880837
0.43321267552710907
0.43299873668544214
0.43278429590915013
0.43256935371393523
0.4323539106359181
0.43213796723169495
0.4319215240783928
0.43170458177372184
0.43148714093602625
0.4312692022043321
0.43105076623839367
0.4308318337187368
0.43061240534670014
0.43039248184447465
0.43017206395513957
0.429951152442697
0.42972974809210385
0.42950785170930056
0.4292854641212389
0.42906258617590587
0.42883921874234526
0.42861536271067857
0.4283910189921203
0.42816618851899335
0.42794087224474014
0.4277150711439324
0.42748878621227826
0.4272620184666247
0.42703476894496073
0.4268070387064148
0.42657882883125203
0.42635014042086705
0.4261209745977747
0.42589133250559846
0.4256612153090559
0.42543062419394084
0.42519956036710393
0.42496802505642917
0.4247360195108094
0.4245035450001171
0.42427060281517315
0.42403719426771475
0.4238033206903567
0.42356898343655336
0.4233341838805559
0.42309892341736827
0.42286320346269823
0.42262702545290765
0.4223903908449592
0.42215330111635985
0.42191575776510204
0.42167776230960263
0.4214393162886371
0.42120042126127344
0.4209610788068012
0.4207212905246592
0.4204810580343592
0.4202403829754083
0.41999926700722584
0.419757711809062
0.41951571907990837
0.41927329053840984
0.41903042792277134
0.41878713299066384
0.4185434075191248
0.41829925330445916
0.418054672162135
0.4178096659266776
0.417564236451561
0.41731838560909595
0.4170721152903164
0.41682542740486206
0.41657832388085914
0.41633080666479855
0.4160828777214106
0.415834539033538
0.4155857926020059
0.41533664044548857
0.41508708460037624
0.41483712712063553
0.41458677007767
0.41433601556017774
0.41408486567400626
0.4138333225420049
0.41358138830387425
0.41332906511601514
0.4130763551513724
0.4128232605992788
0.41256978366529484
0.41231592657104754
0.412061691554066
0.41180708086761575
0.4115520967805295
0.41129674157703666
0.4110410175565907
0.4107849270336941
0.4105284723377203
0.4102716558127362
0.41001447981731926
0.4097569467243754
0.40949905892095284
0.4092408188080554
0.4089822288004531
0.4087232913264917
0.4084640088278989
0.40820438375959034
0.4079444185894729
0.40768411579824665
0.4074234778792043
0.4071625073380307
0.4069012066925983
0.4066395784727634
0.40637762522015897
0.40611534948798755
0.4058527538408105
0.40558984085433863
0.4053266131152188
0.405063073220821
0.40479922377902305
0.40453506740799394
0.4042706067359773
0.4040058444010719
0.4037407830510117
0.40347542534294545
0.4032097739432142
0.40294383152712754
0.4026776007787412
0.40241108439063006
0.4021442850636632
0.4018772055067764
0.40160984843674513
0.40134221657795516
0.4010743126621738
0.4008061394283204
0.4005376996222343
0.40026899599644494
0.40000003130993955
0.3997308083279306
0.3994613298216233
0.39919159856798153
0.3989216173494955
0.39865138895394653
0.39838091617417287
0.39811020180783546
0.3978392486571829
0.397568059528816
0.39729663723345343
0.39702498458569524
0.39675310440378825
0.396480999509391
0.3962086727273377
0.395936126885403
0.3956633648140666
0.3953903893462797
0.3951172033172283
0.39484380956410003
0.39457021092584854
0.39429641024296036
0.3940224103572221
0.39374821411148503
0.3934738243494339
0.393199243915355
0.3929244756539023
0.3926495224098695
0.39237438702795574
0.3920990723525384
0.3918235812274429
0.3915479164957132
0.3912720809993864
0.3909960775792629
0.39071990907468196
0.39044357832329596
0.3901670881608461
0.38989044142093854
0.3896136409348221
0.38933668953116723
0.38905959003584467
0.3887823452717065
0.3885049580583685
0.38822743121199244
0.38794976754506927
0.38767196986620667
0.3873940409799135
0.3871159836863882
0.3868378007813087
0.3865594950556218
0.38628106929533523
0.3860025262813117
0.3857238687890622
0.38544509958854306
0.38516622144395374
0.3848872371135342
0.3846081493493678
0.3843289608971818
0.3840496744961521
0.38377029287870756
0.38349081877033836
0.3832112548894034
0.3829316039469415
0.3826518686464828
0.38237205168386346
0.3820921557470401
0.3818121835159076
0.38153213766211846
0.3812520208489029
0.38097183573089255
0.38069158495394445
0.3804112711549675
0.3801308969617506
0.3798504649927934
0.3795699778571379
0.3792894381542031
0.37900884847361993
0.3787282113950704
0.3784475294881272
0.3781668053120947
0.3778860414158536
0.37760524033770815
0.3773244046052309
0.3770435367351154
0.3767626392330278
0.37648171459345936
0.3762007652995844
0.37591979382311724
0.37563880262417343
0.37535779415113113
0.3750767708404961
0.3747957351167681
0.3745146893923096
0.3742336360672162
0.37395257752918987
0.3736715161534133
0.37339045430242784
0.3731093943260119
0.372828338561062
0.3725472893314775
0.3722662489480445
0.3719852197083249
0.37170420389654496
0.37142320378348803
0.37114222162638794
0.37086125966882577
0.3705803201406271
0.370299405257764
0.37001851722225504
0.3697376582220725
0.36945683043104666
0.3691760360087761
0.3688952771005376
0.3686145558372004
0.36833387433513864
0.3680532346961512
0.36777263900737867
0.3674920893412261
0.36721158775528473
0.36693113629225876
0.3666507369798907
0.3663703918308925
0.36609010284287596
0.3658098719982856
0.36552970126433504
0.3652495925929429
0.36496954792067327
0.36468956916867595
0.3644096582426295
0.3641298170326874
0.36385004741342364
0.36357035124378173
0.36329073036702636
0.36301118661069504
0.3627317217865529
0.3624523376905487
0.36217303610277335
0.3618938187874198
0.36161468749274384
0.3613356439510287
0.3610566898785504
0.36077782697554384
0.36049905692617157
0.36022038139849544
0.35994180204444737
0.35966332049980376
0.3593849383841615
0.35910665730091407
0.35882847883723096
0.3585504045640381
0.3582724360359993
0.3579945747915001
0.3577168223526328
0.35743918022518395
0.35716164989862037
0.35688423284608073
0.3566069305243661
0.35632974437393167
0.3560526758188824
0.3557757262669664
0.3554988971095735
0.3552221897217321
0.35494560546211024
0.3546691456730139
0.3543928116803926
0.35411660479383955
0.35384052630659824
0.35356457749556824
0.35328875962131207
0.3530130739280636
0.35273752164373784
0.3524621039799417
0.3521868221319857
0.3519116772788971
0.3516366705834345
0.3513618031921021
0.35108707623516683
0.35081249082667526
0.3505380480644719
0.3502637490302186
0.3499895947894155
0.3497155863914209
0.3494417248694743
0.3491680112407199
0.3488944465062295
0.34862103165102826
0.3483477676441201
0.34807465543851357
0.3478016959712503
0.34752889016343214
0.34725623892025076
0.34698374313101643
0.346711403669189
0.34643922139240846
0.34616719714252703
0.3458953317456409
0.34562362601212393
0.34535208073666046
0.3450806966982799
0.3448094746603916
0.3445384153708192
0.34426751956183815
0.34399678795020994
0.3437262212372206
0.34345582010871695
0.343185585235145
0.34291551727158726
0.3426456168578021
0.34237588461826174
0.3421063211621932
0.34183692708361557
0.3415677029613823
0.3412986493592194
0.3410297668257677
0.3407610558946227
0.3404925170843759
0.3402241508986556
0.33995595782616994
0.3396879383407465
0.3394200929013753
0.3391524219522513
0.3388849259228154
0.33861760522779716
0.3383504602672576
0.3380834914266312
0.3378166990767679
0.33755008357397687
0.3372836452600684
0.3370173844623958
0.3367513014938993
0.3364853966531475
0.3362196702243805
0.3359541224775514
0.3356887536683707
0.33542356403834583
0.335158553814825
0.3348937232110387
0.33462907242614204
0.33436460164525506
0.334100311039506
0.33383620076607157
0.3335722709682176
0.3333085217753412
0.33304495330301004
0.33278156565300376
0.3325183589133532
0.33225533315838063
0.33199248844873885
0.33172982483145075
0.3314673423399476
0.33120504099410797
0.33094292080029536
0.3306809817513961
0.3304192238268564
0.3301576469927194
0.32989625120166166
0.3296350363930282
0.32937400249287024
0.3291131494139772
0.3288524770559133
0.3285919853050516
0.32833167403460595
0.3280715431046658
0.3278115923622275
0.32755182164122637
0.3272922307625679
0.32703281953415936
0.326773587750938
0.3265145351949026
0.3262556616351412
0.32599696682785917
0.3257384505164072
0.32548011243130814
0.32522195229028317
0.32496396979827674
0.32470616464748236
0.32444853651736566
0.3241910850746886
0.3239338099735309
0.3236767108553127
0.32341978734881577
0.32316303907020305
0.3229064656230383
0.3226500665983048
0.3223938415744228
0.3221377901172671
0.32188191178018255
0.3216262061039996
0.32137067261704794
0.3211153108351713
0.3208601202617385
0.32060510038765533
0.32035025069137635
0.3200955706389133
0.31984105968384435
0.3195867172673222
0.3193325428180798
0.31907853575243783
0.3188246954743077
0.3185710213751967
0.3183175128342099
0.3180641692180519
0.31781098988102785
0.3175579741650431
0.31730512139960015
0.31705243090179813
0.3167999019763275
0.31654753391546564
0.31629532599907073
0.3160432774945746
0.31579138765697395
0.3155396557288212
0.31528808094021415
0.31503666250878215
0.31478539963967545
0.3145342915255484
0.314283337346545
0.314032536270282
0.31378188745182956
0.313531390033693
0.313281043145791
0.3130308459054334
0.31278079741729825
0.3125308967734064
0.3122811430530952
0.312031535322991
0.3117820726369801
0.3115327540361779
0.31128357854889754
0.3110345451906162
0.31078565296393956
0.3105369008585671
0.3102882878512527
0.31003981290576615
0.30979147497285203
0.3095432729901869
0.3092952058823364
0.30904727256070846
0.3087994719235071
0.30855180285568246
0.3083042642288821
0.3080568549013973
0.3078095737181106
0.30756241951043933
0.30731539109627937
0.3070684872799456
0.30682170685211163
0.30657504858974816
0.3063285112560574
0.3060820936004084
0.3058357943582686
0.30558961225113446
0.3053435459864608
0.3050975942575861
0.30485175574365797
0.304606029109557
0.3043604130058154
0.30411490606853847
0.3038695069193202
0.30362421416515867
0.30337902639836856
0.30313394219649314
0.30288896012221156
0.30264407872324783
0.30239929653227293
0.30215461206680955
0.30191002382913085
0.30166553030615995
0.30142112996936493
0.30117682127465323
0.30093260266226224
0.3006884725566502
0.300444429366381
0.30020047148401063
0.2999565972859684
0.29971280513243675
0.2994690933672296
0.2992254603176659
0.2989819042944439
0.2987384235915098
0.29849501648592647
0.2982516812377374
0.29800841608982975
0.29776521926779453
0.29752208897978316
0.29727902341636253
0.29703602075036684
0.2967930791367465
0.29655019671241556
0.29630737159609405
0.2960646018881501
0.2958218856704376
0.2955792210061316
0.29533660593956
0.2950940384960343
0.29485151668167503
0.2946090384832358
0.2943666018679233
0.29412420478321605
0.2938818451566774
0.29363952089576806
0.29339722988765315
0.29315496999900825
0.29291273907582094
0.2926705349431894
0.2924283554051175
0.29218619824430775
0.2919440612219492
0.29170194207750283
0.2914598385284848
0.29121774827024305
0.2909756689757346
0.29073359829529544
0.29049153385641013
0.29024947326347494
0.2900074140975605
0.28976535391616787
0.28952329025298223
0.2892812206176243
0.28903914249539553
0.2887970533470207
0.28855495060838765
0.28831283169028155
0.28807069397811547
0.2878285348316593
0.287586351584762
0.28734414154507054
0.2871019019937465
0.2868596301851777
0.28661732334668416
0.28637497867822237
0.28613259335208474
0.28589016451259475
0.28564768927579687
0.28540516472914484
0.2851625879311833
0.28491995591122665
0.28467726566903306
0.2844345141744737
0.2841916983671997
0.2839488151563014
0.28370586141996645
0.2834628340051326
0.2832197297271342
0.2829765453693473
0.28273327768282797
0.28248992338594736
0.28224647916402174
0.2820029416689385
0.28175930751877726
0.28151557329742666
0.2812717355541959
0.2810277908034234
0.2807837355240797
0.28053956615936504
0.28029527911630425
0.28005087076533675
0.2798063374398996
0.2795616754360094
0.2793168810118374
0.2790719503872807
0.27882687974352915
0.2785816652226272
0.2783363029270316
0.27809078891916494
0.2778451192209634
0.27759928981342175
0.27735329663613223
0.27710713558682154
0.27686080252087997
0.2766142932508885
0.2763676035461423
0.27612072913216734
0.2758736656902352
0.2756264088568723
0.2753789542233659
0.2751312973352658
0.27488343369188106
0.2746353587457757
0.2743870679022561
0.2741385565188589
0.2738898199048335
0.2736408533206196
0.2733916519773248
0.2731422110361944
0.2728925256080819
0.27264259075291447
0.2723924014791549
0.27214195274326203
0.2718912394491474
0.2716402564476302
0.27138899853588894
0.27113746045691034
0.27088563689893885
0.27063352249492006
0.2703811118219459
0.27012839940069644
0.26987537969488073
0.2696220471106764
0.26936839599616885
0.2691144206407886
0.26886011527475023
0.26860547406848784
0.26835049113209397
0.2680951605147571
0.2678394762041997
0.2675834321261177
0.26732702214362136
0.26707024005667723
0.26681307960155143
0.26655553445025776
0.26629759821000437
0.2660392644226474
0.26578052656414564
0.2655213780440191
0.26526181220481343
0.26500182232156794
0.2647414016012866
0.2644805431824203
0.2642192401343489
0.26395748545687386
0.2636952720797166
0.26343259286202547
0.26316944059188924
0.2629058079858611
0.2626416876884915
0.2623770722718708
0.2621119542351837
0.26184632600427216
0.2615801799312148
0.26131350829391525
0.26104630329570555
0.2607785570649644
0.2605102616547483
0.2602414090424409
0.25997199112941805
0.25970199974072905
0.2594314266247988
0.2591602634531464
0.25888850182012624
0.2586161332426891
0.25834314916016515
0.2580695409340697
0.25779529984793503
0.2575204171071644
0.25724488383891475
0.2569686910920055
0.2566918298368553
0.2564142909654503
0.25613606529134036
0.2558571435496698
0.2555775163972399
0.2552971744126065
0.2550161080962126
0.25473430787055906
0.2544517640804125
0.2541684669930549
0.2538844067985708
0.2535995736101826
0.2533139574646233
0.25302754832256064
0.2527403360690648
0.25245231051412625
0.2521634613932225
0.25187377836793645
0.2515832510266314
0.251291868885175
0.2509996213877251
0.25070649790757166
0.25041248774803715
0.2501175801434419
0.24982176426012967
0.24952502919756014
0.24922736398946677
0.24892875760508523
0.24862919895044994
0.248328676869764
0.24802718014684394
0.24772469750663698
0.24742121761682
0.24711672908947527
0.246811220482847
0.2465046803031837
0.24619709700666165
0.24588845900139752
0.24557875464954954
0.24526797226950664
0.24495610013817126
0.2446431264933363
0.24432903953615537
0.24401382743371217
0.2436974783216886
0.2433799803071311
0.2430613214713217
0.24274148987275135
0.24242047355019813
0.2420982605259141
0.24177483880891612
0.24145019639839108
0.2411243212872075
0.24079720146554262
0.2404688249246194
0.24013917966056061
0.23980825367835573
0.2394760349959458
0.23914251164842457
0.23880767169235767
0.23847150321021948
0.23813399431494958
0.2377951331546285
0.23745490791727267
0.2371133068357505
0.23677031819281638
0.23642593032626513
0.23608013163420793
0.23573291058046414
0.23538425570007426
0.23503415560492996
0.2346825989895207
0.2343295746367981
0.23397507142415258
0.2336190783295059
0.2332615844375136
0.2329025789458796
0.23254205117177712
0.2321799905583763
0.23181638668147508
0.23145122925623154
0.23108450814399467
0.23071621335922812
0.23034633507652935
0.22997486363773312
0.2296017895591032
0.22922710353860185
0.2288507964632376
0.22847285941648401
0.22809328368576637
0.22771206077000958
0.22732918238724523
0.22694464048226753
0.226558427234338
0.22617053506492893
0.2257809566455003
0.2253896849053057
0.22499671303921756
0.22460203451556804
0.22420564308399427
0.2238075327832862
0.22340769794922394
0.22300613322240048
0.22260283355601973
0.22219779422366384
0.2217910108270173
0.22138247930354593
0.22097219593411432
0.22056015735053897
0.22014636054306325
0.21973080286774985
0.21931348205377682
0.2188943962106297
0.2184735438351818
0.21805092381864813
0.2176265354534089
0.21720037843968934
0.2167724528920859
0.21634275934593075
0.21591129876348292
0.21547807253993784
0.21504308250924353
0.2146063309497156
0.21416782058943834
0.21372755461144702
0.21328553665867722
0.21284177083867287
0.21239626172804651
0.21194901437667835
0.21150003431164988
0.21104932754089778
0.21059690055658553
0.21014276033818063
0.2096869143552297
0.2092293705698268
0.2087701374387639
0.20830922391535875
0.20784663945095339
0.20738239399607633
0.206916498001264
0.20644896241753313
0.20597979869650268
0.20550901879015926
0.20503663515026
0.2045626607273739
0.20408710896955395
0.20360999382063985
0.20313132971818978
0.202651131591037
0.20216941485647474
0.20168619541706445
0.20120148965706933
0.20071531443851617
0.20022768709688232
0.1997386254364142
0.19924814772507543
0.19875627268913154
0.19826301950737285
0.19776840780497867
0.197272457647031
0.1967751895316786
0.19627662438296123
0.19577678354329736
0.19527568876564536
0.19477336220534147
0.1942698264116275
0.1937651043188716
0.19325921923749556
0.1927521948446152
0.19224405517440357
0.19173482460819005
0.19122452786430133
0.19071318998766087
0.19020083633915366
0.18968749258476963
0.1891731846845388
0.18865793888126808
0.18814178168909634
0.18762473988187423
0.18710684048138915
0.18658811074544354
0.18606857815579958
0.1855482704060094
0.1850272153891363
0.18450544118538842
0.18398297604967254
0.18345984839908572
0.1829360868003559
0.18241171995724764
0.18188677669794387
0.1813612859624189
0.18083527678981626
0.180308778305844
0.17978181971020024
0.1792544302640421
0.17872663927751173
0.17819847609733086
0.17766997009447616
0.17714115065194713
0.17661204715263928
0.1760826889673327
0.17555310544280758
0.17502332589009761
0.1744933795728903
0.17396329569608654
0.17343310339452514
0.17290283172188645
0.17237250963977913
0.17184216600702099
0.17131182956912155
0.17078152894797224
0.17025129263175443
0.16972114896506718
0.16919112613928605
0.1686612521831544
0.16813155495361504
0.16760206212688614
0.1670728011897855
0.16654379943130757
0.16601508393445658
0.16548668156833876
0.16495861898051695
0.1644309225896284
0.163903618578269
0.1633767328861444
0.1628502912034894
0.162324318964757
0.16179884134257527
0.16127388324197428
0.16074946929488088
0.1602256238548817
0.15970237099225215
0.15917973448925113
0.158657737835678
0.1581364042246921
0.15761575654888946
0.15709581739663703
0.15657660904865986
0.15605815347487778
0.15554047233148888
0.15502358695829768
0.15450751837628068
0.15399228728538852
0.15347791406257866
0.15296441876007616
0.15245182110385527
0.1519401404923398
0.15142939599531705
0.150919606353059
0.1504107899756475
0.14990296494249675
0.14939614900207068
0.1488903595717863
0.1483856137381019
0.1478819282567798
0.14737931955332448
0.1468778037235854
0.1463773965345216
0.14587811342512258
0.1453799695074804
0.14488297956800558
0.14438715806878516
0.14389251914907322
0.14339907662691254
0.14290684400087966
0.142415834451949
0.14192606084547144
0.14143753573326012
0.1409502713557828
0.14046427964445
0.13997957222399887
0.13949616041496665
0.13901405523624688
0.13853326740772678
0.138053807353
0.13757568520214936
0.1370989107945964
0.136623493682014
0.13614944313129618
0.1356767681275813
0.1352054773773276
0.13473557931143282
0.1342670820883967
0.1337999935975226
0.13333432146215501
0.13287007304294718
0.1324072554411587
0.1319458755019773
0.13148593981786347
0.13102745473191416
0.13057042634124102
0.13011486050036458
0.12966076282461617
0.12920813869355072
0.12875699325436174
0.1283073314253022
0.12785915789910435
0.1274124771463984
0.12696729341912744
0.12652361075395718
0.12608143297567634
0.12564076370058952
0.1252016063398972
0.1247639641030624
0.12432784000116477
0.12389323685023532
0.12346015727457564
0.12302860371005754
0.12259857840740179
0.12217008343543524
0.12174312068432563
0.12131769186879209
0.12089379853129083
0.12047144204517467
0.12005062361782542
0.1196313442937603
0.11921360495770722
0.11879740633765344
0.11838274900786251
0.1179696333918617
0.11755805976539814
0.1171480282593639
0.11673953886268729
0.11633259142519461
0.11592718566043586
0.11552332114848024
0.11512099733867573
0.11472021355237648
0.11432096898563564
0.1139232627118638
0.11352709368445474
0.11313246073937347
0.11273936259771426
0.11234779786821938
0.11195776504976683
0.11156926253382217
0.11118228860685497
0.1107968414527225
0.11041291915501719
0.11003051969938121
0.10964964097578517
0.10927028078077461
0.10889243681968075
0.1085161067087986
0.10814128797753082
0.10776797807049829
0.10739617434961754
0.10702587409614496
0.10665707451268866
0.10628977272518757
0.10592396578485791
0.10555965067010809
0.10519682428842253
0.10483548347821238
0.10447562501063659
0.10411724559139195
0.10376034186247203
0.10340491040389638
0.10305094773540956
0.10269845031815122
0.1023474145562962
0.10199783679866639
0.10164971334031378
0.10130304042407509
0.10095781424209904
0.10061403093734612
0.10027168660506
0.09993077729421465
0.0995912990089319
0.09925324770987526
0.09891661931561772
0.09858140970398215
0.09824761471335933
0.09791523014399986
0.09758425175928134
0.09725467528695288
0.09692649642035489
0.09659971081961577
0.09627431411282603
0.0959503018971892
0.09562766974015116
0.09530641318050692
0.0949865277294861
0.0946680088718168
0.09435085206676905
0.0940350527491777
0.09372060633044407
0.0934075081995184
0.09309575372386304
0.09278533825039528
0.09247625710641191
0.09216850560049468
0.09186207902339777
0.09155697264891677
0.09125318173473991
0.0909507015232821
0.09064952724250144
0.09034965410669908
0.0900510773173021
0.08975379206363025
0.08945779352364666
0.08916307686469294
0.0888696372442079
0.08857746981043248
0.08828656970309767
0.0879969320541004
0.0877085519881618
0.08742142462347399
0.08713554507233148
0.08685090844174861
0.08656750983406497
0.08628534434753549
0.08600440707690978
0.08572469311399664
0.08544619754821749
0.08516891546714686
0.08489284195704072
0.08461797210335303
0.08434430099124063
0.08407182370605705
0.08380053533383405
0.0835304309617535
0.08326150567860699
0.08299375457524585
0.08272717274502059
0.08246175528420921
0.08219749729243633
0.08193439387308289
0.08167244013368398
0.08141163118631978
0.08115196214799551
0.08089342814101302
0.08063602429333232
0.0803797457389254
0.08012458761812132
0.0798705450779417
0.07961761327242887
0.07936578736296594
0.07911506251858788
0.07886543391628534
0.07861689674130101
0.07836944618741769
0.0781230774572395
0.07787778576246532
0.07763356632415552
0.07739041437299105
0.07714832514952652
0.07690729390443563
0.07666731589875034
0.0764283864040939
0.07619050070290632
0.07595365408866561
0.07571784186610023
0.07548305935139811
0.07524930187240787
0.07501656476883542
0.07478484339243392
0.0745541331071893
0.07432442928949912
0.07409572732834704
0.07386802262547162
0.0736413105955296
0.07341558666625499
0.07319084627861275
0.07296708488694743
0.0727442979591272
0.07252248097668344
0.07230162943494557
0.07208173884317154
0.07186280472467357
0.0716448226169399
0.07142778807175237
0.07121169665529996
0.07099654394828754
0.07078232554604169
0.07056903705861173
0.07035667411086782
0.07014523234259429
0.06993470740858057
0.06972509497870723
0.06951639073802936
0.06930859038685629
0.06910168964082807
0.06889568423098796
0.06869056990385297
0.06848634242148005
0.06828299756152968
0.06808053111732654
0.06787893889791673
0.06767821672812296
0.06747836044859547
0.067279365915862
0.06708122900237319
0.06688394559654665
0.0666875116028075
0.06649192294162762
0.0662971755495602
0.06610326537927445
0.06591018839958603
0.06571794059548541
0.06552651796816505
0.06533591653504285
0.0651461323297844
0.06495716140232267
0.06476899981887563
0.06458164366196176
0.06439508903041403
0.06420933203939097
0.06402436882038676
0.06384019552123871
0.06365680830613363
0.0634742033556115
0.06329237686656838
0.06311132505225646
0.06293104414228343
0.06275153038261005
0.0625727800355452
0.06239478937974086
0.062217554710184024
0.062041072338188286
0.061865338591383254
0.06169034981370297
0.061516102365372534
0.061342592622894036
0.0611698169790302
0.06099777184278736
0.060826453639397426
0.06065585881029774
0.06048598381311043
0.06031682512162054
0.06014837922575239
0.05998064263154586
0.05981361186113069
0.05964728345270003
0.059481653960482835
0.05931671995471581
0.059152478021613414
0.05898892476333768
0.05882605679796673
0.05866387075946278
0.058502363297638485
0.0583415310781233
0.058181370782328365
0.05802187910741077
0.057863052766237655
0.05770488848734795
0.057547383014915215
0.05739053310870854
0.05723433554405314
0.05707878711179007
0.05692388461823568
0.05676962488514001
0.05661600474964471
0.05646302106424029
0.0563106706967228
0.056158950530150104
0.05600785746279738
0.05585738840811194
0.05570754029466784
0.05555831006612032
0.05540969468115846
0.0552616911134587
0.055114296351637504
0.05496750739920313
0.054821321274507596
0.054675735010697654
0.05453074565566615
0.054386350272001824
0.05424254593694015
0.05409932974231228
0.05395669879449544
0.053814650214360896
0.05367318113722373
0.0535322887127904
0.053391970105107746
0.053252222492510035
0.053113043067567076
0.05297442903703158
0.05283637762178592
0.05269888605678913
0.052561951591023684
0.05242557148744172
0.05228974302291122
0.052154463488162384
0.052019730187732795
0.05188554043991393
0.05175189157669566
0.05161878094371264
0.05148620590018846
0.05135416381888152
0.051222652086029496
0.05109166810129435
0.0509612092777069
0.050831273041611356
0.05070185683261005
0.05057295810350747
0.05044457432025505
0.05031670296189504
0.05018934152050489
0.05006248750114118
0.049936138421784126
