2.0015049920250294
2.2899842877741414
2.23642512171914
2.1940101227435074
2.1729532927755915
2.160524240757184
2.1510754051073637
2.142737376327162
2.134937593255947
2.1274962224888383
2.1203512531069557
2.113478642800291
2.1068681332833643
2.100514990372279
2.094416676523866
2.0885712935766474
2.0829767739241145
2.0776304294852785
2.072528684692434
2.067666909059052
2.063039307002298
2.0586388437393963
2.0544571968202203
2.050484728212976
2.0467104744099807
2.043122153131784
2.0397061856000285
2.036447733397698
2.0333307488332455
2.030338037572162
2.027451332147159
2.0246513748334127
2.0219180082924013
2.0192302723538997
2.0165665053233695
2.01390444827075
2.011221350873658
2.0084940775482725
2.0056992127980857
2.002813164936432
1.9998122675841687
1.9966728785995564
1.9933714763529615
1.9898847535041004
1.9861897086634563
1.9822637365116695
1.97808471710061
1.9736311051572137
1.968882020246247
1.9638173386118924
1.9584177874025555
1.95266504178241
1.9465418251435187
1.9400320122537331
1.9331207347129602
1.9257944875546689
1.9180412352389336
1.9098505146649005
1.9012135322203494
1.8921232513294566
1.882574466510453
1.8725638596719787
1.8620900343214848
1.8511535235883483
1.8397567685246217
1.8279040640650788
1.8156014713062336
1.8028566963683827
1.78967893796489
1.776078707809776
1.7620676300050966
1.7476582273961208
1.7328637043876791
1.7176977367104114
1.7021742789705165
1.6863074004174252
1.6701111581886934
1.653599515378351
1.6367863087322476
1.6196852677720266
1.6023100839056
1.5846745248395795
1.5667925866139836
1.5486786730570454
1.5303477905928404
1.511815745255967
1.4930993285401213
1.474216479328816
1.4551864105610506
1.4360296913521693
1.4167682778583919
1.3974254890533664
1.3780259265765031
1.3585953407204363
1.3391604472721268
1.3197487021628589
1.3003880426093812
1.2811066045780644
1.261932426956523
1.242893152794704
1.2240157374373337
1.2053261723965953
1.186849232510753
1.1686082524119943
1.1506249366952437
1.1329192065404774
1.1155090839814585
1.0984106136025942
1.0816378202320651
1.065202700212763
1.0491152430842494
1.033383479994845
1.0180135548666727
1.0030098142332322
0.988374911728422
0.9741099233953618
0.9602144702702247
0.9466868450500544
0.9335241400469383
0.9207223740406077
0.9082766160486835
0.8961811044238573
0.8844293600496319
0.8730142927340812
0.8619283001903865
0.8511633592423042
0.8407111091027285
0.8305629267459546
0.8207099945320669
0.8111433603484366
0.8018539906123825
0.7928328165344247
0.7840707740768553
0.7755588380610915
0.7672880508825306
0.7592495462862541
0.7514345686433207
0.7438344881477063
0.7364408123299057
0.7292451942562939
0.7222394377547856
0.7154154999779903
0.7087654915858228
0.7022816748008676
0.6959564595622008
0.6897823979771736
0.6837521772461195
0.6778586112121544
0.672094630667427
0.6664532725284291
0.660927667976267
0.6555110296434338
0.6501966379164801
0.6449778264144209
0.6398479666957141
0.6348004522426328
0.6298286817709494
0.6249260419155778
0.6200858893495467
0.6153015324050217
0.6105662122816666
0.6058730839502807
0.6012151968891841
0.5965854758282667
0.5919767017220263
0.5873814932294098
0.582792289045946
0.5782013315135409
0.5736006520261775
0.5689820588561215
0.5643371281448736
0.5596571989350486
0.5549333732613729
0.5501565224672659
0.5453173010619243
0.5404061695730797
0.5354134279706974
0.530329261321653
0.5251437993656083
0.5198471916547984
0.5144296997489447
0.5088818076723958
0.5031943513954885
0.4973586674705424
0.4913667601172694
0.4852114850078707
0.47888674676326043
0.47238770577846206
0.46571098851758563
0.458854893959844
0.4518195875720899
0.4446072731879856
0.4372223326563654
0.4296714232377189
0.4219635235977974
0.41410992092870524
0.40612413419324944
0.3980217716134745
0.3898203240890887
0.3815388999386274
0.3731979098652549
0.3648187140216222
0.356423245195631
0.34803362326396603
0.33967177608377247
0.3313590809607539
0.32311603890203183
0.31496199127427926
0.30691488552472
0.2989910935700874
0.29120528356973974
0.2835703432709148
0.2760973510753885
0.26879558948812776
0.26167259467029236
0.25473423538534223
0.24798481462155597
0.24142718750490044
0.23506288968763547
0.22889227112121144
0.2229146309198514
0.21712834983165882
0.21153101761075593
0.20611955329509565
0.20089031702117963
0.19583921254021963
0.1909617800393502
0.186253279220938
0.1817087628609368
0.17732314126365892
0.17309123816605904
0.16900783873033332
0.16506773030925131
0.1612657366831373
0.1575967464584837
0.1540557362924008
0.150637789569751
0.14733811111522174
0.1441520384740535
0.14107505024519862
0.13810277190121056
0.135230979481447
0.1324556015001101
0.12977271936879042
0.12717856659478963
0.12466952698170193
0.1222421320274659
0.11989305768723468
0.11761912064375916
0.11541727420628949
0.11328460394003591
0.1112183231117247
0.10921576802248631
0.10727439328698814
0.10539176710713062
0.10356556657957423
0.10179357306864466
0.10007366766961787
0.09840382678185414
0.09678211780659442
0.09520669498032736
0.09367579535139596
0.09218773490480711
0.09074090483799416
0.08933376798846662
0.0879648554128101
0.08663276311531447
0.085336148923577
0.08407372950769235
0.08284427753908453
0.08164661898462369
0.08047963053137078
0.07934223713710287
0.0782334097016534
0.07715216285405453
0.07609755285047254
0.07506867557797764
0.07406466465926943
0.07308468965359011
0.07212795434918574
0.07119369514281902
0.0702811795019975
0.06938970450573537
0.06851859545984397
0.0676672045829061
0.06683490975926445
0.06602111335552024
0.0652252410972012
0.0644467410024241
0.06368508236952825
0.06293975481581461
0.06221026736466489
0.06149614757846418
0.060796940734879984
0.060112209044181616
0.05944153090541131
0.05878450019933154
0.058140725616187626
0.057509830016434296
0.05689144982267126
0.05628523444113245
0.05569084571116529
0.05510795738122003
0.054536254609954385
0.053975433491131763
0.05342520060107005
0.05288527256746035
0.05235537565844752
0.051835245390918584
0.05132462615700919
0.05082327086788964
0.050330940613944795
0.049847404340510874
