1.9721456584066153
2.0036674624977167
1.8879281514169264
2.0356473977490928
1.942970854547992
1.874821131191503
2.055336082639399
2.4293169997471504
2.760407250531882
2.2968365359063423
2.7033497619394633
2.5011591647322535
2.2615679298460187
2.586642191351942
2.3301208748026916
2.0764604122536863
2.3184329661606267
2.085180058134792
2.2741936769014206
2.367949798854043
2.083447467299771
2.223932978831233
2.163627502812649
2.1755194492116816
2.3720124218897642
2.1646498123115725
2.144965107806987
2.207504038599399
2.1125943278229107
2.2866893024452684
2.217737407102228
2.096588383231456
2.1761162694600937
2.106617374375392
2.188426030337071
2.222758006320887
2.104894084080206
2.1279933136843927
2.1145552102521066
2.1309523811151423
2.197992677650622
2.123400347908791
2.100201100041125
2.1125926598242963
2.1067098089125356
2.167517765814455
2.1328326194083833
2.0906693283494246
2.1046528922137666
2.0974045798708776
2.1423222170430787
2.133199403360539
2.0892756485060464
2.0964017048304697
2.0932161364701276
2.124262115464659
2.128938218350745
2.090526793026445
2.0901739092987794
2.0906824877070544
2.1115592066656377
2.122930292893827
2.0923197824061663
2.0857543086646895
2.088256139610763
2.1017989568126665
2.1158502527854837
2.093676970095559
2.082287680832035
2.0848543220225464
2.093252934864347
2.1073402122575606
2.0932783767846974
2.078664732248614
2.0793632664425745
2.084477760865539
2.097087501125839
2.0898717348053992
2.0744736704953515
2.073034758230935
2.0772645231667397
2.089585128919654
2.0887927085747764
2.0763594831346643
2.0755901818837335
2.08186525373426
2.096140149710746
2.101086986982184
2.0923299545871554
2.091708161453505
2.0975674913867364
2.1094647079159072
2.114346130446019
2.10438096885808
2.098039628921746
2.097449715117067
2.1014164678526672
2.1024856081383367
2.0910611930853533
2.0806539589165918
2.077714915374271
2.0816314985989326
2.0868375321261516
2.0823700843297708
2.0784588964682023
2.082447583989442
2.092944754517076
2.102389827048388
2.099556606702279
2.0952893437413613
2.096802161051877
2.1028496791696085
2.106350998306448
2.0989936515204266
2.0919974925707088
2.091517060652145
2.095601494079463
2.0980765782384574
2.091807351576406
2.0855426249299955
2.084823434931525
2.087622863901942
2.089042981440328
2.0826364477205326
2.0745517666177236
2.0705909857532703
2.0693786134836563
2.066921773541184
2.0570717970472714
2.044310419537411
2.035287508328781
2.029736034884824
2.02402714149037
2.011953362821232
1.9991627072358198
1.9925498689646235
1.991662080473068
1.9899610911295704
1.9800378810189045
1.9734817896196113
1.974418187021456
1.980521752332998
1.969342354929351
1.9525112540964813
1.9431872939629218
1.9447446689837866
1.9144643937405939
1.8702357665454965
1.8395864824459678
1.8298710285910482
1.7502087162198072
1.6829968993786144
1.6465521510894932
1.633050255378175
1.458778919992105
1.4258970733778924
1.4194378181682843
1.4104055616717137
1.1895320493180912
1.132667485116511
1.1770043631087588
1.1990646274534853
1.0989549537121086
0.9563663010401198
0.9973073023581634
1.0296976286021067
1.0367904566970843
0.911127011211737
0.8897167294513926
0.9139085218992011
0.9223877444237355
0.7912442193989331
0.6931491594572143
0.6096761461103641
0.46331252727214184
0.2913455115628737
0.19258481413467493
0.13226714930871394
0.09183277811401522
0.0678464275995467
0.05361104666903911
0.044437055892952965
