0.514779537372121
0.5736742929701616
0.5594216581499861
0.547458381961944
0.5378399840373292
0.5303097190440611
0.5245410923365412
0.5201965539680407
0.5169657284349305
0.514584217084137
0.5128383220153009
0.511561598467662
0.510627767778385
0.5099427977847386
0.509437589791084
0.5090618386516154
0.5087791579277008
0.5085633443406374
0.5083955817169235
0.5082623812447746
0.5081540806980603
0.5080637592127415
0.5079864566664499
0.5079186141819565
0.5078576740802124
0.5078017942762278
0.5077496445512427
0.507700261274532
0.5076529437920037
0.5076071804926963
0.5075625960056878
0.5075189134414622
0.5074759273479934
0.5074334843025718
0.5073914689501071
0.5073497939310294
0.5073083925911763
0.5072672136851827
0.5072262175115559
0.5071853730786839
0.5071446560154896
0.5071040470218702
0.5070635307120167
0.5070230947450125
0.506982729166578
0.5069424259068959
0.5069021783945293
0.5068619812572756
0.506821830088583
0.5067817212637875
0.5067416517944945
0.5067016192124005
0.5066616214760066
0.506621656895279
0.5065817240704753
0.5065418218422355
0.5065019492506904
0.5064621055018325
0.506422289939767
0.50638250202375
0.5063427413091424
0.5063030074315762
0.5062633000937694
0.5062236190545286
0.506183964119566
0.5061443351338192
0.5061047319750275
0.5060651545483502
0.5060256027818579
0.505986076622751
0.5059465760341889
0.5059071009926288
0.5058676514855903
0.5058282275097821
0.5057888290695244
0.5057494561754264
0.5057101088432753
0.5056707870931003
0.505631490948389
0.505592220435426
0.5055529755827388
0.5055137564206308
0.5054745629807889
0.505435395295953
0.5053962533996377
0.5053571373258994
0.5053180471091385
0.5052789827839331
0.5052399443848998
0.5052009319465747
0.5051619455033147
0.5051229850892124
0.5050840507380248
0.5050451424831136
0.5050062603573938
0.5049674043932892
0.504928574622697
0.5048897710769544
0.5048509937868131
0.5048122427824148
0.5047735180932726
0.5047348197482522
0.5046961477755582
0.50465750220272
0.5046188830565814
0.5045802903632897
0.5045417241482866
0.5045031844363016
0.5044646712513432
0.5044261846166938
0.5043877245549026
0.5043492910877815
0.504310884236399
0.5042725040210768
0.5042341504613846
0.5041958235761361
0.5041575233833863
0.5041192499004261
0.5040810031437811
0.5040427831292063
0.5040045898716843
0.5039664233854216
0.5039282836838461
0.5038901707796037
0.5038520846845567
0.5038140254097792
0.5037759929655565
0.5037379873613814
0.503700008605952
0.503662056707169
0.5036241316721338
0.5035862335071456
0.5035483622176997
0.5035105178084848
0.5034727002833805
0.5034349096454558
0.5033971458969666
0.5033594090393538
0.5033216990732405
0.5032840159984309
0.5032463598139073
0.5032087305178297
0.5031711281075315
0.5031335525795199
0.5030960039294725
0.5030584821522361
0.5030209872418249
0.5029835191914178
0.5029460779933582
0.5029086636391507
0.5028712761194601
0.5028339154241105
0.5027965815420818
0.5027592744615096
0.502721994169683
0.5026847406530428
0.5026475138971808
0.5026103138868373
0.5025731406059003
0.5025359940374033
0.5024988741635248
0.5024617809655864
0.5024247144240506
0.5023876745185211
0.5023506612277403
0.5023136745295879
0.5022767144010806
0.5022397808183695
0.5022028737567399
0.5021659931906096
0.5021291390935276
0.5020923114381738
0.502055510196356
0.502018735339011
0.5019819868362019
0.5019452646571175
0.5019085687700713
0.5018718991425005
0.5018352557409647
0.5017986385311455
0.5017620474778441
0.5017254825449828
0.5016889436956011
0.5016524308918573
0.501615944095026
0.501579483265498
0.501543048362779
0.5015066393454893
0.5014702561713624
0.5014338987972446
0.5013975671790942
0.50136126127198
0.5013249810300815
0.5012887264066879
0.5012524973541973
0.501216293824116
0.5011801157670573
0.5011439631327419
0.5011078358699969
0.5010717339267541
0.5010356572500512
0.5009996057860294
0.5009635794799348
0.5009275782761156
0.5008916021180232
0.5008556509482112
0.5008197247083346
0.5007838233391496
0.500747946780513
0.5007120949713817
0.5006762678498125
0.5006404653529613
0.5006046874170825
0.5005689339775294
0.5005332049687531
0.5004975003243017
0.5004618199768216
0.500426163858055
0.5003905318988412
0.5003549240291153
0.5003193401779085
0.5002837802733469
0.5002482442426524
0.5002127320121414
0.5001772435072249
0.5001417786524084
0.500106337371291
0.5000709195865662
0.5000355252200205
0.5000001541925339
0.4999648064240795
0.4999294818337232
0.4998941803396234
0.4998589018590313
0.4998236463082902
0.4997884136028354
0.499753203657194
0.4997180163849854
0.49968285169892
0.4996477095108
0.4996125897315187
0.49957749227106085
0.49954241703850205
0.499507363942009
0.4994723328888392
0.4994373237853406
0.4994023365369525
0.4993673710482041
0.49933242722271537
0.4992975049631966
0.49926260417144863
0.49922772474836224
0.4991928665939187
0.49915802960718947
0.4991232136863358
0.49908841872860965
0.49905364463035207
0.49901889128699517
0.4989841585930603
0.498949446442159
0.4989147547269931
0.4988800833393537
0.4988454321701226
0.4988108011092707
0.4987761900458595
0.4987415988680398
0.49870702746305307
0.49867247571723006
0.4986379435159917
0.4986034307438489
0.49856893728440244
0.49853446302034327
0.498500007833452
0.49846557160459953
0.498431154213747
0.498396755539945
0.4983623754613347
0.49832801385514747
0.4982936705977043
0.49825934556441703
0.49822503862978734
0.49819074966740734
0.49815647854995904
0.4981222251492154
0.49808798933603937
0.49805377098038406
0.4980195699512937
0.49798538611690224
0.49795121934443454
0.497917069500206
0.49788293644962256
0.49784882005718056
0.4978147201864672
0.49778063670016043
0.49774656946002843
0.49771251832693075
0.4976784831608174
0.4976444638207287
0.49761046016479676
0.49757647205024386
0.49754249933338335
0.4975085418696193
0.49747459951344686
0.49744067211845194
0.4974067595373116
0.4973728616217935
0.4973389782227565
0.4973051091901507
0.49727125437301645
0.4972374136194854
0.49720358677678034
0.4971697736912148
0.49713597420819344
0.4971021881722115
0.49706841542685565
0.4970346558148027
0.49700090917782125
0.4969671753567699
0.49693345419159857
0.49689974552134764
0.4968660491841486
0.49683236501722317
0.4967986928568842
0.4967650325385346
0.4967313838966682
0.496697746764869
0.4966641209758115
0.4966305063612606
0.49659690275207163
0.4965633099781895
0.49652972786864935
0.4964961562515767
0.49646259495418676
0.4964290438027842
0.4963955026227635
0.4963619712386086
0.4963284494738933
0.49629493715128
0.49626143409252055
0.4962279401184557
0.4961944550490155
0.4961609787032178
0.49612751089916973
0.4960940514540665
0.4960606001841911
0.4960271569049153
0.495993721430698
0.49596029357508603
0.4959268731507135
0.49589345996930156
0.49586005384165865
0.49582665457767966
0.49579326198634605
0.49575987587572523
0.49572649605297114
0.49569312232432317
0.49565975449510635
0.4956263923697306
0.4955930357516906
0.49555968444356613
0.4955263382470212
0.4954929969628033
0.49545966039074424
0.495426328329759
0.4953930005778452
0.4953596769320835
0.4953263571886369
0.49529304114274997
0.49525972858874906
0.4952264193200422
0.4951931131291172
0.4951598098075431
0.49512650914596884
0.49509321093412223
0.49505991496081136
0.4950266210139219
0.49499332888041836
0.4949600383463431
0.49492674919681556
0.4948934612160319
0.4948601741872649
0.49482688789286305
0.4947936021142503
0.4947603166319252
0.4947270312254606
0.4946937456735034
0.49466045975377315
0.4946271732430625
0.49459388591723574
0.49456059755122883
0.49452730791904864
0.49449401679377214
0.4944607239475458
0.49442742915158555
0.4943941321761747
0.49436083279066545
0.49432753076347596
0.4942942258620917
0.4942609178530627
0.49422760650200476
0.4941942915735975
0.49416097283158433
0.494127650038771
0.49409432295702593
0.4940609913472779
0.4940276549695166
0.4939943135827919
0.49396096694521135
0.49392761481394165
0.4938942569452063
0.4938608930942849
0.4938275230155131
0.493794146462281
0.4937607631870322
0.4937273729412637
0.4936939754755241
0.4936605705394135
0.4936271578815815
0.4935937372497272
0.4935603083905982
0.49352687104998894
0.49349342497274046
0.4934599699027386
0.49342650558291395
0.49339303175523996
0.49335954816073246
0.4933260545394483
0.4932925506304844
0.49325903617197664
0.4932255109010988
0.4931919745540612
0.4931584268661101
0.49312486757152585
0.4930912964036224
0.49305771309474583
0.49302411737627294
0.4929905089786102
0.4929568876311931
0.492923253062484
0.49288960499997125
0.4928559431701681
0.49282226729861145
0.49278857710986
0.4927548723274938
0.492721152674112
0.4926874178713324
0.492653667639789
0.4926199016991319
0.49258611976802524
0.4925523215641453
0.4925185068041802
0.4924846752038275
0.4924508264777932
0.49241696033979054
0.4923830765025373
0.49234917467775635
0.49231525457617165
0.492281315907509
0.4922473583804928
0.4922133817028457
0.49217938558128593
0.49214536972152667
0.4921113338282736
0.492077277605224
0.49204320075506436
0.4920091029794696
0.4919749839791003
0.4919408434536018
0.4919066811016021
0.49187249662071036
0.49183828970751503
0.4918040600575819
0.4917698073654527
0.4917355313246426
0.49170123162763923
0.4916669079659
0.491632560029851
0.49159818750888457
0.4915637900913575
0.4915293674645892
0.49149491931485995
0.4914604453274084
0.4914259451864298
0.4913914185750744
0.49135686517544513
0.4913222846685953
0.4912876767345268
0.491253041052188
0.4912183772994721
0.49118368515321403
0.49114896428918925
0.49111421438211067
0.4910794351056277
0.49104462613232314
0.4910097871337107
0.4909749177802339
0.490940017741263
0.4909050866850927
0.49087012427894033
0.490835130188943
0.490800104080156
0.49076504561654916
0.49072995446100603
0.49069483027532057
0.4906596727201947
0.4906244814552362
0.49058925613895626
0.4905539964287665
0.49051870198097747
0.490483372450795
0.4904480074923182
0.4904126067585375
0.49037716990133035
0.49034169657146076
0.490306186418575
0.4902706390912
0.49023505423674
0.4901994315014744
0.4901637705305544
0.49012807096800093
0.49009233245670186
0.49005655463840847
0.4900207371537336
0.48998487964214865
0.48994898174197976
0.4899130430904063
0.4898770633234573
0.48984104207600876
0.48980497898178027
0.4897688736733328
0.48973272578206517
0.4896965349382112
0.4896603007708368
0.48962402290783685
0.4895877009759322
0.4895513346006666
0.48951492340640335
0.48947846701632247
0.48944196505241777
0.48940541713549285
0.4893688228851588
0.4893321819198304
0.4892954938567233
0.4892587583118505
0.48922197490001873
0.4891851432348261
0.4891482629286581
0.48911133359268394
0.4890743548368541
0.48903732626989616
0.4890002474993114
0.4889631181313722
0.4889259377711173
0.4888887060223495
0.4888514224876316
0.488814086768282
0.4887766984643731
0.48873925717472627
0.48870176249690833
0.4886642140272287
0.4886266113607345
0.48858895409120834
0.4885512418111634
0.4885134741118404
0.4884756505832035
0.4884377708139368
0.48839983439144014
0.48836184090182594
0.4883237899299145
0.48828568105923087
0.4882475138720006
0.48820928794914586
0.4881710028702814
0.48813265821371116
0.48809425355642305
0.4880557884740867
0.4880172625410474
0.4879786753303239
0.4879400264136032
0.4879013153612366
0.48786254174223587
0.4878237051242688
0.48778480507365574
0.4877458411553638
0.4877068129330044
0.48766771996882785
0.48762856182371983
0.48758933805719645
0.48755004822740006
0.4875106918910953
0.48747126860366463
0.4874317779191032
0.48739221939001565
0.48735259256761043
0.4873128970016963
0.4872731322406773
0.48723329783154834
0.4871933933198909
0.4871534182498679
0.4871133721642198
0.4870732546042597
0.4870330651098681
0.4869928032194896
0.48695246847012674
0.4869120603973364
0.48687157853522456
0.48683102241644144
0.4867903915721769
0.4867496855321558
0.48670890382463305
0.48666804597638846
0.48662711151272237
0.4865860999574504
0.4865450108328987
0.48650384365989896
0.48646259795778324
0.48642127324437934
0.4863798690360055
0.4863383848474658
0.4862968201920441
0.4862551745815006
0.48621344752606477
0.4861716385344319
0.48612974711375695
0.4860877727696501
0.4860457150061704
0.4860035733258221
0.48596134722954826
0.4859190362167257
0.48587663978516005
0.4858341574310804
0.4857915886491335
0.48574893293237864
0.4857061897722829
0.4856633586587147
0.48562043907993935
0.48557743052261265
0.4855343324717762
0.48549114441085195
0.4854478658216358
0.48540449618429315
0.48536103497735295
0.4853174816777016
0.4852738357605786
0.4852300966995692
0.4851862639666007
0.4851423370319352
0.48509831536416487
0.4850541984302064
0.4850099856952941
0.48496567662297557
0.48492127067510504
0.4848767673118381
0.4848321659916256
0.4847874661712078
0.48474266730560944
0.4846977688481323
0.48465277025035075
0.48460767096210533
0.4845624704314967
0.48451716810488
0.4844717634268589
0.4844262558402793
0.48438064478622395
0.4843349297040062
0.4842891100311636
0.48424318520345266
0.4841971546548419
0.4841510178175069
0.4841047741218231
0.4840584229963607
0.48401196386787776
0.4839653961613148
0.4839187192997882
0.4838719327045838
0.48382503579515174
0.4837780279890993
0.48373090870218516
0.4836836773483131
0.48363633333952605
0.4835888760859995
0.4835413049960351
0.4834936194760554
0.4834458189305959
0.4833979027623008
0.4833498703719151
0.48330172115827896
0.48325345451832136
0.4832050698470538
0.4831565665375638
0.48310794398100854
0.48305920156660864
0.4830103386816422
0.48296135471143764
0.48291224903936736
0.4828630210468426
0.482813670113305
0.48276419561622225
0.4827145969310801
0.4826648734313769
0.48261502448861665
0.4825650494723027
0.482514947749932
0.48246471868698676
0.48241436164693063
0.4823638759911999
0.4823132610791984
0.4822625162682906
0.4822116409137947
0.4821606343689773
0.48210949598504604
0.4820582251111428
0.4820068210943386
0.48195528327962545
0.4819036110099111
0.48185180362601165
0.4817998604666462
0.4817477808684293
0.48169556416586456
0.4816432096913386
0.4815907167751148
0.48153808474532594
0.48148531292796815
0.4814324006468947
0.48137934722380915
0.4813261519782591
0.4812728142276296
0.4812193332871363
0.48116570846982
0.48111193908653915
0.4810580244459639
0.48100396385456967
0.4809497566166307
0.4808954020342133
0.4808408994071696
0.4807862480331318
0.48073144720750427
0.48067649622345865
0.48062139437192697
0.48056614094159467
0.48051073521889487
0.4804551764880022
0.4803994640308261
0.48034359712700425
0.4802875750538965
0.480231397086579
0.48017506249783753
0.48011857055816065
0.4800619205357349
0.48000511169643706
0.47994814330382873
0.47989101461915024
0.4798337249013139
0.47977627340689855
0.47971865939014263
0.4796608821029383
0.47960294079482635
0.4795448347129883
0.479486563102242
0.4794281252050345
0.47936952026143703
0.4793107475091376
0.4792518061834365
0.47919269551723986
0.4791334147410532
0.4790739630829763
0.479014339768697
0.47895454402148574
0.478894575062189
0.47883443210922416
0.4787741143785739
0.47871362108377996
0.478652951435938
0.4785921046436916
0.4785310799132269
0.4784698764482666
0.4784084934500652
0.4783469301174035
0.4782851856465815
0.4782232592314155
0.4781611500632308
0.4780988573308572
0.47803638022062384
0.47797371791635324
0.47791086959935686
0.47784783444842954
0.4777846116398443
0.4777212003473477
0.47765759974215466
0.47759380899294257
0.4775298272658482
0.477465653724461
0.4774012875298197
0.4773367278404062
0.47727197381214204
0.47720702459838316
0.47714187934991503
0.4770765372149484
0.477010997339115
0.4769452588654629
0.4768793209344516
0.47681318268394873
0.4767468432492244
0.4766803017629487
0.47661355735518557
0.4765466091533904
0.4764794562824053
0.4764120978644549
0.4763445330191425
0.47627676086344684
0.4762087805117174
0.4761405910756717
0.4760721916643905
0.4760035813843154
0.4759347593392448
0.47586572463032956
0.4757964763560719
0.47572701361232006
0.47565733549226547
0.4755874410864408
0.4755173294827153
0.475446999766293
0.4753764510197096
0.47530568232282877
0.47523469275284086
0.47516348138425907
0.4750920472889174
0.47502038953596826
0.4749485071918798
0.4748763993204335
0.47480406498272254
0.47473150323714913
0.47465871313942254
0.4745856937425574
0.47451244409687143
0.47443896324998464
0.474365250246816
0.47429130412958354
0.474217123937802
0.4741427087082818
0.47406805747512704
0.4739931692697355
0.47391804312079705
0.47384267805429225
0.47376707309349153
0.47369122725895585
0.47361513956853396
0.47353880903736323
0.4734622346778689
0.47338541549976365
0.4733083505100475
0.47323103871300787
0.473153479110219
0.47307567070054246
0.47299761248012817
0.4729193034424135
0.4728407425781242
0.47276192887527546
0.47268286131917225
0.4726035388924102
0.47252396057487644
0.4724441253437513
0.47236403217350864
0.47228368003591814
0.4722030679000463
0.4721221947322579
0.47204105949621805
0.4719596611528942
0.47187799866055824
0.4717960709747875
0.4717138770484687
0.47163141583179985
0.4715486862722918
0.47146568731477234
0.47138241790138863
0.4712988769716093
0.4712150634622294
0.4711309763073721
0.4710466144384926
0.4709619767843822
0.4708770622711712
0.4707918698223341
0.4707063983586916
0.47062064679841725
0.4705346140570397
0.4704482990474487
0.47036170067989846
0.47027481786201397
0.4701876494987945
0.4701001944926201
0.47001245174325557
0.46992442014785735
0.4698360986009782
0.46974748599457294
0.4696585812180057
0.46956938315805374
0.46947989069891644
0.46939010272222004
0.4693000181070249
0.46920963572983226
0.4691189544645912
0.4690279731827058
0.46893669075304284
0.46884510604193885
0.46875321791320895
0.4686610252281529
0.46856852684556477
0.46847572162174084
0.4683826084104875
0.4682891860631308
0.46819545342852475
0.4681014093530609
0.4680070526806764
0.46791238225286436
0.46781739690868374
0.4677220954847684
0.46762647681533775
0.46753053973220615
0.467434283064794
0.4673377056401384
0.4672408062829032
0.4671435838153912
0.46704603705755404
0.4669481648270045
0.4668499659390279
0.4667514392065936
0.4666525834403677
0.4665533974487247
0.46645388003776
0.4663540300113028
0.4662538461709291
0.46615332731597414
0.46605247224354623
0.46595127974854017
0.465849748623651
0.46574787765938785
0.46564566564408794
0.465543111363931
0.46544021360295446
0.46533697114306743
0.46523338276406623
0.4651294472436495
0.4650251633574335
0.46492052987896826
0.46481554557975313
0.46471020922925316
0.46460451959491456
0.4644984754421835
0.4643920755345203
0.4642853186334185
0.46417820349842065
0.46407072888713713
0.46396289355526293
0.463854696256596
0.4637461357430557
0.4636372107647006
0.4635279200697475
0.4634182624045906
0.4633082365138203
0.46319784114024226
0.4630870750248977
0.4629759369070827
0.4628644255243686
0.46275253961262186
0.4626402779060249
0.462527639137097
0.46241462203671524
0.4623012253341349
0.46218744775701265
0.4620732880314263
0.46195874488189814
0.46184381703141686
0.4617285032014594
0.46161280211201405
0.4614967124816031
0.4613802330273067
0.46126336246478483
0.46114609950830243
0.4610284428707518
0.4609103912636775
0.4607919433973007
0.46067309798054334
0.46055385372105284
0.4604342093252275
0.4603141634982416
0.46019371494407013
0.46007286236551587
0.45995160446423394
0.45982993994075866
0.45970786749453046
0.45958538582392056
0.45946249362626
0.45933918959786546
0.4592154724340667
0.45909134082923453
0.45896679347680824
0.458841829069323
0.4587164462984391
0.4585906438549694
0.45846442042890856
0.458337774709462
0.4582107053850739
0.45808321114345774
0.45795529067162477
0.4578269426559145
0.4576981657820237
0.45756895873503767
0.4574393201994597
0.4573092488592412
0.4571787433978136
0.45704780249811866
0.4569164248426393
0.45678460911343133
0.4566523539921546
0.4565196581601053
0.4563865202982468
0.4562529390872432
0.45611891320749015
0.4559844413391479
0.45584952216217434
0.4557141543563569
0.45557833660134606
0.45544206757668854
0.45530534596186034
0.4551681704363002
0.4550305396794438
0.4548924523707565
0.45475390718976827
0.4546149028161073
0.4544754379295342
0.4543355112099769
0.45419512133756423
0.4540542669926619
0.45391294685590566
0.45377115960823766
0.4536289039309412
0.45348617850567496
0.45334298201450973
0.45319931313996226
0.4530551705650325
0.4529105529732375
0.45276545904864846
0.45261988747592585
0.4524738369403555
0.4523273061278843
0.45218029372515706
0.4520327984195517
0.45188481889921583
0.4517363538531034
0.4515874019710104
0.4514379619436115
0.45128803246249705
0.45113761222020854
0.4509866999102756
0.45083529422725305
0.45068339386675627
0.45053099752549935
0.4503781039013301
0.450224711693268
0.4500708196015394
0.4499164263276159
0.4497615305742493
0.4496061310455089
0.44945022644681865
0.4492938154849919
0.4491368968682701
0.4489794693063567
0.448821531510456
0.4486630821933081
0.4485041200692249
0.44834464385412715
0.4481846522655797
0.4480241440228282
0.44786311784683425
0.4477015724603113
0.4475395065877611
0.4473769189555081
0.4472138082917354
0.4470501733265197
0.4468860127918669
0.4467213254217465
0.4465561099521264
0.4463903651210074
0.4462240896684584
0.44605728233664915
0.4458899418698853
0.44572206701464195
0.4455536565195969
0.44538470913566386
0.44521522361602606
0.44504519871616854
0.44487463319391085
0.4447035258094393
0.44453187532533855
0.44435968050662356
0.4441869401207716
0.4440136529377519
0.4438398177300575
0.4436654332727345
0.4434904983434137
0.44331501172233845
0.4431389721923949
0.44296237853914106
0.442785229550834
0.44260752401846015
0.44242926073576044
0.4422504384992595
0.4420710561082909
0.44189111236502476
0.441710606074493
0.44152953604461426
0.4413479010862197
0.44116570001307676
0.440982931641913
0.4407995947924395
0.4406156882873742
0.440431210952463
0.44024616161650243
0.4400605391113599
0.43987434227199457
0.43968756993647773
0.43950022094601027
0.43931229414494416
0.439123788380797
0.4389347025042725
0.4387450353692741
0.43855478583292334
0.4383639527555742
0.43817253500082687
0.4379805314355423
0.4377879409298552
0.4375947623571862
0.43740099459425286
0.4372066365210811
0.43701168702101445
0.4368161449807235
0.43662000929021366
0.43642327884283355
0.43622595253528007
0.4360280292676057
0.4358295079432214
0.4356303874689024
0.4354306667547892
0.43523034471439115
0.4350294202645868
0.4348278923256237
0.4346257598211178
0.4344230216780523
0.43421967682677287
0.43401572420098594
0.4338111627377517
0.4336059913774796
0.43340020906392024
0.43319381474415786
0.4329868073686004
0.43277918589096964
0.4325709492682897
0.43236209646087387
0.4321526264323106
0.43194253814944966
0.4317318305823845
0.4315205027044361
0.43130855349213293
0.43109598192519216
0.4308827869864985
0.43066896766208085
0.4304545229410897
0.43023945181577133
0.4300237532814424
0.4298074263364614
0.42959046998219996
0.429372883223013
0.42915466506620636
0.4289358145220046
0.4287163306035149
0.4284962123266933
0.4282754587103056
0.4280540687758897
0.4278320415477148
0.4276093760527399
0.42738607132057027
0.42716212638341344
0.42693754027603253
0.4267123120356986
0.4264864407021409
0.42625992531749746
0.42603276492626074
0.4258049585752254
0.4255765053134315
0.4253474041921081
0.4251176542646139
0.424887254586377
0.4246562042148334
0.4244245022093618
0.42419214763121976
0.42395913954347564
0.42372547701094
0.4234911591000954
0.4232561848790233
0.42302055341733147
0.42278426378607703
0.4225473150576897
0.42230970630589215
0.4220714366056196
0.421832505032936
0.4215929106649507
0.42135265257973137
0.4211117298562151
0.4208701415741206
0.42062788681385344
0.42038496465641473
0.4201413741833041
0.4198971144764233
0.41965218461797604
0.41940658369036743
0.4191603107761006
0.41891336495767173
0.4186657453174637
0.4184174509376367
0.41816848090001824
0.4179188342859896
0.41766851017637247
0.4174175076513117
0.4171658257901575
0.4169134636713441
0.41666042037226925
0.4164066949691684
0.4161522865369892
0.4158971941492632
0.41564141687797646
0.41538495379343665
0.41512780396413856
0.4148699664566309
0.41461144033537434
0.4143522246626049
0.4140923184981904
0.4138317208994872
0.41357043092119433
0.4133084476152054
0.41304577003045934
0.41278239721278775
0.4125183282047632
0.41225356204554103
0.41198809777070344
0.4117219344120995
0.4114550709976832
0.4111875065513511
0.41091924009277525
0.41065027063723786
0.4103805971954597
0.4101102187734311
0.40983913437223757
0.40956734298788494
0.4092948436111224
0.40902163522726376
0.40874771681600747
0.4084730873512523
0.4081977458009146
0.40792169112674065
0.40764492228411964
0.40736743822189314
0.4070892378821628
0.4068103202000977
0.40653068410373855
0.4062503285138003
0.4059692523434735
0.4056874544982233
0.4054049338755876
0.4051216893649725
0.4048377198474469
0.404553024195534
0.40426760127300443
0.4039814499346628
0.40369456902613715
0.4034069573836648
0.4031186138338763
0.40282953719357906
0.4025397262695382
0.40224917985825703
0.40195789674575577
0.40166587570734796
0.4013731155074165
0.4010796148991885
0.4007853726245072
0.400490387413605
0.4001946579848729
0.39989818304462954
0.3996009612868901
0.39930299139313286
0.39900427203206357
0.3987048018593817
0.3984045795175433
0.39810360363552305
0.3978018728285763
0.3974993856979997
0.3971961408308904
0.396892136799905
0.39658737216301787
0.3962818454632781
0.395975555228566
0.3956684999713494
0.39536067818843834
0.39505208836074046
0.39474272895301443
0.39443259841362466
0.39412169517429346
0.39381001764985535
0.39349756423800897
0.3931843333190696
0.3928703232557222
0.3925555323927732
0.3922399590569026
0.39192360155641703
0.39160645818100115
0.39128852720147045
0.39096980686952487
0.3906502954175018
0.39032999105812827
0.3900088919842761
0.3896869963687167
0.38936430236387515
0.3890408081015873
0.3887165116928556
0.38839141122760645
0.38806550477445
0.3877387903804382
0.38741126607082627
0.38708292984883436
0.3867537796954115
0.38642381356899913
0.3860930294052983
0.38576142511703704
0.3854289985937397
0.3850957477014984
0.3847616702827472
0.38442676415603694
0.38409102711581194
0.38375445693219085
0.3834170513507484
0.38307880809230055
0.38273972485269087
0.3823997993025816
0.38205902908724615
0.38171741182636515
0.3813749451138252
0.38103162651752137
0.3806874535791635
0.38034242381408445
0.3799965347110542
0.37964978373209546
0.3793021683123053
0.3789536858596798
0.3786043337549424
0.37825410935137904
0.37790300997467413
0.37755103292275566
0.37719817546564094
0.3768444348452906
0.3764898082754661
0.3761342929415931
0.375777886000631
0.3754205845809463
0.3750623857821947
0.37470328667520697
0.3743432843018817
0.37398237567508597
0.3736205577785597
0.37325782756682946
0.37289418196512936
0.37252961786932604
0.3721641321458557
0.37179772163166436
0.3714303831341597
0.37106211343116785
0.37069290927090043
0.37032276737192976
0.3699516844231719
0.36957965708387924
0.369206681983643
0.3688327557224026
0.368457874870468
0.36808203596854894
0.36770523552779577
0.36732747002985083
0.36694873592690813
0.3665690296417874
0.3661883475680151
0.3658066860699202
0.36542404148273944
0.36504041011273436
0.36465578823732187
0.3642701721052148
0.36388355793657645
0.36349594192318857
0.3631073202286295
0.36271768898846946
0.36232704431047574
0.3619353822748337
0.361542698934382
0.361148990314861
0.360754252415176
0.36035848120767666
0.35996167263844936
0.35956382262762654
0.3591649270697122
0.35876498183392014
0.3583639827645331
0.3579619256812739
0.3575588063796968
0.35715462063159353
0.3567493641854175
0.35634303276672513
0.35593562207863666
0.3555271278023127
0.3551175455974489
0.354706871102793
0.3542950999366763
0.3538822276975664
0.3534682499646394
0.3530531622983709
0.35263696024114777
0.3522196393178985
0.35180119503674606
0.3513816228896798
0.3509609183532486
0.35053907688927527
0.35011609394559173
0.34969196495679694
0.34926668534503497
0.3488402505207957
0.3484126558837386
0.3479838968235373
0.3475539687207475
0.3471228669476983
0.346690586869405
0.3462571238445056
0.34582247322622184
0.3453866303633412
0.3449495906012249
0.3445113492828379
0.3440719017498037
0.3436312433434822
0.3431893694060732
0.342746275281743
0.34230195631777416
0.3418564078657421
0.341409625282715
0.34096160393247715
0.3405123391867781
0.3400618264266066
0.33961006104348773
0.33915703844080547
0.3387027540351506
0.33824720325769164
0.33779038155557095
0.33733228439332585
0.3368729072543333
0.3364122456422793
0.3359502950826526
0.33548705112426236
0.33502250934077943
0.33455666533230255
0.3340895147269467
0.3336210531824563
0.3331512763878408
0.3326801800650343
0.33220775997057594
0.3317340118973157
0.3312589316761404
0.3307825151777222
0.3303047583142894
0.32982565704141786
0.32934520735984335
0.3288634053172955
0.32838024701035096
0.32789572858630633
0.3274098462450715
0.3269225962410811
0.3264339748852244
0.32594397854679324
0.3254526036554479
0.32495984670319833
0.3244657042464041
0.3239701729077876
0.32347324937846383
0.32297493041998493
0.322475212866397
0.3219740936263116
0.3214715696849889
0.3209676381064335
0.3204622960354995
0.31995554070000853
0.31944736941287427
0.3189377795742383
0.318426768673613
0.3179143342920303
0.3174004741041978
0.31688518588066084
0.3163684674899683
0.3158503169008409
0.3153307321843442
0.31480971151606163
0.31428725317826955
0.31376335556211044
0.3132380171697671
0.3127112366166319
0.3121830126334748
0.3116533440686067
0.3111222298900368
0.31058966918762354
0.3100556611752193
0.3095202051928043
0.30898330070861285
0.3084449473212487
0.3079051447617863
0.307363892895862
0.3068211917257484
0.30627704139241557
0.3057314421775746
0.3051843945057033
0.3046358989460547
0.30408595621464346
0.303534567176213
0.3029817328461796
0.3024274543925527
0.3018717331378321
0.3013145705608775
0.3007559682987523
0.3001959281485392
0.2996344520691266
0.29907154218296444
0.29850720077778875
0.2979414303083131
0.2973742333978871
0.2968056128401189
0.2962355716004631
0.29566411281777055
0.29509123980579993
0.2945169560546905
0.29394126523239483
0.2933641711860695
0.29278567794342286
0.2922057897140219
0.29162451089055125
0.29104184605003014
0.29045779995498017
0.2898723775545473
0.28928558398557674
0.2886974245736356
0.2881079048339883
0.2875170304725205
0.2869248073866108
0.28633124166595014
0.28573633959330874
0.285140107645248
0.28454255249277877
0.2839436810019629
0.28334350023445953
0.28274201744801586
0.28213924009689734
0.2815351758322634
0.2809298325024828
0.2803232181533905
0.2797153410284844
0.2791062095690635
0.2784958324143049
0.27788421840127886
0.27727137656490575
0.2766573161378481
0.27604204655034315
0.27542557742997253
0.2748079186013696
0.2741890800858654
0.27356907210106945
0.27294790506039096
0.2723255895724947
0.27170213644069485
0.2710775566622867
0.27045186142781324
0.2698250621202709
0.26919717031425167
0.2685681977750216
0.2679381564575378
0.2673070585054035
0.26667491624975825
0.2660417422081088
0.265407549083097
0.26477234976120567
0.2641361573114053
0.26349898498373736
0.2628608462078389
0.26222175459140734
0.2615817239186041
0.26094076814840117
0.2602989014128677
0.25965613801539883
0.2590124924288889
0.25836797929384375
0.2577226134164423
0.25707640976653784
0.2564293834756067
0.25578154983464296
0.2551329242919989
0.25448352245117345
0.2538333600685481
0.2531824530510731
0.2525308174539016
0.2518784694779761
0.25122542546756604
0.2505717019077569
0.2499173154218941
0.24926228276898055
0.2486066208410294
0.2479503466603734
0.24729347737693175
0.24663603026543396
0.2459780227226059
0.24531947226431347
0.24466039652266927
0.24400081324310158
0.2433407402813873
0.24268019560064935
0.24201919726832172
0.24135776345307863
0.240695912421735
0.2400336625361158
0.23937103224989517
0.2387080401054079
0.2380447047304352
0.23738104483496414
0.23671707920792223
0.23605282671388933
0.2353883062897889
0.23472353694155662
0.23405853774079188
0.23339332782138916
0.2327279263761547
0.23206235265340647
0.23139662595356045
0.23073076562570438
0.23006479106415906
0.22939872170503067
0.22873257702275318
0.22806637652662376
0.22740013975733173
0.22673388628348212
0.226067635698116
0.22540140761522826
0.2247352216662849
0.2240690974967386
0.22340305476254868
0.22273711312670136
0.22207129225573485
0.2214056118162706
0.22074009147154972
0.22007475087797884
0.21940960968168394
0.21874468751507428
0.2180800039934197
0.21741557871143863
0.21675143123990126
0.21608758112224827
0.21542404787122504
0.2147608509655345
0.21409800984650748
0.21343554391479475
0.2127734725270784
0.21211181499280646
0.21145059057095067
0.21078981846678874
0.21012951782871148
0.20946970774505788
0.20881040724097577
0.20815163527531294
0.20749341073753705
0.20683575244468677
0.20617867913835275
0.20552220948169383
0.20486636205648479
0.20421115536019874
0.20355660780312523
0.20290273770552472
0.2022495632948193
0.20159710270282136
0.20094537396300122
0.2002943950077939
0.19964418366594577
0.19899475765990338
0.1983461346032412
0.19769833199813397
0.19705136723287153
0.19640525757941552
0.195760020191003
0.19511567209979153
0.19447223021455268
0.19382971131840845
0.1931881320666164
0.1925475089843993
0.19190785846482447
0.19126919676672777
0.19063154001268928
0.18999490418705248
0.1893593051339983
0.188724758555662
0.18809128001030467
0.18745888491053034
0.18682758852155534
0.1861974059595275
0.18556835218989415
0.18494044202582194
0.18431369012666737
0.18368811099649687
0.18306371898265822
0.18244052827440352
0.18181855290156115
0.18119780673326097
0.1805783034767085
0.17996005667601084
0.1793430797110533
0.1787273857964262
0.178112987980403
0.1774998991439683
0.17688813199989606
0.17627769909187913
0.17566861279370669
0.1750608853084928
0.1744545286679549
0.17384955473173958
0.17324597518679918
0.17264380154681572
0.17204304515167385
0.1714437171669824
0.17084582858364092
0.17024939021745683
0.1696544127088071
0.16906090652234693
0.16846888194676518
0.16787834909458385
0.1672893179020043
0.166701798128797
0.16611579935823537
0.1655313309970742
0.16494840227557006
0.16436702224754507
0.163787199790492
0.16320894360572202
0.1626322622185511
0.16205716397853037
0.16148365705971163
0.16091174946095663
0.16034144900628078
0.15977276334523804
0.1592056999533406
0.15864026613251747
0.15807646901160682
0.1575143155468851
0.15695381252263085
0.15639496655172197
0.1558377840762662
0.1552822713682655
0.15472843453031093
0.15417627949630966
0.15362581203224318
0.15307703773695386
0.1525299620429629
0.15198459021731403
0.15144092736244913
0.15089897841710653
0.15035874815724953
0.1498202411970179
0.14928346198970677
0.14874841482876858
0.14821510384883896
0.14768353302678555
0.14715370618278012
0.14662562698139045
0.14609929893269497
0.14557472539341698
0.14505190956807798
0.14453085451017048
0.14401156312334912
0.14349403816263803
0.14297828223565812
0.14246429780386655
0.14195208718381516
0.1414416525484213
0.14093299592825534
0.14042611921283946
0.1399210241519614
0.1394177123569984
0.1389161853022557
0.13841644432631353
0.13791849063338554
0.13742232529468826
0.13692794924981738
0.13643536330813583
0.13594456815016728
0.13545556432899875
0.1349683522716894
0.13448293228068686
0.133999304535248
0.13351746909286663
0.1330374258907039
0.13255917474702586
0.13208271536264227
0.13160804732234987
0.13113517009637837
0.13066408304183832
0.13019478540417162
0.12972727631860204
0.12926155481158808
0.12879761980227566
0.1283354701039499
0.12787510442548816
0.12741652137281073
0.1269597194503318
0.12650469706240636
0.12605145251477753
0.12559998401602002
0.12515028967898084
0.12470236752221718
0.1242562154714303
0.12381183136089595
0.12336921293489003
0.12292835784910985
0.12248926367209005
0.1220519278866149
0.12161634789112209
0.12118252100110366
0.1207504444504987
0.12032011539308118
0.11989153090383885
0.11946468798034852
0.11903958354414085
0.1186162144420593
0.11819457744761117
0.11777466926231109
0.11735648651701495
0.11694002577324737
0.11652528352451909
0.11611225619763592
0.1157009401539999
0.11529133169089897
0.11488342704278995
0.11447722238256995
0.11407271382283926
0.11366989741715397
0.11326876916126907
0.1128693249943709
0.11247156080029996
0.11207547240876219
0.11168105559653216
0.11128830608864264
0.11089721955956633
0.11050779163438451
0.11012001788994641
0.10973389385601687
0.10934941501641296
0.10896657681012982
0.10858537463245505
0.10820580383607195
0.10782785973215128
0.10745153759143186
0.10707683264528993
0.10670374008679663
0.1063322550717638
0.10596237271977965
0.10559408811523041
0.10522739630831343
0.10486229231603598
0.10449877112320405
0.10413682768339874
0.10377645691994203
0.10341765372684929
0.10306041296977196
0.1027047294869273
0.10235059809001729
0.10199801356513535
0.10164697067366209
0.10129746415314905
0.10094948871819104
0.10060303906128727
0.10025810985369066
0.09991469574624565
0.09957279137021466
0.09923239133809386
0.09889349024441677
0.09855608266654659
0.09822016316545804
0.09788572628650735
0.09755276656019185
0.0972212785028971
0.09689125661763467
0.09656269539476835
0.09623558931272855
0.0959099328387176
0.0955857204294028
0.09526294653159945
0.09494160558294348
0.09462169201255274
0.09430320024167863
0.09398612468434717
0.0936704597479888
0.09335619983405946
0.0930433393386503
0.09273187265308791
0.09242179416452431
0.09211309825651678
0.09180577930959849
0.09149983170183876
0.09119524980939356
0.09089202800704752
0.0905901606687444
0.09028964216811067
0.08999046687896708
0.08969262917583344
0.08939612343442238
0.08910094403212501
0.08880708534848766
0.08851454176567874
0.08822330766894818
0.08793337744707687
0.08764474549281884
0.08735740620333296
0.0870713539806087
0.08678658323188124
0.08650308837003991
0.08622086381402755
0.08593990398923206
0.08566020332787053
0.08538175626936453
0.08510455726070805
0.08482860075682809
0.08455388122093718
0.08428039312487817
0.08400813094946255
0.0837370891848006
0.08346726233062397
0.08319864489660249
0.08293123140265256
0.0826650163792392
0.08239999436767131
0.08213615992038956
0.08187350760124848
0.08161203198579078
0.08135172766151612
0.08109258922814323
0.08083461129786551
0.08057778849559988
0.08032211545923063
0.08006758683984622
0.07981419730197031
0.07956194152378722
0.07931081419736116
0.07906081002884939
0.07881192373871096
0.07856415006190813
0.0783174837481043
0.0780719195618538
0.07782745228278984
0.07758407670580404
0.0773417876412223
0.0771005799149756
0.07686044836876524
0.07662138786022323
0.07638339326306852
0.07614645946725726
0.07591058137912951
0.07567575392155006
0.07544197203404603
0.07520923067293911
0.07497752481147325
0.07474684943993881
0.07451719956579164
0.07428857021376835
0.07406095642599735
0.07383435326210569
0.07360875579932241
0.07338415913257673
0.07316055837459436
0.07293794865598777
0.07271632512534446
0.0724956829493108
0.072276017312672
0.07205732341842933
0.0718395964878732
0.07162283176065318
0.07140702449484426
0.07119216996701062
0.07097826347226498
0.07076530032432568
0.07055327585557042
0.07034218541708678
0.07013202437872004
0.06992278812911758
0.0697144720757706
0.06950707164505346
0.06930058228225931
0.06909499945163386
0.0688903186364056
0.06868653533881494
0.06848364508013838
0.06828164340071227
0.06808052585995335
0.06788028803637644
0.06768092552761051
0.06748243395041172
0.06728480894067473
0.0670880461534413
0.06689214126290743
0.06669708996242713
0.06650288796451505
0.06630953100084772
0.06611701482226022
0.0659253351987437
0.06573448791943978
0.06554446879263226
0.06535527364573862
0.06516689832529865
0.06497933869696126
0.06479259064547004
0.06460665007464717
0.06442151290737506
0.06423717508557694
0.06405363257019554
0.06387088134117086
0.06368891739741506
0.06350773675678778
0.0633273354560682
0.06314770955092691
0.06296885511589582
0.06279076824433706
0.06261344504841043
0.06243688165903953
0.06226107422587632
0.062086018917265715
0.06191171192020707
0.06173814944031659
0.06156532770178689
0.06139324294734614
0.06122189143821713
0.061051269454072896
0.060881373292994034
0.060712199271423115
0.06054374372411904
0.06037600300411024
0.06020897348264681
0.060042651549152226
0.059877033611173795
0.059712116094331996
0.0595478954422702
0.059384368116602144
0.0592215305968596
0.059059379380439134
0.05889791098254772
0.058737121936148426
0.05857700879190476
0.05841756811812426
0.058258796500702655
0.058100690543065686
0.05794324686611182
0.05778646210815351
0.05763033292485839
0.0574748559891894
0.05732002799134507
0.057165845638698816
0.05701230565573795
0.05685940478400234
0.05670713978202231
0.0565555074252564
0.056404504506028616
0.0562541278334652
0.0561043742334314
0.055955240548467275
0.055806723637723696
0.05565882037689762
0.055511527658167484
0.055364842390127886
0.055218761497724186
0.055073281922186815
0.05492840062096516
0.054784114567661614
0.05464042075196515
0.05449731617958405
0.05435479787218002
0.05421286286730023
0.054071508218310825
0.053930730994328574
0.053790528280154445
0.053650897176205026
0.05351183479844497
0.05337333827831908
0.053235404762683874
0.05309803141374019
0.0529612154089638
0.05282495394103784
0.05268924421778411
0.05255408346209455
0.05241946891186263
0.05228539781991482
0.052151867453941896
0.05201887509643037
0.051886418044593464
0.0517544936103028
0.05162309912001947
0.051492231914725246
0.05136188934985418
0.05123206879522352
0.05110276763496543
0.0509739832674581
0.05084571310525725
0.05071795457502773
0.05059070511747501
0.05046396218727643
0.05033772325301343
0.05021198579710264
0.05008674731572823
0.049962005318773636
