0.5747086170731286
0.5996573089323829
0.5297228060658368
0.5419608756864752
0.5612109407703074
0.5423106447389021
0.520461044915391
0.5220381226343802
0.5257249679678655
0.5214349665646041
0.5204662759356519
0.523187057109877
0.5226178931530978
0.519681498033894
0.5184559463328833
0.51867283869543
0.5187426415807387
0.5189007969104934
0.5192931908494491
0.519289994338501
0.5188163971520061
0.5183873728000548
0.5182330235391543
0.5182376357784053
0.5183049025015108
0.518371043216014
0.5183457336471865
0.5182121520925563
0.5180506161470203
0.5179349655903612
0.5178770174579518
0.5178529260679957
0.5178311385724332
0.5177856776063066
0.5177105756504571
0.5176215649153579
0.5175390727958498
0.5174725731486569
0.5174188842033184
0.5173685572968568
0.5173129340978534
0.5172489724807399
0.5171797713825654
0.5171109033806571
0.517046104932333
0.5169855514815287
0.5169268886870704
0.5168673991682672
0.5168057391460433
0.5167423760839694
0.516678782555724
0.5166162278339543
0.5165550603430387
0.5164947773830504
0.5164345888017902
0.5163739858362866
0.5163129734684422
0.5162519205864733
0.5161912294245121
0.5161310824762755
0.5160714002209905
0.5160119717957734
0.5159526270224857
0.5158933328573265
0.5158341775201277
0.5157752849188136
0.5157167325447108
0.5156585223089745
0.5156006064465688
0.5155429362280574
0.5154854969013246
0.5154283115313298
0.5153714205620373
0.5153148568201311
0.515258632655883
0.515202743509649
0.5151471808396745
0.5150919437060826
0.5150370423024208
0.5149824936489197
0.5149283144079914
0.5148745160808768
0.51482110482425
0.5147680846263109
0.5147154608945128
0.5146632421283974
0.5146114392151345
0.5145600634810978
0.514509125060417
0.5144586324842073
0.5144085933770828
0.5143590155016904
0.5143099074035482
0.5142612783753692
0.5142131379608229
0.51416549543505
0.5141183595837934
0.5140717388243095
0.5140256414886922
0.5139800760437828
0.513935051127692
0.5138905754310259
0.5138466575378057
0.5138033058316686
0.5137605285015521
0.5137183336098884
0.5136767291589635
0.5136357231113028
0.5135953233612276
0.5135555376855094
0.5135163737055753
0.5134778388770108
0.5134399405007063
0.5134026857384222
0.5133660816179639
0.5133301350239453
0.5132948526801586
0.513260241132961
0.5132263067416919
0.5131930556760885
0.5131604939164232
0.5131286272517371
0.5130974612741337
0.5130670013701589
0.513037252711839
0.5130082202494444
0.5129799087064538
0.5129523225757664
0.5129254661158118
0.5128993433457456
0.5128739580398058
0.5128493137214815
0.5128254136581603
0.5128022608565279
0.5127798580585505
0.5127582077376731
0.5127373120949508
0.5127171730550693
0.5126977922624103
0.5126791710773589
0.5126613105729767
0.5126442115320243
0.5126278744442455
0.5126122995038228
0.5125974866069759
0.5125834353497384
0.5125701450259649
0.5125576146256209
0.5125458428333594
0.5125348280273669
0.5125245682784546
0.5125150613493801
0.512506304694408
0.5124982954591233
0.512491030480513
0.5124845062873229
0.5124787191006844
0.512473664835003
0.5124693390991079
0.5124657371976531
0.5124628541327829
0.5124606846060528
0.5124592230206187
0.5124584634836806
0.5124583998091837
0.5124590255207688
0.5124603338549681
0.5124623177646447
0.5124649699226718
0.5124682827258463
0.5124722482990374
0.5124768584995543
0.5124821049217405
0.5124879789017733
0.5124944715226756
0.5125015736195228
0.5125092757848461
0.5125175683742194
0.5125264415120252
0.5125358850973889
0.5125458888102763
0.5125564421177418
0.512567534280323
0.5125791543585688
0.5125912912196952
0.5126039335443563
0.5126170698335256
0.5126306884154717
0.5126447774528244
0.5126593249497193
0.5126743187590088
0.512689746589533
0.51270559601344
0.5127218544735415
0.5127385092907008
0.5127555476712353
0.512772956714331
0.5127907234194516
0.51280883469374
0.512827277359395
0.51284603816102
0.512865103772929
0.5128844608064042
0.5129040958168916
0.5129239953111323
0.5129441457542121
0.5129645335765265
0.512985145180652
0.5130059669481114
0.5130269852460289
0.5130481864336656
0.5130695568688279
0.5130910829141394
0.5131127509431727
0.5131345473464304
0.513156458537171
0.5131784709570726
0.5132005710817259
0.5132227454259555
0.5132449805489581
0.5132672630592571
0.5132895796194641
0.5133119169508464
0.5133342618376933
0.5133566011314763
0.5133789217548039
0.5134012107051593
0.5134234550584262
0.5134456419721911
0.5134677586888269
0.5134897925383484
0.5135117309410411
0.5135335614098607
0.5135552715525986
0.5135768490738154
0.5135982817765375
0.5136195575637172
0.5136406644394552
0.513661590509982
0.5136823239844021
0.5137028531751949
0.5137231664984764
0.513743252474018
0.5137630997250232
0.5137826969776653
0.5138020330603797
0.5138210969029171
0.5138398775351539
0.5138583640856629
0.5138765457800409
0.513894411939001
0.5139119519762181
0.5139291553959422
0.5139460117903689
0.5139625108367736
0.513978642294407
0.5139943960011562
0.5140097618699662
0.5140247298850285
0.5140392900977329
0.5140534326223843
0.5140671476316852
0.5140804253519831
0.5140932560582849
0.5141056300690354
0.5141175377406613
0.5141289694618812
0.5141399156477807
0.5141503667336497
0.5141603131685848
0.5141697454088536
0.5141786539110201
0.5141870291248295
0.5141948614858521
0.514202141407883
0.514208859275096
0.5142150054339502
0.5142205701848443
0.5142255437735199
0.5142299163822055
0.5142336781205012
0.5142368190160002
0.5142393290046409
0.5142411979207875
0.5142424154870316
0.5142429713037139
0.5142428548381548
0.5142420554135945
0.514240562197829
0.5142383641915439
0.514235450216331
0.5142318089023853
0.5142274286758735
0.5142222977459641
0.5142164040915125
0.5142097354473916
0.5142022792904579
0.5141940228251429
0.5141849529686603
0.5141750563358182
0.5141643192234233
0.5141527275942691
0.5141402670606912
0.5141269228676807
0.5141126798755413
0.5140975225420765
0.5140814349042935
0.5140644005596076
0.5140464026465359
0.5140274238248602
0.5140074462552475
0.5139864515783088
0.5139644208930815
0.5139413347349177
0.5139171730527596
0.5138919151857875
0.5138655398394164
0.5138380250606288
0.51380934821262
0.5137794859487386
0.5137484141856994
0.5137161080760548
0.5136825419798965
0.5136476894357704
0.5136115231307855
0.5135740148698904
0.5135351355442996
0.5134948550990465
0.51345314249964
0.513409965697802
0.5133652915962663
0.5133190860126114
0.5132713136421077
0.513221938019553
0.5131709214800774
0.5131182251188877
0.5130638087499326
0.5130076308634626
0.5129496485824612
0.5128898176179227
0.5128280922229513
0.512764425145658
0.5126987675808297
0.5126310691203442
0.5125612777023049
0.5124893395588719
0.5124151991627557
0.5123387991723526
0.5122600803754895
0.5121789816317459
0.5120954398133277
0.512009389744454
0.5119207641392279
0.5118294935379504
0.5117355062418419
0.51163872824613
0.5115390831714566
0.5114364921935624
0.511330873971192
0.5112221445721685
0.5111102173975763
0.5109950031039872
0.510876409523659
0.510754341582631
0.5106287012166306
0.5104993872847021
0.5103662954804564
0.5102293182408343
0.5100883446522679
0.5099432603541095
0.5097939474391913
0.5096402843513691
0.5094821457798855
0.5093194025503807
0.5091519215123677
0.5089795654229679
0.5088021928267017
0.5086196579311033
0.5084318104779247
0.5082384956096764
0.50803955373124
0.5078348203662814
0.5076241260081709
0.5074072959651181
0.5071841501992175
0.5069545031590874
0.5067181636057919
0.5064749344317216
0.5062246124721177
0.5059669883089232
0.5057018460666511
0.5054289631999754
0.5051481102727581
0.5048590507282513
0.504561540650234
0.5042553285148755
0.5039401549331481
0.5036157523836604
0.5032818449358226
0.5029381479633164
0.502584367847898
0.5022202016736376
0.5018453369117724
0.5014594510964401
0.5010622114916518
0.5006532747499726
0.5002322865634953
0.49979888130781813
0.49935268167988867
0.4988932983307253
0.4984203294942118
0.4979333606133505
0.4974319639655824
0.4969156982890209
0.49638410841172254
0.4958367248864216
0.49527306363349877
0.49469262559533755
0.4940948964056595
0.4934793460779067
0.4928454287172934
0.49219258226174883
0.4915202282576557
0.4908277716770406
0.49011460078370217
0.48938008705667957
0.4886235851804558
0.4878444331123778
0.4870419522389285
0.4862154476337229
0.4853642084313997
0.4844875083329192
0.4835846062591572
0.4826547471710487
0.4816971630758803
0.4807110742405819
0.4796956906340009
0.47865021362107474
0.47757383793249036
0.47646575393374235
0.4753251502173815
0.47415121654158576
0.47294314713686664
0.47170014440063346
0.47042142299635
0.46910621437002065
0.4677537716916038
0.46636337522259047
0.4649343381032915
0.46346601254432285
0.4619577963963153
0.46040914006005496
0.45881955368614963
0.4571886145990804
0.45551597486535095
0.4538013689097095
0.45204462106747295
0.4502456529453192
0.4484044904480858
0.44652127031573907
0.4445962460034641
0.44262979272943853
0.4406224115100249
0.4385747320014904
0.4364875139715125
0.43436164723310344
0.43219814988845384
0.4299981647506219
0.4277629538367616
0.42549389085726474
0.42319245166001146
0.42086020262687623
0.41849878705948185
0.41610990963145994
0.4136953190236095
0.4112567888947308
0.4087960973729763
0.4063150052789186
0.40381523331098756
0.4012984384356648
0.3987661897283828
0.39621994390645
0.3936610207829712
0.39109057885156384
0.3885095911869948
0.3859188218184106
0.38331880270157914
0.3807098113867611
0.3780918494518545
0.37546462174876294
0.37282751649695994
0.3701795862543297
0.3675195298037549
0.36484567501660153
0.3621559627928727
0.35944793223365973
0.3567187072753301
0.35396498510666696
0.35118302679903
0.3483686507034163
0.34551722930356177
0.34262369035559764
0.33968252328501336
0.3366877919413433
0.333633154918638
0.3305118947221972
0.3273169570850196
0.3240410016968777
0.320676465492457
0.31721563944371217
0.3136507595121052
0.3099741120423387
0.30617815343209864
0.3022556434110313
0.2981997907306705
0.2940044095305279
0.289664084125299
0.2851743394661018
0.28053181406368216
0.2757344317084705
0.2707815678565134
0.26567420604619074
0.26041507915612494
0.255008789725899
0.24946190299553866
0.2437830058817666
0.23798272494563366
0.23207369668854036
0.2260704844077445
0.21998943747093563
0.21384849127317163
0.20766690924629153
0.20146497190103602
0.1952636216763109
0.18908407594347268
0.18294742343196935
0.17687422121225949
0.170884109908764
0.16499546390013745
0.1592250909672665
0.15358799242347046
0.14809719059782295
0.14276362610556248
0.1375961230912409
0.13260141696268393
0.1277842363215601
0.12314742897525607
0.11869212108716429
0.11441789858227942
0.11032300069411091
0.10640451680584359
0.10265857929215497
0.09908054672164798
0.09566517338600464
0.09240676257722732
0.08929930227707901
0.08633658292681608
0.08351229771117835
0.08082012633727491
0.07825380364595945
0.0758071745945742
0.07347423722966068
0.07124917525789226
0.06912638175027006
0.06710047540094288
0.06516631062545779
0.06331898263703231
0.06155382849305144
0.05986642496383713
0.05825258394582679
0.05670834602383236
0.055229972682916906
0.05381393757959656
0.05245691720393734
0.05115578119769616
0.049907582537781034
