0.5438346181077068
0.5421619898746571
0.5364407518151025
0.5321675153879196
0.529058367496472
0.5268197580477186
0.5252191525975662
0.52407940417865
0.5232690668903284
0.5226923878255479
0.5222805133212077
0.521984383748409
0.5217692707073956
0.5216107067233053
0.5214915142057763
0.5213996664627236
0.5213267621109625
0.5212669439836414
0.5212161364740522
0.5211715092445783
0.5211311009970496
0.5210935560037822
0.5210579398690792
0.5210236108556914
0.5209901301235145
0.5209571991873407
0.5209246163955633
0.5208922466887306
0.5208600006211602
0.520827819837401
0.520795667041701
0.5207635190908826
0.5207313622552243
0.5206991889814451
0.5206669956941259
0.520634781313092
0.5206025462627907
0.5205702918183706
0.5205380196810121
0.5205057317083359
0.5204734297488497
0.5204411155454403
0.5204087906840352
0.5203764565712334
0.5203441144299991
0.520311765306146
0.5202794100808245
0.5202470494859115
0.5202146841203475
0.5201823144662275
0.5201499409039585
0.5201175637261304
0.52008518314995
0.5200527993282271
0.5200204123589733
0.519988022293717
0.5199556291446599
0.5199232328908041
0.5198908334831764
0.5198584308492661
0.5198260248967852
0.5197936155168499
0.5197612025866617
0.5197287859717689
0.5196963655279687
0.5196639411029064
0.5196315125374174
0.5195990796666541
0.5195666423210303
0.5195342003270127
0.5195017535077837
0.5194693016837959
0.5194368446732361
0.5194043822924135
0.5193719143560834
0.5193394406777179
0.5193069610697318
0.5192744753436715
0.5192419833103703
0.5192094847800807
0.5191769795625817
0.5191444674672693
0.5191119483032316
0.5190794218793099
0.5190468880041496
0.519014346486243
0.5189817971339626
0.5189492397555898
0.5189166741593374
0.5188841001533679
0.5188515175458083
0.5188189261447617
0.5187863257583155
0.5187537161945499
0.518721097261541
0.5186884687673656
0.5186558305201027
0.5186231823278353
0.5185905239986504
0.5185578553406386
0.518525176161893
0.5184924862705084
0.5184597854745786
0.518427073582194
0.5183943504014398
0.5183616157403926
0.518328869407118
0.5182961112096667
0.5182633409560716
0.5182305584543443
0.518197763512472
0.5181649559384132
0.5181321355400947
0.5180993021254078
0.5180664555022041
0.5180335954782926
0.5180007218614354
0.5179678344593441
0.5179349330796758
0.5179020175300297
0.5178690876179429
0.5178361431508871
0.5178031839362645
0.5177702097814038
0.5177372204935569
0.517704215879895
0.5176711957475044
0.5176381599033839
0.5176051081544392
0.5175720403074812
0.5175389561692207
0.5175058555462659
0.5174727382451176
0.5174396040721667
0.5174064528336889
0.517373284335843
0.5173400983846662
0.5173068947860702
0.5172736733458378
0.51724043386962
0.5172071761629319
0.5171739000311486
0.5171406052795027
0.5171072917130795
0.5170739591368148
0.5170406073554907
0.5170072361737317
0.516973845396002
0.5169404348266018
0.5169070042696635
0.5168735535291483
0.5168400824088433
0.5168065907123577
0.5167730782431187
0.5167395448043699
0.516705990199166
0.5166724142303705
0.516638816700652
0.5166051974124812
0.5165715561681273
0.5165378927696544
0.5165042070189189
0.5164704987175655
0.5164367676670244
0.5164030136685082
0.5163692365230077
0.5163354360312897
0.5163016119938939
0.5162677642111281
0.5162338924830672
0.5161999966095479
0.5161660763901674
0.5161321316242794
0.5160981621109901
0.5160641676491569
0.5160301480373839
0.5159961030740193
0.5159620325571523
0.5159279362846099
0.515893814053954
0.5158596656624785
0.5158254909072058
0.5157912895848837
0.5157570614919835
0.5157228064246957
0.515688524178928
0.5156542145503014
0.5156198773341479
0.5155855123255078
0.5155511193191261
0.5155166981094499
0.5154822484906254
0.515447770256495
0.5154132632005953
0.5153787271161526
0.5153441617960811
0.5153095670329806
0.5152749426191322
0.5152402883464964
0.5152056040067104
0.5151708893910854
0.515136144290603
0.5151013684959131
0.5150665617973319
0.5150317239848372
0.5149968548480673
0.5149619541763182
0.51492702175854
0.5148920573833355
0.514857060838956
0.5148220319133001
0.5147869703939103
0.5147518760679706
0.5147167487223039
0.5146815881433693
0.5146463941172594
0.5146111664296984
0.5145759048660389
0.5145406092112594
0.5145052792499621
0.5144699147663699
0.5144345155443252
0.5143990813672853
0.5143636120183219
0.5143281072801171
0.5142925669349631
0.5142569907647565
0.5142213785509993
0.5141857300747944
0.5141500451168437
0.5141143234574461
0.5140785648764947
0.5140427691534748
0.5140069360674616
0.513971065397117
0.5139351569206885
0.5138992104160065
0.5138632256604818
0.5138272024311034
0.5137911405044366
0.5137550396566204
0.5137188996633653
0.5136827202999513
0.5136465013412257
0.5136102425616008
0.5135739437350515
0.513537604635114
0.5135012250348829
0.5134648047070091
0.5134283434236981
0.5133918409567076
0.5133552970773458
0.513318711556469
0.5132820841644795
0.5132454146713237
0.5132087028464904
0.5131719484590083
0.5131351512774442
0.5130983110699014
0.5130614276040171
0.5130245006469605
0.5129875299654318
0.5129505153256592
0.5129134564933975
0.5128763532339263
0.5128392053120479
0.5128020124920855
0.5127647745378816
0.5127274912127955
0.5126901622797028
0.512652787500992
0.5126153666385639
0.5125778994538294
0.512540385707708
0.5125028251606256
0.5124652175725132
0.512427562702805
0.5123898603104369
0.5123521101538447
0.5123143119909626
0.512276465579221
0.5122385706755459
0.5122006270363563
0.512162634417563
0.5121245925745675
0.5120865012622595
0.5120483602350163
0.5120101692467003
0.5119719280506583
0.5119336363997198
0.5118952940461949
0.5118569007418745
0.5118184562380267
0.5117799602853966
0.511741412634205
0.5117028130341463
0.511664161234388
0.5116254569835681
0.5115867000297953
0.5115478901206463
0.511509027003165
0.5114701104238617
0.5114311401287109
0.5113921158631507
0.5113530373720812
0.5113139043998634
0.5112747166903182
0.5112354739867245
0.5111961760318191
0.511156822567794
0.5111174133362972
0.5110779480784299
0.511038426534746
0.5109988484452511
0.5109592135494014
0.5109195215861024
0.5108797722937078
0.5108399654100193
0.5108001006722842
0.5107601778171955
0.5107201965808903
0.5106801566989494
0.5106400579063954
0.5105998999376933
0.5105596825267478
0.5105194054069034
0.5104790683109439
0.5104386709710904
0.5103982131190015
0.5103576944857713
0.5103171148019304
0.5102764737974426
0.5102357712017068
0.5101950067435541
0.5101541801512484
0.5101132911524846
0.5100723394743888
0.510031324843517
0.5099902469858554
0.5099491056268175
0.5099079004912463
0.5098666313034118
0.5098252977870106
0.509783899665166
0.5097424366604267
0.5097009084947669
0.5096593148895847
0.5096176555657028
0.5095759302433673
0.5095341386422473
0.5094922804814346
0.5094503554794425
0.5094083633542064
0.5093663038230828
0.5093241766028491
0.5092819814097029
0.5092397179592615
0.5091973859665623
0.5091549851460617
0.5091125152116348
0.5090699758765758
0.5090273668535968
0.508984687854828
0.5089419385918172
0.50889911877553
0.5088562281163487
0.508813266324073
0.5087702331079191
0.5087271281765202
0.5086839512379251
0.5086407019995998
0.5085973801684254
0.5085539854506997
0.508510517552136
0.5084669761778634
0.5084233610324264
0.508379671819785
0.5083359082433152
0.5082920700058077
0.508248156809469
0.5082041683559209
0.5081601043462006
0.5081159644807602
0.508071748459468
0.5080274559816069
0.5079830867458757
0.5079386404503885
0.507894116792675
0.5078495154696806
0.5078048361777665
0.5077600786127094
0.5077152424697028
0.5076703274433552
0.5076253332276923
0.5075802595161557
0.5075351060016036
0.5074898723763113
0.5074445583319703
0.5073991635596902
0.5073536877499972
0.5073081305928353
0.5072624917775665
0.5072167709929706
0.5071709679272455
0.5071250822680082
0.5070791137022942
0.5070330619165575
0.5069869265966727
0.5069407074279332
0.5068944040950523
0.506848016282164
0.5068015436728228
0.5067549859500041
0.5067083427961043
0.5066616138929416
0.506614798921756
0.5065678975632101
0.5065209094973886
0.5064738344037996
0.5064266719613741
0.5063794218484676
0.506332083742859
0.5062846573217517
0.5062371422617744
0.5061895382389805
0.5061418449288496
0.5060940620062867
0.5060461891456238
0.5059982260206195
0.505950172304459
0.5059020276697561
0.505853791788552
0.5058054643323163
0.5057570449719476
0.5057085333777737
0.5056599292195514
0.5056112321664684
0.5055624418871421
0.505513558049621
0.5054645803213844
0.5054155083693437
0.5053663418598415
0.5053170804586533
0.5052677238309872
0.5052182716414841
0.505168723554218
0.5051190792326976
0.505069338339865
0.5050195005380967
0.5049695654892048
0.5049195328544354
0.5048694022944707
0.504819173469429
0.5047688460388636
0.5047184196617651
0.5046678939965606
0.5046172687011137
0.5045665434327256
0.5045157178481345
0.5044647916035166
0.5044137643544863
0.5043626357560951
0.5043114054628336
0.504260073128631
0.5042086384068544
0.5041571009503104
0.5041054604112442
0.5040537164413399
0.5040018686917211
0.5039499168129506
0.5038978604550302
0.5038456992674015
0.5037934328989448
0.5037410609979808
0.5036885832122684
0.5036359991890066
0.5035833085748336
0.5035305110158261
0.5034776061575009
0.5034245936448133
0.5033714731221569
0.5033182442333647
0.5032649066217076
0.5032114599298951
0.5031579038000742
0.5031042378738295
0.5030504617921835
0.5029965751955952
0.5029425777239601
0.5028884690166103
0.5028342487123135
0.5027799164492726
0.5027254718651252
0.5026709145969436
0.5026162442812333
0.5025614605539335
0.5025065630504153
0.5024515514054818
0.5023964252533671
0.5023411842277364
0.5022858279616833
0.5022303560877309
0.5021747682378301
0.5021190640433588
0.5020632431351207
0.5020073051433451
0.5019512496976851
0.5018950764272171
0.5018387849604387
0.5017823749252691
0.5017258459490469
0.5016691976585287
0.5016124296798887
0.5015555416387166
0.5014985331600164
0.5014414038682055
0.5013841533871122
0.5013267813399753
0.5012692873494422
0.5012116710375667
0.5011539320258078
0.5010960699350284
0.5010380843854928
0.5009799749968653
0.5009217413882081
0.50086338317798
0.5008048999840334
0.5007462914236129
0.5006875571133538
0.5006286966692785
0.5005697097067956
0.5005105958406971
0.5004513546851563
0.5003919858537254
0.5003324889593322
0.5002728636142799
0.5002131094302419
0.5001532260182611
0.5000932129887458
0.5000330699514689
0.49997279651556326
0.4999123922895195
0.4998518568811839
0.499791189897754
0.4997303909457766
0.4996694596311447
0.49960839555909375
0.4995471983341988
0.49948586756037144
0.499424402840856
0.49936280377822634
0.4993010699743828
0.49923920103054775
0.49917719654726345
0.49911505612438634
0.49905277936108516
0.4989903658558366
0.49892781520642115
0.498865127009919
0.4988023008627067
0.4987393363604533
0.4986762330981148
0.4986129906699315
0.4985496086694229
0.4984860866893838
0.4984224243218798
0.4983586211582423
0.498294676789065
0.4982305908041984
0.49816636279274573
0.49810199234305774
0.49803747904272827
0.4979728224785891
0.4979080222367057
0.4978430779023709
0.4977779890601013
0.49771275529363124
0.4976473761859077
0.49758185131908533
0.49751618027452094
0.4974503626327681
0.49738439797357137
0.4973182858758614
0.4972520259177489
0.49718561767651925
0.4971190607286263
0.49705235464968706
0.49698549901447553
0.49691849339691696
0.49685133737008147
0.49678403050617925
0.4967165723765524
0.4966489625516704
0.49658120060112343
0.4965132860936159
0.49644521859695984
0.4963769976780694
0.4963086229029533
0.49624009383670875
0.49617141004351545
0.49610257108662764
0.4960335765283687
0.49596442593012324
0.4958951188523311
0.4958256548544804
0.4957560334951001
0.49568625433175323
0.4956163169210305
0.49554622081854205
0.495475965578911
0.4954055507557667
0.4953349759017366
0.49526424056843904
0.49519334430647693
0.49512228666542923
0.49505106719384434
0.49497968543923165
0.4949081409480554
0.49483643326572624
0.49476456193659346
0.4946925265039383
0.4946203265099654
0.49454796149579566
0.4944754310014582
0.4944027345658829
0.49432987172689236
0.49425684202119435
0.49418364498437334
0.494110280150884
0.49403674705404155
0.49396304522601503
0.4938891741978194
0.49381513349930684
0.4937409226591593
0.49366654120488057
0.49359198866278786
0.49351726455800426
0.4934423684144502
0.4933672997548362
0.4932920581006536
0.4932166429721683
0.4931410538884107
0.4930652903671692
0.49298935192498106
0.49291323807712567
0.49283694833761466
0.4927604822191859
0.4926838392332937
0.49260701889010183
0.49253002069847557
0.4924528441659729
0.4923754887988374
0.4922979541019897
0.49222023957901995
0.49214234473217955
0.49206426906237377
0.4919860120691533
0.4919075732507071
0.4918289521038539
0.4917501481240348
0.491671160805306
0.4915919896403302
0.49151263412036994
0.4914330937352794
0.49135336797349677
0.49127345632203756
0.49119335826648647
0.4911130732909899
0.4910326008782496
0.4909519405095144
0.4908710916645737
0.4907900538217499
0.4907088264578917
0.4906274090483672
0.4905458010670564
0.4904640019863455
0.49038201127711883
0.49029982840875347
0.4902174528491119
0.4901348840645358
0.4900521215198397
0.4899691646783047
0.48988601300167245
0.4898026659501386
0.4897191229823478
0.4896353835553866
0.48955144712477866
0.4894673131444791
0.48938298106686834
0.48929845034274744
0.4892137204213325
0.4891287907502496
0.48904366077552996
0.4889583299416047
0.48887279769130065
0.4887870634658355
0.48870112670481336
0.4886149868462203
0.48852864332642076
0.4884420955801535
0.4883553430405272
0.48826838513901716
0.48818122130546215
0.4880938509680606
0.48800627355336795
0.48791848848629327
0.48783049519009625
0.4877422930863856
0.4876538815951158
0.4875652601345848
0.48747642812143266
0.4873873849706393
0.48729813009552275
0.4872086629077378
0.48711898281727506
0.48702908923246
0.4869389815599513
0.4868486592047413
0.4867581215701551
0.4866673680578506
0.48657639806781855
0.48648521099838293
0.4863938062462013
0.48630218320626595
0.48621034127190477
0.4861182798347825
0.48602599828490217
0.48593349601060754
0.48584077239858414
0.48574782683386253
0.48565465869982016
0.4855612673781847
0.48546765224903715
0.4853738126908148
0.48527974808031576
0.4851854577927014
0.4850909412015024
0.4849961976786223
0.4849012265943421
0.48480602731732614
0.48471059921462717
0.48461494165169183
0.4845190539923668
0.4844229355989058
0.4843265858319752
0.48423000405066186
0.48413318961247986
0.4840361418733786
0.4839388601877505
0.483841343908439
0.483743592386748
0.4836456049724499
0.4835473810137956
0.4834489198575237
0.4833502208488709
0.48325128333158196
0.48315210664792074
0.48305269013868113
0.48295303314319815
0.4828531349993608
0.4827529950436227
0.482652612611016
0.4825519870351635
0.4824511176482925
0.48235000378124765
0.4822486447635062
0.48214703992319125
0.48204518858708734
0.48194309008065583
0.4818407437280497
0.48173814885213034
0.48163530477448413
0.48153221081543846
0.4814288662940796
0.4813252705282707
0.4812214228346688
0.4811173225287446
0.4810129689248009
0.4809083613359913
0.480803499074341
0.4806983814507669
0.48059300777509745
0.480487377356095
0.48038148950147597
0.48027534351793416
0.4801689387111623
0.48006227438587523
0.4799553498458334
0.47984816439386635
0.479740717331897
0.4796330079609666
0.47952503558125986
0.47941679949213034
0.4793082989921269
0.4791995333790197
0.4790905019498282
0.47898120400084754
0.47887163882767736
0.47876180572525023
0.47865170398786006
0.47854133290919204
0.4784306917823521
0.47831977989989816
0.47820859655387027
0.478097141035822
0.4779854126368529
0.47787341064764005
0.47776113435847234
0.4776485830592818
0.47753575603967935
0.4774226525889886
0.4773092719962799
0.4771956135504073
0.47708167654004274
0.47696746025371406
0.4768529639798407
0.47673818700677195
0.47662312862282413
0.47650778811632016
0.4763921647756274
0.47627625788919764
0.4761600667456074
0.47604359063359825
0.4759268288421175
0.47580978066036034
0.47569244537781163
0.4755748222842889
0.47545691066998463
0.47533870982551124
0.47522021904194417
0.47510143761086754
0.4749823648244183
0.47486299997533293
0.474743342356994
0.4746233912634757
0.47450314598959265
0.47438260583094694
0.47426177008397713
0.4741406380460066
0.47401920901529393
0.4738974822910816
0.4737754571736482
0.4736531329643584
0.4735305089657147
0.47340758448140985
0.4732843588163796
0.4731608312768557
0.4730370011704197
0.472912867806057
0.47278843049421193
0.4726636885468436
0.4725386412774802
0.4724132880012771
0.4722876280350723
0.4721616606974449
0.47203538530877265
0.47190880119129025
0.47178190766914857
0.47165470406847365
0.4715271897174276
0.4713993639462681
0.47127122608741034
0.47114277547548755
0.4710140114474143
0.4708849333424477
0.47075554050225127
0.47062583227095856
0.4704958079952365
0.4703654670243509
0.47023480871023043
0.47010383240753295
0.4699725374737109
0.4698409232690788
0.46970898915687903
0.46957673450334947
0.46944415867779277
0.4693112610526427
0.46917804100353455
0.46904449790937386
0.4689106311524062
0.46877644011828795
0.4686419241961558
0.4685070827786994
0.468371915262232
0.4682364210467624
0.4681005995360679
0.46796445013776744
0.46782797226339357
0.46769116532846816
0.4675540287525747
0.4674165619594345
0.4672787643769802
0.4671406354374323
0.46700217457737425
0.4668633812378288
0.46672425486433505
0.46658479490702437
0.4664450008206988
0.46630487206490784
0.46616440810402726
0.46602360840733636
0.46588247244909864
0.46574099970863864
0.46559918967042285
0.4654570418241387
0.46531455566477564
0.46517173069270384
0.4650285664137567
0.4648850623393105
0.4647412179863659
0.4645970328776309
0.46445250654160025
0.46430763851263934
0.4641624283310661
0.46401687554323356
0.4638709797016126
0.46372474036487515
0.46357815709797795
0.46343122947224485
0.46328395706545195
0.46313633946191096
0.4629883762525527
0.46284006703501307
0.4626914114137156
0.4625424089999573
0.4623930594119931
0.46224336227512103
0.4620933172217669
0.46194292389156977
0.46179218193146715
0.4616410909957805
0.4614896507463004
0.461337860852373
0.4611857209909842
0.4610332308468468
0.4608803901124854
0.4607271984883224
0.460573655682764
0.46041976141228586
0.46026551540151817
0.4601109173833332
0.4599559670989292
0.45980066429791777
0.45964500873840813
0.4594890001870934
0.45933263841933675
0.4591759232192555
0.45901885437980816
0.45886143170287785
0.45870365499935906
0.458545524089242
0.45838703880169696
0.4582281989751599
0.45806900445741633
0.4579094551056862
0.4577495507867075
0.4575892913768198
0.45742867676204907
0.45726770683819057
0.4571063815108912
0.4569447006957339
0.45678266431831854
0.456620272314346
0.4564575246296985
0.4562944212205228
0.45613096205330955
0.45596714710497654
0.4558029763629473
0.45563844982523194
0.45547356750050766
0.4553083294081968
0.45514273557854634
0.45497678605270697
0.45481048088280973
0.4546438201320448
0.454476803874737
0.4543094321964243
0.4541417051939318
0.45397362297544824
0.453805185660601
0.4536363933805292
0.4534672462779583
0.45329774450727356
0.453127888234591
0.45295767763783085
0.45278711290678764
0.4526161942432009
0.45244492186082513
0.4522732959854985
0.4521013168552119
0.4519289847201763
0.45175629984288845
0.4515832624981989
0.4514098729733766
0.4512361315681723
0.451062038594884
0.4508875943784185
0.4507127992563543
0.45053765357900255
0.45036215770946675
0.4501863120237028
0.45001011691057735
0.4498335727719249
0.4496566800226053
0.4494794390905585
0.4493018504168594
0.4491239144557723
0.4489456316748026
0.448767002554749
0.4485880275897537
0.4484087072873527
0.4482290421685237
0.4480490327677332
0.44786867963298405
0.44768798332585946
0.44750694442156763
0.4473255635089847
0.4471438411906963
0.44696177808303833
0.44677937481613633
0.4465966320339442
0.44641355039428043
0.44623013056886385
0.4460463732433494
0.44586227911736015
0.4456778489045198
0.4454930833324835
0.4453079831429672
0.44512254909177584
0.44493678194883035
0.4447506824981924
0.44456425153808954
0.4443774898809375
0.4441903983533612
0.44400297779621584
0.44381522906460447
0.44362715302789596
0.44343875056973997
0.4432500225880825
0.4430609699951776
0.4428715937176001
0.4426818946962544
0.4424918738863839
0.44230153225757785
0.44211087079377687
0.44191989049327657
0.44172859236873124
0.441536977447154
0.4413450467699167
0.4411528013927474
0.4409602423857275
0.4407673708332864
0.44057418783419466
0.44038069450155565
0.4401868919627963
0.43999278135965514
0.43979836384816967
0.4396036405986612
0.4394086127957198
0.43921328163818485
0.4390176483391275
0.4388217141258284
0.438625480239755
0.4384289479365383
0.4382321184859457
0.4380349931718544
0.437837573292222
0.43763986015905526
0.43744185509837824
0.43724355945019777
0.4370449745684677
0.43684610182105155
0.4366469425896838
0.4364474982699286
0.43624777027113804
0.43604776001640694
0.4358474689425287
0.43564689849994703
0.43544605015270677
0.4352449253784043
0.4350435256681338
0.4348418525264346
0.4346399074712343
0.4344376920337929
0.43423520775864316
0.4340324562035294
0.43382943893934667
0.4336261575500761
0.4334226136327198
0.43321880879723323
0.4330147446664571
0.432810422876047
0.432605845074401
0.43240101292258654
0.43219592809426566
0.4319905922756171
0.43178500716525914
0.4315791744741693
0.4313730959256028
0.4311667732550093
0.4309602082099494
0.4307534025500071
0.430546358046703
0.43033907648340486
0.43013155965523725
0.42992380936898894
0.4297158274430191
0.4295076157071628
0.4292991760026333
0.42909051018192484
0.4288816201087127
0.42867250765775244
0.4284631747147768
0.4282536231763925
0.42804385494997466
0.4278338719535604
0.42762367611574065
0.4274132693755503
0.4272026536823588
0.4269918309957568
0.4267808032854433
0.42656957253111094
0.4263581407223299
0.4261465098584313
0.4259346819483877
0.4257226590106943
0.4255104430732477
0.42529803617322337
0.4250854403569532
0.4248726576798003
0.4246596902060335
0.4244465400087011
0.4242332091695023
0.4240196997786586
0.4238060139347838
0.42359215374475306
0.4233781213235703
0.4231639187942355
0.42294954828761
0.42273501194228263
0.4225203119044324
0.4223054503276916
0.42209042937300895
0.42187525120850955
0.421659918009356
0.4214444319576077
0.4212287952420793
0.4210130100581987
0.42079707860786414
0.4205810030993007
0.4203647857469151
0.42014842877115166
0.4199319343983455
0.4197153048605767
0.41949854239552226
0.4192816492463096
0.4190646276613667
0.4188474798942745
0.418630208203616
0.4184128148528273
0.4181953021100465
0.4179776722479631
0.4177599275436652
0.4175420702784893
0.4173241027378664
0.41710602721117035
0.4168878459915639
0.4166695613758456
0.4164511756642959
0.41623269116052314
0.41601411017130896
0.415795435006454
0.41557666797862247
0.41535781140318806
0.41513886759807744
0.4149198388836167
0.41470072758237353
0.41448153601900367
0.4142622665200943
0.41404292141400817
0.4138235030307281
0.41360401370170163
0.4133844557596848
0.4131648315385857
0.4129451433733109
0.4127253935996074
0.41250558455390957
0.41228571857318164
0.41206579799476417
0.4118458251562186
0.4116258023951723
0.41140573204916414
0.4111856164554904
0.41096545795105033
0.41074525887219315
0.41052502155456405
0.4103047483329514
0.41008444154113455
0.4098641035117303
0.4096437365760425
0.40942334306390965
0.40920292530355434
0.4089824856214326
0.40876202634208403
0.4085415497879822
0.40832105827938553
0.4081005541341898
0.4078800396677789
0.40765951719287896
0.4074389890194108
0.4072184574543448
0.4069979248015554
0.4067773933616759
0.40655686543195574
0.406336343306116
0.4061158292742082
0.40589532562247177
0.40567483463319387
0.4054543585845688
0.4052338997505584
0.4050134604007551
0.4047930428002424
0.40457264920946
0.4043522818840659
0.4041319430748037
0.4039116350273669
0.4036913599822666
0.403471120174699
0.403250917834415
0.4030307551855885
0.4028106344466888
0.4025905578303519
0.4023705275432527
0.4021505457859796
0.4019306147529092
0.4017107366320826
0.4014909136050819
0.40127114784690887
0.40105144152586425
0.4008317968034275
0.40061221583413936
0.4003927007654839
0.40017325373777224
0.39995387688402806
0.3997345723298734
0.3995153421934163
0.39929618858513927
0.39907711360778847
0.39885811935626625
0.3986392079175219
0.3984203813704455
0.3982016417857631
0.3979829912259324
0.39776443174503995
0.3975459653886994
0.3973275941939521
0.3971093201891673
0.396891145393945
0.39667307181901956
0.3964551014661647
0.39623723632809965
0.3960194783883968
0.39580182962139104
0.3955842919920891
0.39536686745608235
0.39514955795945916
0.3949323654387186
0.39471529182068743
0.39449833902243575
0.3942815089511965
0.394064803504284
0.39384822456901625
0.39363177402263627
0.39341545373223713
0.3931992655546854
0.39298321133654956
0.39276729291402673
0.39255151211287204
0.3923358707483303
0.3921203706250667
0.39190501353710083
0.39168980126774156
0.3914747355895237
0.39125981826414397
0.3910450510424017
0.3908304356641383
0.3906159738581784
0.3904016673422742
0.3901875178230486
0.38997352699594195
0.3897596965451586
0.3895460281436154
0.389332523452892
0.3891191841231817
0.38890601179324413
0.3886930080903592
0.3884801746302822
0.38826751301720086
0.3880550248436928
0.38784271169068535
0.38763057512741494
0.38741861671139105
0.3872068379883574
0.38699524049225853
0.38678382574520376
0.3865725952574356
0.386361550527298
0.3861506930412059
0.38594002427361634
0.38572954568700135
0.3855192587318206
0.3853091648464972
0.3850992654573932
0.38488956197878743
0.38468005581285397
0.3844707483496419
0.38426164096705695
0.38405273503084286
0.3838440318945659
0.3836355328995993
0.3834272393751086
0.3832191526380402
0.38301127399310797
0.3828036047327844
0.3825961461372903
0.38238889947458654
0.3821818660003674
0.38197504695805484
0.381768443578793
0.3815620570814457
0.38135588867259257
0.381149939546529
0.3809442108852646
0.3807387038585245
0.3805334196237513
0.38032835932610765
0.38012352409848005
0.3799189150614847
0.3797145333234717
0.3795103799805345
0.3793064561165155
0.37910276280301686
0.37889930109940945
0.37869607205284456
0.37849307669826515
0.37829031605841956
0.3780877911438746
0.3778855029530307
0.377683452472138
0.37748164067531237
0.37728006852455287
0.3770787369697609
0.3768776469487592
0.37667679938731136
0.37647619519914394
0.37627583528596764
0.37607572053750005
0.37587585183148975
0.3756762300337397
0.3754768559981334
0.37527773056666036
0.37507885456944257
0.3748802288247622
0.3746818541390906
0.37448373130711576
0.3742858611117737
0.37408824432427723
0.3738908817041486
0.37369377399925086
0.37349692194581974
0.3733003262684979
0.37310398768036823
0.37290790688298836
0.3727120845664261
0.3725165214092956
0.3723212180787925
0.37212617523073277
0.3719313935095888
0.37173687354852836
0.3715426159694535
0.3713486213830398
0.37115489038877614
0.3709614235750053
0.37076822151896466
0.3705752847868285
0.3703826139337494
0.3701902095039006
0.36999807203051965
0.36980620203595177
0.36961460003169316
0.3694232665184362
0.3692322019861141
0.36904140691394594
0.36885088177048275
0.368660627013653
0.3684706430908102
0.36828093043877913
0.36809148948390275
0.3679023206420909
0.3677134243188679
0.36752480090942075
0.36733645079864774
0.3671483743612084
0.36696057196157167
0.3667730439540665
0.3665857906829313
0.3663988124823656
0.3662121096765781
0.3660256825798397
0.3658395314965339
0.3656536567212082
0.3654680585386253
0.36528273722381577
0.3650976930421292
0.36491292624928745
0.36472843709143643
0.36454422580519896
0.364360292617728
0.36417663774675907
0.36399326140066424
0.3638101637785052
0.3636273450700863
0.363444805456009
0.3632625451077255
0.3630805641875928
0.36289886284892625
0.36271744123605454
0.36253629948437327
0.3623554377204
0.36217485606182837
0.36199455461758256
0.3618145334878725
0.36163479276424776
0.3614553325296531
0.361276152858483
0.36109725381663615
0.36091863546157105
0.3607402978423605
0.3605622409997462
0.36038446496619486
0.3602069697659519
0.36002975541509713
0.35985282192159956
0.35967616928537216
0.35949979749832744
0.3593237065444313
0.35914789639975886
0.3589723670325483
0.358797118403257
0.35862215046461504
0.3584474631616806
0.3582730564318935
0.35809893020513156
0.3579250844037633
0.3577515189427035
0.3575782337294666
0.35740522866422136
0.357232503639845
0.3570600585419771
0.3568878932490732
0.3567160076324592
0.3565444015563839
0.356373074878074
0.35620202744778606
0.3560312591088605
0.35586076969777486
0.3556905590441958
0.35552062697103337
0.35535097329449195
0.3551815978241242
0.35501250036288257
0.35484368070717137
0.3546751386468998
0.35450687396553227
0.3543388864401409
0.3541711758414564
0.3540037419339205
0.3538365844757356
0.3536697032189157
0.3535030979093385
0.35333676828679406
0.35317071408503564
0.3530049350318307
0.3528394308490086
0.3526742012525123
0.3525092459524463
0.35234456465312636
0.35218015705312816
0.3520160228453355
0.3518521617169902
0.3516885733497384
0.3515252574196793
0.3513622135974136
0.3511994415480889
0.3510369409314493
0.35087471140188053
0.3507127526084569
0.3505510641949883
0.35038964580006576
0.3502284970571078
0.35006761759440497
0.34990700703516664
0.3497466649975645
0.3495865910947786
0.34942678493504087
0.34926724612167986
0.34910797425316464
0.3489489689231475
0.34879022972050877
0.3486317562293987
0.34847354802928077
0.3483156046949736
0.34815792579669363
0.3480005109000966
0.34784335956631957
0.3476864713520213
0.3475298458094242
0.34737348248635397
0.34721738092628085
0.3470615406683587
0.3469059612474658
0.3467506421942429
0.34659558303513327
0.3464407832924214
0.3462862424842709
0.346131960124763
0.3459779357239339
0.3458241687878134
0.34567065881846026
0.34551740531400077
0.34536440776866395
0.3452116656728182
0.34505917851300755
0.34490694577198655
0.3447549669287556
0.34460324145859605
0.34445176883310447
0.34430054852022696
0.34414957998429246
0.3439988626860475
0.3438483960826879
0.3436981796278927
0.3435482127718562
0.34339849496132013
0.3432490256396056
0.34309980424664377
0.34295083021900896
0.3428021029899473
0.3426536219894079
0.34250538664407393
0.3423573963773905
0.34220965060959585
0.34206214875774943
0.3419148902357607
0.34176787445441775
0.3416211008214155
0.3414745687413823
0.3413282776159089
0.34118222684357424
0.3410364158199718
0.34089084393773705
0.3407455105865727
0.3406004151532741
0.34045555702175434
0.3403109355730704
0.3401665501854452
0.3400224002342946
0.33987848509224866
0.3397348041291768
0.33959135671220986
0.33944814220576347
0.3393051599715599
0.33916240936865066
0.33901988975343705
0.3388776004796925
0.338735540898583
0.3385937103586887
0.33845210820602134
0.33831073378404747
0.3381695864337053
0.33802866549342603
0.33788797029914996
0.33774750018434785
0.33760725448003615
0.3374672325147966
0.3373274336147922
0.3371878571037856
0.3370485023031541
0.3369093685319066
0.3367704551066995
0.3366317613418519
0.33649328654936056
0.33635503003891476
0.33621699111791103
0.3360791690914662
0.33594156326243196
0.335804172931407
0.33566699739675104
0.33553003595459635
0.3353932878988604
0.335256752521257
0.33512042911130846
0.3349843169563557
0.33484841534156906
0.3347127235499594
0.33457724086238627
0.33444196655756886
0.3343068999120938
0.3341720402004252
0.3340373866949117
0.3339029386657945
0.3337686953812156
0.3336346561072247
0.33350082010778564
0.3333671866447828
0.33323375497802676
0.33310052436526083
0.3329674940621653
0.33283466332236233
0.3327020313974208
0.3325695975368598
0.33243736098815246
0.3323053209967288
0.3321734768059795
0.33204182765725637
0.3319103727898767
0.3317791114411227
0.33164804284624344
0.3315171662384566
0.33138648084894684
0.3312559859068679
0.3311256806393393
0.33099556427144866
0.3308656360262481
0.33073589512475265
0.3306063407859394
0.3304769722267436
0.3303477886620562
0.33021878930472
0.33008997336552603
0.32996134005320943
0.32983288857444415
0.32970461813383856
0.3295765279339282
0.3294486171751716
0.3293208850559426
0.3291933307725234
0.3290659535190977
0.32893875248774196
0.3288117268684181
0.32868487584896366
0.3285581986150829
0.32843169435033753
0.3283053622361353
0.3281792014517208
0.3280532111741633
0.3279273905783452
0.3278017388369501
0.32767625512045
0.3275509385970927
0.3274257884328872
0.32730080379159077
0.32717598383469343
0.32705132772140333
0.32692683460863053
0.32680250365097213
0.3266783340006941
0.326554324807715
0.32643047521958796
0.32630678438148303
0.32618325143616705
0.3260598755239863
0.3259366557828444
0.3258135913481844
0.32569068135296486
0.32556792492764164
0.3254453212001426
0.32532286929584747
0.32520056833756344
0.3250784174455011
0.32495641573725026
0.3248345623277562
0.32471285632929203
0.3245912968514333
0.3244698830010321
0.32434861388218816
0.32422748859622186
0.32410650624164516
0.32398566591413175
0.323864966706488
0.32374440770862195
0.3236239880075116
0.3235037066871738
0.3233835628286309
0.32326355550987756
0.3231436838058473
0.32302394678837687
0.3229043435261718
0.32278487308476983
0.3226655345265038
0.32254632691046475
0.32242724929246325
0.3223083007249898
0.3221894802571767
0.3220707869347551
0.321952219800016
0.32183377789176626
0.3217154602452871
0.3215972658922894
0.3214791938608694
0.3213612431754634
0.3212434128568019
0.3211257019218619
0.32100810938381974
0.3208906342520013
0.3207732755318332
0.32065603222479216
0.3205389033283527
0.32042188783593656
0.3203049847368573
0.3201881930162675
0.32007151165510267
0.3199549396300262
0.3198384759133712
0.31972211947308227
0.3196058692726577
0.3194897242710876
0.31937368342279404
0.3192577456775683
0.31914190998050707
0.3190261752719489
0.31891054048740813
0.31879500455750864
0.31867956640791634
0.3185642249592689
0.31844897912710746
0.3183338278218054
0.3182187699484937
0.31810380440698965
0.31798893009172147
0.3178741458916518
0.3177594506902
0.31764484336516424
0.3175303227886417
0.31741588782694596
0.31730153734052624
0.3171872701838817
0.3170730852054769
0.31695898124765504
0.3168449571465493
0.31673101173199336
0.3166171438274308
0.3165033522498211
0.31638963580954654
0.31627599331031686
0.31616242354907037
0.3160489253158762
0.31593549739383425
0.3158221385589713
0.31570884758013873
0.3155956232189067
0.3154824642294564
0.3153693693584714
0.31525633734502645
0.31514336692047584
0.31503045680833774
0.31491760572417854
0.31480481237549507
0.3146920754615931
0.31457939367346716
0.31446676569367427
0.3143541901962097
0.3142416658463777
0.3141291913006614
0.3140167652065908
0.3139043862026082
0.3137920529179302
0.3136797639724107
0.3135675179763982
0.3134553135305924
0.3133431492258991
0.3132310236432805
0.3131189353536057
0.3130068829174967
0.31289486488517376
0.31278287979629543
0.3126709261797987
0.3125590025537359
0.31244710742510784
0.31233523928969487
0.31222339663188536
0.3121115779245014
0.3119997816286209
0.31188800619339824
0.31177625005587967
0.3116645116408181
0.3115527893604835
0.3114410816144698
0.31132938678950073
0.3112177032592291
0.3111060293840355
0.3109943635108239
0.3108827039728105
0.31077104908931347
0.31065939716553576
0.3105477464923461
0.31043609534605643
0.31032444198819426
0.3102127846652728
0.31010112160855646
0.30998945103382236
0.3098777711411182
0.3097660801145169
0.3096543761218644
0.30954265731452785
0.3094309218271342
0.3093191677773088
0.3092073932654077
0.3090955963742453
0.3089837751688188
0.3088719276960265
0.3087600519843823
0.3086481460437249
0.308536207864924
0.3084242354195774
0.30831222665970803
0.3082001795174522
0.30808809190474507
0.30797596171299874
0.3078637868127764
0.3077515650534608
0.30763929426291686
0.30752697224714864
0.3074145967899507
0.3073021656525536
0.3071896765732629
0.30707712726709363
0.3069645154253971
0.306851838715481
0.30673909478022604
0.30662628123769237
0.3065133956807222
0.3064004356765341
0.30628739876631184
0.3061742824647852
0.3060610842598039
0.30594780161190516
0.3058344319538733
0.30572097269029164
0.30560742119708817
0.305493774821072
0.30538003087946325
0.30526618665941424
0.3051522394175241
0.30503818637934255
0.3049240247388679
0.3048097516580361
0.3046953642661999
0.3045808596596008
0.3044662349008318
0.3043514870182909
0.3042366130056253
0.3041216098211671
0.30400647438735884
0.30389120359016997
0.3037757942785031
0.3036602432635909
0.3035445473183835
0.3034287031769235
0.30331270753371375
0.303196557043072
0.3030802483184765
0.3029637779319009
0.3028471424131357
0.3027303382491034
0.3026133618831567
0.3024962097143702
0.30237887809681663
0.3022613633388343
0.30214366170228046
0.30202576940177395
0.3019076826039254
0.3017893974265531
0.3016709099378894
0.3015522161557721
0.30143331204682416
0.3013141935256177
0.3011948564538296
0.3010752966393774
0.300955509835548
0.30083549174010726
0.3007152379943988
0.30059474418242743
0.3004740058299287
0.3003530184034229
0.30023177730925665
0.30011027789262823
0.29998851543659677
0.29986648516108005
0.2997441822218321
0.29962160170940977
0.2994987386481217
0.2993755879949613
0.29925214463852484
0.2991284033979135
0.29900435902161815
0.2988800061863894
0.29875533949609023
0.29863035348053313
0.2985050425942987
0.29837940121554085
0.2982534236447711
0.2981271041036301
0.2980004367336391
0.2978734155949354
0.2977460346649915
0.29761828783731603
0.2974901689201379
0.2973616716350733
0.2972327896157747
0.2971035164065647
0.2969738454610488
0.2968437701407156
0.29671328371351646
0.29658237935242815
0.2964510501340004
0.2963192890368855
0.2961870889403497
0.29605444262276936
0.29592134276011034
0.29578778192439015
0.2956537525821241
0.29551924709275607
0.29538425770707244
0.2952487765656001
0.2951127956969912
0.29497630701639
0.2948393023237885
0.29470177330236336
0.29456371151680394
0.2944251084116228
0.2942859553094552
0.29414624340934636
0.29400596378502575
0.29386510738317095
0.2937236650216603
0.2935816273878156
0.29343898503663723
0.2932957283890272
0.2931518477300088
0.293007333206936
0.2928621748276995
0.2927163624589258
0.29256988582417515
0.2924227345021342
0.29227489792480793
0.2921263653757128
0.29197712598806846
0.2918271687429945
0.2916764824677085
0.2915250558337311
0.29137287735509815
0.29121993538657986
0.29106621812191247
0.2909117135920406
0.29075640966337474
0.2906002940360638
0.2904433542422885
0.290285577644571
0.290126951434113
0.2899674626291532
0.2898070980733577
0.2896458444342376
0.28948368820160086
0.2893206156860396
0.2891566130174585
0.2889916661436412
0.2888257608288662
0.28865888265256934
0.28849101700805746
0.28832214910127935
0.28815226394965554
0.2879813463809703
0.2878093810323329
0.2876363523492068
0.287462244584518
0.2872870417978406
0.287110727854668
0.2869332864257721
0.28675470098665834
0.28657495481711726
0.28639403100088123
0.28621191242539035
0.28602858178167234
0.2858440215643423
0.2856582140717303
0.28547114140613605
0.2852827854742267
0.28509312798757264
0.28490215046333717
0.28470983422512
0.28451616040396366
0.28432110993952947
0.28412466358144944
0.28392680189085906
0.2837275052421223
0.28352675382475045
0.2833245276455261
0.2831208065308376
0.2829155701292316
0.28270879791418935
0.28250046918713845
0.282290563080702
0.2820790585621961
0.28186593443738317
0.28165116935448553
0.28143474180846934
0.2812166301456068
0.28099681256831993
0.28077526714031864
0.2805519717920342
0.2803269043263621
0.28010004242471204
0.2798713636533824
0.279640845470257
0.2794084652318333
0.2791742002005903
0.2789380275526988
0.2786999243860806
0.2784598677288226
0.2782178345479479
0.27797380175855313
0.27772774623330937
0.27747964481233656
0.2772294743134501
0.2769772115427832
0.2767228333057874
0.27646631641861263
0.2762076377198672
0.27594677408275525
0.2756837024275957
0.2754183997347176
0.2751508430577294
0.27488100953716177
0.27460887641447673
0.27433442104644
0.2740576209198514
0.2737784536666237
0.2734968970792048
0.273212929126333
0.2729265279691152
0.2726376719774197
0.2723463397465653
0.2720525101143016
0.27175616217805865
0.2714572753124561
0.2711558291870497
0.2708518037843018
0.27054517941775424
0.2702359367503835
0.2699240568131169
0.2696095210234858
0.26929231120439434
0.268972409602975
0.2686497989095086
0.2683244622763771
0.26799638333702447
0.26766554622489264
0.2673319355923056
0.2669955366292659
0.26665633508213415
0.26631431727215776
0.26596947011381245
0.2656217811329255
0.2652712384845424
0.264917830970502
0.26456154805668286
0.2642023798898861
0.26384031731431634
0.2634753518876226
0.2631074758964639
0.26273668237156295
0.26236296510220825
0.26198631865017025
0.26160673836299553
0.2612242203866436
0.2608387616774303
0.2604503600132456
0.2600590140040124
0.2596647231013541
0.25926748760744167
0.2588673086829908
0.2584641883543797
0.2580581295198669
0.25764913595487765
0.2572372123163451
0.2568223641460776
0.256404597873142
0.25598392081524296
0.2555603411790827
0.25513386805969823
0.2547045114387582
0.2542722821818196
0.253837192034539
0.25339925361783777
0.25295848042202357
0.2525148867998719
0.25206848795867753
0.25161929995128474
0.25116733966610694
0.25071262481615797
0.25025517392710706
0.24979500632438117
0.24933214211934016
0.24886660219454754
0.24839840818816816
0.2479275824775228
0.2474541481618353
0.24697812904420108
0.24649954961282436
0.24601843502155457
0.24553481106976932
0.24504870418164107
0.24456014138483756
0.24406915028869725
0.24357575906192763
0.2430799964098734
0.2425818915514052
0.2420814741954732
0.2415787745173807
0.24107382313482098
0.24056665108373362
0.2400572897940233
0.23954577106519537
0.23903212704195564
0.23851639018982085
0.23799859327078876
0.2374787693191151
0.23695695161724126
0.23643317367191827
0.23590746919056857
0.2353798720579282
0.23485041631300918
0.23431913612642047
0.2337860657780817
0.23325123963536754
0.23271469213171342
0.23217645774571338
0.23163657098073714
0.23109506634509713
0.23055197833278454
0.23000734140479928
0.22946118997109338
0.2289135583731457
0.22836448086718192
0.22781399160805543
0.22726212463379758
0.22670891385084968
0.2261543930199797
0.22559859574289176
0.2250415554495298
0.22448330538607672
0.22392387860364696
0.22336330794767248
0.22280162604797427
0.2222388653095157
0.22167505790382847
0.22111023576110325
0.2205444305629337
0.21997767373570076
0.21940999644458747
0.21884142958820496
0.21827200379381928
0.2177017494131599
0.21713069651879252
0.21655887490104075
0.2159863140654345
0.21541304323066934
0.21483909132705464
0.21426448699543144
0.2136892585865398
0.21311343416081407
0.21253704148858513
0.2119601080506694
0.21138266103932385
0.21080472735954356
0.21022633363068338
0.2096475061883817
0.20906827108676682
0.20848865410092154
0.20790868072959345
0.20732837619812178
0.20674776546157073
0.20616687320804153
0.20558572386215304
0.20500434158866598
0.20442275029623785
0.20384097364128795
0.2032590350319618
0.20267695763217145
0.2020947643657023
0.20151247792037105
0.20093012075221714
0.20034771508971877
0.19976528293801973
0.19918284608315046
0.1986004260962405
0.1980180443377021
0.1974357219613814
0.1968534799186661
0.19627133896253737
0.19568931965156233
0.19510744235381705
0.19452572725073158
0.19394419434085303
0.1933628634435189
0.19278175420243682
0.192200886089163
0.19162027840647708
0.19103995029164964
0.19045992071959766
0.18988020850592474
0.1893008323098458
0.1887218106369899
0.1881431618420855
0.18756490413152088
0.18698705556578182
0.18640963406176664
0.18583265739497584
0.1852561432015788
0.18468010898035633
0.184104572094521
0.1835295497734152
0.18295505911408905
0.18238111708275798
0.18180774051614534
0.18123494612270635
0.1806627504837411
0.18009117005439546
0.17952022116455246
0.17894992001962007
0.1783802827012121
0.17781132516773168
0.17724306325485523
0.1766755126759228
0.17610868902223706
0.1755426077632734
0.1749772842468061
0.17441273369895316
0.1738489712241417
0.17328601180499953
0.17272387030217667
0.1721625614540968
0.17160209987664615
0.17104250006280103
0.17048377638219825
0.1699259430806515
0.16936901427961726
0.16881300397561472
0.16825792603960016
0.1677037942163031
0.16715062212352488
0.16659842325140264
0.1660472109616447
0.16549699848673677
0.1649477989291256
0.16439962526038057
0.16385249032033725
0.16330640681622663
0.16276138732179044
0.1622174442763885
0.16167458998409778
0.16113283661280853
0.16059219619331722
0.16005268061842162
0.15951430164201866
0.15897707087820645
0.1584409998003966
0.15790609974043293
0.15737238188772612
0.15683985728839867
0.15630853684444723
0.15577843131292302
0.15524955130513052
0.15472190728584784
0.15419550957256928
0.1536703683347726
0.1531464935932108
0.1526238952192315
0.1521025829341246
0.15158256630849826
0.15106385476168588
0.15054645756118504
0.15003038382212788
0.14951564250678473
0.14900224242410295
0.14849019222927928
0.14797950042336866
0.14747017535292878
0.14696222520970098
0.1464556580303291
0.14595048169611502
0.1454467039328134
0.1449443323104627
0.1444433742432572
0.1439438369894554
0.14344572765132815
0.14294905317514678
0.14245382035120813
0.14196003581389988
0.14146770604180478
0.140976837357843
0.14048743592945281
0.13999950776881148
0.13951305873309214
0.13902809452476017
0.13854462069190634
0.13806264262861784
0.1375821655753861
0.13710319461954967
0.13662573469577607
0.13614979058657695
0.13567536692285875
0.13520246818450848
0.13473109870101352
0.1342612626521141
0.1337929640684895
0.13332620683247673
0.13286099467881934
0.1323973311954495
0.13193521982429826
0.131474663862137
0.13101566646144736
0.13055823063131894
0.13010235923837535
0.1296480550077271
0.12919532052394994
0.128744158232089
0.12829457043868764
0.12784655931283995
0.12740012688726704
0.1269552750594143
0.12651200559257184
0.1260703201170146
0.12563022013116384
0.1251917070027659
0.12475478197009149
0.124319446143152
0.1238857005049326
0.123453545912642
0.12302298309897737
0.12259401267340461
0.12216663512345155
0.12174085081601582
0.12131665999868399
0.1208940628010634
0.12047305923612478
0.12005364920155487
0.11963583248111931
0.11921960874603418
0.1188049775563461
0.11839193836231915
0.1179804905058301
0.11757063322176826
0.11716236563944255
0.11675568678399209
0.11635059557780278
0.11594709084192543
0.11554517129749989
0.11514483556717817
0.11474608217655347
0.114348909555587
0.11395331604003789
0.11355929987289289
0.1131668592057947
0.11277599210047122
0.1123866965301624
0.11199897038104542
0.11161281145365795
0.11122821746431788
0.11084518604654128
0.11046371475245467
0.1100838010542051
0.1097054423453642
0.10932863594232844
0.10895337908571322
0.10857966894174181
0.10820750260362702
0.10783687709294826
0.10746778936102006
0.10710023629025468
0.10673421469551594
0.10636972132546633
0.10600675286390535
0.10564530593109969
0.1052853770851051
0.10492696282307815
0.1045700595825795
0.10421466374286861
0.10386077162618634
0.10350837949903019
0.10315748357341731
0.10280808000813883
0.10246016491000205
0.10211373433506307
0.10176878428984804
0.10142531073256317
0.10108330957429368
0.10074277668019116
0.10040370787064969
0.10006609892247023
0.09972994557001219
0.09939524350633532
0.09906198838432723
0.09873017581782001
0.0983998013826946
0.09807086061797259
0.09774334902689566
0.09741726207799303
0.09709259520613572
0.09676934381357875
0.09644750327099079
0.09612706891847085
0.09580803606655289
0.0954903999971968
0.09517415596476826
0.09485929919700345
0.09454582489596405
0.09423372823897663
0.09392300437956198
0.09361364844834938
0.09330565555397961
0.09299902078399494
0.09269373920571654
0.09238980586710907
0.09208721579763268
0.09178596400908268
0.09148604549641695
0.09118745523856966
0.09089018819925485
0.09059423932775457
0.09029960355969799
0.09000627581782583
0.08971425101274375
0.08942352404366334
0.0891340897991311
0.08884594315774533
0.08855907898886195
0.08827349215328657
0.08798917750395739
0.0877061298866145
0.08742434414045805
0.08714381509879589
0.08686453758967835
0.08658650643652308
0.08630971645872743
0.0860341624722712
0.08575983929030703
0.08548674172374024
0.08521486458179872
0.08494420267259074
0.08467475080365358
0.08440650378248969
0.08413945641709514
0.08387360351647546
0.08360893989115244
0.08334546035366017
0.08308315971903195
0.0828220328052769
0.08256207443384617
0.082303279430091
0.08204564262370995
0.08178915884918692
0.08153382294622044
0.08127962976014341
0.08102657414233332
0.08077465095061424
0.08052385504964975
0.08027418131132652
0.0800256246151299
0.07977817984851099
0.0795318419072448
0.07928660569578017
0.07904246612758231
0.07879941812546587
0.07855745662192154
0.0783165765594333
0.0780767728907891
0.07783804057938332
0.07760037459951165
0.07736376993665864
0.07712822158777845
0.07689372456156696
0.0766602738787287
0.07642786457223509
0.07619649168757642
0.07596615028300771
0.07573683542978633
0.07550854221240468
0.07528126572881517
0.07505500109064937
0.07482974342343106
0.07460548786678205
0.07438222957462354
0.07415996371537036
0.07393868547211888
0.07371839004283091
0.07349907264051006
0.07328072849337348
0.07306335284501783
0.07284694095458003
0.07263148809689225
0.0724169895626321
0.07220344065846747
0.0719908367071964
0.07177917304788187
0.07156844503598196
0.07135864804347487
0.0711497774589795
0.07094182868787144
0.07073479715239381
0.07052867829176532
0.07032346756228124
0.07011916043741279
0.069915752407901
0.0697132389818461
0.06951161568479389
0.06931087805981713
0.06911102166759418
0.06891204208648248
0.06871393491258937
0.06851669575983843
0.06832032026003311
0.06812480406291585
0.06793014283622453
0.06773633226574483
0.06754336805536013
0.06735124592709707
0.06715996162116909
0.06696951089601577
0.06677988952833976
0.06659109331314088
0.06640311806374621
0.06621595961183875
0.06602961380748225
0.06584407651914372
0.06565934363371315
0.06547541105652013
0.06529227471134896
0.06510993054045049
0.06492837450455125
0.06474760258286098
0.06456761077307711
0.06438839509138737
0.06420995157246973
0.0640322762694907
0.06385536525410089
0.06367921461642909
0.06350382046507351
0.06332917892709179
0.0631552861479888
0.06298213829170211
0.06280973154058633
0.06263806209539505
0.06246712617526126
0.0622969200176762
0.06212743987846585
0.06195868203176684
0.06179064276999974
0.061623318403841575
0.06145670526219583
0.06129079969216264
0.061125598059005526
0.060961096746118236
0.06079729215498944
0.060634180705166754
0.06047175883421837
0.06031002299769489
0.06014896966908853
0.0599885953397923
0.059828896519056915
0.05966986973394772
0.059511511529299524
0.05935381846767109
0.05919678712929839
0.0590404141120463
0.05888469603136033
0.058729629520216736
0.05857521122907178
0.05842143782581034
0.058268305995693534
0.058115812441305315
0.05796395388249892
0.05781272705634147
0.05766212871705903
0.05751215563598005
0.0573628046014785
0.057214072418916045
0.05706595591058422
0.05691845191564511
0.056771557290071994
0.05662526890658935
0.05647958365461198
0.056334498440184066
0.05619001018591718
0.056046115830928264
0.05590281233077693
0.05576009665740244
0.05561796579905963
0.055476416760255526
0.05533544656168442
0.055195052240163446
0.0550552308485672
0.05491597945576234
0.05477729514654167
0.05463917502155809
0.0545016161972579
0.05436461580581438
0.05422817099506064
0.05409227892842236
0.0539569367848501
0.05382214175875205
0.05368789105992572
0.05355418191348969
0.05342101155981594
0.053288377254460804
0.053156276268096395
0.05302470588644204
0.05289366341019548
0.05276314615496345
0.052633151451192836
0.052503676644101514
0.05237471909360884
0.05224627617426644
0.05211834527518866
0.051990923799983185
0.05186400916668166
0.05173759880766961
0.051611690169617426
0.051486280713410666
0.051361367914080074
0.05123694926073266
0.05111302225648163
0.0509895844183768
0.05086663327733563
0.050744166378073274
0.05062218127903321
0.050500675552318165
0.050379646783620516
0.050259092572153455
0.05013901053058126
0.05001939828495084
0.04990025347462232
