2.2835694663360306
2.036786808612228
2.129255918977907
2.027245044498339
2.2850654968881434
2.046884283225387
2.119396665606952
2.020289210595702
2.336110551602075
2.382867287762245
2.02805968969431
2.4030317950621782
2.0467818572043224
2.4830241734909344
2.367800691368935
1.9656529305821127
2.3201125280747545
1.9764794532652328
2.351769175936164
2.334489649105921
1.8834831192282593
2.1960803752534166
1.8994911932627487
2.2157203424748224
2.163063530978654
1.65950134180805
1.9102580884119917
1.6340941487669642
1.9754123623863904
1.5339953432940063
1.3797394961647511
1.4578627050319581
1.2169573629033072
1.215163170094458
1.0506999636608083
1.1374521719866548
1.1315576254387172
1.0242613811436045
0.9647440131387178
0.9349835613995972
1.0008609441569618
0.9113188945429403
0.8364599921325926
0.7515934078464754
0.7037372353106152
0.5499750909957628
0.4323987535587646
0.28194959771229194
0.19300721270578283
0.1317485334576746
0.08894505340583803
0.0655464175663189
0.052220420239151494
0.043454566661116134
