0.5710638514307592
0.6273130108803298
0.6082166439872434
0.5908964854989787
0.575820211499819
0.5631640731913937
0.5528898482724945
0.5447925372695644
0.5385688701880769
0.5338822550284084
0.5304099199924472
0.5278693605227701
0.5260281323529794
0.5247030792739885
0.5237542555661087
0.5230770659366871
0.5225945715915262
0.5222508296487893
0.5220055091220643
0.5218297195643395
0.5217028676531449
0.5216103323992904
0.5215417679315253
0.5214898756997487
0.521449522055392
0.5214171070844378
0.5213901147773299
0.521366793338145
0.5213459285070726
0.5213266831576195
0.5213084840043755
0.5212909417342465
0.5212737948113566
0.5212568700244592
0.5212400548574252
0.5212232781959936
0.5212064969024417
0.521189686512892
0.5211728348247319
0.5211559375048699
0.5211389951066279
0.5211220110648548
0.5211049903672208
0.5210879386902478
0.5210708618524458
0.5210537654818412
0.5210366548267147
0.5210195346604747
0.5210024092470507
0.520985282343956
0.5209681572276604
0.5209510367310753
0.5209339232865191
0.5209168189699511
0.5208997255439078
0.5208826444976721
0.5208655770839268
0.5208485243516114
0.5208314871749917
0.5208144662791198
0.5207974622619619
0.520780475613513
0.5207635067322272
0.520746555939085
0.5207296234895993
0.5207127095840353
0.5206958143760896
0.5206789379802507
0.5206620804780284
0.520645241923221
0.5206284223463651
0.5206116217584887
0.5205948401542783
0.5205780775147453
0.5205613338094741
0.5205446089985123
0.5205279030339629
0.5205112158613225
0.5204945474206077
0.520477897647301
0.520461266473146
0.5204446538268157
0.5204280596344737
0.520411483820246
0.5203949263066168
0.5203783870147588
0.5203618658648153
0.5203453627761313
0.5203288776674508
0.5203124104570809
0.5202959610630299
0.5202795294031224
0.5202631153950966
0.5202467189566844
0.5202303400056796
0.5202139784599941
0.5201976342377053
0.5201813072570955
0.5201649974366847
0.5201487046952573
0.5201324289518854
0.5201161701259474
0.5200999281371433
0.5200837029055072
0.5200674943514184
0.5200513023956093
0.5200351269591725
0.5200189679635667
0.5200028253306201
0.5199866989825354
0.5199705888418907
0.519954494831643
0.5199384168751289
0.519922354896065
0.51990630881855
0.5198902785670639
0.5198742640664675
0.5198582652420036
0.519842282019295
0.5198263143243453
0.519810362083537
0.5197944252236313
0.519778503671767
0.5197625973554596
0.5197467062025998
0.5197308301414528
0.5197149691006571
0.5196991230092233
0.5196832917965323
0.5196674753923349
0.5196516737267499
0.5196358867302636
0.519620114333727
0.5196043564683561
0.51958861306573
0.5195728840577893
0.5195571693768346
0.5195414689555266
0.5195257827268825
0.5195101106242772
0.5194944525814399
0.5194788085324538
0.5194631784117546
0.5194475621541296
0.5194319596947152
0.5194163709689972
0.5194007959128083
0.5193852344623271
0.5193696865540773
0.5193541521249257
0.5193386311120817
0.5193231234530948
0.519307629085855
0.5192921479485901
0.5192766799798655
0.5192612251185816
0.5192457833039745
0.5192303544756128
0.5192149385733975
0.5191995355375605
0.5191841453086635
0.5191687678275966
0.5191534030355767
0.5191380508741473
0.5191227112851764
0.5191073842108556
0.5190920695936988
0.5190767673765415
0.5190614775025387
0.5190461999151645
0.5190309345582107
0.5190156813757858
0.5190004403123126
0.5189852113125294
0.5189699943214862
0.5189547892845457
0.5189395961473812
0.5189244148559751
0.5189092453566184
0.5188940875959095
0.5188789415207526
0.518863807078357
0.518848684216236
0.5188335728822053
0.5188184730243828
0.5188033845911861
0.5187883075313329
0.5187732417938389
0.5187581873280168
0.5187431440834758
0.5187281120101198
0.5187130910581468
0.5186980811780477
0.5186830823206046
0.5186680944368912
0.51865311747827
0.5186381513963927
0.5186231961431975
0.5186082516709105
0.5185933179320417
0.5185783948793863
0.5185634824660227
0.5185485806453112
0.5185336893708934
0.5185188085966913
0.5185039382769058
0.5184890783660157
0.5184742288187771
0.5184593895902226
0.5184445606356589
0.5184297419106675
0.5184149333711022
0.5184001349730897
0.5183853466730268
0.518370568427581
0.5183558001936883
0.5183410419285529
0.518326293589646
0.5183115551347052
0.5182968265217323
0.5182821077089941
0.5182673986550198
0.5182526993186012
0.5182380096587909
0.518223329634902
0.5182086592065068
0.5181939983334356
0.5181793469757758
0.5181647050938724
0.5181500726483241
0.5181354495999853
0.5181208359099633
0.5181062315396185
0.5180916364505623
0.5180770506046575
0.5180624739640163
0.5180479064909992
0.5180333481482158
0.5180187988985216
0.518004258705019
0.5179897275310551
0.5179752053402215
0.5179606920963526
0.5179461877635261
0.5179316923060606
0.5179172056885152
0.5179027278756891
0.5178882588326205
0.5178737985245847
0.517859346917095
0.5178449039759002
0.5178304696669845
0.5178160439565668
0.5178016268110989
0.5177872181972657
0.5177728180819835
0.5177584264324
0.517744043215892
0.5177296684000664
0.5177153019527576
0.5177009438420278
0.5176865940361656
0.5176722525036852
0.5176579192133259
0.5176435941340503
0.517629277235045
0.5176149684857183
0.5176006678556999
0.5175863753148403
0.5175720908332094
0.5175578143810964
0.5175435459290083
0.5175292854476692
0.5175150329080198
0.517500788281216
0.517486551538629
0.5174723226518433
0.5174581015926566
0.5174438883330792
0.517429682845332
0.5174154851018476
0.5174012950752676
0.5173871127384424
0.5173729380644312
0.5173587710265002
0.5173446115981217
0.517330459752975
0.5173163154649429
0.5173021787081129
0.5172880494567759
0.517273927685425
0.5172598133687554
0.517245706481663
0.5172316069992436
0.5172175148967928
0.5172034301498043
0.51718935273397
0.5171752826251782
0.5171612197995138
0.5171471642332568
0.5171331159028822
0.5171190747850585
0.5171050408566472
0.5170910140947023
0.5170769944764693
0.5170629819793842
0.5170489765810731
0.5170349782593513
0.5170209869922224
0.5170070027578777
0.5169930255346957
0.5169790553012404
0.5169650920362614
0.5169511357186932
0.5169371863276537
0.5169232438424441
0.516909308242548
0.5168953795076303
0.5168814576175369
0.5168675425522937
0.5168536342921057
0.5168397328173568
0.5168258381086088
0.5168119501465999
0.5167980689122453
0.5167841943866354
0.5167703265510355
0.5167564653868851
0.5167426108757969
0.5167287629995563
0.5167149217401203
0.5167010870796176
0.5166872590003467
0.5166734374847763
0.5166596225155434
0.5166458140754537
0.5166320121474802
0.5166182167147627
0.5166044277606069
0.5165906452684836
0.5165768692220286
0.5165630996050415
0.5165493364014845
0.5165355795954827
0.5165218291713226
0.5165080851134518
0.5164943474064778
0.5164806160351683
0.5164668909844486
0.5164531722394037
0.5164394597852744
0.5164257536074589
0.5164120536915116
0.5163983600231412
0.5163846725882122
0.5163709913727412
0.5163573163628995
0.51634364754501
0.5163299849055475
0.516316328431137
0.5163026781085551
0.5162890339247272
0.5162753958667271
0.5162617639217778
0.5162481380772488
0.5162345183206569
0.5162209046396649
0.5162072970220806
0.5161936954558565
0.5161800999290898
0.5161665104300195
0.5161529269470286
0.5161393494686413
0.516125777983523
0.5161122124804791
0.5160986529484559
0.5160850993765378
0.5160715517539478
0.5160580100700468
0.5160444743143329
0.5160309444764397
0.5160174205461372
0.5160039025133303
0.5159903903680574
0.5159768841004915
0.5159633837009374
0.5159498891598333
0.5159364004677477
0.5159229176153809
0.5159094405935625
0.5158959693932523
0.5158825040055384
0.515869044421637
0.5158555906328917
0.5158421426307731
0.5158287004068778
0.5158152639529272
0.5158018332607682
0.5157884083223714
0.5157749891298301
0.5157615756753612
0.515748167951303
0.5157347659501154
0.5157213696643783
0.5157079790867924
0.5156945942101772
0.5156812150274709
0.5156678415317291
0.5156544737161254
0.5156411115739497
0.5156277550986077
0.5156144042836204
0.5156010591226231
0.5155877196093652
0.5155743857377096
0.5155610575016312
0.5155477348952169
0.5155344179126651
0.515521106548284
0.5155078007964926
0.5154945006518187
0.515481206108898
0.5154679171624749
0.5154546338074005
0.5154413560386328
0.5154280838512354
0.5154148172403767
0.5154015562013304
0.5153883007294732
0.5153750508202859
0.5153618064693506
0.5153485676723526
0.5153353344250773
0.5153221067234112
0.5153088845633403
0.5152956679409503
0.5152824568524247
0.5152692512940453
0.5152560512621912
0.5152428567533377
0.5152296677640561
0.515216484291013
0.5152033063309692
0.5151901338807798
0.5151769669373929
0.5151638054978495
0.5151506495592817
0.5151374991189133
0.5151243541740589
0.5151112147221226
0.515098080760598
0.5150849522870673
0.5150718292992004
0.5150587117947547
0.5150455997715735
0.5150324932275874
0.5150193921608109
0.5150062965693442
0.5149932064513704
0.5149801218051571
0.5149670426290535
0.5149539689214913
0.5149409006809833
0.5149278379061234
0.5149147805955852
0.5149017287481211
0.5148886823625635
0.514875641437821
0.5148626059728818
0.5148495759668089
0.5148365514187421
0.5148235323278969
0.5148105186935631
0.5147975105151044
0.5147845077919586
0.5147715105236356
0.514758518709718
0.5147455323498589
0.5147325514437835
0.5147195759912861
0.514706605992231
0.5146936414465508
0.5146806823542469
0.5146677287153876
0.5146547805301087
0.5146418377986115
0.5146289005211632
0.5146159686980959
0.5146030423298057
0.5145901214167523
0.5145772059594584
0.5145642959585094
0.514551391414551
0.514538492328291
0.5145255987004972
0.5145127105319965
0.5144998278236755
0.5144869505764785
0.5144740787914076
0.5144612124695224
0.5144483516119378
0.5144354962198252
0.5144226462944106
0.5144098018369747
0.5143969628488514
0.514384129331428
0.514371301286144
0.5143584787144908
0.5143456616180107
0.5143328499982964
0.5143200438569904
0.5143072431957841
0.5142944480164178
0.514281658320679
0.5142688741104026
0.5142560953874696
0.5142433221538077
0.5142305544113889
0.5142177921622295
0.5142050354083902
0.514192284151975
0.5141795383951298
0.5141667981400423
0.5141540633889422
0.5141413341440986
0.5141286104078213
0.5141158921824591
0.5141031794703991
0.5140904722740665
0.5140777705959236
0.5140650744384694
0.5140523838042385
0.514039698695801
0.5140270191157617
0.5140143450667589
0.5140016765514643
0.5139890135725822
0.5139763561328492
0.5139637042350325
0.5139510578819305
0.513938417076371
0.5139257818212116
0.5139131521193381
0.5139005279736646
0.5138879093871321
0.5138752963627088
0.5138626889033883
0.5138500870121896
0.5138374906921565
0.5138248999463569
0.5138123147778818
0.5137997351898449
0.5137871611853817
0.5137745927676494
0.5137620299398256
0.5137494727051075
0.5137369210667129
0.5137243750278767
0.5137118345918528
0.5136992997619122
0.5136867705413424
0.5136742469334469
0.5136617289415445
0.5136492165689692
0.513636709819068
0.5136242086952023
0.5136117132007455
0.5135992233390828
0.5135867391136113
0.5135742605277388
0.5135617875848824
0.5135493202884689
0.5135368586419338
0.5135244026487207
0.51351195231228
0.5134995076360694
0.5134870686235522
0.5134746352781967
0.5134622076034765
0.5134497856028686
0.5134373692798536
0.5134249586379146
0.5134125536805363
0.5134001544112053
0.5133877608334083
0.5133753729506322
0.5133629907663632
0.5133506142840855
0.5133382435072817
0.5133258784394318
0.5133135190840118
0.5133011654444939
0.5132888175243453
0.5132764753270279
0.5132641388559975
0.5132518081147028
0.5132394831065853
0.5132271638350777
0.5132148503036045
0.5132025425155806
0.5131902404744104
0.5131779441834872
0.5131656536461935
0.5131533688658985
0.5131410898459593
0.5131288165897189
0.5131165491005062
0.513104287381635
0.5130920314364036
0.5130797812680938
0.5130675368799704
0.5130552982752805
0.5130430654572526
0.5130308384290962
0.5130186171940015
0.5130064017551375
0.5129941921156524
0.5129819882786727
0.5129697902473024
0.5129575980246218
0.5129454116136879
0.5129332310175326
0.512921056239163
0.5129088872815599
0.512896724147678
0.5128845668404437
0.5128724153627563
0.5128602697174859
0.5128481299074732
0.5128359959355289
0.512823867804433
0.5128117455169341
0.5127996290757478
0.5127875184835582
0.5127754137430145
0.5127633148567325
0.5127512218272925
0.5127391346572396
0.5127270533490822
0.512714977905292
0.5127029083283026
0.5126908446205088
0.5126787867842673
0.5126667348218942
0.5126546887356649
0.5126426485278142
0.5126306142005344
0.5126185857559755
0.5126065631962439
0.5125945465234019
0.5125825357394671
0.5125705308464117
0.5125585318461616
0.5125465387405961
0.5125345515315465
0.512522570220796
0.5125105948100787
0.512498625301079
0.5124866616954311
0.5124747039947177
0.51246275220047
0.512450806314166
0.5124388663372312
0.5124269322710368
0.512415004116899
0.5124030818760789
0.5123911655497814
0.5123792551391546
0.5123673506452888
0.5123554520692164
0.5123435594119103
0.5123316726742839
0.5123197918571903
0.5123079169614212
0.5122960479877063
0.5122841849367133
0.512272327809046
0.5122604766052438
0.5122486313257822
0.5122367919710705
0.5122249585414522
0.5122131310372033
0.5122013094585328
0.5121894938055802
0.5121776840784171
0.5121658802770442
0.5121540824013924
0.5121422904513201
0.5121305044266147
0.5121187243269903
0.5121069501520874
0.5120951819014722
0.512083419574636
0.512071663170994
0.5120599126898852
0.5120481681305711
0.5120364294922355
0.5120246967739827
0.5120129699748383
0.5120012490937474
0.5119895341295742
0.5119778250811005
0.5119661219470263
0.511954424725968
0.5119427334164586
0.5119310480169454
0.5119193685257908
0.5119076949412709
0.5118960272615747
0.5118843654848033
0.5118727096089695
0.5118610596319966
0.511849415551718
0.5118377773658763
0.5118261450721222
0.5118145186680145
0.5118028981510188
0.5117912835185064
0.5117796747677544
0.5117680718959445
0.5117564749001617
0.511744883777395
0.5117332985245346
0.5117217191383729
0.5117101456156029
0.5116985779528171
0.5116870161465076
0.5116754601930651
0.5116639100887772
0.5116523658298289
0.5116408274123011
0.5116292948321697
0.5116177680853055
0.5116062471674726
0.5115947320743279
0.511583222801421
0.5115717193441922
0.5115602216979722
0.511548729857982
0.5115372438193314
0.511525763577018
0.5115142891259262
0.5115028204608285
0.5114913575763815
0.5114799004671275
0.5114684491274927
0.5114570035517868
0.5114455637342012
0.5114341296688102
0.5114227013495678
0.5114112787703088
0.5113998619247465
0.5113884508064731
0.5113770454089585
0.5113656457255489
0.5113542517494667
0.5113428634738091
0.5113314808915478
0.5113201039955282
0.5113087327784678
0.511297367232956
0.5112860073514534
0.5112746531262904
0.5112633045496666
0.5112519616136506
0.5112406243101776
0.5112292926310505
0.5112179665679376
0.5112066461123721
0.5111953312557517
0.5111840219893372
0.511172718304252
0.5111614201914809
0.5111501276418696
0.511138840646124
0.5111275591948085
0.5111162832783459
0.511105012887016
0.5110937480109556
0.5110824886401568
0.5110712347644659
0.5110599863735836
0.5110487434570632
0.5110375060043102
0.5110262740045809
0.5110150474469827
0.511003826320471
0.5109926106138508
0.5109814003157744
0.5109701954147406
0.5109589958990941
0.5109478017570246
0.5109366129765657
0.5109254295455937
0.5109142514518276
0.5109030786828272
0.5108919112259934
0.5108807490685654
0.5108695921976217
0.5108584406000786
0.5108472942626878
0.5108361531720381
0.5108250173145523
0.5108138866764875
0.5108027612439335
0.5107916410028117
0.5107805259388751
0.5107694160377069
0.5107583112847189
0.5107472116651515
0.5107361171640723
0.5107250277663747
0.5107139434567783
0.5107028642198261
0.5106917900398855
0.5106807209011455
0.5106696567876168
0.510658597683131
0.5106475435713387
0.510636494435709
0.5106254502595289
0.5106144110259017
0.5106033767177461
0.510592347317796
0.5105813228085982
0.5105703031725122
0.5105592883917095
0.5105482784481716
0.5105372733236897
0.5105262729998636
0.5105152774581008
0.5105042866796147
0.5104933006454248
0.5104823193363544
0.5104713427330309
0.5104603708158835
0.5104494035651428
0.5104384409608398
0.510427482982805
0.5104165296106663
0.5104055808238493
0.5103946366015756
0.5103836969228618
0.510372761766518
0.5103618311111477
0.5103509049351458
0.5103399832166982
0.5103290659337801
0.5103181530641554
0.5103072445853755
0.5102963404747778
0.5102854407094852
0.510274545266405
0.510263654122227
0.510252767253423
0.5102418846362455
0.5102310062467272
0.5102201320606791
0.5102092620536889
0.5101983962011218
0.5101875344781169
0.5101766768595883
0.5101658233202223
0.510154973834477
0.5101441283765813
0.5101332869205328
0.5101224494400983
0.5101116159088105
0.5101007862999688
0.5100899605866367
0.5100791387416415
0.5100683207375726
0.5100575065467802
0.510046696141375
0.510035889493226
0.5100250865739593
0.5100142873549579
0.510003491807359
0.5099926999020549
0.5099819116096884
0.5099711269006554
0.509960345745101
0.5099495681129189
0.5099387939737513
0.5099280232969858
0.5099172560517549
0.5099064922069353
0.5098957317311461
0.5098849745927472
0.5098742207598388
0.5098634702002593
0.5098527228815846
0.5098419787711261
0.5098312378359308
0.5098205000427778
0.5098097653581789
0.5097990337483767
0.5097883051793424
0.5097775796167756
0.5097668570261027
0.509756137372475
0.5097454206207676
0.5097347067355782
0.509723995681226
0.5097132874217493
0.5097025819209051
0.5096918791421675
0.5096811790487255
0.5096704816034828
0.5096597867690557
0.5096490945077716
0.5096384047816677
0.5096277175524897
0.5096170327816903
0.5096063504304278
0.509595670459564
0.5095849928296635
0.5095743175009921
0.5095636444335155
0.5095529735868967
0.5095423049204956
0.5095316383933675
0.5095209739642608
0.5095103115916162
0.5094996512335647
0.5094889928479265
0.5094783363922092
0.509467681823606
0.5094570290989946
0.509446378174935
0.5094357290076691
0.5094250815531176
0.5094144357668796
0.5094037916042304
0.5093931490201198
0.509382507969171
0.5093718684056785
0.5093612302836066
0.5093505935565882
0.5093399581779217
0.5093293241005714
0.5093186912771643
0.5093080596599886
0.5092974292009931
0.5092867998517836
0.5092761715636229
0.5092655442874288
0.509254917973771
0.5092442925728711
0.5092336680345999
0.5092230443084755
0.5092124213436628
0.5092017990889696
0.5091911774928467
0.5091805565033853
0.5091699360683152
0.5091593161350029
0.50914869665045
0.5091380775612917
0.5091274588137937
0.5091168403538519
0.5091062221269889
0.5090956040783541
0.5090849861527196
0.5090743682944803
0.5090637504476502
0.509053132555862
0.509042514562364
0.5090318964100189
0.5090212780413016
0.5090106593982969
0.5090000404226978
0.5089894210558038
0.5089788012385184
0.5089681809113469
0.5089575600143955
0.5089469384873675
0.5089363162695631
0.5089256932998758
0.508915069516791
0.5089044448583842
0.5088938192623182
0.5088831926658416
0.5088725650057859
0.5088619362185641
0.5088513062401685
0.5088406750061676
0.508830042451705
0.5088194085114972
0.50880877311983
0.5087981362105581
0.5087874977171012
0.5087768575724431
0.5087662157091288
0.508755572059262
0.5087449265545035
0.5087342791260681
0.5087236297047221
0.5087129782207825
0.5087023246041135
0.5086916687841231
0.5086810106897632
0.5086703502495251
0.5086596873914381
0.5086490220430665
0.5086383541315078
0.5086276835833898
0.5086170103248678
0.5086063342816229
0.5085956553788592
0.5085849735413006
0.5085742886931892
0.5085636007582821
0.5085529096598496
0.5085422153206713
0.5085315176630348
0.5085208166087323
0.508510112079058
0.508499403994806
0.5084886922762671
0.508477976843226
0.5084672576149593
0.5084565345102314
0.5084458074472935
0.5084350763438799
0.5084243411172044
0.5084136016839591
0.5084028579603108
0.508392109861898
0.5083813573038283
0.5083706002006751
0.5083598384664759
0.5083490720147275
0.5083383007583842
0.5083275246098556
0.5083167434810021
0.5083059572831319
0.508295165927
0.5082843693228026
0.5082735673801757
0.5082627600081914
0.5082519471153549
0.5082411286096016
0.5082303043982935
0.5082194743882161
0.508208638485576
0.5081977965959962
0.5081869486245145
0.5081760944755793
0.5081652340530463
0.5081543672601753
0.5081434939996274
0.508132614173461
0.5081217276831288
0.5081108344294738
0.5080999343127272
0.508089027232503
0.5080781130877968
0.5080671917769805
0.5080562631977995
0.5080453272473691
0.5080343838221713
0.5080234328180504
0.5080124741302102
0.5080015076532102
0.5079905332809609
0.5079795509067218
0.5079685604230966
0.5079575617220295
0.5079465546948019
0.5079355392320285
0.5079245152236529
0.5079134825589443
0.5079024411264941
0.5078913908142101
0.5078803315093154
0.5078692630983419
0.5078581854671277
0.5078470985008126
0.5078360020838343
0.507824896099924
0.5078137804321027
0.5078026549626768
0.5077915195732339
0.5077803741446386
0.5077692185570291
0.5077580526898113
0.5077468764216562
0.507735689630494
0.5077244921935113
0.5077132839871461
0.5077020648870827
0.5076908347682482
0.5076795935048078
0.50766834097016
0.5076570770369322
0.5076458015769766
0.5076345144613645
0.5076232155603829
0.507611904743529
0.5076005818795056
0.5075892468362169
0.5075778994807629
0.5075665396794355
0.5075551672977129
0.5075437822002548
0.5075323842508978
0.5075209733126503
0.5075095492476879
0.5074981119173473
0.5074866611821227
0.5074751969016588
0.5074637189347477
0.5074522271393228
0.507440721372453
0.5074292014903383
0.5074176673483041
0.5074061188007961
0.5073945557013748
0.5073829779027097
0.5073713852565748
0.507359777613842
0.5073481548244761
0.50733651673753
0.5073248632011367
0.5073131940625063
0.5073015091679193
0.5072898083627199
0.5072780914913116
0.5072663583971506
0.5072546089227402
0.5072428429096245
0.5072310601983829
0.5072192606286239
0.5072074440389787
0.5071956102670956
0.5071837591496334
0.5071718905222558
0.5071600042196243
0.5071481000753929
0.5071361779222004
0.5071242375916654
0.5071122789143789
0.5071003017198985
0.5070883058367414
0.5070762910923774
0.5070642573132234
0.5070522043246355
0.5070401319509035
0.5070280400152423
0.507015928339787
0.5070037967455849
0.5069916450525886
0.5069794730796492
0.5069672806445092
0.506955067563795
0.5069428336530106
0.5069305787265294
0.5069183025975872
0.5069060050782752
0.5068936859795323
0.5068813451111375
0.5068689822817026
0.506856597298665
0.5068441899682783
0.5068317600956076
0.5068193074845189
0.5068068319376726
0.5067943332565156
0.5067818112412731
0.5067692656909406
0.5067566964032758
0.5067441031747906
0.5067314858007431
0.5067188440751287
0.506706177790672
0.5066934867388189
0.5066807707097276
0.5066680294922602
0.5066552628739741
0.5066424706411135
0.5066296525786
0.5066168084700252
0.5066039380976403
0.5065910412423474
0.5065781176836919
0.5065651671998513
0.5065521895676282
0.5065391845624385
0.5065261519583051
0.5065130915278457
0.5065000030422653
0.5064868862713461
0.5064737409834367
0.5064605669454446
0.506447363922825
0.5064341316795705
0.506420869978203
0.5064075785797617
0.5063942572437946
0.506380905728347
0.5063675237899523
0.5063541111836214
0.5063406676628316
0.506327192979517
0.5063136868840578
0.5063001491252688
0.5062865794503895
0.5062729776050727
0.506259343333375
0.5062456763777431
0.5062319764790049
0.5062182433763577
0.5062044768073568
0.5061906765079038
0.5061768422122359
0.5061629736529134
0.506149070560809
0.5061351326650952
0.5061211596932333
0.5061071513709601
0.5060931074222776
0.5060790275694392
0.5060649115329388
0.5060507590314973
0.5060365697820511
0.5060223434997392
0.5060080798978903
0.5059937786880098
0.5059794395797682
0.5059650622809866
0.505950646497625
0.5059361919337676
0.505921698291611
0.5059071652714497
0.5058925925716633
0.5058779798887026
0.5058633269170758
0.5058486333493342
0.5058338988760596
0.5058191231858487
0.5058043059653001
0.5057894468989986
0.5057745456695025
0.5057596019573277
0.5057446154409334
0.5057295857967078
0.5057145126989522
0.5056993958198668
0.5056842348295353
0.5056690293959095
0.5056537791847938
0.5056384838598297
0.5056231430824807
0.5056077565120155
0.5055923238054923
0.5055768446177439
0.5055613186013596
0.5055457454066701
0.5055301246817309
0.5055144560723053
0.505498739221848
0.5054829737714878
0.5054671593600111
0.5054512956238439
0.5054353821970355
0.5054194187112402
0.5054034047957
0.505387340077227
0.505371224180185
0.5053550567264719
0.5053388373355011
0.5053225656241838
0.5053062412069093
0.5052898636955275
0.5052734326993292
0.505256947825028
0.5052404086767398
0.5052238148559649
0.5052071659615676
0.5051904615897567
0.505173701334066
0.5051568847853345
0.505140011531685
0.5051230811585049
0.5051060932484256
0.5050890473813021
0.5050719431341908
0.5050547800813296
0.5050375577941173
0.5050202758410901
0.5050029337879023
0.5049855311973032
0.5049680676291156
0.5049505426402133
0.5049329557845003
0.5049153066128852
0.504897594673262
0.5048798195104852
0.5048619806663469
0.504844077679554
0.5048261100857042
0.5048080774172636
0.5047899792035409
0.5047718149706643
0.5047535842415578
0.504735286535916
0.5047169213701791
0.5046984882575087
0.5046799867077626
0.5046614162274686
0.5046427763198003
0.5046240664845499
0.5046052862181036
0.5045864350134145
0.504567512359976
0.5045485177437958
0.5045294506473688
0.5045103105496493
0.504491096926025
0.5044718092482882
0.5044524469846078
0.5044330095995027
0.5044134965538125
0.5043939073046684
0.5043742413054655
0.504354498005833
0.5043346768516058
0.5043147772847936
0.5042947987435521
0.5042747406621529
0.5042546024709526
0.5042343835963626
0.5042140834608185
0.5041937014827489
0.5041732370765427
0.5041526896525202
0.5041320586168986
0.5041113433717608
0.5040905433150233
0.5040696578404028
0.5040486863373836
0.5040276281911841
0.5040064827827229
0.5039852494885858
0.5039639276809906
0.5039425167277534
0.5039210159922526
0.5038994248333961
0.5038777426055835
0.5038559686586717
0.5038341023379387
0.5038121429840473
0.5037900899330081
0.5037679425161431
0.5037457000600485
0.5037233618865565
0.5037009273126977
0.5036783956506632
0.5036557662077656
0.5036330382864007
0.5036102111840071
0.5035872841930281
0.5035642566008709
0.5035411276898664
0.5035178967372289
0.503494563015015
0.5034711257900825
0.5034475843240481
0.5034239378732464
0.5034001856886865
0.5033763270160099
0.5033523610954473
0.5033282871617751
0.5033041044442713
0.5032798121666714
0.503255409547124
0.5032308957981457
0.503206270126575
0.503181531733528
0.5031566798143507
0.5031317135585734
0.5031066321498632
0.503081434765977
0.5030561205787137
0.5030306887538656
0.5030051384511697
0.5029794688242596
0.502953679020615
0.5029277681815126
0.5029017354419749
0.5028755799307206
0.5028493007701123
0.5028228970761056
0.502796367958197
0.5027697125193706
0.5027429298560462
0.5027160190580258
0.5026889792084382
0.5026618093836869
0.5026345086533939
0.5026070760803445
0.5025795107204317
0.5025518116226003
0.5025239778287901
0.5024960083738783
0.502467902285622
0.5024396585846
0.5024112762841549
0.5023827543903324
0.5023540919018229
0.5023252878099008
0.5022963410983641
0.5022672507434722
0.502238015713886
0.502208634970604
0.5021791074668998
0.5021494321482587
0.5021196079523157
0.502089633808788
0.5020595086394122
0.502029231357878
0.5019988008697625
0.5019682160724628
0.5019374758551305
0.5019065790986017
0.5018755246753303
0.5018443114493183
0.5018129382760471
0.5017814040024063
0.5017497074666242
0.5017178474981955
0.5016858229178104
0.5016536325372809
0.5016212751594692
0.5015887495782133
0.5015560545782518
0.501523188935151
0.5014901514152272
0.5014569407754725
0.5014235557634759
0.5013899951173476
0.5013562575656403
0.5013223418272695
0.5012882466114361
0.5012539706175443
0.5012195125351221
0.5011848710437391
0.5011500448129255
0.5011150325020877
0.5010798327604264
0.5010444442268523
0.5010088655299003
0.500973095287644
0.5009371321076111
0.5009009745866945
0.5008646213110661
0.5008280708560877
0.5007913217862217
0.5007543726549419
0.5007172220046431
0.5006798683665485
0.5006423102606197
0.500604546195462
0.5005665746682322
0.5005283941645433
0.5004900031583708
0.5004514001119558
0.5004125834757082
0.5003735516881105
0.5003343031756192
0.5002948363525653
0.5002551496210554
0.5002152413708706
0.5001751099793662
0.5001347538113676
0.5000941712190701
0.5000533605419327
0.5000123201065755
0.49997104822667315
0.49992954320284877
0.49988780332256744
0.49984582686002843
0.4998036120760556
0.49976115721798875
0.49971846051957286
0.49967552020084705
0.49963233446803235
0.4995889015134187
0.49954521951525105
0.4995012866376153
0.4994571010303215
0.4994126608287888
0.49936796415392704
0.49932300911201893
0.4992777937946012
0.4992323162783441
0.4991865746249309
0.4991405668809354
0.4990942910777002
0.49904774523121187
0.49900092734197804
0.4989538353948999
0.4989064673591477
0.4988588211880317
0.49881089481887547
0.4987626861728858
0.4987141931550226
0.4986654136538681
0.4986163455414948
0.4985669866733322
0.49851733488803374
0.4984673880073407
0.49841714383594726
0.49836660016136347
0.49831575475377765
0.49826460536591755
0.49821314973291075
0.49816138557214396
0.49810931058312113
0.49805692244732197
0.4980042188280569
0.4979511973703238
0.4978978557006619
0.4978441914270051
0.49779020213853514
0.49773588540553304
0.4976812387792289
0.4976262597916524
0.4975709459554814
0.497515294763889
0.49745930369039054
0.49740297018868923
0.49734629169252087
0.49728926561549724
0.4972318893509497
0.4971741602717697
0.49711607573025024
0.49705763305792583
0.49699882956541064
0.4969396625422369
0.49688012925669134
0.49682022695565103
0.4967599528644188
0.49669930418655694
0.49663827810371897
0.4965768717754837
0.4965150823391848
0.49645290690974103
0.496390342579486
0.496327386417995
0.4962640354719143
0.4962002867647852
0.49613613729687056
0.49607158404497914
0.4960066239622886
0.4959412539781684
0.49587547099800133
0.49580927190300417
0.49574265355004743
0.49567561277147465
0.4956081463749193
0.49554025114312394
0.49547192383375405
0.4954031611792153
0.4953339598864672
0.4952643166368371
0.49519422808583274
0.49512369086295455
0.49505270157150677
0.4949812567884078
0.49490935306399997
0.4948369869218579
0.49476415485859715
0.4946908533436809
0.494617078819227
0.49454282769981356
0.49446809637228406
0.49439288119555114
0.4943171785004018
0.4942409845892984
0.4941642957361824
0.49408710818627627
0.4940094181558829
0.4939312218321882
0.4938525153730592
0.4937732949068444
0.4936935565321723
0.4936132963177491
0.4935325103021573
0.49345119449365216
0.49336934486995887
0.49328695737806877
0.4932040279340346
0.4931205524227672
0.49303652669782944
0.4929519465812317
0.4928668078632257
0.4927811063020989
0.49269483762396826
0.4926079975225741
0.492520581659073
0.4924325856618308
0.49234400512621646
0.49225483561439404
0.49216507265511555
0.4920747117435143
0.49198374834089714
0.4918921778745363
0.49179999573746347
0.49170719728826173
0.49161377785085825
0.49151973271431726
0.4914250571326339
0.49132974632452686
0.4912337954732316
0.49113719972629505
0.4910399541953694
0.49094205395600665
0.49084349404745353
0.49074426947244687
0.49064437519700954
0.49054380615024706
0.49044255722414426
0.4903406232733628
0.4902379991150404
0.49013467952858913
0.4900306592554944
0.48992593299911774
0.4898204954244961
0.4897143411581456
0.4896074647878647
0.4894998608625381
0.48939152389194224
0.48928244834655354
0.48917262865735356
0.4890620592156399
0.4889507343728362
0.48883864844030395
0.4887257956891551
0.4886121703500673
0.4884977666130998
0.4883825786275111
0.4882666005015792
0.4881498263024218
0.4880322500558196
0.4879138657460415
0.48779466731567095
0.48767464866543525
0.48755380365403544
0.48743212609798076
0.4873096097714221
0.48718624840599134
0.4870620356906393
0.48693696527147945
0.486811030751632
0.48668422569107084
0.4865565436064745
0.4864279779710782
0.48629852221452896
0.4861681697227445
0.48603691383777514
0.4859047478576663
0.4857716650363279
0.48563765858340396
0.4855027216641468
0.48536684739929425
0.48523002886495076
0.48509225909247106
0.4849535310683484
0.4848138377341065
0.4846731719861943
0.48453152667588545
0.48438889460918155
0.4842452685467197
0.48410064120368307
0.48395500524971774
0.48380835330885147
0.483660677959419
0.4835119717339903
0.4833622271193041
0.48321143655620635
0.48305959243959273
0.4829066871183569
0.482752712895343
0.48259766202730275
0.48244152672485996
0.48228429915247745
0.4821259714284308
0.4819665356247877
0.48180598376739237
0.48164430783585527
0.48148149976354954
0.48131755143761207
0.4811524546989516
0.4809862013422619
0.48081878311604176
0.480650191722621
0.48048041881819215
0.480309456012849
0.48013729487063306
0.47996392690958317
0.4797893436017951
0.4796135363734869
0.47943649660506976
0.47925821563122845
0.47907868474100607
0.4788978951778976
0.4787158381399509
0.4785325047798742
0.47834788620515106
0.47816197347816314
0.47797475761632147
0.47778622959220335
0.4775963803336995
0.4774052007241666
0.47721268160259067
0.47701881376375554
0.47682358795842195
0.47662699489351373
0.4764290252323122
0.4762296695946598
0.4760289185571711
0.4758267626534543
0.475623192374339
0.4754181981681147
0.4752117704407773
0.47500389955628486
0.47479457583682194
0.47458378956307373
0.47437153097450874
0.47415779026967125
0.47394255760648263
0.47372582310255285
0.47350757683550015
0.4732878088432815
0.4730665091245335
0.47284366763891944
0.4726192743074909
0.4723933190130554
0.47216579160055594
0.47193668187746
0.47170597961415905
0.4714736745443767
0.4712397563655895
0.47100421473945586
0.47076703929225605
0.4705282196153431
0.4702877452656031
0.470045605765927
0.46980179060569216
0.46955628924125514
0.469309091096455
0.46906018556312695
0.468809562001627
0.46855720974136805
0.46830311808136543
0.46804727629079496
0.46778967360956125
0.46753029924887646
0.467269142391851
0.4670061921940958
0.4667414377843332
0.46647486826502327
0.46620647271299664
0.4659362401801024
0.465664159693865
0.46539022025815413
0.4651144108538648
0.46483672043960905
0.4645571379524199
0.46427565230846607
0.46399225240377895
0.46370692711498984
0.4634196653000803
0.4631304557991438
0.46283928743515795
0.46254614901477065
0.4622510293290951
0.46195391715451983
0.4616548012535272
0.46135367037552744
0.4610505132577011
0.4607453186258559
0.4604380751952939
0.460128771671692
0.45981739675199396
0.45950393912531384
0.4591883874738527
0.45887073047382587
0.4585509567964049
0.45822905510866885
0.45790501407457007
0.4575788223559105
0.45725046861333235
0.45691994150731824
0.4565872296992073
0.4562523218522204
0.45591520663250057
0.4555758727101631
0.4552343087603614
0.45489050346436294
0.45454444551063894
0.45419612359596656
0.4538455264265445
0.4534926427191197
0.45313746120212905
0.4527799706168523
0.45242015971857846
0.45205801727778616
0.45169353208133556
0.45132669293367444
0.45095748865805735
0.450585908097777
0.450211940117411
0.44983557360408016
0.4494567974687215
0.4490756006473733
0.4486919721024756
0.4483059008241832
0.4479173758316929
0.44752638617458373
0.44713292093417356
0.4467369692248857
0.4463385201956338
0.4459375630312176
0.4455340869537355
0.44512808122401
0.44471953514302764
0.44430843805339415
0.44389477934080446
0.44347854843552603
0.4430597348138983
0.4426383279998475
0.4422143175664146
0.44178769313730093
0.44135844438842675
0.44092656104950634
0.4404920329056394
0.44005484979891635
0.4396150016300401
0.4391724783599643
0.43872727001154643
0.43827936667121753
0.4378287584906685
0.43737543568855175
0.43691938855219964
0.43646060743936044
0.43599908277994914
0.43553480507781583
0.43506776491253185
0.4345979529411919
0.4341253599002327
0.4336499766072704
0.43317179396295447
0.4326908029528381
0.43220699464926904
0.4317203602132938
0.43123089089658373
0.430738578043376
0.4302434130924341
0.4297453875790258
0.4292444931369194
0.4287407215003979
0.4282340645062909
0.42772451409602696
0.4272120623177021
0.4266967013281671
0.42617842339513523
0.4256572208993054
0.42513308633650737
0.4246060123198625
0.42407599158196563
0.42354301697708446
0.42300708148337696
0.4224681782051297
0.42192630037501266
0.4213814413563539
0.4208335946454327
0.4202827538737913
0.4197289128105648
0.41917206536483054
0.41861220558797524
0.41804932767607994
0.4174834259723248
0.41691449496941063
0.416342529311999
0.4157675237991701
0.4151894733868985
0.41460837319054655
0.4140242184873737
0.41343700471906597
0.412846727494279
0.41225338259120015
0.4116569659601257
0.4110574737260544
0.410454902191298
0.40984924783810506
0.4092405073313018
0.4086286775209476
0.4080137554450034
0.40739573833201487
0.4067746236038109
0.40615040887821185
0.4055230919717535
0.40489267090242037
0.4042591438923935
0.40362250937080657
0.4029827659765139
0.40233991256086843
0.4016939481905075
0.40104487215014895
0.40039268394539385
0.3997373833055362
0.39907897018637994
0.3984174447730602
0.3977528074828708
0.397085058968095
0.3964142001188381
0.39574023206586434
0.3950631561834334
0.39438297409213785
0.39369968766173963
0.3930132990140046
0.3923238105255345
0.3916312248305948
0.390935544823938
0.3902367736636192
0.38953491477380686
0.38882997184758195
0.3881219488497292
0.3874108500195173
0.3866966798734649
0.38597944320809485
0.3852591451026707
0.38453579092192025
0.3838093863187364
0.3830799372368633
0.3823474499135566
0.3816119308822258
0.3808733869750479
0.38013182532555945
0.3793872533712179
0.37863967885593586
0.3778891098325834
0.3771355546654588
0.37637902203272494
0.3756195209288089
0.37485706066676416
0.3740916508805946
0.3733233015275343
0.37255202289028666
0.37177782557921685
0.37100072053449723
0.37022071902820447
0.36943783266636565
0.36865207339094896
0.3678634534818047
0.36707198555854315
0.3662776825823583
0.3654805578577883
0.3646806250344131
0.3638778981084879
0.3630723914245084
0.3622641196767086
0.3614530979104843
0.3606393415237472
0.359822866268201
0.3590036882505402
0.35818182393357134
0.35735729013725015
0.3565301040396372
0.35570028317776736
0.3548678454484304
0.35403280910886376
0.3531951927773526
0.35235501543373665
0.35151229641982024
0.3506670554396871
0.3498193125599135
0.3489690882096804
0.34811640318078424
0.34726127862753936
0.34640373606657715
0.3455437973765332
0.34468148479762606
0.3438168209311245
0.3429498287386987
0.3420805315416583
0.3412089530200718
0.34033511721177
0.33945904851122716
0.3385807716683217
0.3377003117869757
0.3368176943236679
0.3359329450858248
0.33504609023008297
0.3341571562604254
0.3332661700261888
0.33237315871994283
0.3314781498752379
0.3305811713642225
0.3296822513951295
0.3287814185096295
0.32787870158005117
0.3269741298064695
0.32606773271365885
0.3251595401479127
0.3242495822737306
0.323337889570367
0.3224244928282515
0.3215094231452686
0.320592711922908
0.31967439086227983
0.3187544919599948
0.3178330475039134
0.31691009006876253
0.31598565251161864
0.3150597679672621
0.31413246984339915
0.3132037918157578
0.31227376782305244
0.3113424320618231
0.31040981898115005
0.30947596327724225
0.30854089988790434
0.30760466398688235
0.3066672909780908
0.30572881648972
0.3047892763682304
0.3038487066722318
0.3029071436662515
0.30196462381439293
0.3010211837738884
0.30007686038854553
0.2991316906820937
0.2981857118514294
0.29723896125976706
0.2962914764296939
0.29534329503613493
0.29439445489923044
0.2934449939771284
0.29249495035869366
0.2915443622561421
0.2905932679975959
0.2896417060195705
0.288689714859391
0.2877373331475444
0.2867845995999724
0.28583155301030505
0.284878232242041
0.2839246762206792
0.2829709239258039
0.2820170143831268
0.2810629866564936
0.28010887983985355
0.2791547330492024
0.27820058541449516
0.2772464760715414
0.27629244415388143
0.27533852878464793
0.27438476906841897
0.27343120408306737
0.2724778728716083
0.2715248144340493
0.2705720677192502
0.2696196716167938
0.2686676649488729
0.2677160864621968
0.2667649748199263
0.265814368593632
0.2648643062552901
0.2639148261693146
0.26296596658462856
0.2620177656267846
0.26107026129013133
0.2601234914300372
0.2591774937551684
0.25823230581983075
0.2572879650163756
0.25634450856767643
0.25540197351967764
0.2544603967340199
0.2535198148807466
0.2525802644310945
0.2516417816503707
0.25070440259092247
0.24976816308519934
0.24883309873891465
0.24789924492430607
0.24696663677350256
0.24603530917199504
0.24510529675222004
0.24417663388725322
0.24324935468462086
0.2423234929802272
0.2413990823324036
0.24047615601608052
0.23955474701708485
0.23863488802656385
0.23771661143554018
0.2367999493295979
0.235884933483702
0.23497159535715306
0.23405996608867938
0.23315007649166788
0.2322419570495346
0.23133563791123646
0.23043114888692645
0.22952851944375138
0.22862777870179624
0.22772895543017177
0.22683207804325092
0.2259371745970503
0.225044272785761
0.22415339993842687
0.22326458301577032
0.2223778486071697
0.2214932229277814
0.22061073181581473
0.2197304007299529
0.21885225474692394
0.21797631855921976
0.21710261647296325
0.2162311724059216
0.21536200988566861
0.2144951520478915
0.2136306216348437
0.21276844099394304
0.2119086320765115
0.21105121643666064
0.210196215230315
0.209343649214379
0.2084935387460406
0.2076459037822143
0.20680076387911875
0.20595813819199055
0.2051180454749304
0.20428050408088144
0.20344553196173673
0.2026131466685751
0.20178336535202374
0.20095620476274462
0.20013168125204356
0.19930981077260018
0.19849060887931558
0.19767409073027692
0.19686027108783666
0.1960491643198024
0.19524078440073933
0.1944351449133779
0.19363225905012735
0.19283213961469423
0.19203479902379958
0.19124024930899544
0.19044850211857858
0.18965956871959574
0.1888734599999422
0.18809018647054887
0.18730975826765475
0.18653218515516495
0.1857574765270901
0.1849856414100638
0.18421668846593808
0.18345062599445297
0.182687461935977
0.18192720387431824
0.1811698590396012
0.18041543431120957
0.17966393622078958
0.17891537095531374
0.17816974436020175
0.17742706194249655
0.17668732887409205
0.17595054999501183
0.17521672981673425
0.17448587252556563
0.1737579819860534
0.17303306174444197
0.17231111503216703
0.1715921447693856
0.1708761535685414
0.1701631437379603
0.16945311728547777
0.16874607592209234
0.1680420210656466
0.1673409538445284
0.16664287510139858
0.1659477853969331
0.16525568501358676
0.16456657395937027
0.163880451971642
0.16319731852091193
0.16251717281465541
0.16184001380113439
0.1611658401732275
0.16049465037226238
0.1598264425918535
0.15916121478173986
0.15849896465162444
0.15783968967501
0.15718338709303378
0.15653005391829655
0.1558796869386861
0.15523228272119294
0.15458783761571793
0.15394634775886884
0.1533078090777471
0.15267221729371983
0.1520395679261802
0.15140985629629133
0.15078307753071452
0.15015922656532016
0.14953829814888084
0.14892028684674405
0.14830518704448598
0.14769299295154273
0.14708369860481998
0.14647729787227975
0.14587378445650287
0.14527315189822662
0.14467539357985734
0.1440805027289561
0.1434884724216982
0.1428992955863045
0.14231296500644403
0.14172947332460886
0.1411488130454583
0.1405709765391334
0.13999595604454113
0.13942374367260713
0.13885433140949682
0.13828771111980526
0.13772387454971305
0.1371628133301111
0.13660451897969128
0.13604898290800363
0.13549619641847999
0.13494615071142332
0.13439883688696333
0.1338542459479759
0.13331236880296995
0.13277319626893752
0.13223671907416903
0.13170292786103455
0.1311718131887276
0.13064336553597475
0.13011757530370943
0.12959443281771035
0.1290739283312024
0.12855605202742454
0.12804079402215998
0.12752814436623053
0.12701809304795725
0.12651062999558288
0.1260057450796596
0.12550342811540183
0.12500366886500253
0.1245064570399155
0.12401178230309992
0.12351963427123236
0.12303000251688244
0.12254287657065327
0.12205824592328818
0.12157610002774219
0.121096428301219
0.12061922012717463
0.12014446485728551
0.11967215181338478
0.11920227028936298
0.11873480955303728
0.11826975884798596
0.11780710739535147
0.11734684439560882
0.11688895903030463
0.11643344046376103
0.11598027784474978
0.11552946030813366
0.11508097697647728
0.1146348169616262
0.11419096936625653
0.11374942328539212
0.11331016780789449
0.11287319201791948
0.11243848499634738
0.11200603582218238
0.11157583357392319
0.11114786733090559
0.11072212617461619
0.11029859918997878
0.10987727546661238
0.10945814410006258
0.10904119419300569
0.10862641485642663
0.10821379521076921
0.10780332438706236
0.10739499152801896
0.1069887857891102
0.10658469633961526
0.10618271236364528
0.10578282306114357
0.10538501764886221
0.10498928536131427
0.10459561545170296
0.10420399719282769
0.10381441987796758
0.10342687282174268
0.10304134536095239
0.10265782685539353
0.10227630668865553
0.1018967742688955
0.1015192190295924
0.1011436304302803
0.10076999795726245
0.10039831112430378
0.1000285594733066
0.09966073257496445
0.09929482002939861
0.0989308114667761
0.09856869654790733
0.09820846496483004
0.09785010644137036
0.09749361073369102
0.09713896763081932
0.09678616695516035
0.09643519856299247
0.09608605234494762
0.09573871822647467
0.09539318616828778
0.09504944616679908
0.09470748825453729
0.09436730250054959
0.09402887901079103
0.0936922079284975
0.0933572794345475
0.09302408374780727
0.09269261112546442
0.09236285186334738
0.09203479629623242
0.0917084347981372
0.09138375778260305
0.09106075570296354
0.09073941905260258
0.09041973836519923
0.09010170421496234
0.08978530721685324
0.08947053802679691
0.08915738734188372
0.08884584590055913
0.08853590448280378
0.08822755391030294
0.08792078504660657
0.08761558879727945
0.08731195611004092
0.0870098779748966
0.08670934542426031
0.08641034953306706
0.08611288141887675
0.08581693224197129
0.08552249320544043
0.08522955555526177
0.08493811058037229
0.08464814961273076
0.08435966402737452
0.08407264524246717
0.08378708471933999
0.08350297396252554
0.0832203045197848
0.08293906798212769
0.08265925598382594
0.08238086020242119
0.08210387235872474
0.0818282842168132
0.08155408758401655
0.08128127431090149
0.08100983629124792
0.08073976546202122
0.08047105380333823
0.0802036933384275
0.07993767613358632
0.0796729942981304
0.07940963998434013
0.0791476053874016
0.07888688274534364
0.07862746433896874
0.07836934249178215
0.07811250956991406
0.07785695798203966
0.07760268017929368
0.07734966865518275
0.07709791594549198
0.07684741462818942
0.07659815732332609
0.07635013669293297
0.07610334544091481
0.07585777631293959
0.07561342209632602
0.07537027561992787
0.0751283297540142
0.07488757741014802
0.07464801154106171
0.07440962514052926
0.07417241124323667
0.07393636292464939
0.07370147330087734
0.07346773552853772
0.07323514280461552
0.07300368836632165
0.07277336549094907
0.07254416749572712
0.07231608773767374
0.07208911961344543
0.0718632565591857
0.071638492050372
0.07141481960166088
0.0711922327667308
0.07097072513812465
0.07075029034708966
0.07053092206341657
0.07031261399527722
0.07009535988906085
0.0698791535292092
0.06966398873805012
0.0694498593756308
0.06923675933954886
0.06902468256478368
0.06881362302352562
0.06860357472500493
0.06839453171531977
0.06818648807726346
0.06797943793015039
0.06777337542964204
0.0675682947675717
0.06736419017176914
0.06716105590588387
0.06695888626920882
0.06675767559650272
0.06655741825781249
0.06635810865829522
0.06615974123803903
0.0659623104718848
0.06576581086924697
0.0655702369739334
0.06537558336396602
0.06518184465140135
0.06498901548214972
0.06479709053579553
0.06460606452541644
0.06441593219740346
0.06422668833128004
0.06403832773952212
0.06385084526737708
0.06366423579268377
0.06347849422569182
0.06329361550888181
0.0631095946167846
0.0629264265558016
0.06274410636402515
0.06256262911105816
0.062381989897835756
0.06220218385644492
0.0620232061499465
0.061845051972195975
0.0616677165476652
0.06149119513126451
0.06131548300816485
0.06114057549362035
0.06096646793279177
0.06079315570056912
0.06062063420139634
0.06044889886909491
0.060277945166688746
0.060107768586229335
0.05993836464862133
0.05976972890344849
0.05960185692880035
0.05943474433109952
0.05926838674492893
0.05910277983286007
0.058937919285282026
0.058773800820230045
0.058610420183216265
0.05844777314705928
0.05828585551171585
0.05812466310411168
0.057964191777974836
0.057804437413667364
0.05764539591801934
0.05748706322416331
0.05732943529136836
0.057172508104875966
0.05701627767573618
0.05686074004064412
0.05670589126177736
0.056551727426634335
0.05639824464787334
0.05624543906315131
0.05609330683496472
0.05594184415049039
0.055791047221426776
0.05564091228383701
0.055491435597991384
0.055342613448211474
0.0551944421427146
0.05504691801345924
0.05490003741599118
0.05475379672928991
0.0546081923556165
0.054463220720361985
0.05431887827189624
0.05417516148141754
0.05403206684280379
0.05388959087246334
0.05374773010918732
0.05360648111400229
0.053465840470024326
0.05332580478231303
0.053186370677726816
0.05304753480477909
0.052909293833494846
0.05277164445526793
0.0526345833827199
0.05249810734955887
0.05236221311043885
0.052226897440821304
0.052092157136835925
0.05195798901514303
0.05182438991279657
0.05169135668710779
0.05155888621550995
0.05142697539542346
0.051295621144121825
0.05116482039859922
0.05103457011543726
0.05090486727067402
0.05077570885967306
0.05064709189699332
0.050519013416260035
0.05039147047003617
0.05026446012969484
0.050137979485292104
0.050012025645441154
0.04988659573718668
