2.0089265908102565
2.168865072873067
2.0866678279308952
2.289524308228241
2.0303771409829996
2.0982342848510265
2.0675119862169646
2.245789916729941
2.4136922194579578
2.0644080897347465
2.401085593328693
2.1505671895599225
2.3459189572137236
2.4809679977136407
2.0688812795303564
2.2220929889622862
2.168709185659256
2.0978410220014685
2.3909854859241286
2.1001806189529484
2.0358587591311847
2.1066602897934827
2.00495987309617
2.339528502773345
2.008957458335219
1.9619935296407895
1.9500746761775114
1.9851617865850937
2.201873979167938
1.632361284207731
1.7888240381834095
1.5759993747970782
1.783032807375585
1.4606154270559213
1.278857758220965
1.363525088160812
1.1413589435667102
1.1273272755766262
0.953020077718825
1.0659166412282264
0.9510150276010763
0.9341500979929604
0.6979714567326285
0.652670641981177
0.437414078278289
0.3578455208175301
0.22705227248269394
0.1476457831777228
0.1099118382768792
0.07940407779691022
0.056176054562946984
0.04279111606803085
