0.48449336677491694
0.5241546752872621
0.5239995070821799
0.5236545542223815
0.5234185979479559
0.5232449905822237
0.5231057471902535
0.5229850381133241
0.5228740041407309
0.5227677314020314
0.5226635174645735
0.522559888866051
0.5224560493953248
0.5223515725921574
0.5222462315526524
0.5221399054072168
0.5220325283567875
0.5219240621934889
0.5218144816976045
0.521703767039943
0.5215918999568318
0.5214788619279725
0.5213646333953597
0.5212491935056917
0.5211325201016404
0.5210145898192677
0.5208953782198563
0.5207748599220566
0.520653008719838
0.5205297976815513
0.520405199230103
0.5202791852062314
0.52015172691752
0.5200227951757925
0.5198923603252595
0.5197603922634243
0.5196268604564022
0.519491733949976
0.5193549813774376
0.5192165709650436
0.5190764705357263
0.5189346475115635
0.518791068915398
0.5186457013719037
0.5184985111083417
0.5183494639551827
0.5181985253467436
0.5180456603219523
0.5178908335253274
0.5177340092082482
0.5175751512305753
0.5174142230626669
0.5172511877878339
0.51708600810527
0.516918646333484
0.5167490644142648
0.5165772239171987
0.5164030860447648
0.5162266116380246
0.5160477611829274
0.5158664948172438
0.5156827723381475
0.5154965532104556
0.515307796575541
0.5151164612609295
0.5149225057905904
0.5147258883959289
0.5145265670274884
0.514324499367365
0.5141196428423418
0.51391195463774
0.5137013917119877
0.5134879108119035
0.513271468488688
0.5130520211146149
0.5128295249004106
0.5126039359133077
0.5123752100957542
0.5121433032847573
0.511908171231838
0.5116697696235647
0.5114280541026379
0.5111829802894852
0.5109345038043263
0.5106825802896638
0.5104271654331487
0.5101682149907647
0.5099056848102739
0.5096395308548558
0.5093697092268745
0.509096176191696
0.5088188882014764
0.5085378019188382
0.5082528742403468
0.5079640623196866
0.5076713235904469
0.5073746157884087
0.5070738969732281
0.5067691255494041
0.5064602602864187
0.5061472603379297
0.5058300852599003
0.50550869502754
0.5051830500509372
0.5048531111892598
0.5045188397633982
0.5041801975669329
0.5038371468753038
0.5034896504530635
0.503137671559104
0.5027811739497451
0.5024201218795848
0.5020544801000177
0.5016842138553308
0.5013092888763062
0.5009296713712631
0.5005453280144867
0.5001562259320083
0.4997623326847128
0.4993636162487692
0.49896004499339763
0.49855158765600704
0.49813821331475683
0.49771989135862216
0.49729659145506333
0.496868283515425
0.49643493765822355
0.4959965241704968
0.49555301346743114
0.4951043760505021
0.49465058246439747
0.49419160325302314
0.49372740891491956
0.4932579698584515
0.4927832563571627
0.49230323850571567
0.4918178861768719
0.4913271689799913
0.490831056221562
0.49032951686829757
0.48982251951336164
0.48931003234630877
0.4887920231273447
0.4882684591665344
0.4877393073085982
0.48720453392395247
0.486664104906657
0.4861179856799408
0.4855661412099796
0.48500853602859306
0.4844451342655247
0.48387589969095696
0.48330079576889284
0.48271978572201574
0.48213283260860995
0.4815398994120865
0.4809409491436244
0.4803359449583798
0.4797248502856724
0.47910762897348547
0.47848424544755536
0.47785466488524686
0.47721885340432213
0.4765767782666316
0.47592840809664233
0.47527371311462324
0.474612665384185
0.4739452390737603
0.4732714107314727
0.4725911595727128
0.4719044677796017
0.47121132081136957
0.47051170772453305
0.46980562150159544
0.4690930593868403
0.4683740232276271
0.46764851981943817
0.4669165612527739
0.46617816525982825
0.4654333555587339
0.4646821621930219
0.4639246218638013
0.46316077825204754
0.4623906823282733
0.4616143926467656
0.46083197562149636
0.4600435057807631
0.4592490659975859
0.4584487476928838
0.45764265100848456
0.4568308849470777
0.4560135674763114
0.4551908255943657
0.45436279535449314
0.4535296218462248
0.4526914591311727
0.4518484701316411
0.45100082647057493
0.45014870826171177
0.4492923038492057
0.4484318094963823
0.44756742902374325
0.44669937339678983
0.44582786026471866
0.444953113451533
0.4440753624016159
0.4431948415822968
0.44231178984644304
0.4414264497585729
0.44053906688843636
0.4396498890764336
0.4387591656756157
0.43786714677535554
0.4369740824120567
0.43608022177250183
0.4351858123956068
0.43429109937845406
0.4333963245925031
0.43250172591585445
0.4316075364873241
0.4307139839879163
0.42982128995503915
0.42892966913449354
0.42803932887490326
0.42715046856882466
0.4262632791443045
0.42537794261013784
0.4244946316575307
0.4236135093202955
0.42273472869511874
0.4218584327228386
0.4209847540310705
0.4201138148379302
0.4192457269160291
0.4183805916153669
0.41751849994323426
0.41665953269875083
0.4158037606592385
0.4149512448152324
0.41410203665060014
0.41325617846395885
0.4124137037273413
0.41157463747790457
0.41073899673834596
0.4099067909616346
0.4090780224956533
0.4082526870633871
0.4074307742543772
0.4066122680232894
0.40579714719160787
0.40498538594866895
0.4041769543484718
0.4033718187989598
0.4025699425407357
0.40177128611245677
0.40097580780045455
0.4001834640704222
0.3993942099793149
0.3986079995659058
0.39782478621873546
0.39704452302047505
0.3962671630679914
0.3954926597676681
0.3947209671057669
0.3939520398938449
0.3931858339894502
0.39242230649248816
0.39166141591784215
0.3909031223449496
0.39014738754518263
0.389394175087977
0.3886434504267425
0.3878951809656618
0.38714933610853175
0.38640588729084546
0.3856648079963275
0.38492607375915155
0.38418966215306183
0.38345555276860877
0.38272372717968306
0.3819941689005049
0.3812668633341826
0.38054179771391283
0.37981896103784546
0.379098343998579
0.3783799389082072
0.37766373961976507
0.37694974144587734
0.3762379410753439
0.37552833648834505
0.374820926870883
0.37411571252903053
0.37341269480348604
0.37271187598490185
0.37201325923038053
0.37131684848150126
0.3706226483841837
0.3699306642106547
0.3692409017837494
0.36855336740372563
0.3678680677777554
0.36718500995220704
0.3665042012478138
0.3658256491977922
0.365149361488952
0.3644753459058159
0.3638036102777487
0.3631341624290785
0.36246701013217575
0.36180216106344526
0.36113962276217204
0.3604794025921522
0.3598215077060361
0.3591659450122974
0.3585127211447408
0.35786184243445546
0.3572133148841176
0.35656714414454327
0.35592333549339056
0.3552818938159111
0.3546428235876486
0.3540061288589838
0.35337181324142586
0.3527398798955523
0.35211033152049925
0.35148317034491083
0.3508583981192498
0.3502360161093867
0.349616025091374
0.3489984253473282
0.34838321666233163
0.3477703983222827
0.34715996911261604
0.34655192731782214
0.34594627072169776
0.34534299660826273
0.34474210176327963
0.344143582476318
0.3435474345433067
0.34295365326952093
0.34236223347295314
0.3417731694880205
0.3411864551695637
0.340602083897093
0.34002004857924506
0.3394403416584064
0.33886295511547576
0.3382878804747227
0.33771510880872113
0.33714463074331796
0.336576436462618
0.336010515713952
0.3354468578128093
0.3348854516477081
0.3343262856849835
0.33376934797347535
0.3332146261490927
0.3326621074392421
0.3321117786671013
0.3315636262557218
0.33101763623195024
0.33047379423014983
0.32993208549571384
0.32939249488835765
0.3288550068851785
0.3283196055834722
0.3277862747033004
0.3272549975897928
0.3267257572151844
0.32619853618057193
0.32567331671738764
0.32515008068857937
0.3246288095894923
0.32410948454844696
0.32359208632700265
0.3230765953199056
0.3225629915547148
0.3220512546910965
0.32154136401978795
0.32103329846122036
0.3205270365637993
0.32002255650183437
0.3195198360731183
0.3190188526961456
0.3185195834069692
0.3180220048556896
0.31752609330257325
0.31703182461379276
0.31653917425678785
0.3160481172952412
0.31555862838366416
0.3150706817615887
0.31458425124736167
0.314099310231537
0.3136158316698591
0.31313378807583847
0.31265315151290984
0.3121738935861719
0.31169598543370414
0.31121939771745666
0.3107441006137078
0.3102700638030896
0.3097972564601726
0.3093256472426123
0.30885520427984864
0.30838589516135956
0.30791768692446636
0.30745054604168626
0.30698443840763096
0.3065193293254542
0.3060551834928409
0.30559196498754504
0.30512963725247005
0.3046681630803016
0.30420750459768403
0.3037476232489573
0.30328847977944506
0.3028300342183118
0.30237224586098677
0.3019150732511697
0.30145847416242333
0.30100240557936797
0.3005468236784918
0.300091683808589
0.29963694047085054
0.29918254729862176
0.29872845703685447
0.29827462152127926
0.2978209916573263
0.29736751739883255
0.2969141477265648
0.29646083062660916
0.29600751306866585
0.29555414098430477
0.29510065924523454
0.2946470116416502
0.294193140860725
0.29373898846532137
0.29328449487300345
0.2928295993354393
0.2923742399182909
0.29191835348169604
0.29146187566145826
0.2910047408510711
0.29054688218470626
0.29008823152131974
0.28962871943002605
0.28916827517691646
0.2887068267135
0.2882443006669691
0.2877806223324959
0.2873157156677896
0.28684950329015546
0.2863819064763161
0.2859128451652662
0.28544223796446266
0.28497000215965224
0.2844960537286764
0.2840203073595968
0.2835426764735151
0.28306307325247515
0.2825814086728564
0.28209759254468736
0.281611533557332
0.28112313933201083
0.2806323164816475
0.28013897067854565
0.2796430067304142
0.27914432866527794
0.27864283982582316
0.2781384429737341
0.2776310404045916
0.27712053407390186
0.276606825734829
0.2760898170882006
0.2755694099453431
0.27504550640429787
0.2745180090399358
0.27398682110847267
0.27345184676684564
0.2729129913073641
0.2723701614080019
0.27182326539863094
0.2712722135434171
0.27071691833951983
0.2701572948321333
0.2695932609458023
0.26902473783180747
0.2684516502312953
0.2678739268536574
0.26729150076950947
0.26670430981743376
0.2661122970234596
0.265515411032046
0.26491360654711504
0.264306844781458
0.26369509391259555
0.2630783295429332
0.26245653516180795
0.2618297026067702
0.26119783252120016
0.2605609348051274
0.2599190290558775
0.2592721449949775
0.2586203228775377
0.2579636138801723
0.25730208046338243
0.25663579670421627
0.2559648485949626
0.2552893343036234
0.25460936439193793
0.25392506198682774
0.2532365629012759
0.2525440157008708
0.2518475817125075
0.2511474349720923
0.2504437621084852
0.24973676216138405
0.24902664633137908
0.2483136376609801
0.24759797064604333
0.24687989077769568
0.24615965401554632
0.24543752619369988
0.24471378236181526
0.24398870606417977
0.2432625885604955
0.24253572799275017
0.24180842850321288
0.241080999309183
0.24035375374067008
0.2396270082476396
0.23890108138385419
0.2381762927746236
0.23745296207598707
0.2367314079329451
0.2360119469443593
0.23529489264204081
0.23458055449134388
0.23386923692029316
0.23316123838388889
0.2324568504697782
0.23175635705094638
0.23106003349049808
0.23036814590295626
0.22968095047583406
0.22899869285454166
0.22832160759297407
0.22764991767142068
0.22698383408274114
0.22632355548707395
0.22566926793469527
0.2250211446560513
0.22437934591740985
0.2237440189400879
0.22311529788074203
0.22249330386982433
0.22187814510497122
0.22126991699581247
0.22066870235647965
0.2200745716419341
0.2194875832241298
0.21890778370398203
0.21833520825510416
0.21776988099532069
0.2172118153820405
0.21666101462769294
0.21611747213156515
0.21558117192455475
0.21505208912353105
0.2145301903922054
0.2140154344056219
0.21350777231560117
0.21300714821469283
0.2125134995964195
0.2120267578098128
0.21154684850646585
0.21107369207853227
0.21060720408630834
0.21014729567422594
0.2096938739742689
0.20924684249599268
0.20880610150249218
0.20837154837180422
0.20794307794336966
0.20752058284930283
0.20710395383032282
0.20669308003631137
0.20628784931153485
0.20588814846466236
0.2054938635237703
0.2051048799765834
0.20472108299625957
0.20434235765306072
0.20396858911229243
0.20359966281892056
0.20323546466930117
0.2028758811704678
0.20252079958744787
0.20217010807907002
0.2018236958227464
0.20148145312870316
0.2011432715441361
0.20080904394776464
0.20047866463524733
0.20015202939592183
0.1998290355813142
0.1995095821658566
0.19919356980024447
0.19888090085784085
0.19857147947453802
0.19826521158245747
0.197962004937869
0.19766176914368846
0.19736441566690105
0.1970698578512431
0.19677801092546932
0.19648879200749964
0.19620212010475382
0.1959179161109403
0.19563610279957708
0.19535660481449446
0.19507934865756152
0.1948042626738718
0.19453127703460268
0.19426032371775967
0.19399133648699993
0.19372425086872794
0.19345900412763098
0.19319553524083166
0.19293378487080473
0.1926736953372168
0.19241521058782138
0.19215827616854533
0.19190283919288603
0.19164884831073992
0.19139625367676807
0.19114500691839673
0.19089506110355683
0.19064637070823762
0.19039889158394732
0.19015258092514986
0.18990739723674946
0.1896633003016881
0.18942025114871494
0.18917821202038101
0.18893714634131026
0.18869701868679242
0.1884577947517347
0.18821944132001805
0.18798192623427873
0.18774521836615563
0.18750928758702542
0.18727410473924538
0.18703964160792858
0.18680587089326564
0.18657276618341026
0.18634030192793413
0.18610845341186955
0.1858771967303394
0.18564650876378314
0.18541636715378496
0.18518675027949638
0.18495763723466813
0.18472900780527257
0.1845008424477314
0.18427312226772655
0.18404582899960756
0.18381894498637308
0.18359245316022965
0.18336633702371616
0.18314058063138336
0.18291516857202367
0.1826900859514369
0.18246531837572313
0.1822408519350931
0.1820166731881815
0.1817927691468542
0.1815691272614982
0.18134573540677665
0.18112258186784536
0.18089965532701108
0.18067694485082103
0.1804544398775757
0.18023213020524345
0.18001000597977582
0.17978805768380066
0.1795662761256874
0.1793446524289703
0.17912317802211855
0.17890184462863945
0.1786806442575074
0.1784595691939004
0.178238611990243
0.178017765457532
0.17779702265694766
0.17757637689173
0.17735582169931385
0.17713535084371573
0.17691495830815496
0.1766946382879104
0.17647438518339295
0.17625419359343314
0.1760340583087726
0.1758139743057478
0.1755939367401661
0.1753739409413567
0.175153982406398
0.17493405679450832
0.17471415992159442
0.17449428775495354
0.1742744364081201
0.1740546021358512
0.1738347813292465
0.17361497051099492
0.17339516633074312
0.17317536556058385
0.1729555650906525
0.17273576192483459
0.17251595317657198
0.17229613606477134
0.17207630790980363
0.1718564661295957
0.17163660823580676
0.1714167318300859
0.17119683460041238
0.17097691431750828
0.1707569688313234
0.17053699606759123
0.17031699402444922
0.1700969607691237
0.16987689443467416
0.1696567932167963
0.16943665537068134
0.16921647920792635
0.16899626309349808
0.168776005442743
0.1685557047184453
0.1683353594279299
0.16811496812020676
0.16789452938315663
0.16767404184075688
0.16745350415034235
0.16723291499990375
0.1670122731054207
0.16679157720822343
0.1665708260723925
0.16635001848218017
0.16612915323946695
0.16590822916124098
0.16568724507710425
0.16546619982680422
0.16524509225778722
0.16502392122277434
0.1648026855773597
0.16458138417762672
0.16436001587778193
0.16413857952781002
0.1639170739711434
0.1636954980423464
0.16347385056481575
0.16325213034849242
0.16303033618758936
0.16280846685832778
0.16258652111668437
0.1623644976961499
0.16214239530549537
0.16192021262654574
0.1616979483119614
0.16147560098302416
0.16125316922743085
0.1610306515970881
0.16080804660591388
0.16058535272763624
0.16036256839360039
0.16013969199056918
0.15991672185853073
0.1596936562884977
0.15947049352030976
0.15924723174043234
0.15902386907974742
0.15880040361134645
0.1585768333483128
0.1583531562414994
0.15812937017729964
0.1579054729754093
0.15768146238657998
0.1574573360903644
0.15723309169284722
0.15700872672436894
0.15678423863723376
0.15655962480340588
0.15633488251219413
0.15611000896791719
0.1558850012875569
0.1556598564983947
0.15543457153562942
0.1552091432399794
0.15498356835526345
0.15475784352596625
0.15453196529477825
0.15430593010012283
0.15407973427365312
0.15385337403773308
0.15362684550289513
0.15340014466527252
0.1531732674040091
0.1529462094786458
0.15271896652648215
0.15249153405991386
0.15226390746374088
0.15203608199245536
0.1518080527675005
0.15157981477450633
0.15135136286049403
0.151122691731061
0.15089379594753502
0.15066466992410524
0.15043530792492643
0.1502057040611973
0.14997585228821725
0.14974574640241667
0.14951538003836157
0.14928474666574285
0.14905383958633495
0.14882265193094257
0.14859117665632313
0.148359406542093
0.14812733418761953
0.14789495200889738
0.1476622522354142
0.14742922690700525
0.14719586787070582
0.14696216677759305
0.14672811507963338
0.14649370402652903
0.1462589246625728
0.14602376782351126
0.14578822413342735
0.14555228400163694
0.14531593761961709
0.14507917495795974
0.14484198576336546
0.14460435955567885
0.14436628562497594
0.1441277530287094
0.14388875058891853
0.14364926688951515
0.14340929027365626
0.14316880884120492
0.14292781044630176
0.1426862826950483
0.1424442129433227
0.14220158829473073
0.14195839559871548
0.14171462144883587
0.14147025218122578
0.14122527387325678
0.14097967234241784
0.1407334331454296
0.14048654157761323
0.14023898267253274
0.13999074120193888
0.1397418016760222
0.13949214834401644
0.13924176519516243
0.1389906359600648
0.13873874411247158
0.1384860728714928
0.13823260520430494
0.13797832382935715
0.1377232112201138
0.13746724960937817
0.13721042099421427
0.13695270714151409
0.13669408959424625
0.13643454967841778
0.13617406851079583
0.13591262700742454
0.13565020589298013
0.13538678571100496
0.1351223468350686
0.13485686948089268
0.1345903337194873
0.13432271949134755
0.13405400662174793
0.13378417483718394
0.13351320378301024
0.13324107304231153
0.13296776215605655
0.132693250644575
0.13241751803040686
0.13214054386255408
0.13186230774218122
0.13158278934979986
0.13130196847397052
0.13101982504154872
0.13073633914951208
0.13045149109837761
0.13016526142724266
0.1298776309504465
0.12958858079587088
0.1292980924448747
0.12900614777386024
0.12871272909744538
0.12841781921323175
0.12812140144812872
0.12782345970618844
0.1275239785179064
0.12722294309091467
0.12692033936199565
0.12661615405032603
0.12631037471184753
0.12600298979464983
0.12569398869523163
0.1253833618154984
0.12507110062033544
0.12475719769557408
0.12444164680617423
0.12412444295440073
0.12380558243778116
0.12348506290660638
0.12316288342072536
0.1228390445053572
0.12251354820566329
0.12218639813976472
0.12185759954992707
0.12152715935158338
0.12119508617988936
0.12086139043348203
0.12052608431511341
0.12018918186883318
0.11985069901338993
0.11951065357152459
0.11916906529484574
0.11882595588396813
0.11848134900362584
0.11813527029247789
0.11778774736734612
0.11743880982164323
0.11708848921778073
0.11673681907337423
0.11638383484108751
0.11602957388200057
0.11567407543241606
0.11531738056407073
0.11495953213773835
0.11460057475028124
0.11424055467522219
0.11387951979698441
0.11351751953896103
0.1131546047856559
0.11279082779915
0.11242624213020751
0.11206090252438684
0.11169486482353684
0.11132818586311831
0.11096092336581032
0.11059313583190654
0.11022488242700891
0.10985622286757571
0.10948721730488077
0.10911792620794844
0.10874841024605966
0.10837873017139854
0.10800894670242642
0.10763912040854344
0.10726931159660923
0.10689958019984416
0.10652998566964313
0.10616058687077053
0.10579144198041329
0.10542260839149872
0.10505414262066674
0.10468610022123888
0.10431853570149296
0.10395150244848486
0.10358505265764903
0.10321923726833027
0.10285410590537887
0.10248970682688519
0.10212608687808418
0.10176329145142615
0.1014013644527669
0.1010403482735893
0.1006802837691345
0.10032121024229346
0.09996316543306862
0.09960618551339753
0.09925030508711348
0.09889555719476663
0.09854197332306121
0.098189583418603
0.0978384159056679
0.09748849770769147
0.09713985427216698
0.09679250959863873
0.09644648626948668
0.09610180548319311
0.09575848708978574
0.09541654962817092
0.09507601036505767
0.09473688533521318
0.09439918938277117
0.09406293620334871
0.09372813838673423
0.09339480745991963
0.09306295393026934
0.09273258732863117
0.0924037162522161
0.09207634840706974
0.0917504906500049
0.0914261490298472
0.09110332882787921
0.09078203459738303
0.09046227020218386
0.09014403885411112
0.0898273431493274
0.08951218510345184
0.08919856618544679
0.08888648735022689
0.08857594906997196
0.08826695136412624
0.08795949382807249
0.08765357566049499
0.08734919568941608
0.08704635239694201
0.08674504394272296
0.08644526818615089
0.08614702270732928
0.08585030482683867
0.08555511162433335
0.08526143995600677
0.08496928647096597
0.08467864762654662
0.08438951970262408
0.08410189881494319
0.08381578092753283
0.08353116186422614
0.08324803731934577
0.08296640286758626
0.08268625397314402
0.08240758599813089
0.08213039421031193
0.0818546737902166
0.08158041983764944
0.08130762737764471
0.0810362913659063
0.0807664066937573
0.08049796819264111
0.08023097063820789
0.07996540875400868
0.07970127721483572
0.0794385706497371
0.07917728364472429
0.07891741074520664
0.07865894645817378
0.07840188525415129
0.0781462215689426
0.07789194980518954
0.07763906433376244
0.0773875594949971
0.07713742959980037
0.07688866893063279
0.07664127174239235
0.07639523226319708
0.07615054469509862
0.07590720321471695
0.0756652019738261
0.07542453509988342
0.07518519669652242
0.07494718084401437
0.07471048159969931
0.07447509299840512
0.07424100905284667
0.07400822375402051
0.07377673107159602
0.0735465249543055
0.07331759933033989
0.0730899481077518
0.07286356517486425
0.07263844440069789
0.07241457963540851
0.07219196471074038
0.07197059344049674
0.0717504596210278
0.07153155703174052
0.07131387943562088
0.07109742057978286
0.07088217419603147
0.0706681340014479
0.0704552936989946
0.07024364697813618
0.07003318751548035
0.06982390897543767
0.06961580501089723
0.06940886926391866
0.06920309536643954
0.06899847694099755
0.06879500760146737
0.06859268095380797
0.06839149059682248
0.06819143012293172
0.0679924931189514
0.0677946731668834
0.06759796384471092
0.06740235872720184
0.06720785138671603
0.06701443539401968
0.06682210431909891
0.06663085173197954
0.0664406712035434
0.06625155630635213
0.06606350061546144
0.06587649770924318
0.06569054117019431
0.06550562458575437
0.06532174154910794
0.06513888565998968
0.06495705052547956
0.06477622976079457
0.06459641699006943
0.06441760584713414
0.06423978997627945
0.06406296303301484
0.06388711868481653
0.06371225061186644
0.06353835250777765
0.06336541808031436
0.06319344105209243
0.06302241516127602
0.06285233416225691
0.0626831918263214
0.06251498194230934
0.0623476983172524
0.062181334777004355
0.06201588516685708
0.061851343352141014
0.06168770321881143
0.061524958674023675
0.061363103646689184
0.061202132088023393
0.06104203797207204
0.06088281529623024
0.060724458081739284
0.06056696037417632
0.06041031624392489
0.06025451978663101
0.06009956512364694
0.05994544640245912
0.059792157797100384
0.05963969350855109
0.05948804776512192
0.05933721482282572
0.0591871889657348
0.05903796450632109
0.05888953578578678
0.05874189717437962
0.05859504307169336
0.05844896790695399
0.05830366613929994
0.058159132258037954
0.05801536078289504
0.05787234626425374
0.057730083283376046
0.057588566452615175
0.057447790415611925
0.05730774984748532
0.0571684394550069
0.05702985397676191
0.056891988183307
0.05675483687730667
0.05661839489366666
0.05648265709965216
0.05634761839500002
0.05621327371201399
0.056079618015656356
0.055946646303625724
0.05581435360642882
0.05568273498743879
0.05555178554294682
0.055421500402204116
0.05529187472745555
0.05516290371396588
0.055034582590033146
0.05490690661699939
0.054779871089251204
0.054653471334212465
0.054527702712328714
0.05440256061704695
0.054278040474784316
0.05415413774489507
0.05403084791962686
0.05390816652407018
0.053786089116106696
0.05366461128634436
0.05354372865805161
0.053423436887084834
0.05330373166180911
0.05318460870301507
0.05306606376382772
0.05294809262961543
0.05283069111788882
0.05271385507819733
0.052597580392021545
0.052481862972661324
0.052366698765116175
0.05225208374596846
0.05213801392325691
0.05202448533634632
0.0519114940557996
0.05179903618323806
0.051687107851206615
0.051575705223028304
0.051464824492661765
0.05135446188455281
0.051244613653483234
0.051135276084417404
0.051026445492348034
0.05091811822213456
0.05081029064834756
0.05070295917510048
0.050596120235888956
0.050489770293423206
0.05038390583945724
0.05027852339462112
0.05017361950824889
0.050069190758202466
0.04996523375069938
