0.6087345174058005
0.6807540086438588
0.6576623588178007
0.6348178797808248
0.6131373266375357
0.5933918685030662
0.5761664556873551
0.5617630161808316
0.5501836983417144
0.5411903888103311
0.5344033647155435
0.5293970591259313
0.5257680514436682
0.5231707793560039
0.5213283935511903
0.5200289922118981
0.5191154229170206
0.518473662473655
0.518022230092181
0.5177035117830967
0.5174770668433705
0.5173146524748563
0.5171966134429227
0.5171093036840188
0.5170432645304246
0.5169919468631601
0.5169508192413457
0.5169167475449495
0.5168875644854413
0.5168617713542352
0.5168383316157089
0.5168165281681342
0.5167958646819044
0.5167759974248092
0.5167566881613197
0.5167377716131456
0.5167191329783785
0.516700692397812
0.5166823942191807
0.5166641995750236
0.5166460812492484
0.5166280201247315
0.5166100027233387
0.5165920195009908
0.5165740636647936
0.5165561303513319
0.5165382160549635
0.5165203182293154
0.5165024350088785
0.5164845650139862
0.5164667072137697
0.5164488608294884
0.5164310252660445
0.5164132000632161
0.5163953848607321
0.5163775793730916
0.5163597833712801
0.5163419966693823
0.5163242191146988
0.5163064505803769
0.5162886909598683
0.5162709401627152
0.5162531981113171
0.5162354647384252
0.5162177399851827
0.5162000237995776
0.5161823161352123
0.5161646169503167
0.516146926206952
0.5161292438703647
0.5161115699084579
0.5160939042913585
0.5160762469910609
0.516058597981133
0.5160409572364705
0.5160233247330954
0.5160057004479864
0.5159880843589374
0.5159704764444398
0.5159528766835841
0.5159352850559762
0.5159177015416675
0.5159001261210971
0.5158825587750417
0.5158649994845729
0.5158474482310235
0.5158299049959558
0.5158123697611364
0.5157948425085152
0.5157773232202045
0.5157598118784655
0.515742308465692
0.5157248129643998
0.515707325357215
0.5156898456268658
0.5156723737561734
0.5156549097280447
0.5156374535254669
0.5156200051314994
0.5156025645292707
0.5155851317019712
0.5155677066328506
0.5155502893052126
0.5155328797024104
0.515515477807844
0.5154980836049556
0.5154806970772267
0.5154633182081744
0.5154459469813479
0.5154285833803268
0.5154112273887153
0.5153938789901418
0.5153765381682545
0.5153592049067184
0.5153418791892133
0.5153245609994302
0.5153072503210686
0.5152899471378332
0.5152726514334321
0.5152553631915736
0.5152380823959627
0.515220809030299
0.515203543078274
0.5151862845235677
0.5151690333498469
0.5151517895407611
0.5151345530799409
0.515117323950995
0.5151001021375066
0.5150828876230316
0.5150656803910959
0.515048480425192
0.5150312877087768
0.5150141022252683
0.5149969239580439
0.5149797528904367
0.514962589005733
0.51494543228717
0.5149282827179323
0.5149111402811505
0.5148940049598967
0.5148768767371834
0.5148597555959596
0.5148426415191096
0.5148255344894483
0.5148084344897197
0.5147913415025946
0.514774255510667
0.5147571764964518
0.5147401044423816
0.5147230393308051
0.5147059811439836
0.5146889298640882
0.5146718854731982
0.5146548479532969
0.5146378172862698
0.5146207934539022
0.5146037764378759
0.514586766219767
0.5145697627810427
0.5145527661030594
0.5145357761670593
0.5145187929541686
0.5145018164453938
0.5144848466216201
0.5144678834636083
0.5144509269519918
0.5144339770672748
0.5144170337898292
0.5144000970998919
0.5143831669775624
0.5143662434028002
0.5143493263554222
0.5143324158151001
0.5143155117613575
0.5142986141735678
0.5142817230309519
0.5142648383125746
0.5142479599973422
0.5142310880640016
0.5142142224911358
0.5141973632571617
0.5141805103403283
0.5141636637187142
0.5141468233702244
0.5141299892725875
0.5141131614033546
0.5140963397398952
0.5140795242593958
0.5140627149388575
0.5140459117550922
0.5140291146847213
0.5140123237041734
0.5139955387896804
0.5139787599172772
0.5139619870627968
0.51394522020187
0.5139284593099215
0.5139117043621684
0.5138949553336174
0.5138782121990619
0.5138614749330809
0.513844743510035
0.5138280179040653
0.5138112980890904
0.5137945840388041
0.5137778757266729
0.5137611731259341
0.513744476209593
0.5137277849504208
0.5137110993209522
0.513694419293483
0.5136777448400677
0.5136610759325175
0.513644412542398
0.5136277546410262
0.5136111021994691
0.5135944551885411
0.5135778135788014
0.5135611773405521
0.5135445464438364
0.5135279208584353
0.5135113005538661
0.5134946854993795
0.5134780756639585
0.5134614710163155
0.5134448715248898
0.5134282771578459
0.5134116878830711
0.5133951036681738
0.5133785244804805
0.513361950287034
0.5133453810545918
0.5133288167496235
0.513312257338308
0.5132957027865328
0.5132791530598908
0.5132626081236785
0.5132460679428943
0.5132295324822357
0.5132130017060976
0.513196475578571
0.5131799540634387
0.5131634371241763
0.5131469247239477
0.5131304168256043
0.5131139133916827
0.5130974143844023
0.5130809197656641
0.5130644294970479
0.513047943539811
0.5130314618548859
0.5130149844028781
0.5129985111440647
0.512982042038392
0.512965577045474
0.5129491161245896
0.5129326592346822
0.5129162063343562
0.5128997573818759
0.5128833123351639
0.5128668711517983
0.5128504337890121
0.5128340002036897
0.5128175703523667
0.5128011441912272
0.5127847216761019
0.5127683027624663
0.5127518874054399
0.5127354755597824
0.5127190671798942
0.5127026622198125
0.5126862606332114
0.512669862373399
0.5126534673933151
0.5126370756455312
0.5126206870822476
0.5126043016552919
0.5125879193161167
0.5125715400157993
0.5125551637050383
0.5125387903341537
0.5125224198530831
0.5125060522113825
0.5124896873582221
0.5124733252423866
0.5124569658122727
0.5124406090158875
0.5124242548008467
0.5124079031143733
0.5123915539032966
0.5123752071140488
0.512358862692665
0.5123425205847812
0.5123261807356325
0.5123098430900516
0.5122935075924671
0.5122771741869023
0.5122608428169736
0.5122445134258885
0.5122281859564446
0.5122118603510275
0.5121955365516103
0.5121792144997507
0.5121628941365906
0.5121465754028539
0.512130258238846
0.5121139425844506
0.5120976283791301
0.512081315561923
0.5120650040714427
0.5120486938458764
0.5120323848229825
0.512016076940091
0.5119997701341005
0.5119834643414772
0.5119671594982542
0.5119508555400288
0.5119345524019625
0.511918250018778
0.5119019483247598
0.5118856472537506
0.5118693467391517
0.5118530467139211
0.5118367471105711
0.5118204478611686
0.5118041488973329
0.5117878501502342
0.5117715515505923
0.5117552530286759
0.5117389545143005
0.5117226559368268
0.511706357225161
0.5116900583077518
0.5116737591125896
0.5116574595672057
0.5116411595986701
0.5116248591335908
0.5116085580981127
0.5115922564179157
0.5115759540182139
0.5115596508237539
0.5115433467588135
0.5115270417472012
0.5115107357122546
0.5114944285768379
0.5114781202633425
0.5114618106936849
0.511445499789305
0.5114291874711656
0.5114128736597507
0.5113965582750648
0.5113802412366306
0.5113639224634892
0.5113476018741974
0.5113312793868274
0.511314954918966
0.511298628387711
0.5112822997096738
0.5112659688009746
0.5112496355772431
0.5112332999536168
0.5112169618447395
0.5112006211647612
0.511184277827335
0.5111679317456177
0.5111515828322678
0.511135230999444
0.5111188761588047
0.5111025182215061
0.5110861570982017
0.5110697926990405
0.5110534249336657
0.5110370537112143
0.5110206789403159
0.5110043005290895
0.5109879183851456
0.5109715324155817
0.5109551425269837
0.510938748625423
0.5109223506164561
0.5109059484051236
0.5108895418959479
0.5108731309929334
0.5108567155995641
0.5108402956188034
0.510823870953092
0.5108074415043473
0.5107910071739621
0.5107745678628031
0.5107581234712101
0.5107416738989946
0.5107252190454381
0.5107087588092922
0.510692293088776
0.5106758217815753
0.5106593447848421
0.5106428619951922
0.510626373308705
0.5106098786209218
0.5105933778268442
0.5105768708209342
0.5105603574971109
0.5105438377487517
0.5105273114686888
0.5105107785492091
0.5104942388820537
0.5104776923584143
0.5104611388689347
0.510444578303708
0.5104280105522748
0.5104114355036238
0.5103948530461888
0.5103782630678484
0.5103616654559242
0.51034506009718
0.5103284468778202
0.5103118256834884
0.5102951963992668
0.5102785589096737
0.5102619130986633
0.5102452588496242
0.5102285960453776
0.5102119245681758
0.5101952442997022
0.5101785551210687
0.5101618569128149
0.5101451495549063
0.5101284329267337
0.5101117069071113
0.5100949713742753
0.5100782262058832
0.5100614712790115
0.510044706470155
0.5100279316552251
0.5100111467095487
0.5099943515078664
0.5099775459243314
0.509960729832508
0.5099439031053704
0.5099270656153005
0.5099102172340879
0.509893357832927
0.509876487282416
0.5098596054525562
0.5098427122127496
0.509825807431798
0.5098088909779007
0.5097919627186546
0.5097750225210511
0.509758070251475
0.509741105775704
0.5097241289589058
0.5097071396656376
0.5096901377598437
0.5096731231048548
0.5096560955633858
0.5096390549975349
0.5096220012687809
0.5096049342379833
0.509587853765379
0.5095707597105821
0.5095536519325812
0.5095365302897384
0.5095193946397877
0.5095022448398331
0.5094850807463469
0.5094679022151685
0.5094507091015021
0.5094335012599162
0.5094162785443397
0.5093990408080631
0.5093817879037342
0.509364519683358
0.5093472359982945
0.5093299366992567
0.5093126216363094
0.5092952906588666
0.5092779436156908
0.5092605803548905
0.5092432007239189
0.5092258045695712
0.5092083917379839
0.5091909620746323
0.5091735154243289
0.5091560516312214
0.5091385705387914
0.5091210719898515
0.5091035558265442
0.5090860218903402
0.5090684700220358
0.5090509000617514
0.5090333118489294
0.5090157052223323
0.5089980800200414
0.5089804360794534
0.5089627732372801
0.5089450913295451
0.5089273901915825
0.5089096696580345
0.50889192956285
0.508874169739282
0.5088563900198856
0.508838590236516
0.5088207702203267
0.5088029298017673
0.5087850688105814
0.5087671870758035
0.508749284425759
0.5087313606880606
0.5087134156896055
0.5086954492565757
0.5086774612144329
0.5086594513879187
0.5086414196010508
0.5086233656771217
0.5086052894386965
0.5085871907076096
0.5085690693049638
0.5085509250511275
0.508532757765732
0.5085145672676699
0.5084963533750921
0.5084781159054067
0.5084598546752751
0.5084415695006106
0.508423260196576
0.508404926577581
0.5083865684572797
0.5083681856485691
0.5083497779635853
0.5083313452137025
0.5083128872095289
0.508294403760906
0.508275894676905
0.5082573597658251
0.50823879883519
0.5082202116917462
0.5082015981414605
0.5081829579895171
0.5081642910403149
0.5081455970974658
0.5081268759637909
0.5081081274413193
0.5080893513312842
0.5080705474341211
0.5080517155494649
0.5080328554761475
0.5080139670121946
0.5079950499548234
0.5079761041004403
0.5079571292446371
0.50793812518219
0.5079190917070546
0.5079000286123658
0.5078809356904322
0.5078618127327362
0.5078426595299288
0.5078234758718285
0.5078042615474172
0.5077850163448385
0.5077657400513944
0.5077464324535419
0.507727093336891
0.507707722486202
0.5076883196853808
0.5076688847174786
0.5076494173646868
0.5076299174083355
0.5076103846288894
0.507590818805946
0.5075712197182316
0.5075515871435992
0.5075319208590247
0.5075122206406044
0.5074924862635519
0.507472717502195
0.5074529141299722
0.5074330759194307
0.5074132026422222
0.5073932940691006
0.5073733499699185
0.5073533701136238
0.5073333542682575
0.5073133022009496
0.5072932136779161
0.5072730884644568
0.5072529263249504
0.5072327270228532
0.5072124903206937
0.5071922159800719
0.507171903761654
0.50715155342517
0.5071311647294103
0.5071107374322228
0.5070902712905088
0.5070697660602204
0.5070492214963569
0.5070286373529616
0.5070080133831181
0.5069873493389474
0.5069666449716045
0.5069459000312743
0.5069251142671694
0.5069042874275254
0.5068834192595992
0.506862509509663
0.5068415579230037
0.5068205642439173
0.5067995282157067
0.5067784495806775
0.506757328080135
0.5067361634543802
0.5067149554427066
0.5066937037833968
0.5066724082137187
0.5066510684699224
0.5066296842872355
0.506608255399861
0.5065867815409726
0.5065652624427119
0.5065436978361846
0.5065220874514561
0.5065004310175486
0.506478728262438
0.5064569789130491
0.5064351826952525
0.506413339333861
0.5063914485526256
0.5063695100742325
0.5063475236202981
0.5063254889113672
0.5063034056669075
0.5062812736053065
0.5062590924438678
0.5062368618988082
0.5062145816852525
0.50619225151723
0.5061698711076716
0.5061474401684057
0.5061249584101536
0.5061024255425267
0.5060798412740222
0.5060572053120195
0.5060345173627758
0.5060117771314234
0.5059889843219645
0.5059661386372685
0.5059432397790673
0.505920287447952
0.5058972813433688
0.5058742211636149
0.5058511066058351
0.5058279373660173
0.5058047131389891
0.5057814336184141
0.5057580984967865
0.5057347074654298
0.5057112602144899
0.5056877564329333
0.5056641958085423
0.5056405780279111
0.5056169027764419
0.505593169738341
0.5055693785966152
0.5055455290330668
0.5055216207282904
0.505497653361669
0.5054736266113692
0.5054495401543383
0.5054253936662995
0.5054011868217483
0.5053769192939478
0.505352590754926
0.5053282008754705
0.505303749325125
0.5052792357721853
0.5052546598836951
0.5052300213254427
0.5052053197619555
0.5051805548564968
0.5051557262710628
0.505130833666376
0.505105876701884
0.5050808550357535
0.5050557683248665
0.5050306162248175
0.5050053983899077
0.5049801144731422
0.5049547641262253
0.5049293469995569
0.5049038627422282
0.5048783110020171
0.5048526914253856
0.5048270036574736
0.5048012473420971
0.5047754221217425
0.5047495276375633
0.5047235635293759
0.504697529435655
0.5046714249935308
0.5046452498387833
0.5046190036058396
0.5045926859277692
0.5045662964362799
0.5045398347617144
0.5045133005330451
0.504486693377871
0.5044600129224133
0.5044332587915115
0.5044064306086189
0.5043795279957994
0.5043525505737226
0.5043254979616604
0.5042983697774821
0.5042711656376517
0.5042438851572228
0.504216527949835
0.5041890936277091
0.504161581801645
0.5041339920810157
0.5041063240737644
0.5040785773863998
0.5040507516239927
0.5040228463901721
0.5039948612871203
0.50396679591557
0.5039386498747999
0.5039104227626302
0.5038821141754201
0.5038537237080618
0.5038252509539788
0.5037966955051197
0.5037680569519567
0.5037393348834792
0.503710528887192
0.50368163854911
0.5036526634537549
0.5036236031841517
0.5035944573218236
0.5035652254467893
0.5035359071375589
0.5035065019711296
0.5034770095229824
0.5034474293670779
0.5034177610758526
0.5033880042202153
0.5033581583695432
0.5033282230916778
0.5032981979529215
0.503268082518034
0.5032378763502279
0.5032075790111653
0.5031771900609548
0.5031467090581464
0.5031161355597291
0.5030854691211262
0.5030547092961922
0.5030238556372093
0.5029929076948837
0.5029618650183408
0.5029307271551233
0.502899493651187
0.5028681640508963
0.5028367378970221
0.5028052147307374
0.5027735940916136
0.5027418755176176
0.5027100585451078
0.5026781427088309
0.5026461275419181
0.502614012575882
0.5025817973406131
0.502549481364376
0.5025170641738061
0.5024845452939072
0.5024519242480463
0.5024192005579518
0.5023863737437092
0.5023534433237585
0.5023204088148906
0.5022872697322434
0.5022540255892997
0.502220675897883
0.502187220168155
0.5021536579086113
0.5021199886260796
0.5020862118257158
0.502052327011
0.5020183336837354
0.5019842313440432
0.5019500194903609
0.5019156976194381
0.5018812652263342
0.5018467218044156
0.5018120668453515
0.5017772998391121
0.5017424202739654
0.5017074276364736
0.5016723214114908
0.5016371010821595
0.5016017661299088
0.5015663160344503
0.5015307502737766
0.5014950683241561
0.5014592696601335
0.5014233537545243
0.5013873200784132
0.5013511681011515
0.5013148972903541
0.501278507111896
0.5012419970299119
0.5012053665067908
0.5011686150031756
0.5011317419779588
0.5010947468882814
0.5010576291895293
0.5010203883353318
0.5009830237775573
0.5009455349663129
0.5009079213499407
0.5008701823750158
0.5008323174863436
0.500794326126958
0.5007562077381181
0.5007179617593067
0.5006795876282278
0.500641084780804
0.5006024526511745
0.5005636906716929
0.5005247982729246
0.5004857748836454
0.5004466199308383
0.5004073328396922
0.5003679130335993
0.5003283599341534
0.5002886729611473
0.5002488515325714
0.5002088950646107
0.5001688029716443
0.5001285746662419
0.500088209559163
0.5000477070593539
0.5000070665739466
0.499966287508257
0.49992536926578257
0.4998843112482005
0.4998431128553662
0.49980177348531163
0.4997602925342429
0.4997186693965391
0.4996769034647507
0.49963499412959744
0.4995929407799665
0.4995507428029116
0.4995083995836508
0.499465910505565
0.49942327495019645
0.49938049229724724
0.4993375619245778
0.4992944832082049
0.4992512555223009
0.4992078782391918
0.49916435072935655
0.4991206723614241
0.4990768425021731
0.4990328605165312
0.498988725767572
0.4989444376165149
0.49889999542272384
0.49885539854370453
0.4988106463351058
0.4987657381507157
0.498720673342462
0.49867545126041013
0.4986300712527625
0.4985845326658568
0.4985388348441653
0.49849297713029395
0.49844695886498014
0.49840077938709315
0.49835443803363194
0.49830793413972413
0.4982612670386259
0.49821443606172
0.49816744053851536
0.4981202797966453
0.49807295316186817
0.49802545995806413
0.4979777995072361
0.49792997112950843
0.49788197414312535
0.4978338078644505
0.4977854716079665
0.49773696468627304
0.4976882864100871
0.4976394360882415
0.49759041302768453
0.49754121653347855
0.49749184590880013
0.49744230045493804
0.4973925794712936
0.4973426822553795
0.49729260810281906
0.49724235630734537
0.4971919261608012
0.4971413169531375
0.49709052797241343
0.49703955850479487
0.4969884078345548
0.4969370752440716
0.4968855600138294
0.4968338614224168
0.49678197874652613
0.49672991126095384
0.49667765823859844
0.496625218950461
0.4965725926656444
0.49651977865135255
0.4964667761728895
0.4964135844936598
0.49636020287516686
0.4963066305770134
0.4962528668569004
0.4961989109706265
0.4961447621720875
0.4960904197132762
0.49603588284428185
0.49598115081328875
0.495926222866577
0.4958710982485214
0.49581577620159056
0.49576025596634765
0.4957045367814481
0.49564861788364095
0.4955924985077673
0.49553617788676
0.4954796552516435
0.4954229298315329
0.495366000853634
0.4953088675432423
0.4952515291237433
0.49519398481661114
0.49513623384140865
0.49507827541578725
0.49502010875548563
0.49496173307433
0.4949031475842333
0.49484435149519485
0.49478534401530044
0.4947261243507205
0.4946666917057113
0.49460704528261346
0.49454718428185196
0.49448710790193534
0.4944268153394558
0.49436630578908836
0.49430557844359047
0.4942446324938019
0.49418346712864364
0.4941220815351187
0.4940604748983099
0.49399864640138164
0.4939365952255772
0.4938743205502206
0.49381182155271425
0.49374909740853945
0.49368614729125615
0.49362297037250225
0.4935595658219931
0.4934959328075216
0.49343207049495685
0.4933679780482454
0.49330365462940895
0.4932390993985457
0.4931743115138285
0.49310929013150584
0.4930440344059008
0.4929785434894101
0.49291281653250557
0.4928468526837322
0.49278065108970803
0.4927142108951249
0.49264753124274707
0.49258061127341135
0.492513450126027
0.49244604693757477
0.49237840084310824
0.4923105109757517
0.4922423764667009
0.4921739964452231
0.49210537003865623
0.49203649637240954
0.49196737456996276
0.49189800375286596
0.4918283830407404
0.4917585115512774
0.49168838840023876
0.4916180127014568
0.49154738356683425
0.4914765001063442
0.4914053614280307
0.4913339666380082
0.49126231484046173
0.4911904051376477
0.49111823662989323
0.4910458084155975
0.4909731195912309
0.49090016925133584
0.4908269564885274
0.49075348039349315
0.49067974005499404
0.4906057345598647
0.49053146299301387
0.4904569244374256
0.49038211797415926
0.49030704268235026
0.4902316976392107
0.4901560819200317
0.4900801945981816
0.49000403474510945
0.48992760143034453
0.48985089372149787
0.4897739106842634
0.4896966513824191
0.4896191148778284
0.48954130023044157
0.489463206498297
0.489384832737523
0.48930617800233905
0.489227241345058
0.48914802181608746
0.48906851846393185
0.48898873033519435
0.4889086564745796
0.48882829592489396
0.4887476477270509
0.48866671092007063
0.488585484541084
0.4885039676253349
0.48842215920618265
0.4883400583151056
0.48825766398170345
0.48817497523370085
0.4880919910969504
0.4880087105954359
0.4879251327512766
0.48784125658473004
0.48775708111419647
0.48767260535622226
0.4875878283255048
0.4875027490348961
0.4874173664954078
0.4873316797162153
0.4872456877046625
0.4871593894662679
0.48707278400472825
0.4869858703219244
0.48689864741792727
0.4868111142910031
0.4867232699376198
0.486635113352452
0.4865466435283887
0.4864578594565389
0.4863687601262389
0.48627934452505855
0.4861896116388088
0.4860995604515498
0.48600918994559694
0.48591849910153023
0.4858274868982016
0.4857361523127437
0.48564449432057777
0.4855525118954234
0.48546020400930745
0.4853675696325729
0.485274607733889
0.48518131728026115
0.48508769723704104
0.4849937465679376
0.48489946423502683
0.484804849198764
0.4847099004179945
0.4846146168499654
0.4845189974503383
0.4844230411732005
0.48432674697107875
0.48423011379495207
0.4841331405942646
0.48403582631693953
0.48393816990939353
0.483840170316551
0.4837418264818586
0.48364313734730024
0.4835441018534136
0.4834447189393045
0.48334498754266497
0.483244906599788
0.4831444750455863
0.48304369181360873
0.4829425558360587
0.48284106604381216
0.4827392213664365
0.48263702073220965
0.48253446306813963
0.48243154729998483
0.482328272352274
0.4822246371483277
0.4821206406102793
0.48201628165909693
0.48191155921460604
0.4818064721955118
0.48170101951942285
0.4815952001028746
0.48148901286135365
0.481382456709323
0.48127553056024663
0.48116823332661596
0.4810605639199756
0.48095252125095056
0.4808441042292737
0.4807353117638133
0.48062614276260174
0.4805165961328648
0.48040667078105065
0.48029636561286093
0.48018567953327995
0.48007461144660796
0.4799631602564913
0.47985132486595583
0.47973910417744003
0.4796264970928283
0.4795135025134851
0.4794001193402909
0.4792863464736761
0.4791721828136586
0.4790576272598802
0.4789426787116437
0.4788273360679509
0.47871159822754217
0.47859546408893455
0.4784789325504635
0.4783620025103218
0.4782446728666024
0.4781269425173394
0.4780088103605517
0.47789027529428557
0.47777133621666
0.47765199202591035
0.4775322416204347
0.477412083898839
0.4772915177599859
0.4771705421030411
0.47704915582752183
0.4769273578333465
0.4768051470208844
0.47668252229100655
0.4765594825451367
0.47643602668530377
0.47631215361419466
0.476187862235208
0.4760631514525083
0.4759380201710818
0.47581246729679166
0.47568649173643507
0.47556009239780095
0.4754332681897281
0.4753060180221642
0.4751783408062258
0.475050235454259
0.474921700879901
0.47479273599814237
0.4746633397253903
0.474533510979532
0.47440324868
0.4742725517478375
0.47414141910576424
0.4740098496782446
0.4738778423915547
0.4737453961738521
0.4736125099552442
0.47347918266785993
0.47334541324592044
0.473211200625811
0.4730765437461548
0.47294144154788575
0.4728058929743236
0.4726698969712494
0.4725334524869819
0.47239655847245404
0.47225921388129166
0.4721214176698916
0.4719831687975022
0.4718444662263027
0.47170530892148566
0.47156569585133795
0.4714256259873243
0.4712850983041715
0.47114411177995175
0.47100266539616975
0.4708607581378479
0.47071838899361296
0.4705755569557858
0.47043226102046803
0.4702885001876327
0.4701442734612148
0.4699995798492021
0.46985441836372693
0.46970878802115945
0.46956268784220084
0.4694161168519779
0.4692690740801383
0.4691215585609467
0.46897356933338097
0.4688251054412302
0.46867616593319295
0.4685267498629762
0.4683768562893952
0.46822648427647434
0.46807563289354814
0.4679243012153636
0.4677724883221828
0.46762019329988697
0.46746741524007995
0.46731415324019393
0.46716040640359496
0.4670061738396889
0.4668514546640296
0.46669624799842513
0.46654055297104763
0.46638436871654165
0.4662276943761345
0.46607052909774566
0.4659128720360991
0.4657547223528336
0.4655960792166165
0.4654369418032555
0.46527730929581207
0.46511718088471626
0.4649565557678811
0.4647954331508171
0.4646338122467485
0.4644716922767298
0.4643090724697617
0.46414595206290915
0.4639823303014186
0.46381820643883626
0.46365357973712684
0.46348844946679246
0.4633228149069932
0.46315667534566524
0.4629900300796429
0.462822878414778
0.46265521966606266
0.4624870531577483
0.46231837822347044
0.462149194206368
0.46197950045920727
0.4618092963445042
0.4616385812346471
0.4614673545120203
0.461295615569127
0.4611233638087134
0.46095059864389165
0.4607773194982647
0.4606035258060499
0.4604292170122034
0.4602543925725442
0.46007905195387844
0.45990319463412505
0.45972682010243804
0.45954992785933324
0.4593725174168114
0.459194588298483
0.45901614003969304
0.4588371721876451
0.45865768430152515
0.45847767595262645
0.4582971467244732
0.45811609621294436
0.45793452402639695
0.45775242978579017
0.4575698131248079
0.4573866736899816
0.45720301114081374
0.45701882514989867
0.4568341154030461
0.45664888159940076
0.456463123451566
0.45627684068572194
0.4560900330417477
0.4559027002733402
0.4557148421481334
0.4555264584478176
0.45533754896825707
0.4551481135196079
0.4549581519264349
0.4547676640278279
0.45457664967751743
0.45438510874398924
0.4541930411105993
0.4540004466756863
0.45380732535268453
0.45361367707023637
0.4534195017723021
0.4532247994182706
0.45302956998306826
0.45283381345726786
0.45263752984719396
0.45244071917503115
0.452243381478928
0.4520455168131015
0.45184712524794
0.4516482068701047
0.4514487617826314
0.451248790105028
0.4510482919733754
0.450847267540422
0.45064571697568095
0.4504436404655243
0.4502410382132751
0.4500379104393008
0.44983425738110144
0.44963007929340054
0.4494253764482306
0.44922014913502006
0.44901439766067675
0.44880812234967177
0.4486013235441193
0.44839400160385673
0.44818615690652286
0.44797778984763265
0.44776890084065313
0.44755949031707487
0.44734955872648385
0.44713910653662936
0.44692813423349187
0.4467166423213481
0.446504631322835
0.4462921017790095
0.4460790542494099
0.44586548931211234
0.4456514075637862
0.4454368096197475
0.4452216961140106
0.44500606769933704
0.4447899250472825
0.44457326884824155
0.4443560998114905
0.44413841866522774
0.443920226156612
0.4437015230517978
0.4434823101359691
0.4432625882133713
0.4430423581073384
0.44282162066032105
0.44260037673391006
0.4423786272088572
0.4421563729850957
0.4419336149817552
0.4417103541371773
0.44148659140892665
0.4412623277737993
0.44103756422783
0.44081230178629516
0.44058654148371457
0.44036028437384944
0.44013353152969903
0.4399062840434926
0.43967854302668025
0.43945030960992154
0.4392215849430684
0.4389923701951491
0.4387626665543465
0.4385324752279754
0.43830179744245445
0.43807063444327976
0.43783898749499023
0.4376068578811342
0.4373742469042309
0.43714115588572994
0.43690758616596803
0.4366735391041221
0.43643901607815916
0.4362040184847851
0.4359685477393879
0.4357326052759805
0.43549619254713823
0.4352593110239348
0.43502196219587463
0.4347841475708237
0.4345458686749336
0.4343071270525671
0.43406792426621765
0.4338282618964272
0.43358814154169967
0.4333475648184133
0.43310653336072824
0.4328650488204918
0.43262311286714034
0.4323807271875988
0.4321378934861761
0.4318946134844584
0.43165088892119846
0.4314067215522035
0.4311621131502168
0.4309170655048007
0.4306715804222123
0.43042565972527935
0.43017930525327036
0.4299325188617645
0.4296853024225155
0.42943765782331533
0.42918958696785225
0.4289410917755683
0.42869217418151195
0.4284428361361883
0.42819307960540715
0.42794290657012624
0.4276923190262937
0.42744131898468607
0.42718990847074334
0.42693808952440254
0.42668586419992666
0.42643323456573146
0.42618020270421
0.42592677071155277
0.42567294069756656
0.4254187147854903
0.42516409511180603
0.42490908382605075
0.4246536830906214
0.4243978950805811
0.42414172198345934
0.42388516599905135
0.4236282293392146
0.42337091422766154
0.4231132228997514
0.4228551576022779
0.4225967205932553
0.4223379141417012
0.4220787405274178
0.4218192020407692
0.4215593009824581
0.42129903966329807
0.4210384204039843
0.4207774455348636
0.42051611739569855
0.42025443833543175
0.41999241071194837
0.4197300368918332
0.4194673192501299
0.41920426017009427
0.4189408620429465
0.41867712726762296
0.4184130582505234
0.4181486574052576
0.4178839271523894
0.4176188699191793
0.4173534881393237
0.41708778425269405
0.4168217607050734
0.41655541994788997
0.41628876443795093
0.41602179663717215
0.41575451901230853
0.4154869340346804
0.4152190441799002
0.4149508519275958
0.4146823597611333
0.41441357016733865
0.4141444856362157
0.41387510866066535
0.41360544173620156
0.41333548736066594
0.41306524803394296
0.4127947262576701
0.4125239245349513
0.4122528453700644
0.4119814912681721
0.4117098647350273
0.41143796827668094
0.41116580439918676
0.41089337560830413
0.4106206844092036
0.410347733306167
0.41007452480228945
0.4098010613991799
0.40952734559665993
0.4092533798924628
0.4089791667819316
0.4087047087577148
0.4084300083094653
0.4081550679235335
0.407879890082664
0.40760447726568966
0.40732883194722563
0.40705295659736246
0.4067768536813599
0.40650052565933825
0.40622397498597207
0.4059472041101804
0.40567021547481963
0.4053930115163733
0.4051155946646443
0.40483796734244504
0.4045601319652878
0.4042820909410758
0.40400384666979305
0.4037254015431942
0.4034467579444958
0.4031679182480658
0.4028888848191139
0.4026096600133816
0.40233024617683355
0.40205064564534687
0.4017708607444028
0.4014908937887771
0.40121074708223137
0.4009304229172045
0.4006499235745044
0.4003692513229994
0.4000884084193118
0.3998073971075091
0.3995262196187988
0.3992448781712205
0.39896337496934053
0.39868171220394705
0.398399892051744
0.3981179166750476
0.39783578822148224
0.39755350882367646
0.3972710805989619
0.3969885056490699
0.3967057860598306
0.3964229239008727
0.39613992122532293
0.39585678006950714
0.39557350245265166
0.39529009037658636
0.39500654582544636
0.39472287076537715
0.39443906714423876
0.39415513689131154
0.3938710819170025
0.3935869041125526
0.3933026053497454
0.3930181874806152
0.39273365233715785
0.39244900173104225
0.3921642374533205
0.3918793612741429
0.3915943749424703
0.39130928018578937
0.39102407870982897
0.3907387721982765
0.3904533623124959
0.39016785069124627
0.38988223895040275
0.38959652868267597
0.38931072145733603
0.38902481881993367
0.3887388222920255
0.3884527333708996
0.38816655352930063
0.3878802842151582
0.38759392685131433
0.3873074828352543
0.38702095353883614
0.38673434030802306
0.3864476444626157
0.3861608672959865
0.38587401007481414
0.3855870740388197
0.385300060400505
0.3850129703448888
0.38472580502924736
0.3844385655828552
0.38415125310672527
0.3838638686733527
0.3835764133264578
0.3832888880807308
0.38300129392157817
0.382713631804868
0.3824259026566802
0.38213810737305254
0.3818502468197332
0.38156232183192995
0.38127433321406284
0.38098628173951743
0.3806981681503982
0.3804099931572839
0.3801217574389836
0.3798334616422933
0.3795451063817543
0.37925669223941183
0.3789682197645753
0.3786796894735779
0.3783911018495401
0.37810245734213077
0.37781375636733144
0.3775249993072006
0.3772361865096391
0.376947318288156
0.3766583949216358
0.37636941665410656
0.37608038369450836
0.3757912962164626
0.3755021543580435
0.3752129582215476
0.37492370787326673
0.3746344033432606
0.37434504462513024
0.3740556316757923
0.37376616441525345
0.3734766427263873
0.3731870664547091
0.3728974354081548
0.3726077493568568
0.3723180080329245
0.3720282111302214
0.37173835830414675
0.37144844917141406
0.3711584833098348
0.37086846025809694
0.37057837951554995
0.37028824054198617
0.36999804275742487
0.3697077855418963
0.36941746823522603
0.3691270901368214
0.3688366505054549
0.36854614855905354
0.3682555834744837
0.3679649543873392
0.36767426039172874
0.36738350054006597
0.36709267384285665
0.36680177926848967
0.36651081574302635
0.3662197821499913
0.36592867733016393
0.36563750008136964
0.3653462491582721
0.36505492327216615
0.3647635210907711
0.3644720412380243
0.36418048229387556
0.36388884279408235
0.3635971212300044
0.36330531604840055
0.36301342565122474
0.36272144839542386
0.36242938259273405
0.36213722650948055
0.36184497836637597
0.3615526363383195
0.36126019855419783
0.36096766309668543
0.36067502800204687
0.360382291259938
0.36008945081321003
0.3597965045577126
0.35950345034209885
0.35921028596763016
0.3589170091879834
0.35862361770905665
0.35833010918877817
0.3580364812369152
0.3577427314148835
0.3574488572355587
0.35715485616308795
0.35686072561270327
0.3565664629505356
0.3562720654934306
0.3559775305087644
0.35568285521426346
0.35538803677782116
0.35509307231732135
0.3547979589004585
0.3545026935445629
0.3542072732164248
0.3539116948321216
0.35361595525684764
0.3533200513047439
0.35302397973872934
0.3527277372703379
0.3524313205595516
0.35213472621464215
0.35183795079200914
0.3515409907960244
0.3512438426788771
0.3509465028404209
0.35064896762802467
0.35035123333642604
0.3500532962075866
0.3497551524305507
0.3494567981413068
0.3491582294226529
0.3488594423040637
0.3485604327615621
0.3482611967175947
0.3479617300409091
0.34766202854643596
0.3473620879951759
0.3470619040940881
0.34676147249598444
0.3464607887994287
0.3461598485486379
0.34585864723339005
0.34555718028893617
0.3452554430959164
0.3449534309802825
0.34465113921322416
0.3443485630111017
0.3440456975353835
0.34374253789258996
0.34343907913424276
0.3431353162568196
0.34283124420171807
0.342526857855221
0.3422221520484729
0.34191712155746246
0.3416117611030087
0.3413060653507596
0.3410000289111935
0.3406936463396315
0.3403869121362555
0.3400798207461359
0.33977236655926685
0.33946454391060954
0.33915634708014647
0.3388477702929412
0.33853880771921074
0.3382294534744063
0.33791970161930207
0.3376095461600971
0.33729898104852457
0.33698800018197417
0.33667659740362227
0.33636476650257574
0.3360525012140259
0.3357397952194143
0.33542664214660955
0.33511303557009786
0.33479896901118356
0.33448443593820537
0.33416942976676245
0.33385394385995626
0.33353797152864384
0.3332215060317064
0.3329045405763311
0.33258706831830753
0.33226908236233926
0.33195057576236897
0.33163154152192004
0.331311972594454
0.33099186188374247
0.33067120224425595
0.3303499864815692
0.33002820735278304
0.32970585756696336
0.32938292978559736
0.32905941662306754
0.3287353106471427
0.328410604379489
0.32808529029619826
0.3277593608283339
0.3274328083624996
0.32710562524142317
0.3267778037645622
0.326449336188731
0.3261202147287442
0.3257904315580841
0.32545997880958755
0.3251288485761529
0.32479703291147116
0.32446452383077495
0.32413131331161327
0.32379739329464485
0.3234627556844563
0.3231273923504024
0.3227912951274676
0.32245445581715304
0.32211686618838614
0.321778517978452
0.3214394028939509
0.3210995126117788
0.32075883878013167
0.32041737301953466
0.32007510692389585
0.3197320320615845
0.31938813997653387
0.31904342218937
0.3186978701985641
0.31835147548161236
0.31800422949623974
0.31765612368162854
0.317307149459675
0.3169572982362696
0.3166065614026042
0.3162549303365039
0.31590239640378676
0.31554895095964736
0.31519458535006734
0.3148392909132525
0.31448305898109435
0.31412588088065907
0.3137677479357007
0.3134086514682036
0.31304858279994563
0.3126875332540907
0.3123254941568072
0.31196245683890916
0.3115984126375247
0.31123335289778975
0.310867268974566
0.3105001522341837
0.3101319940562104
0.30976278583524247
0.3093925189827216
0.3090211849287752
0.3086487751240809
0.30827528104175295
0.30790069417925375
0.30752500606032596
0.30714820823694905
0.30677029229131536
0.30639124983783117
0.30601107252513493
0.3056297520381399
0.3052472801000946
0.30486364847466463
0.30447884896803284
0.304092873431019
0.30370571376121713
0.30331736190515246
0.302927809860453
0.30253704967803874
0.3021450734643289
0.3017518733834614
0.30135744165952927
0.30096177057883083
0.3005648524921325
0.30016667981694634
0.299767245039817
0.29936654071862284
0.2989645594848853
0.29856129404608966
0.29815673718801516
0.2977508817770723
0.2973437207626482
0.29693524717945874
0.2965254541499075
0.29611433488644834
0.29570188269395264
0.295288090972081
0.29487295321765644
0.29445646302703893
0.2940386140985017
0.29361940023460736
0.29319881534458186
0.29277685344668714
0.29235350867059173
0.2919287752597359
0.2915026475736926
0.29107512009052455
0.2906461874091309
0.29021584425158986
0.28978408546549106
0.28935090602625774
0.2889163010394606
0.28848026574311814
0.28804279550998513
0.2876038858498278
0.2871635324116856
0.28672173098611536
0.2862784775074215
0.2858337680558673
0.28538759885986864
0.2849399662981684
0.2844908669019918
0.2840402973571777
0.28358825450629077
0.2831347353507099
0.2826797370526924
0.2822232569374126
0.2817652924949765
0.28130584138240766
0.28084490142560825
0.2803824706212879
0.2799185471388672
0.2794531293223482
0.2789862156921551
0.2785178049469418
0.2780478959653689
0.277576487807845
0.2771035797182343
0.2766291711255297
0.27615326164548865
0.27567585108223297
0.27519693942981194
0.27471652687372483
0.27423461379240704
0.2737512007586746
0.27326628854112917
0.27277987810552196
0.2722919706160751
0.27180256743676146
0.2713116701325408
0.2708192804705518
0.2703254004212619
0.2698300321595687
0.2693331780658584
0.2688348407270181
0.2683350229373999
0.2678337276997393
0.2673309582260251
0.2668267179383213
0.26632101046954004
0.2658138396641665
0.265305209578932
0.2647951244834402
0.26428358886073866
0.2637706074078437
0.26325618503621084
0.2627403268721556
0.26222303825722054
0.26170432474849176
0.2611841921188609
0.26066264635723524
0.260139693668694
0.2596153404745912
0.25908959341260474
0.2585624593367306
0.2580339453172238
0.2575040586404835
0.25697280680888474
0.25644019754055264
0.25590623876908536
0.25537093864321775
0.25483430552643144
0.2542963479965088
0.25375707484503235
0.2532164950768253
0.2526746179093404
0.2521314527719886
0.251587009305414
0.2510412973607124
0.2504943269985931
0.24994610848848545
0.24939665230758765
0.24884596913986157
0.2482940698749696
0.24774096560715678
0.24718666763407598
0.24663118745555818
0.24607453677232605
0.2455167274846533
0.24495777169096644
0.24439768168639375
0.2438364699612567
0.24327414919950852
0.24271073227711668
0.24214623226039172
0.24158066240426107
0.24101403615048983
0.2404463671258477
0.23987766914022188
0.23930795618467798
0.23873724242946795
0.23816554222198558
0.23759287008467006
0.2370192407128599
0.236444668972592
0.23586916989835466
0.23529275869078856
0.23471545071433692
0.23413726149484962
0.23355820671713667
0.23297830222247534
0.2323975640060687
0.23181600821445858
0.2312336511428933
0.2306505092326476
0.23006659906830126
0.22948193737497172
0.22889654101550422
0.22831042698762005
0.22772361242102301
0.22713611457446495
0.22654795083277213
0.22595913870383247
0.2253696958155433
0.2247796399127252
0.22418898885399624
0.223597760608613
0.22300597325327615
0.22241364496890506
0.22182079403737634
0.22122743883823584
0.22063359784537553
0.2200392896236868
0.21944453282568152
0.21884934618808805
0.21825374852842244
0.21765775874153406
0.21706139579612854
0.21646467873126846
0.2158676266528538
0.21527025873008232
0.2146725941918923
0.21407465232338774
0.21347645246224822
0.212878013995125
0.21227935635402248
0.2116804990126696
0.21108146148288084
0.21048226331090703
0.2098829240737789
0.20928346337564646
0.20868390084411056
0.2080842561265522
0.20748454888646117
0.20688479879976213
0.20628502555114175
0.20568524883037964
0.2050854883286811
0.20448576373501526
0.20388609473246133
0.20328650099455955
0.20268700218167457
0.20208761793736751
0.20148836788478153
0.20088927162303927
0.20029034872365656
0.19969161872697183
0.1990931011385936
0.19849481542586633
0.1978967810143571
0.1972990172843636
0.1967015435674462
0.19610437914298354
0.19550754323475347
0.19491105500754277
0.19431493356378243
0.19371919794021475
0.19312386710459073
0.19252895995239835
0.19193449530362477
0.19134049189955415
0.1907469683995978
0.1901539433781641
0.18956143532156522
0.1889694626249615
0.18837804358934665
0.1877871964185748
0.18719693921642758
0.18660728998372533
0.18601826661548143
0.1854298868981029
0.18484216850663424
0.18425512900204968
0.1836687858285922
0.18308315631116087
0.18249825765274574
0.1819141069319152
0.18133072110035092
0.18074811698043416
0.18016631126288654
0.17958532050445875
0.17900516112567516
0.17842584940863163
0.17784740149484485
0.17726983338315855
0.17669316092770357
0.17611739983591204
0.1755425656665897
0.17496867382804054
0.17439573957625082
0.1738237780131275
0.17325280408479427
0.17268283257994388
0.1721138781282479
0.17154595519882343
0.1709790780987572
0.1704132609716863
0.16984851779643717
0.16928486238572174
0.1687223083848899
0.16816086927074086
0.16760055835039006
0.16704138876019362
0.16648337346473024
0.1659265252558398
0.16537085675171667
0.16481638039606133
0.1642631084572871
0.1637110530277819
0.1631602260232271
0.16261063918196902
0.16206230406444672
0.16151523205267335
0.1609694343497717
0.16042492197956212
0.15988170578620434
0.15933979643389098
0.1587992044065933
0.15825994000785754
0.15772201336065286
0.15718543440726918
0.1566502129092638
0.1561163584474582
0.15558388042198232
0.1550527880523664
0.15452309037768072
0.15399479625672025
0.1534679143682362
0.15294245321121236
0.15241842110518394
0.15189582619060246
0.1513746764292416
0.1508549796046449
0.15033674332261598
0.1498199750117479
0.14930468192399227
0.14879087113526845
0.14827854954610922
0.147767723882344
0.14725840069581927
0.1467505863651544
0.14624428709653045
0.14573950892451673
0.14523625771292603
0.1447345391557053
0.1442343587778565
0.1437357219363885
0.14323863382129853
0.14274309945658253
0.14224912370127374
0.1417567112505086
0.1412658666366191
0.14077659423025077
0.140288898241505
0.13980278272110652
0.13931825156159228
0.13883530849852452
0.13835395711172332
0.13787420082652257
0.1373960429150429
0.13691948649748562
0.13644453454344418
0.1359711898732339
0.13549945515923772
0.13502933292726774
0.1345608255579435
0.1340939352880826
0.1336286642121064
0.133165014283459
0.13270298731603736
0.13224258498563332
0.1317838088313869
0.13132666025724937
0.13087114053345622
0.1304172507980077
0.12996499205815862
0.1295143651919153
0.12906537094953874
0.12861800995505474
0.12817228270776898
0.1277281895837871
0.1272857308375386
0.1268449066033057
0.12640571689675387
0.12596816161646568
0.12553224054547626
0.12509795335281063
0.12466529959502112
0.12423427871772567
0.12380489005714633
0.12337713284164609
0.12295100619326507
0.12252650912925575
0.12210364056361414
0.12168239930861094
0.12126278407631699
0.12084479348012789
0.1204284260362826
0.12001368016537875
0.11960055419388316
0.11918904635563739
0.11877915479335703
0.11837087756012649
0.11796421262088636
0.1175591578539149
0.11715571105230296
0.11675386992542004
0.11635363210037536
0.11595499512346927
0.11555795646163722
0.11516251350388516
0.11476866356271642
0.11437640387554987
0.11398573160612853
0.11359664384591908
0.11320913761550172
0.11282320986594947
0.1124388574801991
0.11205607727441003
0.11167486599931345
0.1112952203415514
0.11091713692500377
0.11054061231210557
0.11016564300515228
0.10979222544759398
0.10942035602531879
0.10905003106792353
0.10868124684997366
0.10831399959225108
0.10794828546298998
0.10758410057910096
0.10722144100738212
0.10686030276571949
0.10650068182427384
0.1061425741066559
0.1057859754910881
0.10543088181155591
0.10507728885894436
0.10472519238216313
0.10437458808925912
0.1040254716485161
0.10367783868954097
0.10333168480433902
0.10298700554837481
0.10264379644162111
0.10230205296959435
0.10196177058437891
0.10162294470563679
0.10128557072160556
0.10094964399008344
0.1006151598394012
0.10028211356938252
0.09995050045228981
0.09962031573375937
0.09929155463372233
0.09896421234731408
0.09863828404577069
0.09831376487731244
0.09799064996801621
0.09766893442267349
0.09734861332563806
0.09702968174166023
0.09671213471670849
0.09639596727878033
0.09608117443869962
0.09576775119090286
0.09545569251421314
0.09514499337260136
0.09483564871593742
0.09452765348072831
0.09422100259084443
0.09391569095823565
0.09361171348363392
0.09330906505724597
0.09300774055943459
0.09270773486138803
0.09240904282577773
0.09211165930740686
0.09181557915384624
0.09152079720605938
0.09122730829901826
0.09093510726230672
0.09064418892071391
0.09035454809481713
0.09006617960155536
0.08977907825478999
0.08949323886585808
0.0892086562441135
0.0889253251974597
0.08864324053287095
0.08836239705690482
0.08808278957620515
0.08780441289799451
0.08752726183055792
0.08725133118371681
0.08697661576929396
0.08670311040156928
0.08643080989772625
0.08615970907828921
0.08588980276755298
0.08562108579400197
0.08535355299072209
0.08508719919580339
0.08482201925273462
0.08455800801078905
0.08429516032540249
0.08403347105854296
0.08377293507907231
0.08351354726309969
0.0832553024943283
0.08299819566439313
0.08274222167319123
0.08248737542920534
0.08223365184981982
0.08198104586162833
0.08172955240073562
0.08147916641305121
0.08122988285457726
0.08098169669168748
0.08073460290140191
0.08048859647165252
0.08024367240154384
0.07999982570160644
0.07975705139404365
0.0795153445129729
0.07927470010465999
0.0790351132277475
0.07879657895347725
0.07855909236590669
0.07832264856211965
0.07808724265243039
0.07785286976058407
0.07761952502394853
0.07738720359370396
0.07715590063502446
0.07692561132725535
0.07669633086408559
0.07646805445371467
0.07624077731901391
0.0760144946976835
0.07578920184240429
0.07556489402098523
0.07534156651650513
0.07511921462745039
0.0748978336678484
0.07467741896739574
0.0744579658715822
0.07423946974181089
0.07402192595551325
0.07380532990626074
0.07358967700387173
0.07337496267451432
0.0731611823608059
0.07294833152190802
0.07273640563361752
0.07252540018845463
0.07231531069574618
0.0721061326817061
0.07189786168951187
0.07169049327937813
0.07148402302862528
0.071278446531747
0.07107375940047242
0.07086995726382608
0.07066703576818452
0.07046499057732958
0.07026381737249865
0.07006351185243267
0.06986406973341938
0.06966548674933573
0.06946775865168643
0.06927088120963945
0.06907485021005946
0.06887966145753821
0.06868531077442279
0.06849179400084024
0.06829910699472119
0.06810724563181982
0.06791620580573143
0.06772598342790907
0.06753657442767597
0.06734797475223678
0.06716018036668672
0.06697318725401813
0.06678699141512469
0.06660158886880455
0.06641697565176037
0.06623314781859785
0.0660501014418224
0.06586783261183407
0.06568633743691996
0.06550561204324512
0.06532565257484273
0.0651464551936004
0.06496801607924702
0.06479033142933636
0.06461339745922998
0.06443721040207796
0.06426176650879882
0.06408706204805693
0.06391309330623968
0.0637398565874322
0.0635673482133911
0.0633955645235168
0.06322450187482476
0.06305415664191527
0.06288452521694138
0.06271560400957707
0.06254738944698257
0.062379877973769794
0.06221306605196553
0.06204695016097482
0.061881526797542004
0.06171679247571171
0.061552743726788046
0.061389377099293506
0.06122668915892625
0.06106467648851694
0.060903335687984776
0.060742663374291656
0.0605826561813971
0.060423310760210694
0.06026462377854487
0.06010659192106666
0.05994921188924805
0.05979248040131652
0.059636394192204435
0.05948095001349736
0.05932614463338276
0.05917197483659683
0.05901843742437144
0.05886552921438068
0.058713247040685757
0.05856158775368053
0.05841054822003597
0.05826012532264399
0.05811031596056085
0.05796111704895011
0.05781252551902529
0.05766453831799194
0.057517152408988824
0.05737036477102965
0.05722417239894346
0.05707857230331539
0.05693356151042609
0.05678913706219227
0.05664529601610513
0.056502035445170115
0.056359352437845345
0.05621724409797975
0.05607570754475162
0.05593473991260638
0.05579433835119409
0.055654500025306954
0.05551522211481627
0.0553765018146096
0.05523833633452741
0.05510072289929975
0.05496365874848223
0.054827141136393046
0.054691167332047916
0.054555734619097046
0.05442084029576029
0.05428648167476305
0.0541526560832718
0.05401936086282961
0.05388659336929128
0.05375435097275901
0.05362263105751723
0.05349143102196817
0.05336074827856653
0.053230580253754906
0.053100924387898735
0.052971778135221026
0.05284313896373789
0.05271500435519301
0.05258737180499304
0.052460238822142166
0.05233360292917749
0.05220746166210393
0.05208181257032927
0.051956653216599195
0.05183198117693256
0.05170779404055646
0.05158408940984161
0.05146086490023741
0.05133811814020766
0.05121584677116585
0.051094048447410535
0.05097272083606133
0.05085186161699423
0.05073146848277777
0.0506115391386085
0.05049207130224772
0.05037306270395688
0.05025451108643421
0.05013641420475116
0.050018769826288625
0.049901575730674046
