0.5048151431748849
0.5245775998248691
0.5236819687253123
0.5230082771077139
0.5225415103758838
0.5222183934222983
0.521994566122349
0.5218392303006717
0.5217310820913501
0.5216554211240702
0.5216021199514399
0.5215642085996305
0.5215368929721943
0.521516876487121
0.5215018923680727
0.52149038167804
0.5214812719078283
0.5214738248133668
0.5214675318831536
0.5214620425394695
0.5214571148241464
0.5214525815240673
0.521448326897278
0.5214442706770936
0.5214403570734061
0.5214365472057416
0.5214328138936352
0.5214291380668514
0.521425506289191
0.5214219090482938
0.5214183395726962
0.5214147930121324
0.5214112658683324
0.5214077555987843
0.5214042603400992
0.5214007787142241
0.5213973096921602
0.5213938524976982
0.5213904065390735
0.5213869713601713
0.5213835466054697
0.521380131994679
0.5213767273042622
0.5213733323538605
0.521369946996242
0.5213665711097945
0.5213632045928718
0.521359847359498
0.5213564993360784
0.5213531604588586
0.5213498306719491
0.5213465099257762
0.5213431981758629
0.5213398953818591
0.5213366015067705
0.5213333165163402
0.5213300403785516
0.5213267730632261
0.5213235145416992
0.5213202647865562
0.5213170237714166
0.5213137914707608
0.521310567859786
0.5213073529142892
0.5213041466105721
0.5213009489253628
0.5212977598357508
0.5212945793191341
0.521291407353177
0.521288243915773
0.521285088985016
0.5212819425391765
0.521278804556681
0.5212756750160962
0.5212725538961147
0.521269441175545
0.5212663368333014
0.5212632408483964
0.5212601531999342
0.5212570738671065
0.5212540028291869
0.5212509400655279
0.5212478855555578
0.5212448392787777
0.5212418012147608
0.5212387713431486
0.5212357496436506
0.5212327360960431
0.5212297306801675
0.5212267333759295
0.5212237441632988
0.5212207630223072
0.5212177899330496
0.5212148248756818
0.5212118678304214
0.5212089187775464
0.5212059776973945
0.5212030445703643
0.521200119376913
0.5211972020975577
0.5211942927128739
0.5211913912034954
0.5211884975501151
0.5211856117334831
0.5211827337344074
0.5211798635337536
0.5211770011124442
0.5211741464514591
0.5211712995318342
0.5211684603346622
0.5211656288410923
0.521162805032329
0.5211599888896329
0.5211571803943201
0.5211543795277618
0.5211515862713841
0.5211488006066682
0.5211460225151496
0.5211432519784185
0.5211404889781187
0.5211377334959484
0.521134985513659
0.5211322450130557
0.5211295119759967
0.5211267863843934
0.5211240682202098
0.5211213574654627
0.521118654102221
0.521115958112606
0.5211132694787908
0.5211105881830004
0.5211079142075106
0.5211052475346494
0.5211025881467953
0.5210999360263782
0.5210972911558781
0.5210946535178256
0.5210920230948017
0.5210893998694375
0.5210867838244135
0.5210841749424605
0.5210815732063578
0.5210789785989351
0.52107639110307
0.5210738107016898
0.5210712373777695
0.5210686711143331
0.521066111894453
0.5210635597012492
0.5210610145178891
0.5210584763275891
0.5210559451136114
0.5210534208592664
0.5210509035479113
0.5210483931629502
0.5210458896878334
0.5210433931060582
0.5210409034011678
0.5210384205567516
0.5210359445564448
0.521033475383928
0.5210310130229276
0.5210285574572154
0.5210261086706081
0.521023666646967
0.5210212313701988
0.5210188028242542
0.5210163809931283
0.5210139658608602
0.5210115574115337
0.5210091556292757
0.5210067604982567
0.5210043720026911
0.521001990126836
0.520999614854992
0.5209972461715021
0.5209948840607525
0.5209925285071713
0.5209901794952296
0.52098783700944
0.5209855010343576
0.5209831715545791
0.5209808485547427
0.520978532019528
0.5209762219336562
0.5209739182818892
0.5209716210490299
0.5209693302199221
0.52096704577945
0.520964767712538
0.5209624960041512
0.5209602306392948
0.5209579716030127
0.5209557188803898
0.5209534724565502
0.5209512323166572
0.5209489984459126
0.5209467708295585
0.5209445494528753
0.5209423343011819
0.5209401253598354
0.5209379226142323
0.5209357260498063
0.5209335356520295
0.5209313514064119
0.5209291732985007
0.5209270013138816
0.5209248354381765
0.5209226756570452
0.5209205219561845
0.5209183743213275
0.5209162327382447
0.5209140971927428
0.520911967670665
0.5209098441578905
0.5209077266403347
0.5209056151039491
0.5209035095347204
0.5209014099186713
0.52089931624186
0.5208972284903796
0.5208951466503585
0.5208930707079602
0.5208910006493828
0.520888936460859
0.520886878128656
0.5208848256390757
0.5208827789784536
0.5208807381331596
0.5208787030895973
0.5208766738342041
0.5208746503534512
0.5208726326338425
0.5208706206619159
0.5208686144242421
0.5208666139074246
0.5208646190981001
0.5208626299829378
0.520860646548639
0.5208586687819381
0.5208566966696011
0.5208547301984263
0.5208527693552443
0.5208508141269165
0.5208488645003369
0.5208469204624305
0.5208449820001536
0.5208430491004938
0.52084112175047
0.5208391999371316
0.5208372836475587
0.5208353728688623
0.520833467588184
0.5208315677926952
0.5208296734695979
0.5208277846061241
0.5208259011895351
0.5208240232071232
0.520822150646209
0.5208202834941436
0.5208184217383065
0.520816565366107
0.5208147143649836
0.5208128687224031
0.5208110284258617
0.5208091934628838
0.5208073638210222
0.5208055394878589
0.520803720451003
0.5208019066980925
0.5208000982167932
0.5207982949947982
0.5207964970198289
0.5207947042796341
0.5207929167619897
0.5207911344546994
0.5207893573455936
0.5207875854225299
0.5207858186733927
0.520784057086093
0.5207823006485688
0.5207805493487845
0.5207788031747302
0.5207770621144233
0.5207753261559063
0.5207735952872481
0.5207718694965435
0.5207701487719126
0.5207684331015018
0.5207667224734817
0.5207650168760495
0.5207633162974268
0.5207616207258606
0.5207599301496225
0.5207582445570089
0.5207565639363414
0.5207548882759653
0.520753217564251
0.5207515517895928
0.5207498909404091
0.5207482350051427
0.5207465839722601
0.5207449378302513
0.5207432965676304
0.5207416601729347
0.5207400286347248
0.520738401941585
0.5207367800821228
0.5207351630449678
0.5207335508187733
0.5207319433922155
0.5207303407539928
0.5207287428928262
0.5207271497974595
0.520725561456658
0.5207239778592102
0.5207223989939256
0.5207208248496363
0.520719255415196
0.5207176906794803
0.5207161306313858
0.5207145752598309
0.5207130245537557
0.5207114785021207
0.5207099370939081
0.5207084003181207
0.5207068681637823
0.5207053406199376
0.5207038176756513
0.5207022993200097
0.520700785542118
0.5206992763311028
0.5206977716761105
0.5206962715663074
0.5206947759908797
0.5206932849390334
0.5206917983999945
0.5206903163630081
0.5206888388173389
0.5206873657522708
0.5206858971571074
0.5206844330211708
0.5206829733338023
0.520681518084362
0.520680067262229
0.5206786208568008
0.5206771788574933
0.520675741253741
0.5206743080349969
0.5206728791907318
0.5206714547104345
0.5206700345836125
0.5206686187997898
0.5206672073485096
0.5206658002193316
0.5206643974018339
0.5206629988856113
0.5206616046602759
0.5206602147154574
0.5206588290408025
0.5206574476259744
0.5206560704606537
0.5206546975345374
0.5206533288373392
0.520651964358789
0.5206506040886338
0.5206492480166363
0.5206478961325754
0.5206465484262467
0.5206452048874608
0.5206438655060448
0.5206425302718415
0.5206411991747091
0.5206398722045216
0.520638549351168
0.5206372306045531
0.5206359159545967
0.5206346053912336
0.5206332989044138
0.520631996484102
0.5206306981202777
0.5206294038029352
0.520628113522083
0.5206268272677449
0.5206255450299577
0.520624266798774
0.5206229925642593
0.5206217223164937
0.5206204560455712
0.5206191937415996
0.5206179353947002
0.5206166809950082
0.5206154305326725
0.5206141839978544
0.5206129413807299
0.5206117026714869
0.5206104678603276
0.5206092369374662
0.5206080098931302
0.5206067867175601
0.5206055674010085
0.5206043519337411
0.5206031403060358
0.520601932508183
0.5206007285304852
0.5205995283632574
0.5205983319968261
0.5205971394215304
0.5205959506277209
0.5205947656057599
0.5205935843460214
0.5205924068388912
0.5205912330747663
0.520590063044055
0.5205888967371771
0.5205877341445632
0.5205865752566553
0.5205854200639061
0.5205842685567792
0.5205831207257492
0.5205819765613009
0.5205808360539298
0.5205796991941419
0.5205785659724538
0.5205774363793917
0.5205763104054926
0.5205751880413029
0.5205740692773797
0.5205729541042892
0.5205718425126078
0.5205707344929216
0.5205696300358258
0.5205685291319253
0.5205674317718345
0.5205663379461766
0.5205652476455844
0.5205641608606997
0.5205630775821734
0.5205619978006643
0.5205609215068407
0.5205598486913803
0.5205587793449676
0.5205577134582974
0.5205566510220709
0.5205555920269994
0.5205545364638015
0.5205534843232038
0.520552435595941
0.5205513902727558
0.5205503483443986
0.5205493098016274
0.5205482746352079
0.520547242835913
0.5205462143945233
0.5205451893018268
0.5205441675486182
0.5205431491256995
0.5205421340238799
0.5205411222339755
0.5205401137468091
0.5205391085532098
0.5205381066440141
0.5205371080100644
0.5205361126422094
0.5205351205313054
0.5205341316682128
0.5205331460438
0.5205321636489405
0.5205311844745142
0.5205302085114063
0.5205292357505082
0.5205282661827171
0.5205272997989349
0.5205263365900696
0.520525376547035
0.5205244196607491
0.5205234659221357
0.5205225153221238
0.5205215678516472
0.520520623501644
0.5205196822630582
0.5205187441268377
0.5205178090839355
0.5205168771253085
0.5205159482419187
0.5205150224247315
0.5205140996647175
0.5205131799528508
0.5205122632801099
0.5205113496374769
0.5205104390159381
0.5205095314064829
0.5205086268001051
0.5205077251878016
0.5205068265605732
0.5205059309094232
0.520505038225359
0.520504148499391
0.5205032617225323
0.5205023778857993
0.5205014969802114
0.5205006189967906
0.5204997439265613
0.5204988717605509
0.5204980024897896
0.5204971361053093
0.5204962725981447
0.5204954119593324
0.5204945541799115
0.5204936992509228
0.5204928471634093
0.5204919979084156
0.5204911514769883
0.5204903078601755
0.5204894670490265
0.5204886290345931
0.5204877938079275
0.5204869613600834
0.5204861316821161
0.520485304765081
0.5204844806000359
0.5204836591780384
0.5204828404901471
0.5204820245274219
0.5204812112809224
0.5204804007417092
0.5204795929008437
0.5204787877493868
0.5204779852784004
0.520477185478946
0.5204763883420851
0.5204755938588799
0.5204748020203913
0.520474012817681
0.5204732262418099
0.5204724422838384
0.5204716609348266
0.5204708821858335
0.5204701060279183
0.5204693324521381
0.5204685614495503
0.5204677930112107
0.5204670271281739
0.5204662637914935
0.5204655029922217
0.5204647447214096
0.5204639889701064
0.52046323572936
0.5204624849902166
0.5204617367437203
0.5204609909809139
0.5204602476928376
0.5204595068705301
0.5204587685050275
0.5204580325873639
0.520457299108571
0.5204565680596779
0.5204558394317113
0.5204551132156952
0.5204543894026511
0.5204536679835973
0.5204529489495491
0.5204522322915193
0.520451518000517
0.5204508060675485
0.5204500964836166
0.5204493892397205
0.5204486843268561
0.5204479817360158
0.5204472814581879
0.5204465834843571
0.5204458878055046
0.5204451944126066
0.5204445032966363
0.5204438144485617
0.5204431278593475
0.5204424435199532
0.5204417614213339
0.5204410815544406
0.5204404039102188
0.5204397284796101
0.5204390552535508
0.520438384222972
0.5204377153787999
0.5204370487119553
0.5204363842133543
0.5204357218739069
0.5204350616845181
0.5204344036360868
0.5204337477195069
0.5204330939256661
0.5204324422454458
0.5204317926697222
0.5204311451893648
0.5204304997952376
0.5204298564781974
0.5204292152290951
0.5204285760387752
0.5204279388980753
0.5204273037978262
0.5204266707288525
0.5204260396819715
0.5204254106479935
0.5204247836177213
0.5204241585819512
0.5204235355314719
0.5204229144570645
0.5204222953495026
0.5204216781995525
0.5204210629979726
0.5204204497355132
0.5204198384029168
0.5204192289909182
0.5204186214902438
0.5204180158916115
0.520417412185731
0.5204168103633041
0.5204162104150232
0.5204156123315724
0.5204150161036271
0.5204144217218535
0.5204138291769093
0.5204132384594427
0.5204126495600927
0.5204120624694897
0.5204114771782535
0.5204108936769952
0.520410311956316
0.520409732006808
0.5204091538190521
0.5204085773836206
0.5204080026910749
0.5204074297319664
0.5204068584968368
0.5204062889762164
0.5204057211606262
0.5204051550405757
0.520404590606564
0.5204040278490787
0.5204034667585982
0.520402907325588
0.5204023495405037
0.5204017933937887
0.5204012388758756
0.5204006859771856
0.520400134688128
0.5203995849991002
0.5203990369004885
0.5203984903826666
0.5203979454359966
0.520397402050828
0.520396860217498
0.5203963199263323
0.5203957811676431
0.5203952439317302
0.5203947082088812
0.5203941739893704
0.5203936412634591
0.5203931100213957
0.5203925802534151
0.5203920519497398
0.5203915251005777
0.5203909996961239
0.5203904757265596
0.5203899531820525
0.5203894320527556
0.520388912328809
0.5203883940003381
0.5203878770574537
0.5203873614902532
0.5203868472888187
0.5203863344432181
0.520385822943504
0.520385312779715
0.5203848039418741
0.52038429641999
0.5203837902040549
0.5203832852840466
0.5203827816499276
0.5203822792916442
0.5203817781991273
0.5203812783622923
0.5203807797710379
0.5203802824152475
0.5203797862847876
0.5203792913695094
0.5203787976592464
0.5203783051438167
0.5203778138130208
0.5203773236566427
0.5203768346644497
0.5203763468261922
0.5203758601316023
0.5203753745703958
0.5203748901322711
0.5203744068069083
0.5203739245839705
0.5203734434531022
0.5203729634039306
0.5203724844260645
0.5203720065090948
0.520371529642593
0.5203710538161137
0.5203705790191916
0.5203701052413432
0.5203696324720657
0.5203691607008379
0.5203686899171187
0.5203682201103483
0.5203677512699472
0.5203672833853165
0.5203668164458372
0.5203663504408709
0.5203658853597589
0.5203654211918227
0.5203649579263637
0.5203644955526618
0.5203640340599777
0.5203635734375509
0.5203631136745998
0.5203626547603222
0.5203621966838947
0.5203617394344731
0.520361283001191
0.5203608273731608
0.5203603725394738
0.5203599184891989
0.5203594652113829
0.520359012695051
0.5203585609292061
0.5203581099028283
0.5203576596048757
0.5203572100242833
0.5203567611499633
0.5203563129708054
0.5203558654756757
0.520355418653417
0.5203549724928492
0.5203545269827679
0.5203540821119456
0.5203536378691307
0.5203531942430472
0.5203527512223958
0.5203523087958517
0.5203518669520669
0.5203514256796676
0.5203509849672561
0.5203505448034091
0.5203501051766787
0.5203496660755912
0.5203492274886476
0.5203487894043239
0.5203483518110699
0.5203479146973092
0.5203474780514399
0.5203470418618334
0.5203466061168353
0.5203461708047643
0.5203457359139119
0.5203453014325436
0.5203448673488975
0.5203444336511845
0.5203440003275878
0.5203435673662634
0.5203431347553399
0.5203427024829175
0.5203422705370684
0.5203418389058369
0.5203414075772387
0.5203409765392607
0.5203405457798621
0.5203401152869718
0.5203396850484905
0.5203392550522895
0.5203388252862104
0.520338395738066
0.5203379663956382
0.5203375372466799
0.5203371082789132
0.5203366794800304
0.5203362508376929
0.5203358223395318
0.5203353939731473
0.5203349657261083
0.5203345375859525
0.5203341095401868
0.5203336815762856
0.5203332536816924
0.5203328258438179
0.5203323980500418
0.5203319702877104
0.5203315425441379
0.5203311148066059
0.5203306870623627
0.5203302592986244
0.5203298315025727
0.5203294036613567
0.5203289757620913
0.5203285477918578
0.5203281197377034
0.5203276915866409
0.5203272633256492
0.5203268349416719
0.5203264064216178
0.5203259777523609
0.5203255489207403
0.520325119913559
0.5203246907175845
0.5203242613195487
0.520323831706147
0.5203234018640392
0.5203229717798481
0.5203225414401598
0.5203221108315237
0.520321679940452
0.5203212487534198
0.5203208172568644
0.5203203854371856
0.5203199532807447
0.5203195207738659
0.5203190879028334
0.5203186546538945
0.5203182210132569
0.520317786967089
0.52031735250152
0.5203169176026403
0.5203164822564997
0.5203160464491089
0.5203156101664377
0.5203151733944159
0.5203147361189326
0.5203142983258361
0.5203138600009337
0.520313421129991
0.5203129816987329
0.5203125416928416
0.5203121010979578
0.5203116598996799
0.5203112180835637
0.5203107756351226
0.5203103325398266
0.5203098887831028
0.520309444350335
0.5203089992268628
0.5203085533979827
0.5203081068489459
0.5203076595649604
0.5203072115311885
0.5203067627327488
0.5203063131547132
0.5203058627821096
0.520305411599919
0.5203049595930781
0.5203045067464755
0.5203040530449548
0.5203035984733122
0.5203031430162974
0.5203026866586127
0.5203022293849126
0.5203017711798043
0.520301312027847
0.5203008519135514
0.5203003908213796
0.5202999287357454
0.520299465641013
0.5202990015214974
0.5202985363614641
0.5202980701451282
0.5202976028566557
0.5202971344801612
0.520296664999709
0.5202961943993119
0.5202957226629319
0.5202952497744795
0.5202947757178129
0.5202943004767383
0.5202938240350098
0.5202933463763282
0.5202928674843417
0.5202923873426452
0.5202919059347796
0.5202914232442322
0.5202909392544361
0.5202904539487698
0.520289967310557
0.5202894793230664
0.5202889899695112
0.5202884992330488
0.5202880070967807
0.5202875135437518
0.5202870185569513
0.5202865221193097
0.5202860242137021
0.5202855248229443
0.5202850239297958
0.5202845215169568
0.5202840175670693
0.5202835120627162
0.5202830049864214
0.5202824963206494
0.5202819860478046
0.5202814741502311
0.5202809606102128
0.5202804454099729
0.5202799285316728
0.5202794099574125
0.5202788896692306
0.5202783676491034
0.5202778438789439
0.5202773183406033
0.5202767910158683
0.5202762618864636
0.5202757309340483
0.5202751981402182
0.5202746634865042
0.5202741269543719
0.5202735885252222
0.5202730481803894
0.5202725059011425
0.5202719616686832
0.5202714154641472
0.5202708672686025
0.5202703170630494
0.5202697648284209
0.5202692105455808
0.520268654195325
0.5202680957583795
0.5202675352154018
0.5202669725469784
0.5202664077336266
0.5202658407557924
0.5202652715938512
0.5202647002281063
0.5202641266387903
0.5202635508060625
0.52026297271001
0.5202623923306471
0.5202618096479144
0.5202612246416786
0.5202606372917323
0.5202600475777936
0.5202594554795055
0.5202588609764348
0.5202582640480735
0.5202576646738364
0.5202570628330622
0.5202564585050116
0.5202558516688687
0.5202552423037385
0.5202546303886486
0.5202540159025469
0.5202533988243019
0.5202527791327031
0.5202521568064588
0.5202515318241969
0.520250904164465
0.5202502738057279
0.5202496407263688
0.5202490049046885
0.520248366318905
0.5202477249471525
0.5202470807674812
0.5202464337578576
0.5202457838961627
0.5202451311601923
0.5202444755276567
0.5202438169761798
0.5202431554832984
0.5202424910264624
0.5202418235830343
0.5202411531302875
0.5202404796454073
0.5202398031054899
0.5202391234875414
0.5202384407684777
0.520237754925124
0.5202370659342146
0.5202363737723917
0.5202356784162053
0.5202349798421126
0.5202342780264779
0.5202335729455708
0.5202328645755673
0.5202321528925481
0.5202314378724987
0.5202307194913087
0.5202299977247709
0.5202292725485811
0.5202285439383378
0.5202278118695411
0.5202270763175924
0.5202263372577938
0.5202255946653477
0.5202248485153561
0.52022409878282
0.5202233454426389
0.5202225884696101
0.5202218278384285
0.5202210635236854
0.5202202954998683
0.5202195237413602
0.5202187482224395
0.5202179689172786
0.5202171857999438
0.5202163988443943
0.5202156080244824
0.5202148133139519
0.5202140146864379
0.5202132121154665
0.5202124055744539
0.5202115950367054
0.5202107804754158
0.5202099618636673
0.52020913917443
0.5202083123805612
0.5202074814548043
0.5202066463697882
0.5202058070980268
0.5202049636119185
0.520204115883745
0.5202032638856715
0.5202024075897449
0.5202015469678947
0.52020068199193
0.5201998126335415
0.5201989388642986
0.5201980606556501
0.5201971779789227
0.5201962908053211
0.520195399105926
0.520194502851695
0.5201936020134607
0.5201926965619302
0.5201917864676849
0.5201908717011796
0.5201899522327407
0.5201890280325672
0.5201880990707289
0.5201871653171657
0.5201862267416872
0.5201852833139715
0.5201843350035653
0.5201833817798815
0.5201824236122006
0.5201814604696683
0.520180492321295
0.5201795191359556
0.520178540882388
0.5201775575291934
0.5201765690448336
0.5201755753976325
0.5201745765557734
0.5201735724872991
0.5201725631601112
0.5201715485419687
0.5201705286004877
0.5201695033031398
0.5201684726172526
0.5201674365100075
0.5201663949484395
0.5201653478994361
0.5201642953297371
0.5201632372059324
0.5201621734944629
0.5201611041616179
0.5201600291735353
0.5201589484962004
0.5201578620954449
0.5201567699369462
0.5201556719862261
0.5201545682086508
0.5201534585694287
0.5201523430336108
0.5201512215660883
0.5201500941315931
0.5201489606946963
0.5201478212198063
0.5201466756711703
0.5201455240128701
0.5201443662088242
0.5201432022227841
0.520142032018336
0.5201408555588974
0.5201396728077181
0.5201384837278773
0.5201372882822848
0.5201360864336774
0.5201348781446202
0.5201336633775044
0.5201324420945466
0.5201312142577873
0.5201299798290908
0.5201287387701432
0.5201274910424518
0.5201262366073435
0.520124975425965
0.5201237074592806
0.5201224326680716
0.520121151012934
0.52011986245428
0.5201185669523342
0.5201172644671337
0.5201159549585279
0.5201146383861751
0.5201133147095434
0.5201119838879082
0.5201106458803525
0.5201093006457641
0.5201079481428356
0.5201065883300626
0.5201052211657431
0.5201038466079757
0.5201024646146587
0.5201010751434892
0.520099678151961
0.5200982735973647
0.520096861436785
0.5200954416271004
0.5200940141249821
0.520092578886892
0.5200911358690818
0.5200896850275921
0.5200882263182505
0.5200867596966708
0.520085285118251
0.5200838025381734
0.5200823119114018
0.5200808131926806
0.520079306336534
0.5200777912972646
0.5200762680289509
0.5200747364854474
0.5200731966203828
0.5200716483871579
0.5200700917389455
0.5200685266286873
0.5200669530090947
0.520065370832645
0.5200637800515823
0.5200621806179143
0.5200605724834113
0.5200589555996055
0.5200573299177886
0.5200556953890112
0.5200540519640802
0.5200523995935583
0.5200507382277623
0.5200490678167615
0.520047388310376
0.5200456996581749
0.5200440018094762
0.520042294713343
0.5200405783185842
0.5200388525737515
0.5200371174271383
0.5200353728267779
0.5200336187204423
0.5200318550556402
0.5200300817796152
0.520028298839345
0.520026506181539
0.5200247037526368
0.520022891498807
0.5200210693659445
0.52001923729967
0.5200173952453278
0.5200155431479832
0.5200136809524225
0.5200118086031503
0.5200099260443873
0.5200080332200696
0.5200061300738464
0.5200042165490779
0.5200022925888336
0.5200003581358918
0.5199984131327355
0.5199964575215527
0.5199944912442331
0.5199925142423668
0.5199905264572426
0.5199885278298461
0.5199865183008571
0.5199844978106488
0.5199824662992849
0.5199804237065183
0.5199783699717889
0.5199763050342217
0.5199742288326248
0.5199721413054873
0.5199700423909774
0.5199679320269407
0.5199658101508977
0.5199636767000416
0.5199615316112375
0.5199593748210182
0.5199572062655843
0.5199550258808008
0.5199528336021952
0.5199506293649556
0.5199484131039287
0.519946184753617
0.5199439442481771
0.519941691521418
0.5199394265067973
0.5199371491374211
0.5199348593460399
0.5199325570650477
0.5199302422264791
0.5199279147620065
0.5199255746029394
0.5199232216802205
0.5199208559244243
0.5199184772657539
0.5199160856340397
0.5199136809587367
0.5199112631689212
0.5199088321932899
0.5199063879601561
0.5199039303974482
0.5199014594327069
0.5198989749930825
0.5198964770053331
0.519893965395821
0.5198914400905114
0.519888901014969
0.5198863480943556
0.5198837812534277
0.5198812004165341
0.5198786055076128
0.5198759964501883
0.51987337316737
0.5198707355818479
0.5198680836158914
0.5198654171913459
0.5198627362296298
0.5198600406517321
0.5198573303782099
0.5198546053291857
0.5198518654243435
0.5198491105829274
0.5198463407237375
0.519843555765128
0.5198407556250036
0.5198379402208176
0.5198351094695677
0.5198322632877941
0.5198294015915755
0.5198265242965275
0.5198236313177984
0.5198207225700666
0.519817797967538
0.5198148574239413
0.5198119008525278
0.5198089281660649
0.5198059392768362
0.5198029340966352
0.5197999125367653
0.5197968745080337
0.5197938199207505
0.5197907486847235
0.5197876607092567
0.5197845559031458
0.5197814341746749
0.5197782954316144
0.5197751395812159
0.5197719665302104
0.5197687761848034
0.5197655684506731
0.5197623432329654
0.5197591004362911
0.519755839964723
0.5197525617217911
0.5197492656104801
0.5197459515332248
0.519742619391908
0.5197392690878553
0.5197359005218323
0.5197325135940407
0.5197291082041149
0.5197256842511171
0.5197222416335354
0.5197187802492788
0.5197152999956729
0.5197118007694574
0.5197082824667816
0.5197047449831999
0.5197011882136691
0.5196976120525432
0.5196940163935705
0.5196904011298887
0.5196867661540217
0.5196831113578745
0.5196794366327298
0.5196757418692441
0.5196720269574429
0.5196682917867166
0.519664536245817
0.5196607602228521
0.5196569636052822
0.519653146279916
0.5196493081329053
0.5196454490497422
0.5196415689152521
0.5196376676135929
0.5196337450282467
0.5196298010420181
0.5196258355370285
0.5196218483947113
0.5196178394958084
0.5196138087203643
0.5196097559477224
0.5196056810565197
0.519601583924682
0.5195974644294202
0.5195933224472242
0.5195891578538585
0.5195849705243576
0.5195807603330209
0.5195765271534076
0.5195722708583322
0.5195679913198591
0.5195636884092973
0.5195593619971965
0.5195550119533402
0.5195506381467416
0.5195462404456388
0.5195418187174886
0.519537372828962
0.5195329026459382
0.5195284080335
0.5195238888559277
0.5195193449766944
0.5195147762584595
0.5195101825630648
0.519505563751527
0.5195009196840338
0.5194962502199371
0.519491555217748
0.5194868345351313
0.5194820880288991
0.5194773155550049
0.5194725169685388
0.5194676921237203
0.5194628408738936
0.5194579630715208
0.5194530585681765
0.5194481272145408
0.5194431688603948
0.5194381833546128
0.5194331705451567
0.5194281302790706
0.5194230624024736
0.5194179667605536
0.5194128431975606
0.5194076915568019
0.5194025116806333
0.5193973034104546
0.5193920665867022
0.5193868010488419
0.5193815066353636
0.5193761831837735
0.5193708305305881
0.5193654485113267
0.5193600369605053
0.5193545957116291
0.5193491245971857
0.5193436234486387
0.5193380920964195
0.5193325303699212
0.5193269380974914
0.5193213151064242
0.5193156612229538
0.5193099762722465
0.5193042600783944
0.5192985124644063
0.5192927332522018
0.5192869222626035
0.5192810793153286
0.5192752042289819
0.5192692968210479
0.5192633569078833
0.5192573843047091
0.5192513788256029
0.5192453402834898
0.5192392684901368
0.5192331632561421
0.5192270243909292
0.519220851702737
0.5192146449986134
0.5192084040844049
0.5192021287647505
0.5191958188430714
0.5191894741215636
0.5191830944011893
0.5191766794816679
0.5191702291614679
0.5191637432377977
0.5191572215065969
0.519150663762528
0.5191440697989671
0.5191374394079943
0.5191307723803857
0.5191240685056043
0.51911732757179
0.5191105493657506
0.5191037336729535
0.5190968802775144
0.5190899889621902
0.5190830595083674
0.5190760916960542
0.5190690853038693
0.5190620401090332
0.5190549558873588
0.5190478324132402
0.5190406694596432
0.5190334667980966
0.5190262241986804
0.5190189414300165
0.5190116182592583
0.5190042544520805
0.5189968497726682
0.5189894039837073
0.5189819168463737
0.518974388120322
0.5189668175636757
0.518959204933016
0.5189515499833708
0.5189438524682043
0.5189361121394058
0.518928328747278
0.5189205020405268
0.5189126317662491
0.5189047176699226
0.5188967594953934
0.5188887569848648
0.5188807098788859
0.5188726179163393
0.5188644808344306
0.5188562983686752
0.5188480702528872
0.5188397962191673
0.5188314759978897
0.5188231093176922
0.518814695905461
0.5188062354863207
0.5187977277836205
0.5187891725189223
0.5187805694119876
0.5187719181807651
0.5187632185413779
0.5187544702081102
0.5187456728933942
0.5187368263077982
0.5187279301600113
0.5187189841568323
0.5187099880031545
0.5187009414019532
0.518691844054272
0.5186826956592087
0.5186734959139017
0.5186642445135162
0.5186549411512305
0.5186455855182206
0.5186361773036476
0.5186267161946423
0.5186172018762917
0.518607634031623
0.5185980123415908
0.518588336485061
0.5185786061387964
0.5185688209774417
0.5185589806735086
0.5185490848973607
0.5185391333171976
0.5185291255990402
0.5185190614067149
0.5185089404018378
0.5184987622437996
0.518488526589749
0.5184782330945766
0.5184678814109003
0.5184574711890473
0.5184470020770389
0.5184364737205736
0.5184258857630106
0.5184152378453537
0.5184045296062332
0.5183937606818905
0.51838293070616
0.5183720393104527
0.5183610861237381
0.5183500707725273
0.5183389928808555
0.5183278520702645
0.5183166479597839
0.5183053801659148
0.5182940483026104
0.5182826519812583
0.5182711908106625
0.5182596643970243
0.5182480723439244
0.5182364142523038
0.5182246897204451
0.5182128983439536
0.518201039715738
0.5181891134259909
0.5181771190621706
0.5181650562089799
0.518152924448348
0.5181407233594095
0.5181284525184856
0.5181161114990623
0.5181036998717724
0.5180912172043732
0.5180786630617272
0.5180660370057811
0.5180533385955448
0.51804056738707
0.5180277229334307
0.5180148047847002
0.5180018124879306
0.5179887455871315
0.517975603623247
0.5179623861341355
0.5179490926545464
0.517935722716099
0.5179222758472589
0.517908751573317
0.5178951494163657
0.5178814688952766
0.5178677095256775
0.5178538708199293
0.5178399522871027
0.5178259534329548
0.5178118737599052
0.5177977127670129
0.517783469949952
0.5177691448009873
0.5177547368089502
0.5177402454592153
0.5177256702336738
0.5177110106107106
0.5176962660651784
0.5176814360683726
0.5176665200880068
0.5176515175881862
0.5176364280293828
0.5176212508684096
0.5176059855583941
0.5175906315487524
0.517575188285163
0.5175596552095404
0.5175440317600078
0.5175283173708711
0.5175125114725907
0.517496613491756
0.5174806228510556
0.5174645389692525
0.5174483612611533
0.5174320891375831
0.5174157220053549
0.5173992592672434
0.5173827003219545
0.5173660445640983
0.5173492913841584
0.5173324401684645
0.5173154902991626
0.5172984411541839
0.5172812921072178
0.5172640425276807
0.5172466917806845
0.5172292392270091
0.5172116842230703
0.5171940261208884
0.5171762642680597
0.517158398007723
0.5171404266785294
0.5171223496146116
0.5171041661455502
0.5170858755963439
0.5170674772873758
0.5170489705343823
0.51703035464842
0.5170116289358329
0.5169927926982198
0.5169738452324011
0.5169547858303855
0.516935613779336
0.5169163283615369
0.5168969288543594
0.5168774145302271
0.5168577846565829
0.5168380384958526
0.516818175305411
0.5167981943375475
0.5167780948394298
0.5167578760530687
0.516737537215283
0.5167170775576628
0.5166964963065339
0.5166757926829211
0.5166549659025121
0.5166340151756207
0.5166129397071489
0.5165917386965513
0.5165704113377964
0.5165489568193287
0.5165273743240326
0.5165056630291919
0.5164838221064538
0.5164618507217887
0.5164397480354523
0.5164175132019458
0.5163951453699779
0.5163726436824243
0.5163500072762881
0.5163272352826611
0.5163043268266817
0.5162812810274967
0.5162580969982187
0.516234773845887
0.5162113106714259
0.516187706569603
0.5161639606289881
0.5161400719319121
0.5161160395544244
0.5160918625662504
0.5160675400307502
0.5160430710048749
0.5160184545391244
0.5159936896775048
0.5159687754574839
0.5159437109099481
0.5159184950591598
0.5158931269227113
0.5158676055114833
0.5158419298295975
0.5158160988743747
0.5157901116362881
0.5157639670989189
0.5157376642389111
0.5157112020259256
0.5156845794225952
0.515657795384477
0.5156308488600083
0.5156037387904588
0.5155764641098839
0.515549023745079
0.5155214166155313
0.5154936416333729
0.5154656977033334
0.5154375837226919
0.5154092985812293
0.5153808411611801
0.5153522103371839
0.5153234049762372
0.5152944239376437
0.515265266072967
0.5152359302259791
0.5152064152326135
0.515176719920913
0.5151468431109819
0.5151167836149355
0.5150865402368491
0.5150561117727086
0.5150254970103587
0.5149946947294535
0.5149637037014044
0.5149325226893294
0.5149011504480016
0.5148695857237974
0.5148378272546451
0.5148058737699728
0.5147737239906564
0.5147413766289667
0.5147088303885178
0.5146760839642136
0.514643136042196
0.5146099852997907
0.5145766304054549
0.5145430700187233
0.5145093027901556
0.5144753273612817
0.5144411423645484
0.514406746423266
0.514372138151553
0.514337316154283
0.5143022790270297
0.514267025356012
0.5142315537180404
0.5141958626804614
0.5141599508011023
0.5141238166282173
0.514087458700431
0.5140508755466844
0.5140140656861782
0.513977027628318
0.5139397598726586
0.5139022609088485
0.5138645292165733
0.513826563265501
0.5137883615152248
0.5137499224152071
0.5137112444047252
0.513672325912812
0.5136331653582022
0.5135937611492751
0.5135541116839979
0.5135142153498695
0.5134740705238641
0.5134336755723741
0.5133930288511548
0.5133521287052656
0.5133109734690159
0.5132695614659063
0.5132278910085732
0.5131859603987314
0.5131437679271186
0.5131013118734364
0.5130585905062963
0.5130156020831617
0.512972344850291
0.5129288170426817
0.5128850168840138
0.512840942586593
0.512796592351295
0.5127519643675077
0.5127070568130763
0.5126618678542467
0.5126163956456087
0.5125706383300417
0.5125245940386565
0.512478260890741
0.5124316369937043
0.512384720443021
0.5123375093221754
0.5122900017026065
0.512242195643654
0.5121940891925013
0.5121456803841216
0.5120969672412243
0.5120479477741994
0.5119986199810629
0.5119489818474048
0.5118990313463332
0.5118487664384217
0.5117981850716565
0.5117472851813827
0.5116960646902516
0.5116445215081685
0.5115926535322403
0.5115404586467241
0.5114879347229739
0.5114350796193919
0.5113818911813754
0.5113283672412673
0.511274505618305
0.5112203041185714
0.5111657605349451
0.5111108726470507
0.5110556382212108
0.5110000550103972
0.5109441207541833
0.5108878331786967
0.5108311899965714
0.510774188906903
0.5107168275952003
0.5106591037333419
0.5106010149795298
0.5105425589782453
0.5104837333602051
0.5104245357423177
0.5103649637276402
0.5103050149053361
0.5102446868506345
0.5101839771247871
0.51012288327503
0.5100614028345408
0.5099995333224027
0.5099372722435632
0.5098746170887978
0.5098115653346714
0.5097481144435037
0.5096842618633313
0.5096200050278742
0.5095553413565002
0.5094902682541927
0.5094247831115168
0.5093588833045879
0.5092925661950399
0.509225829129996
0.5091586694420381
0.5090910844491789
0.5090230714548332
0.5089546277477923
0.5088857506021972
0.5088164372775137
0.5087466850185082
0.5086764910552249
0.5086058526029638
0.5085347668622584
0.5084632310188572
0.5083912422437029
0.5083187976929157
0.5082458945077754
0.5081725298147054
0.5080987007252585
0.5080244043361024
0.5079496377290076
0.5078743979708353
0.5077986821135277
0.5077224871940984
0.5076458102346243
0.5075686482422388
0.5074909982091275
0.5074128571125213
0.5073342219146957
0.5072550895629679
0.5071754569896969
0.507095321112283
0.5070146788331713
0.5069335270398547
0.5068518626048786
0.5067696823858467
0.5066869832254293
0.5066037619513719
0.5065200153765047
0.5064357402987565
0.5063509335011653
0.5062655917518952
0.5061797118042518
0.5060932903966987
0.5060063242528786
0.5059188100816329
0.5058307445770237
0.5057421244183584
0.5056529462702141
0.5055632067824649
0.505472902590311
0.5053820303143073
0.5052905865603966
0.5051985679199421
0.5051059709697618
0.5050127922721669
0.5049190283749977
0.5048246758116656
0.5047297311011938
0.50463419074826
0.5045380512432422
0.5044413090622657
0.5043439606672503
0.5042460025059621
0.504147431012063
0.5040482426051675
0.5039484336908948
0.5038480006609288
0.5037469398930755
0.5036452477513232
0.5035429205859066
0.50343995473337
0.5033363465166332
0.5032320922450603
0.5031271882145281
0.5030216307074988
0.5029154159930924
0.502808540327162
0.5027009999523713
0.5025927910982717
0.5024839099813848
0.5023743528052832
0.5022641157606755
0.5021531950254918
0.5020415867649713
0.5019292871317528
0.5018162922659647
0.501702598295319
0.5015882013352067
0.501473097488793
0.5013572828471176
0.5012407534891934
0.50112350548211
0.501005534881137
0.5008868377298288
0.5007674100601331
0.5006472478924995
0.5005263472359898
0.5004047040883917
0.5002823144363316
0.5001591742553922
0.500035279510228
0.4999106261546857
0.4997852101319255
0.49965902737454243
0.4995320738046917
0.4994043453342128
0.49927583786475804
0.49914654728792135
0.49901646948536726
0.49888560032896456
0.49875393568091786
0.4986214713939039
0.4984882033112069
0.49835412726685596
0.4982192390857646
0.49808353458387145
0.4979470095682804
0.49780965983740577
0.49767148118111487
0.49753246938087387
0.49739262020989516
0.49725192943328467
0.4971103928081908
0.49696800608395497
0.49682476500226275
0.49668066529729554
0.49653570269588504
0.49638987291766595
0.4962431716752327
0.49609559467429354
0.49594713761382975
0.49579779618625125
0.49564756607755656
0.49549644296749057
0.49534442252970523
0.49519150043192045
0.495037672336084
0.49488293389853355
0.49472728077015926
0.4945707085965656
0.4944132130182345
0.4942547896706885
0.49409543418465485
0.49393514218622797
0.49377390929703535
0.4936117311343997
0.49344860331150425
0.49328452143755713
0.49311948111795467
0.49295347795444633
0.49278650754529807
0.4926185654854569
0.49244964736671304
0.49227974877786507
0.49210886530488107
0.4919369925310616
0.4917641260372021
0.4915902614017537
0.4914153942009841
0.49123952000913806
0.491062634398596
0.49088473294003326
0.4907058112025777
0.4905258647539661
0.4903448891607007
0.49016287998820324
0.4899798328009686
0.48979574316271857
0.489610606636551
0.48942441878509163
0.48923717517064164
0.4890488713553247
0.4888595029012337
0.4886690653705735
0.48847755432580425
0.4882849653297817
0.48809129394589673
0.48789653573821146
0.4877006862715959
0.48750374111186034
0.4873056958258871
0.4871065459817594
0.48690628714888884
0.48670491489814016
0.4865024248019539
0.4862988124344662
0.4860940733716274
0.4858882031913169
0.485681197473457
0.4854730518001212
0.4852637617556442
0.4850533229267254
0.4848417309025318
0.4846289812747968
0.4844150696379168
0.48419999158904603
0.4839837427281847
0.4837663186582687
0.4835477149852532
0.4833279273181934
0.4831069512693236
0.4828847824541318
0.48266141649143
0.4824368490034241
0.4822110756157771
0.48198409195767145
0.48175589366186633
0.4815264763647521
0.48129583570640033
0.48106396733061196
0.4808308668849596
0.48059653002082736
0.48036095239344767
0.4801241296619322
0.47988605748930063
0.47964673154250576
0.4794061474924529
0.47916430101401786
0.4789211877860584
0.47867680349142455
0.4784311438169623
0.4781842044535146
0.4779359810959195
0.47768646944300064
0.47743566519755876
0.4771835640663535
0.4769301617600867
0.4766754539933773
0.47641943648473467
0.4761621049565269
0.4759034551349442
0.4756434827499609
0.47538218353528977
0.4751195532283359
0.474855587570143
0.4745902823053385
0.4743236331820731
0.47405563595195654
0.4737862863699902
0.47351558019449347
0.4732435131870299
0.47297008111232475
0.4726952797381833
0.4724191048354016
0.4721415521776752
0.47186261754150427
0.4715822967060937
0.4713005854532508
0.47101747956727824
0.47073297483486387
0.47044706704496786
0.4701597519887041
0.4698710254592203
0.4695808832515735
0.469289321162603
0.4689963349907995
0.4687019205361708
0.46840607360010567
0.468108789985232
0.4678100654952767
0.4675098959349162
0.4672082771096315
0.46690520482555303
0.4666006748893101
0.4662946831078717
0.46598722528838843
0.4656782972380326
0.46536789476383233
0.4650560136725078
0.464742649770303
0.4644277988628157
0.464111456754828
0.46379361925013163
0.46347428215135433
0.46315344125978397
0.46283109237519293
0.46250723129565685
0.4621818538173788
0.46185495573450763
0.4615265328389569
0.4611965809202254
0.46086509576521384
0.460532073158044
0.4601975088798762
0.4598613987087274
0.45952373841929023
0.4591845237827506
0.45884375056660737
0.45850141453449283
0.45815751144599254
0.45781203705646845
0.45746498711688094
0.4571163573736135
0.4567661435683
0.45641434143765125
0.4560609467132866
0.4557059551215641
0.45534936238341706
0.4549911642141896
0.4546313563234774
0.45426993441497077
0.45390689418629965
0.45354223132888366
0.4531759415277854
0.4528080204615669
0.45243846380215025
0.4520672672146834
0.45169442635740886
0.4513199368815388
0.4509437944311331
0.45056599464298425
0.4501865331465074
0.4498054055636343
0.4494226075087151
0.4490381345884246
0.44865198240167686
0.44826414653954333
0.4478746225851801
0.4474834061137618
0.44709049269242085
0.44669587788019705
0.44629955722799225
0.445901526278535
0.44550178056635154
0.44510031561774627
0.4446971269507911
0.44429221007532294
0.44388556049295047
0.4434771736970705
0.4430670451728952
0.44265517039748536
0.44224154483979894
0.44182616396074587
0.44140902321325526
0.44099011804235344
0.440569443885253
0.4401469961714517
0.43972277032284646
0.4392967617538552
0.4388689658715533
0.4384393780758211
0.43800799375950555
0.437574808308592
0.43713981710239225
0.4367030155137428
0.4362643989092191
0.4358239626493613
0.43538170208891663
0.43493761257709307
0.43449168945782946
0.4340439280700804
0.43359432374811313
0.43314287182182426
0.43268956761706767
0.4322344064559993
0.4317773836574395
0.4313184945372478
0.43085773440871744
0.43039509858298386
0.42993058236945003
0.42946418107623074
0.4289958900106102
0.42852570447952054
0.42805361979003503
0.42757963124988013
0.4271037341679646
0.42662592385492726
0.4261461956237022
0.425664544790102
0.4251809666734209
0.4246954565970541
0.42420800988913826
0.4237186218832086
0.4232272879188772
0.42273400334252875
0.42223876350803646
0.4217415637774975
0.4212423995219864
0.42074126612233165
0.420238158969907
0.41973307346744815
0.41922600502988483
0.4187169490851959
0.41820590107528294
0.41769285645686555
0.4171778107023957
0.4166607593009931
0.41614169775940013
0.4156206216029603
0.41509752637661296
0.4145724076459116
0.4140452609980625
0.41351608204298235
0.4129848664143799
0.412451609770854
0.4119163077970168
0.4113789562046342
0.4108395507337894
0.410298087154066
0.40975456126575205
0.4092089689010658
0.4086613059253997
0.40811156823858846
0.4075597517761951
0.4070058525108179
0.40644986645341874
0.4058917896546726
0.4053316182063342
0.4047693482426285
0.4042049759416595
0.40363849752683945
0.4030699092683383
0.4024992074845531
0.40192638854359586
0.4013514488648038
0.4007743849202665
0.400195193236373
0.39961387039538
0.3990304130369961
0.398444817859987
0.3978570816238001
0.39726720115020503
0.39667517332495417
0.39608099509946293
0.39548466349250483
0.3948861755919265
0.3942855285563799
0.3936827196170719
0.3930777460795308
0.39247060532538947
0.3918612948141873
0.39124981208518494
0.3906361547591987
0.39002032054044866
0.3894023072184247
0.38878211266976515
0.3881597348601524
0.3875351718462241
0.3869084217774969
0.38627948289830627
0.38564835354975824
0.3850150321716986
0.3843795173046907
0.3837418075920101
0.3831019017816504
0.38245979872834135
0.3818154973955802
0.38116899685767264
0.38052029630178835
0.3798693950300239
0.3792162924614799
0.37856098813434547
0.3779034817079945
0.3772437729650907
0.3765818618137027
0.37591774828942665
0.3752514325575181
0.3745829149150314
0.373912195792967
0.3732392757584261
0.37256415551677136
0.37188683591379357
0.37120731793788614
0.37052560272222246
0.3698416915469399
0.36915558584132746
0.36846728718601796
0.3677767973151823
0.36708411811872865
0.36638925164450403
0.36569220010049497
0.3649929658570328
0.3642915514489993
0.3635879595780307
0.36288219311472447
0.36217425510084256
0.36146414875151434
0.360751877457439
0.3600374447870826
0.3593208544888744
0.3586021104933981
0.3578812169155786
0.357158178056865
0.356432998407405
0.35570568264821617
0.3549762356533476
0.3542446624920348
0.3535109684308446
0.352775158935813
0.35203723967457035
0.3512972165184566
0.35055509554462605
0.34981088303813573
0.34906458549402486
0.3483162096193765
0.34756576233536624
0.3468132507792924
0.3460586823065924
0.3453020644928368
0.34454340513570875
0.3437827122569599
0.3430199941043479
0.34225525915355043
0.3414885161100555
0.3407197739110294
0.3399490417271581
0.3391763289644622
0.33840164526608474
0.33762500051404926
0.3368464048309899
0.3360658685818475
0.3352834023755362
0.3344990170665732
0.3337127237566759
0.33292453379632175
0.33213445878627035
0.3313425105790466
0.33054870128038355
0.32975304325062194
0.32895554910607
0.3281562317203143
0.32735510422548597
0.32655218001348113
0.32574747273712923
0.3249409963113116
0.3241327649140285
0.3233227929874111
0.3225110952386786
0.3216976866410387
0.3208825824345282
0.32006579812679437
0.3192473494938144
0.3184272525805501
0.317605523701539
0.3167821794414173
0.31595723665537584
0.31513071246954333
0.3143026242813009
0.31347298975952076
0.31264182684473074
0.31180915374920193
0.3109749889569576
0.3101393512237026
0.30930225957666996
0.3084637333143859
0.3076237920063473
0.30678245549261657
0.30593974388332335
0.3050956775580819
0.3042502771653137
0.3034035636214778
0.3025555581102091
0.30170628208136
0.3008557572499442
0.30000400559498386
0.29915104935825604
0.2982969110429394
0.2974416134121582
0.2965851794874229
0.295727632546967
0.29486899612397843
0.29400929400472453
0.29314855022656894
0.2922867890758816
0.29142403508583903
0.2905603130341143
0.28969564794045766
0.28883006506416525
0.2879635899014359
0.2870962481826177
0.28622806586933963
0.28535906915153203
0.2844892844443336
0.2836187383848856
0.2827474578290127
0.28187546984779077
0.2810028017240013
0.28012948094847534
0.27925553521632057
0.2783809924230423
0.27750588066054827
0.2766302282130447
0.27575406355282284
0.27487741533593546
0.2740003123977654
0.2731227837484859
0.27224485856841785
0.27136656620327826
0.2704879361593287
0.2696089980984198
0.26872978183293594
0.26785031732064146
0.2669706346594295
0.2660907640819755
0.26521073595029876
0.2643305807502323
0.26345032908580246
0.2625700116735245
0.26168965933661287
0.2608093029991095
0.25992897367993234
0.25904870248685
0.25816852061037954
0.2572884593176162
0.2564085499459923
0.2555288238969744
0.2546493126296963
0.25377004765453415
0.25289106052662685
0.2520123828393433
0.25113404621770125
0.25025608231174246
0.2493785227898633
0.24850139933210968
0.24762474362343712
0.2467485873469386
0.24587296217704735
0.2449978997727152
0.24412343177057072
0.24324958977806438
0.24237640536659877
0.24150391006465385
0.24063213535090605
0.23976111264734856
0.23889087331241632
0.2380214486341169
0.23715286982317552
0.23628516800619434
0.23541837421883322
0.23455251939901273
0.2336876343801462
0.23282374988440246
0.23196089651600574
0.23109910475457313
0.23023840494849704
0.229378827308374
0.22852040190048434
0.22766315864032738
0.22680712728621397
0.22595233743292187
0.22509881850541527
0.22424659975263578
0.22339571024136365
0.22254617885015604
0.22169803426336407
0.22085130496523298
0.2200060192340869
0.21916220513660356
0.21831989052217882
0.21747910301738888
0.21663987002054624
0.21580221869635877
0.21496617597069018
0.21413176852542626
0.2132990227934482
0.2124679649537184
0.21163862092647445
0.21081101636854252
0.20998517666876393
0.209161126943541
0.20833889203250402
0.20751849649429988
0.20669996460250364
0.20588332034165607
0.20506858740342798
0.20425578918291032
0.2034449487750371
0.20263608897113372
0.20182923225559943
0.2010244008027215
0.2002216164736192
0.19942090081332406
0.19862227504799268
0.19782576008225186
0.19703137649668026
0.19623914454542446
0.1954490841539471
0.19466121491691285
0.19387555609620583
0.19309212661908337
0.19231094507646207
0.19153202972133798
0.1907553984673397
0.1899810688874126
0.18920905821263673
0.18843938333117274
0.18767206078733956
0.18690710678082048
0.1861445371659961
0.18538436745140544
0.18462661279933087
0.18387128802550878
0.1831184075989612
0.1823679856419505
0.18162003593005266
0.18087457189234893
0.18013160661173544
0.17939115282534535
0.17865322292508623
0.17791782895828814
0.17718498262846055
0.1764546952961582
0.17572697797995096
0.17500184135749938
0.1742792957667294
0.17355935120710958
0.17284201734102247
0.17212730349523447
0.17141521866245624
0.1707057715029962
0.1699989703465008
0.16929482319378297
0.16859333771873386
0.16789452127031673
0.16719838087464028
0.16650492323711003
0.16581415474465444
0.16512608146802327
0.16444070916415637
0.1637580432786218
0.16307808894811884
0.1624008510030433
0.16172633397011596
0.1610545420750687
0.16038547924538749
0.15971914911310953
0.15905555501767088
0.15839470000880662
0.15773658684949649
0.15708121801895492
0.15642859571566536
0.15577872186045594
0.15513159809961113
0.15448722580802227
0.15384560609237055
0.1532067397943434
0.15257062749387995
0.15193726951244485
0.15130666591632821
0.15067881651996906
0.15005372088930044
0.14943137834511594
0.14881178796645222
0.14819494859399016
0.14758085883346786
0.14696951705910882
0.14636092141705812
0.14575506982883016
0.14515195999476269
0.144551589397476
0.14395395530533706
0.14335905477592545
0.1427668846595016
0.14217744160247148
0.14159072205085338
0.14100672225373656
0.14042543826673853
0.1398468659554548
0.13927100099890022
0.13869783889294252
0.13812737495372476
0.13755960432107744
0.13699452196191658
0.13643212267362934
0.1358724010874444
0.1353153516717856
0.13476096873561008
0.13420924643172732
0.13366017876009967
0.13311375957112348
0.1325699825688884
0.1320288413144164
0.13149032922887688
0.13095443959678077
0.13042116556914818
0.12989050016665282
0.1293624362827419
0.1288369666867274
0.12831408402685324
0.12779378083333418
0.12727604952136684
0.12676088239411254
0.12624827164565214
0.1257382093639094
0.12523068753354746
0.12472569803883307
0.1242232326664717
0.12372328310840991
0.12322584096460842
0.12273089774578333
0.12223844487611378
0.12174847369592015
0.12126097546430753
0.12077594136177851
0.12029336249281242
0.11981322988841088
0.11933553450861209
0.11886026724497137
0.11838741892300662
0.11791698030461359
0.11744894209044482
0.1169832949222573
0.11652002938522506
0.11605913601021911
0.11560060527605383
0.1151444276116997
0.11469059339846224
0.1142390929721284
0.11378991662507915
0.11334305460836805
0.11289849713376857
0.112456234375787
0.11201625647364193
0.11157855353321247
0.11114311562895302
0.1107099328057754
0.11027899508089944
0.1098502924456699
0.10942381486734316
0.10899955229084163
0.10857749464047606
0.10815763182163637
0.10773995372245306
0.10732445021542542
0.10691111115902115
0.10649992639924423
0.10609088577117308
0.10568397910046887
0.10527919620485465
0.10487652689556391
0.10447596097876123
0.10407748825693403
0.10368109853025514
0.10328678159791763
0.10289452725944115
0.10250432531595201
0.10211616557143459
0.10173003783395523
0.1013459319168619
0.10096383763995427
0.10058374483063048
0.10020564332500587
0.09982952296900774
0.09945537361944422
0.0990831851450486
0.09871294742749849
0.09834465036241193
0.09797828386031851
0.09761383784760712
0.09725130226745089
0.09689066708070893
0.09653192226680518
0.09617505782458555
0.09582006377315208
0.09546693015267668
0.09511564702519275
0.09476620447536557
0.09441859261124268
0.09407280156498311
0.09372882149356732
0.09338664257948666
0.09304625503141355
0.09270764908485266
0.09237081500277301
0.09203574307622198
0.09170242362492029
0.09137084699783984
0.09104100357376302
0.09071288376182621
0.09038647800204369
0.09006177676581784
0.08973877055643026
0.0894174499095182
0.0890978053935345
0.08877982761019237
0.08846350719489375
0.08814883481714468
0.08783580118095316
0.08752439702521503
0.08721461312408389
0.08690644028732779
0.08659986936067215
0.08629489122612924
0.08599149680231374
0.08568967704474695
0.08538942294614625
0.08509072553670449
0.08479357588435445
0.08449796509502397
0.08420388431287747
0.08391132472054716
0.08362027753935197
0.08333073402950689
0.08304268549031998
0.08275612326037973
0.08247103871773216
0.08218742328004676
0.0819052684047743
0.08162456558929311
0.08134530637104732
0.08106748232767426
0.08079108507712501
0.08051610627777366
0.0802425376285196
0.07997037086888088
0.07969959777907853
0.07943021018011433
0.07916219993383847
0.07889555894301234
0.07863027915136064
0.07836635254361904
0.07810377114557195
0.07784252702408581
0.07758261228713324
0.07732401908381244
0.07706673960435843
0.07681076608014901
0.07655609078370437
0.07630270602867968
0.07605060416985385
0.07579977760310941
0.07555021876541045
0.07530192013477187
0.07505487423022522
0.07480907361177888
0.07456451088037319
0.07432117867783017
0.07407906968679932
0.07383817663069858
0.07359849227364991
0.07336000942041145
0.07312272091630541
0.07288661964714108
0.07265169853913445
0.07241795055882341
0.07218536871298002
0.07195394604851751
0.07172367565239572
0.07149455065152176
0.07126656421264717
0.07103970954226241
0.07081397988648849
0.07058936853096448
0.07036586880073242
0.07014347406012088
0.06992217771262282
0.06970197320077332
0.06948285400602372
0.06926481364861284
0.06904784568743688
0.06883194371991573
0.06861710138185811
0.06840331234732415
0.06819057032848493
0.06797886907548206
0.06776820237628323
0.06755856405653737
0.06734994797942695
0.06714234804551938
0.06693575819261616
0.06673017239560126
0.06652558466628636
0.06632198905325681
0.0661193796417144
0.0659177505533198
0.06571709594603307
0.06551741001395377
0.06531868698715887
0.06512092113154078
0.06492410674864307
0.06472823817549647
0.06453330978445257
0.06433931598301808
0.0641462512136872
0.06395410995377339
0.06376288671524105
0.06357257604453542
0.0633831725224131
0.06319467076377087
0.0630070654174745
0.062820351166187
0.06263452272619655
0.06244957484724345
0.06226550231234721
0.06208229993763326
0.06189996257215888
0.06171848509773962
0.06153786242877461
0.06135808951207233
0.06117916132667585
0.06100107288368814
0.06082381922609728
0.06064739542860098
0.060471796597432445
0.06029701787018424
0.06012305441563437
0.05994990143357033
0.05977755415461502
0.05960600784005132
0.0594352577816477
0.05926529930148339
0.05909612775177436
0.058927738514698916
0.058760127002223404
0.058593288655929096
0.05842721894683838
0.05826191337524116
0.05809736747052267
0.05793357679099034
0.05777053692370197
0.057608243484293255
0.05744669211680688
0.057285878493520924
0.057125798314778355
0.05696644730881688
0.05680782123159878
0.056649915866641545
0.056492727024849455
0.05633625054434441
0.05618048229029839
0.05602541815476622
0.05587105405651824
0.055717385940874234
0.05556440977953751
0.05541212157042981
0.055260517337526543
0.05510959313069266
0.05495934502551911
0.05480976912316023
0.05466086155017148
0.054512618458347366
0.05436503602456073
0.05421811045060263
0.054071837963022326
0.053926214812967894
0.05378123727602884
0.053636901652077296
0.05349320426511172
0.05335014146310019
0.053207709617824894
0.05306590512472708
0.05292472440275289
0.05278416389419974
0.05264422006456376
0.05250488940238704
0.05236616841910701
0.05222805364890526
0.05209054164855797
0.05195362899728646
0.05181731229660894
0.0516815881701924
0.051546453263706465
0.0514119042446763
0.051277937802337754
0.05114455064749253
0.05101173951236404
0.050879501150454476
0.050747832336402315
0.05061672986584072
0.050486190555256515
0.050356211241850045
0.05022678878339621
0.05009792005810541
0.04996960196448607
