0.5132423572078926
0.516154149732269
0.5140661893393893
0.5161891433812813
0.5160343387216961
0.5150427038174994
0.5153263691068817
0.5155522656913472
0.5145738869605876
0.5132973525627659
0.5127014801520241
0.5126189998134538
0.5125918782421699
0.5125317303278727
0.5124392882403649
0.5122143556542514
0.5118394095613825
0.5114406411415666
0.5111294197607301
0.510910278129953
0.5107342668974527
0.5105589041559306
0.5103565919890592
0.5101155250261175
0.5098466948140415
0.5095755028046696
0.5093213074314432
0.5090869907104967
0.5088637329693049
0.508640127739275
0.5084082472372826
0.5081662540774339
0.5079178430205225
0.5076688432678899
0.5074233246781577
0.5071818513943473
0.506942296702586
0.5067018036025105
0.506458450640524
0.5062119400349203
0.5059632658985229
0.505713788975969
0.5054643711515691
0.5052150365942466
0.5049651881437084
0.5047140855656965
0.5044612508342502
0.5042066128774801
0.5039503931966636
0.5036928670654178
0.5034341641438652
0.5031742047976802
0.5029127659872383
0.5026496021257038
0.5023845396250968
0.5021175024152867
0.501848475033585
0.5015774413031295
0.5013043387428147
0.5010290486354217
0.5007514164642675
0.5004712825219341
0.5001885029697092
0.4999029526105125
0.49961451310320093
0.4993230571599688
0.49902843837821936
0.4987304904597617
0.49842903333393945
0.4981238806438121
0.4978148439236721
0.49750173197063385
0.49718434698548364
0.49686248037383
0.4965359104405913
0.49620440250957176
0.49586771049587264
0.49552557842809297
0.49517774087363964
0.49482392212671256
0.494463834741763
0.494097178185091
0.4937236380802965
0.4933428860447433
0.492954579774208
0.4925583629830095
0.4921538649926841
0.49174070001198655
0.49131846630549336
0.49088674544694944
0.49044510174151423
0.48999308177340156
0.4895302139694255
0.4890560080851588
0.48856995458659597
0.4880715239645452
0.48756016604519803
0.48703530934423656
0.48649636047486494
0.485942703589895
0.48537369983058026
0.4847886867686921
0.4841869778498893
0.4835678618615029
0.48293060244994246
0.4822744377050578
0.48159857981903376
0.4809022148228581
0.4801845024061848
0.47944457583377825
0.47868154197899343
0.47789448149863784
0.47708244917373394
0.4762444744392044
0.47537956212483373
0.47448669343137545
0.47356482716895154
0.4726129012885344
0.47162983473988856
0.47061452969034906
0.4695658741385621
0.4684827449565325
0.4673640113924695
0.46620853906592985
0.46501519448504575
0.46378285011259324
0.46251039000286
0.4611967160246663
0.4598407546775791
0.4584414644984525
0.45699784404392507
0.45550894042123014
0.45397385832450704
0.4523917695167498
0.45076192267877846
0.4490836535265934
0.4473563950776399
0.44557968792547265
0.4437531903616574
0.44187668816421455
0.43995010385432
0.43797350520827383
0.43594711280094256
0.4338713063509714
0.43174662963796046
0.42957379376828686
0.4273536785798849
0.42508733199739623
0.42277596717772215
0.42042095732179585
0.41802382807068944
0.41558624745183803
0.4131100133927764
0.41059703887350624
0.40804933484245665
0.40546899107276624
0.4028581551831358
0.40021901008866134
0.39755375018001166
0.394864556552491
0.392153571618884
0.38942287344083854
0.38667445010294454
0.3839101744320089
0.3811317793323423
0.37834083396757956
0.3755387209723972
0.3727266148255276
0.36990546146085357
0.3670759591383357
0.3642385405432811
0.36139335603313316
0.35854025790755867
0.35567878554206794
0.3528081511995665
0.34992722632001977
0.34703452808779844
0.34412820609150674
0.3412060289248314
0.33826537063224515
0.3353031969840605
0.3323160516756553
0.3293000426907662
0.32625082925394294
0.3231636100281319
0.320033113494732
0.3168535917885464
0.31361881964870353
0.31032210058326415
0.30695628281609993
0.3035137880642482
0.2999866566416452
0.29636661274152504
0.2926451539345571
0.28881366883230203
0.28486358638958015
0.2807865593346736
0.27657468261826273
0.272220745499742
0.2677185129603504
0.2630630286770493
0.2582509280791734
0.25328074645461957
0.24815320419916034
0.24287144967663357
0.23744124027490462
0.23187104440215567
0.22617205136529034
0.22035808194624873
0.21444539936152246
0.20845242727867166
0.20239938778542638
0.19630787695817611
0.1902003985706726
0.184099877489847
0.17802917368594084
0.1720106159631758
0.1660655719369341
0.1602140677959143
0.15447446821265437
0.1488632235109101
0.14339468791722915
0.1380810094770852
0.1329320891080596
0.12795560344624338
0.12315708379095196
0.11854004172158683
0.11410613094721346
0.1098553346742624
0.10578616818089093
0.10189588724377863
0.09818069441161842
0.09463593668585213
0.09125628979318239
0.0880359257856175
0.08496866208927545
0.08204809128780607
0.07926769184824536
0.07662092068042106
0.07410128888733342
0.07170242234507963
0.06941810888271203
0.06724233385038211
0.06516930580042016
0.06319347388808827
0.06130953844876559
0.05951245604331942
0.05779744009576168
0.056159958085550604
0.054595726106487455
0.05310070146811878
0.05167107389521779
0.050303255776360675
0.04899387182315382
