0.4852355562832983
0.5250964966703362
0.523527628378714
0.5222162563546631
0.521270143992488
0.5205881934808891
0.5200955858396836
0.5197381422409154
0.5194769179131435
0.5192840619218089
0.5191397282932805
0.519029810209933
0.5189442971062131
0.5188760929296512
0.5188201708436001
0.5187729709338422
0.518731972222739
0.5186953891159969
0.5186619563808991
0.5186307769658904
0.5186012143536829
0.5185728164384305
0.5185452617011077
0.5185183211496189
0.5184918314013363
0.5184656756400617
0.5184397701379109
0.5184140547104279
0.5183884859522822
0.5183630324393118
0.5183376713217112
0.5183123859019473
0.5182871639101927
0.5182619962742315
0.5182368762402418
0.5182117987428517
0.5181867599525307
0.5181617569493433
0.5181367874869194
0.5181118498209765
0.5180869425841522
0.5180620646941587
0.518037215285998
0.5180123936616183
0.517987599252269
0.5179628315901489
0.5179380902868904
0.5179133750171059
0.5178886855057055
0.5178640215180436
0.5178393828522052
0.5178147693329214
0.5177901808067344
0.5177656171381328
0.5177410782064382
0.5177165639032881
0.5176920741305855
0.5176676087988248
0.5176431678257165
0.5176187511350542
0.5175943586557786
0.5175699903212017
0.5175456460683615
0.5175213258374858
0.5174970295715436
0.5174727572158719
0.5174485087178614
0.5174242840266945
0.5174000830931256
0.5173759058692955
0.5173517523085761
0.5173276223654404
0.5173035159953516
0.5172794331546695
0.5172553738005745
0.5172313378909986
0.5172073253845714
0.5171833362405711
0.5171593704188857
0.5171354278799777
0.5171115085848556
0.5170876124950483
0.5170637395725846
0.5170398897799747
0.5170160630801944
0.5169922594366716
0.5169684788132747
0.5169447211743019
0.5169209864844726
0.5168972747089198
0.5168735858131828
0.5168499197632004
0.5168262765253063
0.5168026560662242
0.5167790583530617
0.5167554833533078
0.5167319310348284
0.5167084013658623
0.5166848943150186
0.5166614098512731
0.5166379479439653
0.5166145085627961
0.5165910916778242
0.5165676972594644
0.5165443252784842
0.5165209757060022
0.516497648513485
0.5164743436727457
0.5164510611559403
0.5164278009355668
0.5164045629844625
0.5163813472758015
0.5163581537830935
0.51633498248018
0.5163118333412339
0.516288706340757
0.5162656014535769
0.5162425186548469
0.5162194579200418
0.5161964192249575
0.5161734025457082
0.5161504078587249
0.5161274351407528
0.51610448436885
0.5160815555203854
0.5160586485730362
0.5160357635047865
0.5160129002939255
0.5159900589190451
0.5159672393590382
0.5159444415930968
0.5159216656007104
0.5158989113616633
0.515876178856034
0.515853468064192
0.5158307789667966
0.515808111544795
0.515785465779421
0.5157628416521913
0.5157402391449066
0.5157176582396465
0.5156950989187703
0.515672561164914
0.5156500449609884
0.515627550290178
0.5156050771359387
0.5155826254819955
0.5155601953123423
0.5155377866112383
0.5155153993632074
0.5154930335530366
0.515470689165773
0.5154483661867233
0.5154260646014517
0.5154037843957773
0.5153815255557741
0.515359288067768
0.5153370719183349
0.5153148770943001
0.5152927035827357
0.5152705513709595
0.5152484204465323
0.5152263107972579
0.51520422241118
0.5151821552765804
0.5151601093819791
0.5151380847161304
0.5151160812680229
0.5150940990268769
0.5150721379821437
0.5150501981235025
0.5150282794408605
0.51500638192435
0.5149845055643272
0.5149626503513707
0.5149408162762797
0.5149190033300731
0.5148972115039864
0.5148754407894712
0.5148536911781944
0.514831962662034
0.5148102552330807
0.514788568883634
0.5147669036062017
0.514745259393498
0.5147236362384424
0.514702034134157
0.5146804530739667
0.5146588930513964
0.5146373540601692
0.5146158360942064
0.5145943391476245
0.5145728632147345
0.5145514082900401
0.5145299743682358
0.5145085614442066
0.5144871695130251
0.5144657985699511
0.5144444486104294
0.5144231196300885
0.5144018116247395
0.5143805245903743
0.5143592585231642
0.5143380134194582
0.5143167892757821
0.5142955860888362
0.5142744038554952
0.5142532425728049
0.5142321022379832
0.5142109828484159
0.5141898844016575
0.5141688068954283
0.5141477503276146
0.5141267146962653
0.5141056999995918
0.5140847062359665
0.5140637334039211
0.5140427815021453
0.5140218505294857
0.5140009404849432
0.5139800513676736
0.5139591831769846
0.5139383359123353
0.5139175095733342
0.5138967041597386
0.5138759196714527
0.5138551561085261
0.5138344134711524
0.5138136917596692
0.513792990974555
0.5137723111164285
0.5137516521860479
0.5137310141843086
0.5137103971122421
0.5136898009710155
0.513669225761929
0.5136486714864155
0.5136281381460386
0.5136076257424919
0.5135871342775974
0.5135666637533041
0.513546214171687
0.5135257855349451
0.5135053778454015
0.5134849911055007
0.5134646253178082
0.5134442804850083
0.5134239566099046
0.5134036536954164
0.5133833717445793
0.5133631107605428
0.51334287074657
0.5133226517060356
0.5133024536424248
0.5132822765593321
0.5132621204604606
0.5132419853496195
0.5132218712307243
0.5132017781077947
0.5131817059849533
0.5131616548664247
0.5131416247565348
0.5131216156597086
0.513101627580469
0.5130816605234365
0.5130617144933274
0.5130417894949525
0.5130218855332163
0.5130020026131151
0.512982140739737
0.5129622999182591
0.5129424801539482
0.5129226814521578
0.5129029038183279
0.5128831472579837
0.5128634117767344
0.5128436973802725
0.5128240040743709
0.512804331864884
0.5127846807577453
0.5127650507589661
0.5127454418746347
0.5127258541109159
0.5127062874740482
0.5126867419703443
0.512667217606189
0.5126477143880387
0.5126282323224192
0.5126087714159256
0.5125893316752215
0.5125699131070358
0.512550515718164
0.5125311395154659
0.5125117845058644
0.5124924506963446
0.512473138093953
0.5124538467057955
0.5124345765390375
0.5124153276009016
0.5123960998986673
0.5123768934396694
0.5123577082312978
0.5123385442809949
0.5123194015962557
0.5123002801846264
0.5122811800537036
0.5122621012111319
0.5122430436646047
0.5122240074218618
0.5122049924906888
0.512185998878916
0.5121670265944173
0.5121480756451088
0.5121291460389484
0.5121102377839344
0.5120913508881041
0.5120724853595331
0.5120536412063343
0.5120348184366568
0.5120160170586846
0.5119972370806356
0.5119784785107613
0.5119597413573442
0.5119410256286984
0.5119223313331674
0.511903658479124
0.511885007074968
0.5118663771291269
0.5118477686500529
0.5118291816462235
0.5118106161261397
0.5117920720983249
0.5117735495713243
0.5117550485537035
0.5117365690540481
0.5117181110809615
0.5116996746430653
0.5116812597489968
0.5116628664074097
0.5116444946269715
0.5116261444163636
0.5116078157842796
0.511589508739425
0.511571223290515
0.5115529594462748
0.5115347172154383
0.5115164966067465
0.5114982976289467
0.5114801202907925
0.5114619646010412
0.5114438305684543
0.5114257182017953
0.5114076275098298
0.5113895585013235
0.5113715111850422
0.5113534855697501
0.511335481664209
0.5113174994771776
0.5112995390174105
0.5112816002936568
0.5112636833146597
0.5112457880891547
0.5112279146258699
0.5112100629335241
0.5111922330208262
0.5111744248964735
0.5111566385691525
0.5111388740475359
0.5111211313402829
0.5111034104560385
0.5110857114034313
0.5110680341910732
0.5110503788275598
0.511032745321466
0.5110151336813494
0.5109975439157463
0.5109799760331718
0.5109624300421184
0.5109449059510561
0.5109274037684309
0.5109099235026633
0.5108924651621478
0.5108750287552528
0.5108576142903182
0.5108402217756558
0.5108228512195474
0.5108055026302448
0.5107881760159678
0.5107708713849046
0.5107535887452097
0.5107363281050037
0.5107190894723723
0.5107018728553654
0.5106846782619953
0.5106675057002378
0.5106503551780293
0.510633226703267
0.5106161202838081
0.5105990359274677
0.51058197364202
0.5105649334351947
0.5105479153146789
0.5105309192881146
0.5105139453630976
0.5104969935471778
0.5104800638478578
0.5104631562725915
0.5104462708287838
0.51042940752379
0.5104125663649138
0.5103957473594078
0.5103789505144721
0.510362175837253
0.5103454233348423
0.5103286930142777
0.5103119848825397
0.5102952989465526
0.5102786352131828
0.5102619936892385
0.5102453743814682
0.5102287772965599
0.5102122024411414
0.5101956498217779
0.5101791194449717
0.5101626113171621
0.5101461254447239
0.5101296618339665
0.510113220491133
0.5100968014224001
0.5100804046338766
0.5100640301316025
0.5100476779215488
0.5100313480096164
0.5100150404016345
0.5099987551033615
0.5099824921204823
0.509966251458609
0.5099500331232789
0.5099338371199551
0.5099176634540238
0.5099015121307954
0.5098853831555024
0.5098692765332993
0.5098531922692613
0.5098371303683842
0.5098210908355824
0.5098050736756898
0.5097890788934578
0.5097731064935542
0.5097571564805641
0.509741228858987
0.5097253236332376
0.5097094408076449
0.5096935803864502
0.5096777423738075
0.5096619267737824
0.5096461335903515
0.509630362827401
0.509614614488727
0.5095988885780334
0.5095831850989322
0.5095675040549427
0.5095518454494897
0.5095362092859045
0.5095205955674221
0.5095050042971825
0.5094894354782282
0.5094738891135042
0.5094583652058577
0.5094428637580369
0.5094273847726901
0.5094119282523649
0.5093964941995082
0.5093810826164646
0.5093656935054767
0.5093503268686825
0.5093349827081174
0.5093196610257109
0.5093043618232875
0.5092890851025653
0.5092738308651552
0.5092585991125609
0.5092433898461773
0.5092282030672907
0.5092130387770768
0.5091978969766016
0.5091827776668194
0.509167680848573
0.5091526065225924
0.5091375546894938
0.5091225253497805
0.5091075185038405
0.5090925341519463
0.5090775722942544
0.5090626329308049
0.5090477160615204
0.5090328216862053
0.5090179498045457
0.5090031004161072
0.5089882735203364
0.5089734691165586
0.508958687203978
0.5089439277816766
0.5089291908486131
0.5089144764036238
0.5088997844454202
0.5088851149725893
0.5088704679835929
0.5088558434767667
0.5088412414503197
0.5088266619023334
0.508812104830762
0.5087975702334305
0.5087830581080348
0.5087685684521415
0.508754101263186
0.5087396565384733
0.5087252342751759
0.5087108344703349
0.5086964571208578
0.5086821022235184
0.508667769774957
0.5086534597716788
0.5086391722100532
0.5086249070863145
0.5086106643965591
0.5085964441367473
0.5085822463027015
0.5085680708901049
0.5085539178945028
0.5085397873112998
0.5085256791357612
0.5085115933630111
0.5084975299880328
0.5084834890056669
0.5084694704106121
0.5084554741974235
0.5084415003605136
0.5084275488941495
0.5084136197924544
0.5083997130494059
0.5083858286588352
0.5083719666144281
0.5083581269097225
0.5083443095381092
0.508330514492831
0.5083167417669816
0.5083029913535064
0.5082892632451996
0.5082755574347069
0.5082618739145218
0.5082482126769875
0.5082345737142946
0.5082209570184816
0.5082073625814344
0.508193790394885
0.5081802404504118
0.5081667127394389
0.508153207253235
0.5081397239829135
0.5081262629194321
0.5081128240535919
0.5080994073760369
0.5080860128772533
0.5080726405475705
0.5080592903771582
0.5080459623560281
0.508032656474032
0.5080193727208614
0.5080061110860487
0.5079928715589641
0.5079796541288175
0.5079664587846563
0.5079532855153659
0.5079401343096694
0.5079270051561261
0.5079138980431317
0.5079008129589183
0.507887749891553
0.5078747088289385
0.5078616897588112
0.5078486926687423
0.5078357175461365
0.5078227643782319
0.507809833152099
0.5077969238546411
0.5077840364725934
0.5077711709925224
0.5077583274008263
0.507745505683733
0.5077327058273018
0.5077199278174211
0.5077071716398092
0.5076944372800133
0.5076817247234094
0.5076690339552016
0.507656364960422
0.5076437177239299
0.5076310922304119
0.5076184884643818
0.507605906410179
0.507593346051969
0.5075808073737431
0.5075682903593177
0.5075557949923339
0.5075433212562573
0.507530869134378
0.5075184386098089
0.5075060296654874
0.5074936422841735
0.5074812764484493
0.5074689321407202
0.5074566093432126
0.5074443080379751
0.5074320282068778
0.5074197698316116
0.5074075328936876
0.5073953173744378
0.5073831232550137
0.5073709505163867
0.5073587991393477
0.5073466691045067
0.5073345603922915
0.5073224729829494
0.5073104068565454
0.5072983619929622
0.5072863383719
0.5072743359728762
0.5072623547752257
0.5072503947580989
0.5072384559004636
0.5072265381811025
0.5072146415786155
0.5072027660714169
0.5071909116377363
0.5071790782556188
0.5071672659029239
0.5071554745573253
0.5071437041963114
0.5071319547971835
0.5071202263370578
0.5071085187928628
0.5070968321413409
0.5070851663590473
0.5070735214223492
0.5070618973074269
0.5070502939902728
0.5070387114466908
0.5070271496522973
0.5070156085825196
0.5070040882125961
0.5069925885175768
0.5069811094723226
0.5069696510515042
0.5069582132296038
0.5069467959809131
0.506935399279534
0.5069240230993781
0.5069126674141669
0.5069013321974309
0.5068900174225106
0.5068787230625548
0.5068674490905212
0.5068561954791766
0.5068449622010962
0.5068337492286632
0.5068225565340693
0.506811384089314
0.5068002318662049
0.5067890998363571
0.5067779879711932
0.506766896241943
0.5067558246196437
0.50674477307514
0.5067337415790822
0.5067227301019291
0.5067117386139447
0.5067007670852002
0.5066898154855729
0.5066788837847469
0.5066679719522115
0.5066570799572624
0.5066462077690019
0.5066353553563364
0.5066245226879798
0.5066137097324502
0.5066029164580717
0.5065921428329734
0.5065813888250899
0.5065706544021608
0.5065599395317306
0.5065492441811491
0.5065385683175706
0.5065279119079542
0.5065172749190638
0.5065066573174679
0.5064960590695393
0.5064854801414556
0.5064749204991981
0.5064643801085531
0.5064538589351112
0.5064433569442667
0.5064328741012182
0.5064224103709684
0.5064119657183237
0.5064015401078954
0.5063911335040977
0.506380745871149
0.5063703771730719
0.5063600273736921
0.5063496964366403
0.5063393843253492
0.5063290910030565
0.5063188164328033
0.5063085605774343
0.5062983233995976
0.5062881048617452
0.5062779049261331
0.5062677235548201
0.5062575607096685
0.5062474163523454
0.5062372904443205
0.506227182946867
0.5062170938210624
0.5062070230277874
0.506196970527726
0.5061869362813665
0.5061769202490004
0.5061669223907228
0.5061569426664327
0.5061469810358326
0.506137037458429
0.5061271118935319
0.5061172043002552
0.5061073146375167
0.5060974428640377
0.5060875889383439
0.5060777528187648
0.5060679344634335
0.5060581338302875
0.5060483508770683
0.506038585561322
0.5060288378403976
0.5060191076714502
0.5060093950114376
0.5059996998171228
0.505990022045073
0.5059803616516602
0.5059707185930606
0.5059610928252553
0.50595148430403
0.5059418929849756
0.5059323188234875
0.5059227617747664
0.5059132217938177
0.505903698835452
0.5058941928542859
0.5058847038047406
0.5058752316410429
0.5058657763172253
0.505856337787126
0.5058469160043886
0.5058375109224632
0.5058281224946053
0.5058187506738769
0.505809395413146
0.5058000566650871
0.5057907343821806
0.5057814285167146
0.5057721390207827
0.505762865846286
0.5057536089449324
0.5057443682682369
0.5057351437675216
0.5057259353939162
0.5057167430983579
0.505707566831591
0.5056984065441683
0.5056892621864502
0.5056801337086048
0.5056710210606092
0.5056619241922484
0.5056528430531156
0.5056437775926138
0.5056347277599537
0.5056256935041553
0.5056166747740483
0.5056076715182711
0.5055986836852715
0.505589711223308
0.5055807540804477
0.5055718122045686
0.5055628855433582
0.5055539740443148
0.5055450776547472
0.505536196321775
0.5055273299923284
0.5055184786131488
0.5055096421307894
0.5055008204916138
0.5054920136417982
0.5054832215273303
0.5054744440940099
0.5054656812874492
0.5054569330530722
0.5054481993361163
0.5054394800816315
0.505430775234481
0.5054220847393407
0.5054134085407003
0.5054047465828636
0.5053960988099475
0.5053874651658836
0.5053788455944177
0.5053702400391097
0.5053616484433348
0.505353070750283
0.5053445069029592
0.5053359568441842
0.5053274205165941
0.5053188978626405
0.505310388824592
0.5053018933445331
0.5052934113643646
0.505284942825804
0.5052764876703867
0.5052680458394642
0.5052596172742062
0.5052512019156
0.5052427997044507
0.5052344105813819
0.5052260344868352
0.5052176713610714
0.5052093211441699
0.5052009837760293
0.505192659196368
0.5051843473447236
0.5051760481604537
0.5051677615827364
0.50515948755057
0.5051512260027738
0.5051429768779875
0.5051347401146723
0.5051265156511112
0.5051183034254083
0.5051101033754902
0.5051019154391054
0.5050937395538251
0.5050855756570432
0.5050774236859766
0.5050692835776659
0.5050611552689745
0.5050530386965905
0.5050449337970254
0.5050368405066156
0.5050287587615218
0.5050206884977296
0.5050126296510503
0.5050045821571203
0.5049965459514015
0.5049885209691825
0.5049805071455775
0.5049725044155278
0.5049645127138012
0.5049565319749927
0.5049485621335252
0.5049406031236484
0.5049326548794408
0.504924717334809
0.5049167904234877
0.5049088740790407
0.5049009682348613
0.5048930728241714
0.5048851877800234
0.504877313035299
0.504869448522711
0.5048615941748015
0.5048537499239446
0.504845915702345
0.504838091442039
0.5048302770748944
0.504822472532611
0.5048146777467212
0.5048068926485896
0.5047991171694142
0.5047913512402253
0.5047835947918874
0.5047758477550987
0.5047681100603909
0.5047603816381308
0.504752662418519
0.5047449523315918
0.5047372513072202
0.5047295592751109
0.5047218761648066
0.5047142019056858
0.5047065364269634
0.5046988796576911
0.504691231526758
0.5046835919628896
0.5046759608946496
0.5046683382504398
0.5046607239584995
0.504653117946907
0.5046455201435792
0.5046379304762723
0.504630348872581
0.5046227752599406
0.5046152095656264
0.5046076517167531
0.5046001016402774
0.5045925592629946
0.5045850245115434
0.5045774973124029
0.5045699775918937
0.504562465276179
0.5045549602912641
0.504547462562997
0.5045399720170683
0.5045324885790126
0.504525012174207
0.504517542727873
0.5045100801650761
0.5045026244107264
0.5044951753895779
0.5044877330262307
0.5044802972451294
0.5044728679705643
0.5044654451266716
0.5044580286374338
0.5044506184266796
0.5044432144180845
0.504435816535171
0.5044284247013092
0.5044210388397162
0.5044136588734575
0.5044062847254465
0.504398916318445
0.504391553575064
0.5043841964177628
0.5043768447688507
0.5043694985504861
0.5043621576846775
0.5043548220932836
0.5043474916980133
0.5043401664204265
0.504332846181934
0.5043255309037977
0.5043182205071315
0.5043109149129005
0.5043036140419221
0.504296317814867
0.5042890261522572
0.5042817389744683
0.5042744562017291
0.5042671777541218
0.5042599035515825
0.5042526335139008
0.5042453675607212
0.5042381056115426
0.5042308475857182
0.5042235934024573
0.5042163429808234
0.5042090962397366
0.504201853097972
0.5041946134741616
0.5041873772867934
0.5041801444542118
0.5041729148946185
0.5041656885260725
0.5041584652664897
0.5041512450336436
0.5041440277451665
0.5041368133185479
0.5041296016711364
0.5041223927201386
0.5041151863826205
0.5041079825755072
0.5041007812155827
0.5040935822194911
0.5040863855037365
0.5040791909846825
0.5040719985785536
0.5040648082014345
0.504057619769271
0.5040504331978696
0.5040432484028984
0.5040360652998868
0.5040288838042257
0.5040217038311685
0.5040145252958301
0.5040073481131884
0.5040001721980834
0.5039929974652181
0.5039858238291586
0.503978651204334
0.5039714795050373
0.5039643086454244
0.5039571385395162
0.5039499691011964
0.5039428002442138
0.5039356318821814
0.5039284639285767
0.5039212962967428
0.5039141288998866
0.5039069616510815
0.5038997944632655
0.5038926272492427
0.5038854599216827
0.5038782923931213
0.5038711245759605
0.5038639563824684
0.5038567877247798
0.5038496185148963
0.5038424486646863
0.503835278085885
0.5038281066900953
0.503820934388787
0.5038137610932976
0.5038065867148325
0.5037994111644648
0.5037922343531355
0.5037850561916537
0.5037778765906976
0.5037706954608125
0.5037635127124134
0.5037563282557838
0.5037491420010756
0.5037419538583103
0.5037347637373784
0.5037275715480393
0.5037203771999225
0.5037131806025263
0.5037059816652194
0.5036987802972398
0.5036915764076954
0.5036843699055642
0.5036771606996941
0.5036699486988041
0.5036627338114824
0.5036555159461882
0.5036482950112512
0.5036410709148718
0.5036338435651209
0.5036266128699403
0.503619378737143
0.5036121410744125
0.5036048997893039
0.5035976547892428
0.5035904059815266
0.5035831532733235
0.5035758965716736
0.5035686357834882
0.50356137081555
0.5035541015745131
0.5035468279669035
0.5035395498991189
0.5035322672774284
0.5035249800079731
0.5035176879967658
0.503510391149691
0.5035030893725051
0.5034957825708368
0.5034884706501864
0.5034811535159258
0.5034738310732992
0.5034665032274231
0.5034591698832857
0.503451830945747
0.5034444863195392
0.5034371359092666
0.5034297796194054
0.5034224173543039
0.5034150490181823
0.503407674515133
0.50340029374912
0.5033929066239795
0.5033855130434196
0.5033781129110202
0.5033707061302334
0.5033632926043827
0.5033558722366636
0.5033484449301433
0.5033410105877607
0.5033335691123265
0.5033261204065229
0.5033186643729033
0.503311200913893
0.5033037299317886
0.5032962513287582
0.5032887650068407
0.5032812708679464
0.5032737688138569
0.5032662587462243
0.5032587405665722
0.5032512141762947
0.5032436794766562
0.5032361363687925
0.5032285847537096
0.5032210245322835
0.5032134556052608
0.5032058778732581
0.5031982912367621
0.5031906955961292
0.5031830908515857
0.5031754769032275
0.5031678536510197
0.5031602209947968
0.5031525788342628
0.50314492706899
0.5031372655984199
0.5031295943218627
0.5031219131384966
0.5031142219473687
0.5031065206473939
0.5030988091373546
0.5030910873159019
0.5030833550815531
0.5030756123326942
0.503067858967577
0.5030600948843211
0.5030523199809123
0.503044534155203
0.5030367373049119
0.5030289293276236
0.503021110120788
0.5030132795817212
0.503005437607604
0.5029975840954825
0.5029897189422674
0.5029818420447337
0.5029739532995211
0.5029660526031325
0.5029581398519349
0.5029502149421585
0.5029422777698968
0.5029343282311055
0.5029263662216032
0.5029183916370703
0.5029104043730497
0.5029024043249449
0.5028943913880213
0.5028863654574046
0.5028783264280815
0.5028702741948983
0.5028622086525618
0.502854129695638
0.5028460372185518
0.5028379311155868
0.5028298112808856
0.5028216776084478
0.5028135299921317
0.5028053683256519
0.5027971925025806
0.5027890024163459
0.502780797960232
0.5027725790273789
0.5027643455107819
0.5027560973032906
0.5027478342976094
0.5027395563862962
0.502731263461763
0.5027229554162741
0.5027146321419469
0.5027062935307504
0.5026979394745057
0.5026895698648848
0.5026811845934105
0.5026727835514558
0.5026643666302433
0.5026559337208448
0.502647484714181
0.5026390195010203
0.5026305379719795
0.5026220400175219
0.5026135255279577
0.5026049943934432
0.5025964465039799
0.502587881749415
0.5025793000194394
0.5025707012035878
0.5025620851912392
0.5025534518716139
0.5025448011337758
0.5025361328666286
0.5025274469589184
0.5025187432992311
0.5025100217759924
0.5025012822774668
0.5024925246917578
0.5024837489068059
0.5024749548103897
0.5024661422901241
0.5024573112334594
0.5024484615276815
0.502439593059911
0.5024307057171021
0.5024217993860426
0.5024128739533522
0.5024039293054829
0.5023949653287176
0.5023859819091698
0.5023769789327824
0.5023679562853275
0.5023589138524053
0.5023498515194431
0.5023407691716957
0.5023316666942433
0.5023225439719914
0.50231340088967
0.5023042373318329
0.5022950531828564
0.502285848326939
0.5022766226481006
0.5022673760301812
0.5022581083568409
0.5022488195115585
0.5022395093776302
0.5022301778381699
0.5022208247761077
0.5022114500741892
0.5022020536149742
0.5021926352808359
0.5021831949539617
0.5021737325163489
0.5021642478498074
0.5021547408359565
0.5021452113562245
0.5021356592918487
0.5021260845238729
0.5021164869331475
0.5021068664003288
0.5020972228058769
0.5020875560300557
0.5020778659529316
0.5020681524543726
0.5020584154140475
0.5020486547114237
0.5020388702257682
0.5020290618361452
0.502019229421415
0.5020093728602337
0.501999492031052
0.5019895868121137
0.5019796570814546
0.5019697027169024
0.5019597235960742
0.5019497195963774
0.5019396905950054
0.5019296364689404
0.5019195570949493
0.5019094523495837
0.501899322109179
0.5018891662498528
0.5018789846475035
0.5018687771778102
0.5018585437162304
0.5018482841379993
0.5018379983181287
0.5018276861314057
0.5018173474523913
0.5018069821554196
0.5017965901145962
0.5017861712037968
0.5017757252966667
0.5017652522666189
0.5017547519868332
0.5017442243302541
0.5017336691695911
0.5017230863773154
0.5017124758256608
0.5017018373866202
0.5016911709319458
0.5016804763331475
0.5016697534614908
0.5016590021879963
0.5016482223834378
0.5016374139183416
0.5016265766629839
0.5016157104873906
0.5016048152613355
0.5015938908543387
0.5015829371356653
0.5015719539743237
0.501560941239065
0.5015498987983802
0.5015388265205003
0.5015277242733931
0.5015165919247634
0.5015054293420502
0.501494236392426
0.5014830129427946
0.5014717588597901
0.5014604740097758
0.501449158258841
0.501437811472801
0.5014264335171948
0.5014150242572839
0.5014035835580506
0.5013921112841963
0.5013806073001389
0.5013690714700135
0.5013575036576687
0.5013459037266659
0.5013342715402768
0.5013226069614828
0.5013109098529727
0.5012991800771411
0.5012874174960869
0.5012756219716105
0.5012637933652139
0.5012519315380974
0.5012400363511589
0.5012281076649912
0.5012161453398807
0.5012041492358056
0.5011921192124345
0.501180055129123
0.5011679568449146
0.5011558242185358
0.5011436571083967
0.5011314553725875
0.5011192188688777
0.5011069474547132
0.5010946409872157
0.5010822993231796
0.5010699223190707
0.5010575098310237
0.5010450617148411
0.5010325778259903
0.5010200580196028
0.5010075021504705
0.5009949100730454
0.5009822816414367
0.5009696167094086
0.5009569151303793
0.5009441767574175
0.5009314014432413
0.5009185890402164
0.5009057394003522
0.5008928523753025
0.5008799278163608
0.5008669655744599
0.5008539655001685
0.5008409274436899
0.5008278512548597
0.5008147367831431
0.5008015838776332
0.5007883923870489
0.5007751621597317
0.5007618930436449
0.5007485848863705
0.5007352375351067
0.500721850836666
0.5007084246374733
0.5006949587835624
0.5006814531205753
0.5006679074937584
0.5006543217479607
0.5006406957276318
0.5006270292768189
0.5006133222391649
0.5005995744579056
0.5005857857758677
0.5005719560354654
0.5005580850786999
0.5005441727471545
0.500530218881994
0.500516223323961
0.5005021859133745
0.5004881064901263
0.5004739848936791
0.5004598209630636
0.5004456145368764
0.5004313654532769
0.5004170735499849
0.5004027386642781
0.5003883606329894
0.5003739392925038
0.500359474478757
0.5003449660272307
0.500330413772952
0.5003158175504896
0.500301177193951
0.5002864925369801
0.5002717634127545
0.5002569896539821
0.5002421710928995
0.500227307561268
0.5002123988903711
0.5001974449110124
0.500182445453512
0.5001674003477032
0.500152309422931
0.5001371725080482
0.5001219894314124
0.5001067600208837
0.5000914841038213
0.5000761615070807
0.5000607920570107
0.5000453755794503
0.5000299118997257
0.5000144008426476
0.49999884223250735
0.4999832358930752
0.49996758164759564
0.4999518793187855
0.4999361287288303
0.4999203296993814
0.4999044820515525
0.49988858560591654
0.49987264018250294
0.499856645600794
0.49984060167972133
0.4998245082376638
0.4998083650924428
0.49979217206132
0.499775928960994
0.49975963560759623
0.49974329181668836
0.49972689740325893
0.4997104521817196
0.4996939559659021
0.4996774085690543
0.49966080980383776
0.49964415948232366
0.4996274574159887
0.49961070341571306
0.49959389729177606
0.4995770388538523
0.49956012791100934
0.4995431642717024
0.4995261477437731
0.4995090781344431
0.49949195525031304
0.49947477889735714
0.49945754888092103
0.4994402650057165
0.4994229270758188
0.49940553489466305
0.49938808826504016
0.49937058698909287
0.4993530308683123
0.4993354197035345
0.4993177532949358
0.49930003144202995
0.4992822539436631
0.49926442059801135
0.49924653120257584
0.4992285855541791
0.4992105834489612
0.49919252468237585
0.49917440904918675
0.4991562363434623
0.49913800635857325
0.499119718887188
0.49910137372126806
0.4990829706520648
0.49906450947011494
0.4990459899652362
0.4990274119265238
0.49900877514234593
0.49899007940033957
0.4989713244874062
0.4989525101897078
0.4989336362926629
0.4989147025809415
0.4988957088384615
0.49887665484838395
0.4988575403931095
0.4988383652542728
0.49881912921273897
0.49879983204859946
0.4987804735411667
0.4987610534689707
0.49874157160975396
0.49872202774046687
0.49870242163726375
0.49868275307549786
0.49866302182971745
0.49864322767366015
0.4986233703802494
0.4986034497215896
0.49858346546896065
0.4985634173928148
0.49854330526277063
0.49852312884760874
0.4985028879152676
0.4984825822328377
0.4984622115665579
0.4984417756818099
0.4984212743431135
0.4984007073141219
0.4983800743576171
0.49835937523550455
0.498338609708808
0.4983177775376653
0.4982968784813232
0.49827591229813195
0.49825487874554064
0.498233777580092
0.4982126085574175
0.49819137143223213
0.4981700659583293
0.49814869188857547
0.49812724897490573
0.4981057369683176
0.4980841556188669
0.4980625046756609
0.49804078388685524
0.4980189929996465
0.49799713176026844
0.497975199913986
0.4979531972050895
0.49793112337689044
0.49790897817171464
0.49788676133089826
0.49786447259478084
0.4978421117027011
0.4978196783929903
0.49779717240296806
0.49777459346893504
0.497751941326169
0.49772921570891765
0.4977064163503947
0.49768354298277234
0.4976605953371769
0.4976375731436824
0.4976144761313053
0.4975913040279979
0.4975680565606434
0.4975447334550499
0.4975213344359434
0.4974978592269636
0.4974743075506571
0.49745067912847085
0.4974269736807476
0.4974031909267183
0.49737933058449746
0.4973553923710762
0.49733137600231625
0.49730728119294426
0.4972831076565451
0.497258855105556
0.4972345232512603
0.49721011180378105
0.4971856204720747
0.4971610489639253
0.4971363969859376
0.497111664243531
0.49708685044093254
0.49706195528117153
0.4970369784660725
0.49701191969624847
0.4969867786710953
0.49696155508878376
0.49693624864625435
0.4969108590392104
0.49688538596211057
0.49685982910816295
0.49683418816931835
0.49680846283626373
0.4967826527984147
0.49675675774390926
0.4967307773596015
0.4967047113310534
0.49667855934252897
0.49665232107698776
0.49662599621607656
0.4965995844401236
0.4965730854281306
0.4965464988577671
0.4965198244053619
0.4964930617458965
0.4964662105529989
0.49643927049893477
0.4964122412546019
0.4963851224895217
0.4963579138718328
0.49633061506828313
0.49630322574422314
0.4962757455635982
0.4962481741889413
0.4962205112813657
0.49619275650055683
0.49616490950476627
0.4961369699508025
0.4961089374940246
0.4960808117883342
0.4960525924861682
0.49602427923849024
0.4959958716947843
0.49596736950304615
0.49593877230977557
0.4959100797599693
0.49588129149711246
0.49585240716317086
0.4958234263985838
0.49579434884225493
0.49576517413154575
0.49573590190226635
0.49570653178866847
0.4956770634234364
0.49564749643767997
0.49561783046092545
0.4955880651211083
0.49555820004456436
0.4955282348560217
0.49549816917859324
0.4954680026337669
0.49543773484139847
0.4954073654197032
0.49537689398524687
0.4953463201529376
0.49531564353601765
0.49528486374605446
0.49525398039293317
0.4952229930848461
0.4951919014282865
0.49516070502803783
0.49512940348716683
0.49509799640701346
0.4950664833871831
0.4950348640255374
0.4950031379181852
0.49497130465947475
0.4949393638419828
0.4949073150565083
0.49487515789206155
0.4948428919358556
0.4948105167732979
0.49477803198798065
0.49474543716167174
0.4947127318743058
0.49467991570397496
0.4946469882269199
0.4946139490175202
0.4945807976482855
0.49454753368984544
0.4945141567109417
0.4944806662784173
0.49444706195720767
0.4944133433103317
0.4943795098988812
0.49434556128201246
0.494311497016936
0.4942773166589074
0.49424301976121726
0.494208605875182
0.4941740745501341
0.4941394253334116
0.49410465777034984
0.4940697714042699
0.49403476577647054
0.4939996404262166
0.4939643948907308
0.49392902870518224
0.4938935414026773
0.49385793251425003
0.4938222015688504
0.49378634809333666
0.49375037161246293
0.4937142716488704
0.4936780477230765
0.4936416993534657
0.49360522605627777
0.49356862734559825
0.49353190273334846
0.4934950517292747
0.4934580738409377
0.49342096857370255
0.4933837354307278
0.4933463739129561
0.49330888351910157
0.49327126374564156
0.49323351408680427
0.4931956340345593
0.49315762307860617
0.49311948070636374
0.4930812064029601
0.49304279965122105
0.49300425993165947
0.49296558672246493
0.4929267794994924
0.4928878377362512
0.49284876090389435
0.49280954847120756
0.49277019990459836
0.4927307146680844
0.49269109222328344
0.49265133202940115
0.49261143354322096
0.4925713962190922
0.49253121950891865
0.4924909028621488
0.4924504457257626
0.4924098475442617
0.49236910775965737
0.4923282258114593
0.49228720113666435
0.4922460331697449
0.4922047213426378
0.4921632650847324
0.4921216638228591
0.4920799169812784
0.4920380239816686
0.4919959842431151
0.4919537971820972
0.4919114622124786
0.49186897874549396
0.4918263461897379
0.4917835639511535
0.4917406314330197
0.4916975480359408
0.49165431315783326
0.4916109261939151
0.4915673865366931
0.4915236935759513
0.49147984669873945
0.49143584528936024
0.4913916887293583
0.49134737639750725
0.4913029076697987
0.49125828191942944
0.4912134985167896
0.4911685568294509
0.491123456222154
0.4910781960567972
0.4910327756924234
0.4909871944852085
0.4909414517884494
0.49089554695255083
0.49084947932501477
0.49080324825042654
0.49075685307044375
0.49071029312378345
0.49066356774621
0.4906166762705231
0.490569618026545
0.4905223923411083
0.49047499853804394
0.4904274359381685
0.49037970385927215
0.49033180161610584
0.49028372852036967
0.4902354838806998
0.49018706700265624
0.49013847718871056
0.4900897137382336
0.4900407759474829
0.48999166310958997
0.4899423745145486
0.4898929094492015
0.489843267197229
0.4897934470391355
0.4897434482522378
0.489693270110652
0.48964291188528175
0.4895923728438055
0.4895416522506638
0.48949074936704723
0.48943966345088397
0.4893883937568267
0.48933693953624186
0.48928530003719456
0.48923347450443894
0.4891814621794037
0.48912926230018117
0.4890768741015138
0.4890242968147828
0.4889715296679942
0.4889185718857688
0.4888654226893276
0.4888120812964808
0.48875854692161563
0.48870481877568306
0.4886508960661859
0.4885967779971673
0.4885424637691977
0.48848795257936284
0.48843324362125184
0.4883783360849448
0.4883232291570005
0.48826792202044494
0.48821241385475883
0.4881567038358655
0.48810079113611904
0.4880446749242926
0.48798835436556587
0.48793182862151374
0.4878750968500945
0.487818158205637
0.48776101183883064
0.487703656896712
0.4876460925226544
0.4875883178563549
0.4875303320338247
0.48747213418737534
0.4874137234456091
0.48735509893340667
0.48729625977191565
0.4872372050785396
0.48717793396692727
0.48711844554696015
0.48705873892474294
0.48699881320259053
0.48693866747901904
0.48687830084873357
0.486817712402618
0.4867569012277235
0.4866958664072591
0.4866346070205796
0.4865731221431759
0.4865114108466644
0.48644947219877677
0.4863873052633492
0.4863249091003129
0.4862622827656831
0.48619942531154947
0.48613633578606713
0.4860730132334451
0.48600945669393764
0.48594566520383486
0.48588163779545224
0.48581737349712195
0.4857528713331841
0.4856881303239761
0.4856231494858245
0.4855579278310365
0.48549246436789023
0.4854267581006262
0.4853608080294394
0.4852946131504703
0.48522817245579675
0.4851614849334258
0.48509454956728565
0.48502736533721785
0.4849599312189693
0.48489224618418536
0.48482430920040165
0.4847561192310369
0.48468767523538636
0.48461897616861493
0.48455002098174893
0.4844808086216713
0.48441133803111397
0.48434160814865246
0.4842716179086989
0.4842013662414967
0.4841308520731149
0.48406007432544207
0.4839890319161817
0.48391772375884623
0.4838461487627531
0.48377430583301906
0.48370219387055613
0.48362981177206754
0.4835571584300431
0.4834842327327555
0.48341103356425646
0.48333755980437454
0.48326381032870974
0.48318978400863233
0.4831154797112797
0.4830408962995535
0.48296603263211774
0.482890887563397
0.48281545994357417
0.48273974861858965
0.48266375243013954
0.4825874702156755
0.4825109008084033
0.4824340430372828
0.4823568957270285
0.4822794576981088
0.4822017277667471
0.4821237047449224
0.4820453874403708
0.4819667746565862
0.48188786519282284
0.48180865784409743
0.48172915140119066
0.48164934465065073
0.4815692363747961
0.4814888253517192
0.4814081103552899
0.48132709015515973
0.4812457635167663
0.4811641292013382
0.48108218596590047
0.4809999325632794
0.48091736774210936
0.48083449024683883
0.48075129881773726
0.4806677921909014
0.4805839690982641
0.48049982826760157
0.4804153684225416
0.4803305882825729
0.48024548656305355
0.4801600619752218
0.4800743132262046
0.47998823901902965
0.47990183805263553
0.47981510902188296
0.4797280506175677
0.4796406615264318
0.4795529404311774
0.47946488601047915
0.479376496938999
0.4792877718873997
0.4791987095223602
0.4791093085065906
0.47901956749884844
0.4789294851539546
0.4788390601228107
0.47874829105241606
0.4786571765858858
0.4785657153624703
0.4784739060175725
0.4783817471827697
0.4782892374858315
0.47819637555074307
0.4781031599977246
0.47800958944325433
0.477915662500091
0.4778213777772964
0.4777267338802605
0.47763172941072485
0.47753636296680796
0.4774406331430312
0.477344538530345
0.47724807771615607
0.4771512492843548
0.4770540518153436
0.4769564838860669
0.47685854407003914
0.47676023093737685
0.47666154305482844
0.47656247898580745
0.4764630372904235
0.47636321652551683
0.4762630152446916
0.47616243199835073
0.4760614653337315
0.4759601137949417
0.47585837592299696
0.47575625025585777
0.47565373532846866
0.47555082967279727
0.47544753181787436
0.4753438402898352
0.4752397536119606
0.4751352703047199
0.47503038888581467
0.47492510787022163
0.47481942577023983
0.47471334109553387
0.4746068523531829
0.47449995804772727
0.474392656681217
0.4742849467532611
0.4741768267610785
0.47406829519954813
0.4739593505612618
0.47384999133657674
0.47374021601367017
0.4736300230785924
0.4735194110153253
0.4734083783058359
0.47329692343013646
0.473185044866342
0.4730727410907299
0.47296001057780057
0.4728468518003389
0.47273326322947695
0.4726192433347569
0.47250479058419637
0.4723899034443532
0.4722745803803924
0.47215881985615304
0.4720426203342183
0.4719259802759831
0.47180889814172616
0.47169137239068143
0.47157340148111065
0.4714549838703769
0.4713361180150204
0.4712168023708333
0.4710970353929379
0.4709768155358641
0.4708561412536286
0.4707350109998155
0.47061342322765826
0.470491376390121
0.4703688689399832
0.4702458993299241
0.4701224660126094
0.46999856744077645
0.4698742020673248
0.4697493683454042
0.46962406472850515
0.46949828967055096
0.46937204162599083
0.4692453190498928
0.46911812039804013
0.4689904441270266
0.46886228869435503
0.46873365255853505
0.4686045341791835
0.46847493201712564
0.46834484453449643
0.4682142701948455
0.46808320746324056
0.46795165480637385
0.46781961069266864
0.46768707359238815
0.46755404197774464
0.4674205143230101
0.46728648910462817
0.46715196480132687
0.46701693989423365
0.4668814128669897
0.4667453822058685
0.4666088463998912
0.46647180394094867
0.46633425332391887
0.4661961930467908
0.4660576216107859
0.4659185375204825
0.46577893928394104
0.4656388254128302
0.4654981944225545
0.46535704483238316
0.46521537516558037
0.465073183949536
0.46493046971589813
0.46478723100070657
0.46464346634452774
0.46449917429259024
0.4643543533949224
0.4642090022064906
0.46406311928733773
0.46391670320272477
0.4637697525232725
0.4636222658251035
0.4634742416899874
0.4633256787054847
0.46317657546509416
0.46302693056839933
0.4628767426212182
0.46272601023575133
0.46257473203073385
0.4624229066315859
0.4622705326705671
0.462117608786929
0.46196413362707067
0.4618101058446948
0.46165552410096444
0.46150038706466123
0.46134469341234396
0.4611884418285094
0.4610316310057525
0.4608742596449289
0.46071632645531746
0.46055783015478435
0.46039876946994784
0.46023914313634356
0.4600789498985914
0.4599181885105629
0.45975685773554936
0.45959495634643105
0.459432483125847
0.45926943686636595
0.4591058163706573
0.4589416204516643
0.45877684793277584
0.4586114976480011
0.4584455684421435
0.45827905917097617
0.458111968701417
0.45794429591170555
0.45777603969157976
0.45760719894245383
0.4574377725775959
0.45726775952230714
0.4570971587141003
0.45692596910288
0.45675418965112224
0.45658181933405584
0.45640885713984214
0.45623530206975743
0.45606115313837414
0.45588640937374264
0.45571106981757387
0.45553513352542185
0.4553585995668662
0.4551814670256957
0.45500373500009056
0.45482540260280657
0.45464646896135835
0.4544669332182021
0.45428679453092025
0.45410605207240395
0.45392470503103755
0.4537427526108812
0.4535601940318549
0.453377028529921
0.45319325535726795
0.4530088737824931
0.45282388309078453
0.4526382825841049
0.4524520715813719
0.45226524941864077
0.45207781544928577
0.4518897690441804
0.45170110959187854
0.4515118364987939
0.4513219491893792
0.4511314471063058
0.45094032971064074
0.4507485964820251
0.4505562469188501
0.45036328053843405
0.4501696968771963
0.4499754954908327
0.449780675954489
0.4495852378629319
0.44938918083072343
0.44919250449238945
0.44899520850258956
0.4487972925362862
0.4485987562889114
0.448399599476533
0.4481998218360198
0.4479994231252054
0.4477984031230492
0.447596761629799
0.4473944984671496
0.4471916134784009
0.44698810652861487
0.44678397750476995
0.44657922631591496
0.44637385289332016
0.4461678571906287
0.4459612391840033
0.4457539988722734
0.44554613627708073
0.44533765144302084
0.4451285444377846
0.4449188153522967
0.4447084643008539
0.44449749142125783
0.44428589687494924
0.4440736808471377
0.443860843546931
0.4436473852074597
0.4434333060860027
0.44321860646410655
0.44300328664770705
0.4427873469672433
0.4425707877777742
0.4423536094590884
0.4421358124158137
0.44191739707752387
0.4416983638988421
0.441478713359542
0.4412584459646459
0.44103756224452095
0.44081606275497
0.44059394807732394
0.4403712188185262
0.4401478756112177
0.4399239191138178
0.43969935001060195
0.43947416901177566
0.4392483768535471
0.4390219742981954
0.43879496213413477
0.4385673411759778
0.438339112264593
0.4381102762671606
0.43788083407722483
0.43765078661474144
0.43742013482612385
0.4371888796842841
0.43695702218867133
0.43672456336530585
0.43649150426681094
0.4362578459724393
0.4360235895880974
0.43578873624636527
0.4355532871065129
0.4353172433545133
0.43508060620305006
0.4348433768915242
0.43460555668605444
0.43436714687947436
0.43412814879132633
0.43388856376785134
0.43364839318197457
0.4334076384332872
0.43316630094802405
0.4329243821790376
0.4326818836057681
0.432438806734209
0.43219515309686896
0.43195092425272974
0.43170612178719986
0.43146074731206363
0.43121480246542754
0.43096828891166156
0.43072120834133565
0.43047356247115354
0.4302253530438819
0.42997658182827453
0.42972725061899386
0.42947736123652713
0.4292269155270991
0.4289759153625796
0.42872436264038816
0.42847225928339394
0.4282196072398114
0.42796640848309153
0.42771266501181016
0.4274583788495498
0.42720355204477994
0.42694818667073126
0.4266922848252674
0.42643584863075024
0.4261788802339034
0.42592138180567063
0.4256633555410697
0.4254048036590427
0.42514572840230286
0.4248861320371759
0.4246260168534383
0.4243653851641516
0.42410423930549224
0.4238425816365775
0.42358041453928813
0.423317740418086
0.42305456169982825
0.4227908808335787
0.4225267002904127
0.42226202256322165
0.4219968501665104
0.42173118563619305
0.42146503152938464
0.4211983904241876
0.4209312649194777
0.42066365763468233
0.42039557120955867
0.42012700830396643
0.41985797159763716
0.4195884637899412
0.4193184875996498
0.41904804576469457
0.41877714104192393
0.418505776206855
0.4182339540534231
0.41796167739372864
0.4176889490577793
0.4174157718932303
0.41714214876512085
0.4168680825556077
0.4165935761636965
0.41631863250496925
0.4160432545113091
0.41576744513062236
0.4154912073265579
0.4152145440782242
0.4149374583799027
0.4146599532407587
0.4143820316845518
0.4141036967493398
0.4138249514871845
0.4135457989638526
0.41326624225851405
0.4129862844634401
0.4127059286836971
0.41242517803683965
0.412144035652601
0.41186250467258134
0.41158058824993393
0.4112982895490511
0.4110156117452458
0.410732558024433
0.41044913158281005
0.4101653356265334
0.4098811733713949
0.4095966480424973
0.40931176287392723
0.4090265211084274
0.4087409259970668
0.4084549807989104
0.40816868878068885
0.40788205321646337
0.40759507738729406
0.4073077645809044
0.407020118091346
0.406732141218662
0.4064438372685501
0.4061552095520249
0.4058662613850802
0.405576996088349
0.40528741698676535
0.4049975274092234
0.40470733068823866
0.4044168301596074
0.40412602916206564
0.4038349310369491
0.40354353912785296
0.4032518567802903
0.40295988734135263
0.4026676341593691
0.40237510058356624
0.40208228996372863
0.4017892056498593
0.40149585099184004
0.4012022293390943
0.40090834404024794
0.4006141984427922
0.40031979589274763
0.4000251397343273
0.39973023330960267
0.3994350799581679
0.39913968301680813
0.39884404581916655
0.3985481716954131
0.398252063971914
0.3979557259709038
0.39765916101015664
0.39736237240266115
0.3970653634562933
0.39676813747349543
0.396470697750952
0.39617304757927024
0.39587519024266005
0.39557712901861763
0.39527886717760913
0.39498040798275696
0.39468175468952704
0.39438291054542
0.3940838787896601
0.39378466265289164
0.3934852653568723
0.39318569011417204
0.3928859401278715
0.39258601859126485
0.3922859286875634
0.39198567358960074
0.3916852564595428
0.3913846804485973
0.3910839486967274
0.39078306433236687
0.3904820304721379
0.3901808502205717
0.38987952666983094
0.3895780628994354
0.38927646197598964
0.3889747269529134
0.38867286087017494
0.38837086675402727
0.3880687476167457
0.38776650645636934
0.3874641462564456
0.38716166998577634
0.38685908059816754
0.386556381032182
0.38625357421089396
0.3859506630416477
0.3856476504158182
0.38534453920857525
0.38504133227865023
0.3847380324681059
0.3844346426021092
0.3841311654887069
0.3838276039186044
0.38352396066494754
0.38322023848310754
0.38291644011046844
0.38261256826621914
0.38230862565114476
0.3820046149474275
0.381700538818443
0.38139639990856633
0.38109220084297657
0.380787944227467
0.38048363264825724
0.38017926867180935
0.37987485484464567
0.3795703936931716
0.3792658877234994
0.3789613394212775
0.3786567512515202
0.3783521256584429
0.37804746506529885
0.3777427718742197
0.37743804846605855
0.37713329720023736
0.3768285204145951
0.3765237204252421
0.37621889952641385
0.37591405999033123
0.3756092040670611
0.3753043339843815
0.3749994519476492
0.3746945601396704
0.3743896607205746
0.37408475582768963
0.37377984757542393
0.3734749380551462
0.3731700293350715
0.3728651234601502
0.37256022245195736
0.37225532830858876
0.37195044300455415
0.37164556849068
0.37134070669400887
0.3710358595177061
0.3707310288409662
0.370426216518923
0.3701214243825629
0.36981665423864
0.36951190786959454
0.36920718703347233
0.36890249346384896
0.36859782886975473
0.36829319493560286
0.36798859332111955
0.3676840256612778
0.3673794935662309
0.3670749986212521
0.3667705423866722
0.36646612639782344
0.3661617521649827
0.3658574211733183
0.3655531348828386
0.3652488947283431
0.36494470211937385
0.3646405584401729
0.3643364650496358
0.3640324232812731
0.3637284344431697
0.3634244998179483
0.3631206206627322
0.36281679820911333
0.3625130336631186
0.362209328205181
0.3619056829901098
0.3616020991470639
0.36129857777952623
0.36099511996527933
0.36069172675638395
0.36038839917915694
0.3600851382341519
0.3597819448961411
0.35947882011409793
0.3591757648111819
0.3588727798847237
0.35856986620621095
0.35826702462127774
0.3579642559496919
0.3576615609853455
0.3573589404962451
0.3570563952245046
0.35675392588633614
0.35645153317204487
0.35614921774602265
0.35584698024674266
0.35554482128675535
0.35524274145268464
0.3549407413052246
0.3546388213791367
0.354336982183247
0.35403522420044586
0.35373354788768463
0.35343195367597613
0.35313044197039273
0.35282901315006626
0.352527667568187
0.352226405552004
0.35192522740282406
0.35162413339601156
0.3513231237809886
0.35102219878123403
0.3507213585942833
0.35042060339172604
0.3501199333192078
0.34981934849642604
0.34951884901712943
0.3492184349491158
0.348918106334229
0.3486178631883556
0.34831770550142166
0.3480176332373879
0.34771764633424423
0.34741774470400466
0.3471179282326993
0.346818196780368
0.3465185501810522
0.34621898824278297
0.34591951074757343
0.34562011745140564
0.34532080808421767
0.34502158234989094
0.344722439926233
0.34442338046496324
0.3441244035916935
0.3438255089059095
0.34352669598094937
0.34322796436398223
0.34292931357598355
0.3426307431117095
0.3423322524396708
0.34203384100210166
0.3417355082149312
0.34143725346774867
0.34113907612377004
0.340840975519801
0.34054295096619724
0.3402450017468249
0.3399471271190171
0.33964932631352757
0.33935159853448477
0.33905394295934077
0.33875635873881865
0.33845884499685885
0.33816140083056073
0.3378640253101224
0.33756671747877953
0.33726947635273824
0.33697230092110775
0.33667519014583036
0.33637814296160523
0.3360811582758137
0.33578423496843884
0.3354873718919815
0.33519056787137613
0.33489382170389936
0.3345971321590794
0.33430049797859873
0.33400391787619577
0.33370739053756104
0.33341091462023276
0.3331144887534848
0.3328181115382145
0.3325217815468263
0.3322254973231083
0.33192925738211015
0.3316330602100124
0.33133690426399476
0.3310407879720998
0.3307447097330916
0.3304486679163099
0.3301526608615235
0.3298566868787747
0.3295607442482216
0.32926483121997724
0.3289689460139424
0.3286730868196329
0.32837725179600674
0.32808143907128073
0.3277856467427469
0.3274898728765817
0.32719411550765204
0.3268983726393137
0.3266026422432088
0.32630692225905367
0.32601121059442495
0.3257155051245393
0.3254198036920276
0.325124104106704
0.3248284041453296
0.3245327015513713
0.32423699403475376
0.3239412792716069
0.32364555490400754
0.3233498185397148
0.32305406775190015
0.32275830007887174
0.3224625130237925
0.3221667040543918
0.3218708706026725
0.3215750100646102
0.321279119799848
0.32098319713138285
0.3206872393452482
0.3203912436901888
0.3200952073773278
0.3197991275798311
0.3195030014325614
0.3192068260317274
0.31891059843452674
0.3186143156587813
0.3183179746825654
0.3180215724438293
0.3177251058400132
0.3174285717276562
0.3171319669219971
0.3168352881965696
0.31653853228278817
0.31624169586953016
0.315944775602707
0.3156477680848308
0.31535066987457316
0.3150534774863165
0.3147561873896975
0.3144587960091441
0.314161299723406
0.3138636948650747
0.3135659777200995
0.31326814452729357
0.3129701914778349
0.31267211471475725
0.3123739103324356
0.3120755743760628
0.3117771028411206
0.3114784916728396
0.31117973676565625
0.3108808339626586
0.3105817790550267
0.3102825677814645
0.3099831958276251
0.30968365882552773
0.3093839523529681
0.3090840719329209
0.3087840130329349
0.30848377106452124
0.30818334138253445
0.3078827192845463
0.3075819000102112
0.30728087874062765
0.30697965059768934
0.30667821064343226
0.3063765538793719
0.30607467524583853
0.30577256962130006
0.30547023182168404
0.3051676565996892
0.3048648386440938
0.30456177257905587
0.304258452963409
0.3039548742899517
0.30365103098473256
0.3033469174063277
0.30304252784511604
0.3027378565225476
0.3024328975904089
0.30212764513008183
0.30182209315180053
0.3015162355939039
0.301210066322084
0.30090357912863097
0.30059676773167676
0.30028962577443474
0.299982146824437
0.29967432437277164
0.2993661518333162
0.299057622541972
0.2987487297558967
0.2984394666527375
0.2981298263298642
0.2978198018036029
0.2975093860084718
0.29719857179641807
0.29688735193605725
0.29657571911191627
0.29626366592367936
0.2959511848854385
0.29563826842494867
0.29532490888288887
0.2950110985121288
0.2946968294770038
0.29438209385259617
0.29406688362402583
0.29375119068575006
0.2934350068408738
0.2931183238004718
0.2928011331829198
0.2924834265132431
0.29216519522247564
0.29184643064703547
0.2915271240281172
0.29120726651109885
0.29088684914496943
0.29056586288177555
0.29024429857608763
0.28992214698448926
0.2895993987650879
0.2892760444770526
0.2889520745801748
0.2886274794344582
0.2883022492997366
0.28797637433532136
0.28764984459968157
0.2873226500501561
0.2869947805427021
0.28666622583167717
0.28633697556966303
0.2860070193073262
0.285676346493322
0.28534494647424047
0.28501280849459915
0.2846799216968816
0.2843462751216263
0.2840118577075651
0.2836766582918163
0.28334066561013227
0.2830038682972041
0.28266625488702546
0.2823278138133203
0.2819885334100302
0.28164840191187335
0.28130740745496624
0.2809655380775211
0.2806227817206136
0.280279126229027
0.2799345593521745
0.27958906874510253
0.2792426419695761
0.2788952664952506
0.27854692970093115
0.2781976188759247
0.2778473212214818
0.2774960238523383
0.277143713798353
0.27679037800624817
0.2764360033414538
0.2760805765900575
0.2757240844608656
0.2753665135875745
0.2750078505310578
0.2746480817817706
0.27428719376227323
0.2739251728298788
0.2735620052794245
0.27319767734617284
0.2728321752088398
0.27246548499276035
0.2720975927731852
0.27172848457871723
0.27135814639488853
0.2709865641678787
0.27061372380837706
0.270239611195593
0.2698642121814152
0.2694875125947199
0.26910949824583286
0.2687301549311455
0.26834946843788676
0.2679674245490518
0.26758400904849095
0.2671992077261571
0.2668130063835142
0.2664253908391099
0.2660363469343074
0.26564586053918354
0.26525391755858907
0.26486050393837335
0.264465605671772
0.2640692088059601
0.2636712994487654
0.2632718637755472
0.26287088803623476
0.26246835856252626
0.262064261775247
0.2616585841918649
0.2612513124341603
0.2608424332360498
0.260431933451559
0.26001980006294334
0.2596060201889542
0.2591905810932429
0.25877347019290425
0.2583546750671517
0.2579341834661204
0.257511983319794
0.2570880627470491
0.2566624100648129
0.2562350137973268
0.25580586268551103
0.25537494569642255
0.25494225203280024
0.2545077711426887
0.2540714927291346
0.25363340675994617
0.25319350347750813
0.25275177340864274
0.25230820737450915
0.2518627965005285
0.2514155322263297
0.2509664063157004
0.2505154108665376
0.2500625383207827
0.2496077814743342
0.24915113348692297
0.2486925878919399
0.24823213860620486
0.24776977993966467
0.24730550660500467
0.24683931372716544
0.24637119685275047
0.2459011519593094
0.24542917546448775
0.2449552642350265
0.24447941559560085
0.24400162733748165
0.24352189772700955
0.243040225513865
0.24255660993912384
0.24207105074308197
0.24158354817283775
0.24109410298961856
0.24060271647583642
0.2401093904418624
0.2396141272325059
0.2391169297331841
0.23861780137577338
0.2381167461441261
0.2376137685792446
0.23710887378409773
0.23660206742807174
0.23609335575104362
0.23558274556706496
0.23507024426765033
0.23455585982465618
0.23403960079274708
0.23352147631143444
0.2330014961066869
0.23247967049209994
0.23195601036962094
0.2314305272298251
0.2309032331517326
0.23037414080216806
0.22984326343465522
0.2293106148878448
0.2287762095834732
0.22824006252385187
0.22770218928888428
0.2271626060326125
0.22662132947929475
0.22607837691901295
0.22553376620281587
0.22498751573739892
0.22443964447932493
0.22389017192879357
0.2233391181229602
0.22278650362881422
0.22223234953562293
0.22167667744694847
0.221119509472247
0.2205608682180597
0.22000077677880334
0.2194392587271754
0.21887633810418025
0.21831203940879207
0.21774638758726408
0.21717940802210056
0.2166111265207017
0.21604156930369786
0.21547076299298606
0.21489873459948683
0.21432551151063065
0.21375112147759837
0.21317559260232347
0.2125989533242778
0.21202123240705495
0.21144245892476904
0.21086266224828526
0.21028187203130053
0.20970011819628953
0.2091174309203352
0.20853384062085895
0.20794937794127055
0.20736407373655252
0.2067779590587966
0.20619106514270996
0.2056034233911073
0.20501506536040537
0.2044260227461373
0.2038363273684993
0.20324601115795254
0.20265510614088622
0.20206364442536512
0.20147165818697158
0.20087917965475838
0.20028624109732499
0.19969287480903147
0.19909911309636266
0.19850498826445562
0.19791053260380037
0.19731577837712916
0.19672075780650106
0.1961255030605939
0.19553004624221512
0.1949344193760377
0.19433865439657166
0.19374278313638119
0.19314683731454863
0.1925508485254011
0.1919548482274984
0.19135886773289407
0.19076293819667017
0.19016709060675455
0.18957135577402132
0.18897576432268254
0.18838034668096876
0.18778513307210767
0.18719015350559653
0.18659543776877474
0.1860010154186959
0.1854069157743003
0.18481316790888797
0.18421980064289215
0.18362684253695372
0.18303432188529378
0.18244226670938354
0.18185070475191195
0.18125966347104455
0.18066917003497596
0.18007925131676938
0.17948993388948215
0.17890124402157365
0.17831320767259085
0.1777258504891294
0.17713919780106446
0.17655327461804726
0.17596810562626425
0.17538371518545132
0.17480012732616199
0.17421736574727978
0.17363545381377427
0.17305441455469206
0.17247427066137871
0.17189504448592546
0.1713167580398363
0.17073943299290867
0.17016309067232083
0.16958775206192328
0.16901343780172626
0.16844016818757598
0.16786796317101862
0.16729684235934073
0.1667268250157835
0.16615793005992435
0.16559017606822035
0.1650235812747058
0.16445816357184154
0.16389394051150746
0.16333092930613374
0.16276914682996635
0.16220860962045897
0.1616493338797875
0.16109133547648283
0.16053462994717416
0.15997923249843954
0.15942515800875784
0.158872421030559
0.1583210357923637
0.15777101620101314
0.15722237584397938
0.15667512799175487
0.15612928560031586
0.15558486131365498
0.1550418674663795
0.15450031608637033
0.15396021889749928
0.1534215873223993
0.15288443248528427
0.15234876521481672
0.15181459604701492
0.15128193522820357
0.1507507927179971
0.1502211781923178
0.14969310104644343
0.14916657039808076
0.1486415950904655
0.14811818369548102
0.14759634451679732
0.14707608559302635
0.14655741470088957
0.14604033935839883
0.14552486682804522
0.1450110041199954
0.14449875799529205
0.14398813496905902
0.14347914131370593
0.1429717830621331
0.1424660660109326
0.14196199572358778
0.1414595775336644
0.1409588165479967
0.1404597176498631
0.13996228550215417
0.139466524550527
0.1389724390265499
0.13848003295083028
0.13798931013613128
0.13750027419047012
0.1370129285202014
0.13652727633308248
0.1360433206413194
0.13556106426459558
0.13508050983307943
0.1346016597904105
0.13412451639666578
0.13364908173130385
0.13317535769608535
0.13270334601797162
0.132233048251999
0.13176446578412981
0.13129759983407863
0.13083245145811304
0.13036902155183022
0.12990731085290827
0.12944731994382974
0.128989049254582
0.12853249906532904
0.1280776695090575
0.1276245605741969
0.12717317210721124
0.12672350381516573
0.12627555526826467
0.1258293259023629
0.1253848150214503
0.12494202180010827
0.12450094528593972
0.12406158440197078
0.12362393794902563
0.12318800460807415
0.12275378294255156
0.12232127140065205
0.12189046831759333
0.12146137191785512
0.12103398031739133
0.12060829152581273
0.12018430344854568
0.11976201388896121
0.11934142055047983
0.11892252103864745
0.1185053128631876
0.11808979344002402
0.11767596009327935
0.11726381005724801
0.11685334047834078
0.11644454841700637
0.1160374308496259
0.1156319846703821
0.11522820669310421
0.11482609365308635
0.11442564220888218
0.11402684894407486
0.11362971036902192
0.11323422292257616
0.11284038297378238
0.11244818682355073
0.11205763070630517
0.11166871079161025
0.11128142318577237
0.11089576393342006
0.11051172901906012
0.11012931436861112
0.10974851585091547
0.10936932927922806
0.10899175041268347
0.10861577495774122
0.1082413985696094
0.10786861685364696
0.10749742536674495
0.10712781961868624
0.10675979507348533
0.10639334715070664
0.10602847122676329
0.1056651626361956
0.10530341667292915
0.10494322859151378
0.1045845936083426
0.10422750690285235
0.10387196361870366
0.103517958864944
0.10316548771715037
0.10281454521855436
0.10246512638114938
0.10211722618677885
0.10177083958820728
0.10142596151017322
0.10108258685042598
0.10074071048074362
0.10040032724793427
0.10006143197482162
0.09972401946121283
0.09938808448485065
0.09905362180234825
0.09872062615010961
0.09838909224523273
0.09805901478639795
0.09773038845474048
0.09740320791470772
0.09707746781490158
0.0967531627889066
0.09643028745610148
0.09610883642245818
0.09578880428132554
0.09547018561419918
0.09515297499147725
0.09483716697320234
0.0945227561097898
0.09420973694274326
0.09389810400535588
0.0935878518233988
0.09327897491579737
0.09297146779529407
0.09266532496909861
0.09236054093952618
0.09205711020462315
0.09175502725878085
0.09145428659333722
0.09115488269716693
0.09085681005726005
0.09056006315928863
0.09026463648816294
0.08997052452857575
0.08967772176553598
0.08938622268489224
0.08909602177384415
0.08880711352144441
0.08851949241909048
0.08823315296100506
0.08794808964470795
0.0876642969714766
0.08738176944679757
0.08710050158080854
0.08682048788873045
0.08654172289129045
0.08626420111513501
0.08598791709323542
0.08571286536528289
0.08543904047807539
0.0851664369858959
0.08489504945088185
0.0846248724433864
0.08435590054233152
0.08408812833555199
0.0838215504201325
0.0835561614027367
0.08329195589992727
0.0830289285384798
0.08276707395568825
0.0825063867996629
0.08224686172962184
0.08198849341617365
0.08173127654159526
0.08147520580010038
0.08122027589810296
0.08096648155447247
0.08071381750078391
0.08046227848155982
0.08021185925450723
0.079962554590747
0.07971435927503807
0.07946726810599446
0.07922127589629738
0.07897637747290048
0.07873256767722946
0.0784898413653767
0.07824819340828935
0.07800761869195187
0.07776811211756379
0.07752966860171182
0.07729228307653617
0.07705595048989275
0.07682066580550909
0.07658642400313634
0.07635322007869565
0.07612104904441949
0.07588990592898964
0.07565978577766883
0.07543068365242854
0.07520259463207257
0.07497551381235597
0.07474943630609898
0.07452435724329812
0.07430027177123164
0.07407717505456192
0.07385506227543318
0.07363392863356548
0.07341376934634497
0.07319457964891035
0.07297635479423481
0.07275909005320569
0.07254278071469927
0.07232742208565247
0.07211300949113188
0.07189953827439753
0.07168700379696517
0.07147540143866449
0.07126472659769402
0.07105497469067319
0.07084614115269083
0.07063822143735125
0.07043121101681742
0.07022510538185008
0.07001990004184573
0.06981559052487007
0.0696121723776901
0.069409641165803
0.06920799247346232
0.06900722190370129
0.06880732507835469
0.06860829763807665
0.06841013524235773
0.06821283356953864
0.0680163883168216
0.06782079520027966
0.067626049954864
0.06743214833440891
0.06723908611163458
0.0670468590781475
0.06685546304443975
0.06666489383988514
0.06647514731273438
0.0662862193301076
0.0660981057779859
0.06591080256120004
0.06572430560341799
0.06553861084713045
0.0653537142536354
0.06516961180301954
0.06498629949414018
0.06480377334460281
0.06462202939074031
0.06444106368758772
0.06426087230885755
0.0640814513469129
0.0639027969127387
0.06372490513591282
0.06354777216457472
0.06337139416539311
0.06319576732353283
0.06302088784261958
0.06284675194470478
0.0626733558702275
0.06250069587797653
0.06232876824505172
0.062157569266822296
0.061987095256886185
0.061817342547027324
0.061648307487171865
0.061479986445343804
0.06131237580761957
0.06114547197808158
0.060979271378771085
0.06081377044963959
0.0606489656485007
0.06048485345097935
0.06032143035046176
0.06015869285804416
0.059996637502480174
0.05983526083012866
0.059674559404899324
0.05951452980819931
0.05935516863887776
0.059196472513170666
0.0590384380646443
0.058881061944138946
0.05872434081971125
0.058568271376576456
0.05841285031705021
0.058258074360489055
0.0581039402432317
0.057950444718538656
0.05779758455653208
0.05764535654413472
0.05749375748500874
0.0573427841994946
0.05719243352454795
0.05704270231367793
0.05689358743688444
0.056745085780594305
0.056597194247598445
0.05644990975698788
0.05630322924408945
0.05615714966040133
0.0560116679735289
0.05586678116711921
0.05572248624079615
0.055578780210094623
0.055435660106395473
0.055293122976858955
0.05515116588435945
0.05500978590741826
0.054868980140138156
0.05472874569213604
0.05458907968847676
0.05444997926960573
0.05431144159128255
0.05417346382451322
0.05403604315548324
0.05389917678549031
0.05376286193087698
0.053627095822962795
0.053491875707977164
0.053357198846991555
0.05322306251585164
0.05308946400510992
0.052956400619957836
0.05282386968015786
0.05269186851997588
0.052560394488113504
0.05242944494763997
0.052299017275924724
0.05216910886456918
0.05203971711933957
0.051910839460098716
0.051782473320738646
0.05165461614911291
0.05152726540696899
0.05140041856988074
0.05127407312718092
0.05114822658189401
0.05102287645066875
0.05089802026371086
0.050773655564715865
0.05064977991080231
0.050526390872444864
0.05040348603340689
0.05028106299067442
0.05015911935438916
0.05003765274778225
0.04991666080710759
