0.560199179313104
0.6041362002581672
0.5871660479282741
0.5723678722348973
0.5598495551236828
0.549576593627692
0.5413691830150956
0.5349589553248908
0.5300439267152479
0.526329604638005
0.5235533722854886
0.5214948366325649
0.5199767787320634
0.5188609856559692
0.5180420106358147
0.5174406716694779
0.5169981861450574
0.5166712737357531
0.5164282563419668
0.5162460459721414
0.5161078660312808
0.5160015518363168
0.5159182956797506
0.5158517266356145
0.5157972391636916
0.5157515049692725
0.5157121189880517
0.5156773430980102
0.5156459208111828
0.515616943402032
0.5155897532501789
0.5155638740771169
0.5155389606031785
0.5155147622203582
0.5154910967770057
0.5154678316563215
0.5154448701154748
0.5154221414189641
0.5153995937088371
0.5153771888494203
0.515354898696925
0.5153327023976505
0.5153105844290458
0.5152885331775554
0.5152665399046041
0.5152445979934559
0.5152227023995241
0.515200849248215
0.5151790355399026
0.5151572589328128
0.5151355175826761
0.5151138100238272
0.5150921350806456
0.5150704918012616
0.5150488794076661
0.5150272972579373
0.5150057448174652
0.5149842216368818
0.5149627273350189
0.5149412615856508
0.5149198241071093
0.5148984146540898
0.5148770330111376
0.5148556789874377
0.5148343524126157
0.5148130531333377
0.5147917810105351
0.5147705359171324
0.5147493177361748
0.5147281263592798
0.5147069616853495
0.5146858236195018
0.5146647120721708
0.5146436269583573
0.514622568196998
0.5146015357104321
0.5145805294239539
0.5145595492654335
0.5145385951649958
0.5145176670547491
0.5144967648685541
0.5144758885418282
0.5144550380113792
0.514434213215263
0.514413414092664
0.5143926405837915
0.5143718926297922
0.5143511701726755
0.5143304731552489
0.5143098015210634
0.5142891552143669
0.5142685341800639
0.5142479383636798
0.5142273677113325
0.5142068221697051
0.5141863016860257
0.5141658062080461
0.5141453356840261
0.5141248900627187
0.5141044692933572
0.5140840733256442
0.5140637021097413
0.5140433555962614
0.5140230337362588
0.5140027364812246
0.5139824637830789
0.5139622155941659
0.5139419918672475
0.5139217925555006
0.5139016176125111
0.51388146699227
0.5138613406491706
0.5138412385380039
0.513821160613956
0.5138011068326045
0.5137810771499159
0.5137610715222422
0.5137410899063184
0.5137211322592601
0.5137011985385601
0.5136812887020875
0.513661402708083
0.5136415405151583
0.5136217020822932
0.5136018873688327
0.5135820963344863
0.5135623289393236
0.5135425851437742
0.5135228649086239
0.513503168195014
0.5134834949644377
0.5134638451787396
0.5134442188001116
0.5134246157910936
0.5134050361145687
0.513385479733763
0.5133659466122429
0.5133464367139134
0.5133269500030155
0.5133074864441249
0.5132880460021503
0.5132686286423305
0.5132492343302333
0.5132298630317534
0.5132105147131103
0.5131911893408466
0.5131718868818264
0.5131526073032328
0.5131333505725664
0.5131141166576441
0.513094905526596
0.5130757171478644
0.5130565514902024
0.5130374085226713
0.5130182882146388
0.512999190535778
0.5129801154560649
0.5129610629457776
0.5129420329754932
0.5129230255160873
0.5129040405387313
0.5128850780148921
0.5128661379163288
0.512847220215092
0.5128283248835217
0.5128094518942459
0.512790601220179
0.51277177283452
0.5127529667107507
0.5127341828226344
0.5127154211442139
0.5126966816498105
0.5126779643140216
0.51265926911172
0.5126405960180518
0.5126219450084346
0.5126033160585564
0.5125847091443738
0.5125661242421106
0.5125475613282565
0.5125290203795646
0.5125105013730511
0.5124920042859933
0.5124735290959274
0.512455075780648
0.5124366443182065
0.5124182346869091
0.5123998468653155
0.5123814808322378
0.5123631365667386
0.5123448140481298
0.5123265132559709
0.5123082341700679
0.5122899767704717
0.5122717410374769
0.5122535269516195
0.5122353344936772
0.5122171636446661
0.5121990143858404
0.5121808866986912
0.5121627805649446
0.5121446959665596
0.512126632885729
0.5121085913048757
0.5120905712066521
0.5120725725739399
0.5120545953898469
0.5120366396377067
0.5120187053010778
0.512000792363741
0.5119829008096993
0.5119650306231759
0.5119471817886131
0.5119293542906708
0.5119115481142258
0.5118937632443697
0.5118759996664086
0.5118582573658605
0.5118405363284555
0.5118228365401336
0.5118051579870433
0.5117875006555412
0.5117698645321902
0.5117522496037583
0.5117346558572172
0.5117170832797415
0.5116995318587072
0.5116820015816905
0.5116644924364668
0.5116470044110089
0.5116295374934862
0.5116120916722642
0.5115946669359017
0.5115772632731511
0.5115598806729562
0.5115425191244517
0.5115251786169619
0.5115078591399987
0.5114905606832617
0.5114732832366363
0.5114560267901926
0.5114387913341845
0.5114215768590481
0.5114043833554007
0.5113872108140403
0.5113700592259434
0.5113529285822646
0.5113358188743352
0.5113187300936621
0.5113016622319269
0.511284615280984
0.5112675892328604
0.5112505840797545
0.5112335998140343
0.5112166364282367
0.5111996939150665
0.5111827722673951
0.5111658714782596
0.5111489915408618
0.5111321324485659
0.5111152941948998
0.5110984767735512
0.5110816801783691
0.5110649044033608
0.5110481494426917
0.5110314152906843
0.5110147019418165
0.5109980093907212
0.510981337632185
0.5109646866611468
0.510948056472697
0.5109314470620769
0.5109148584246768
0.5108982905560352
0.5108817434518385
0.5108652171079184
0.5108487115202525
0.5108322266849622
0.5108157625983119
0.5107993192567084
0.5107828966566988
0.5107664947949708
0.5107501136683505
0.5107337532738023
0.5107174136084268
0.510701094669461
0.5106847964542762
0.5106685189603778
0.510652262185403
0.5106360261271219
0.5106198107834342
0.5106036161523697
0.5105874422320865
0.5105712890208707
0.5105551565171339
0.5105390447194145
0.5105229536263742
0.5105068832367989
0.5104908335495969
0.5104748045637972
0.5104587962785503
0.5104428086931253
0.5104268418069093
0.5104108956194082
0.5103949701302428
0.5103790653391498
0.5103631812459803
0.5103473178506988
0.5103314751533816
0.5103156531542167
0.5102998518535022
0.5102840712516458
0.5102683113491628
0.5102525721466766
0.5102368536449162
0.5102211558447161
0.5102054787470153
0.5101898223528549
0.5101741866633801
0.5101585716798357
0.5101429774035674
0.5101274038360202
0.5101118509787371
0.5100963188333583
0.5100808074016202
0.5100653166853547
0.5100498466864876
0.5100343974070379
0.5100189688491169
0.5100035610149269
0.5099881739067609
0.5099728075270005
0.5099574618781155
0.5099421369626633
0.5099268327832873
0.509911549342716
0.5098962866437617
0.5098810446893208
0.5098658234823706
0.5098506230259707
0.5098354433232603
0.5098202843774575
0.5098051461918591
0.5097900287698384
0.5097749321148453
0.5097598562304044
0.5097448011201151
0.5097297667876488
0.50971475323675
0.5096997604712336
0.5096847884949848
0.5096698373119576
0.5096549069261744
0.5096399973417244
0.5096251085627627
0.5096102405935097
0.5095953934382493
0.5095805671013288
0.509565761587157
0.509550976900204
0.5095362130449993
0.5095214700261321
0.5095067478482483
0.5094920465160517
0.5094773660343013
0.509462706407811
0.5094480676414482
0.5094334497401337
0.5094188527088394
0.5094042765525877
0.5093897212764517
0.5093751868855516
0.5093606733850565
0.5093461807801811
0.5093317090761862
0.5093172582783767
0.5093028283921013
0.5092884194227506
0.5092740313757569
0.5092596642565927
0.5092453180707699
0.5092309928238383
0.5092166885213856
0.5092024051690343
0.5091881427724433
0.5091739013373051
0.5091596808693448
0.50914548137432
0.5091313028580188
0.5091171453262593
0.509103008784888
0.5090888932397801
0.509074798696836
0.509060725161983
0.5090466726411718
0.5090326411403775
0.5090186306655973
0.509004641222849
0.5089906728181721
0.508976725457624
0.5089627991472807
0.5089488938932354
0.5089350097015967
0.5089211465784889
0.5089073045300491
0.5088934835624281
0.5088796836817877
0.5088659048943006
0.5088521472061487
0.5088384106235225
0.5088246951526196
0.5088110007996439
0.5087973275708045
0.5087836754723143
0.5087700445103892
0.5087564346912471
0.5087428460211059
0.5087292785061842
0.5087157321526985
0.5087022069668624
0.5086887029548864
0.5086752201229758
0.5086617584773302
0.5086483180241417
0.5086348987695949
0.5086215007198647
0.5086081238811154
0.5085947682595002
0.5085814338611597
0.5085681206922203
0.5085548287587938
0.5085415580669758
0.5085283086228447
0.5085150804324609
0.5085018735018652
0.5084886878370776
0.5084755234440967
0.5084623803288981
0.5084492584974334
0.5084361579556292
0.5084230787093857
0.5084100207645754
0.5083969841270425
0.5083839688026014
0.5083709747970355
0.5083580021160965
0.5083450507655021
0.5083321207509363
0.5083192120780473
0.5083063247524464
0.5082934587797073
0.5082806141653645
0.5082677909149121
0.5082549890338032
0.5082422085274476
0.5082294494012121
0.5082167116604177
0.5082039953103401
0.5081913003562073
0.5081786268031985
0.5081659746564436
0.5081533439210211
0.5081407346019581
0.5081281467042276
0.5081155802327486
0.5081030351923843
0.5080905115879408
0.5080780094241663
0.5080655287057494
0.5080530694373184
0.5080406316234396
0.5080282152686164
0.5080158203772884
0.508003446953829
0.5079910950025454
0.5079787645276769
0.5079664555333937
0.5079541680237957
0.5079419020029108
0.5079296574746948
0.5079174344430288
0.5079052329117193
0.5078930528844952
0.5078808943650088
0.5078687573568328
0.5078566418634595
0.5078445478883
0.5078324754346824
0.5078204245058506
0.507808395104964
0.5077963872350943
0.5077844008992263
0.5077724361002549
0.5077604928409855
0.5077485711241312
0.5077366709523126
0.5077247923280557
0.5077129352537912
0.5077010997318532
0.5076892857644778
0.5076774933538015
0.5076657225018603
0.5076539732105881
0.5076422454818161
0.5076305393172708
0.5076188547185725
0.5076071916872348
0.5075955502246627
0.507583930332152
0.5075723320108866
0.5075607552619386
0.5075492000862665
0.5075376664847137
0.5075261544580071
0.5075146640067565
0.5075031951314523
0.5074917478324646
0.5074803221100426
0.5074689179643117
0.5074575353952733
0.5074461744028035
0.5074348349866513
0.5074235171464374
0.5074122208816525
0.5074009461916569
0.5073896930756782
0.5073784615328105
0.5073672515620129
0.5073560631621075
0.5073448963317795
0.5073337510695743
0.5073226273738973
0.5073115252430115
0.5073004446750371
0.5072893856679493
0.5072783482195778
0.5072673323276043
0.5072563379895623
0.5072453652028347
0.507234413964653
0.507223484272096
0.5072125761220876
0.5072016895113969
0.5071908244366348
0.5071799808942543
0.5071691588805483
0.5071583583916485
0.5071475794235234
0.5071368219719776
0.5071260860326505
0.5071153716010137
0.5071046786723707
0.5070940072418555
0.5070833573044302
0.5070727288548844
0.5070621218878337
0.5070515363977177
0.5070409723787993
0.5070304298251629
0.5070199087307126
0.5070094090891715
0.5069989308940794
0.5069884741387924
0.5069780388164805
0.5069676249201263
0.506957232442524
0.5069468613762774
0.5069365117137989
0.5069261834473078
0.5069158765688284
0.5069055910701894
0.5068953269430216
0.5068850841787572
0.5068748627686271
0.5068646627036613
0.5068544839746852
0.5068443265723198
0.5068341904869792
0.5068240757088697
0.5068139822279881
0.5068039100341201
0.5067938591168385
0.5067838294655026
0.5067738210692555
0.5067638339170237
0.5067538679975145
0.5067439232992155
0.5067339998103918
0.5067240975190864
0.5067142164131163
0.5067043564800728
0.5066945177073192
0.5066847000819891
0.5066749035909851
0.5066651282209775
0.5066553739584024
0.5066456407894596
0.5066359287001124
0.5066262376760848
0.5066165677028605
0.5066069187656808
0.506597290849544
0.5065876839392027
0.5065780980191632
0.5065685330736829
0.5065589890867692
0.5065494660421785
0.5065399639234137
0.5065304827137225
0.5065210223960965
0.5065115829532696
0.5065021643677156
0.5064927666216469
0.5064833896970136
0.5064740335755004
0.5064646982385265
0.5064553836672431
0.5064460898425317
0.5064368167450027
0.5064275643549945
0.5064183326525695
0.5064091216175157
0.506399931229342
0.506390761467279
0.5063816123102752
0.5063724837369971
0.5063633757258259
0.5063542882548576
0.5063452213018997
0.5063361748444706
0.5063271488597972
0.5063181433248134
0.5063091582161585
0.5063001935101759
0.5062912491829106
0.5062823252101074
0.5062734215672104
0.50626453822936
0.5062556751713917
0.5062468323678344
0.5062380097929082
0.5062292074205236
0.5062204252242789
0.5062116631774585
0.5062029212530313
0.5061941994236496
0.506185497661646
0.5061768159390332
0.5061681542275001
0.5061595124984126
0.5061508907228096
0.5061422888714024
0.5061337069145728
0.5061251448223709
0.5061166025645132
0.5061080801103818
0.5060995774290216
0.5060910944891378
0.5060826312590969
0.5060741877069211
0.5060657638002899
0.5060573595065354
0.5060489747926428
0.506040609625247
0.5060322639706314
0.5060239377947255
0.5060156310631042
0.5060073437409848
0.5059990757932252
0.5059908271843226
0.5059825978784113
0.5059743878392609
0.5059661970302738
0.5059580254144846
0.5059498729545566
0.5059417396127815
0.5059336253510759
0.5059255301309808
0.5059174539136586
0.5059093966598917
0.5059013583300803
0.5058933388842407
0.5058853382820033
0.5058773564826106
0.5058693934449147
0.5058614491273763
0.5058535234880622
0.5058456164846433
0.5058377280743929
0.5058298582141836
0.5058220068604874
0.5058141739693715
0.5058063594964977
0.5057985633971199
0.5057907856260819
0.5057830261378158
0.5057752848863395
0.505767561825255
0.5057598569077464
0.5057521700865771
0.505744501314089
0.5057368505421992
0.5057292177223988
0.5057216028057503
0.5057140057428856
0.505706426484004
0.5056988649788703
0.5056913211768121
0.5056837950267183
0.5056762864770369
0.5056687954757718
0.5056613219704826
0.505653865908281
0.5056464272358285
0.5056390058993356
0.5056316018445585
0.5056242150167969
0.5056168453608929
0.5056094928212271
0.5056021573417182
0.5055948388658196
0.5055875373365176
0.5055802526963289
0.5055729848872991
0.5055657338509996
0.5055584995285258
0.5055512818604947
0.505544080787043
0.5055368962478245
0.5055297281820074
0.505522576528273
0.5055154412248132
0.5055083222093271
0.5055012194190199
0.5054941327906004
0.5054870622602784
0.5054800077637623
0.505472969236257
0.5054659466124614
0.5054589398265663
0.5054519488122519
0.5054449735026848
0.5054380138305172
0.5054310697278828
0.5054241411263952
0.5054172279571458
0.5054103301507006
0.5054034476370983
0.5053965803458481
0.5053897282059265
0.5053828911457753
0.5053760690932996
0.5053692619758642
0.5053624697202923
0.5053556922528621
0.5053489294993053
0.5053421813848031
0.5053354478339855
0.5053287287709274
0.5053220241191466
0.505315333801601
0.5053086577406867
0.5053019958582348
0.5052953480755088
0.5052887143132029
0.5052820944914378
0.5052754885297597
0.5052688963471375
0.5052623178619583
0.505255752992028
0.5052492016545651
0.5052426637662014
0.5052361392429768
0.5052296280003383
0.5052231299531358
0.5052166450156209
0.5052101731014433
0.5052037141236485
0.5051972679946749
0.5051908346263505
0.5051844139298918
0.5051780058158993
0.5051716101943555
0.5051652269746224
0.5051588560654379
0.5051524973749139
0.5051461508105329
0.5051398162791455
0.5051334936869675
0.5051271829395764
0.50512088394191
0.5051145965982625
0.5051083208122813
0.505102056486965
0.5050958035246605
0.5050895618270592
0.5050833312951949
0.5050771118294405
0.5050709033295051
0.5050647056944313
0.5050585188225918
0.5050523426116871
0.5050461769587414
0.5050400217601008
0.5050338769114296
0.5050277423077074
0.5050216178432261
0.505015503411587
0.5050093989056972
0.5050033042177675
0.5049972192393082
0.5049911438611266
0.5049850779733245
0.5049790214652932
0.5049729742257123
0.5049669361425458
0.5049609071030388
0.5049548869937145
0.5049488757003708
0.5049428731080776
0.5049368791011728
0.5049308935632599
0.5049249163772044
0.5049189474251303
0.5049129865884171
0.5049070337476965
0.504901088782849
0.5048951515730011
0.5048892219965209
0.5048832999310158
0.5048773852533285
0.5048714778395342
0.5048655775649369
0.5048596843040657
0.5048537979306718
0.5048479183177252
0.5048420453374108
0.5048361788611255
0.504830318759474
0.5048244649022663
0.504818617158513
0.504812775396423
0.5048069394833994
0.5048011092860355
0.5047952846701125
0.504789465500594
0.5047836516416252
0.5047778429565264
0.504772039307791
0.5047662405570816
0.5047604465652267
0.5047546571922158
0.5047488722971974
0.5047430917384742
0.5047373153734992
0.5047315430588732
0.5047257746503397
0.5047200100027823
0.5047142489702202
0.5047084914058042
0.5047027371618141
0.5046969860896532
0.5046912380398461
0.5046854928620338
0.5046797504049702
0.5046740105165181
0.5046682730436454
0.5046625378324214
0.504656804728012
0.5046510735746772
0.5046453442157656
0.504639616493712
0.5046338902500311
0.5046281653253168
0.5046224415592346
0.5046167187905203
0.5046109968569745
0.5046052755954589
0.5045995548418921
0.504593834431246
0.5045881141975408
0.5045823939738413
0.5045766735922536
0.5045709528839185
0.5045652316790104
0.5045595098067303
0.5045537870953033
0.5045480633719742
0.5045423384630021
0.5045366121936575
0.5045308843882171
0.5045251548699594
0.5045194234611609
0.5045136899830915
0.5045079542560107
0.5045022160991616
0.504496475330768
0.5044907317680294
0.5044849852271169
0.5044792355231679
0.5044734824702825
0.5044677258815184
0.5044619655688868
0.5044562013433475
0.5044504330148044
0.5044446603921012
0.5044388832830163
0.5044331014942587
0.504427314831463
0.5044215230991844
0.5044157261008956
0.5044099236389794
0.5044041155147269
0.5043983015283307
0.5043924814788807
0.5043866551643601
0.504380822381639
0.5043749829264714
0.5043691365934891
0.504363283176197
0.5043574224669689
0.5043515542570419
0.5043456783365116
0.5043397944943276
0.5043339025182881
0.5043280021950349
0.5043220933100487
0.5043161756476437
0.5043102489909634
0.5043043131219743
0.5042983678214618
0.5042924128690244
0.5042864480430693
0.5042804731208069
0.5042744878782455
0.5042684920901861
0.5042624855302178
0.5042564679707117
0.504250439182816
0.5042443989364516
0.504238347000305
0.504232283141825
0.5042262071272156
0.5042201187214321
0.5042140176881748
0.5042079037898838
0.504201776787734
0.5041956364416293
0.5041894825101972
0.5041833147507829
0.5041771329194453
0.5041709367709496
0.5041647260587627
0.5041585005350477
0.5041522599506587
0.5041460040551335
0.5041397325966903
0.5041334453222208
0.5041271419772839
0.5041208223061013
0.5041144860515516
0.5041081329551637
0.5041017627571118
0.5040953751962097
0.5040889700099047
0.5040825469342716
0.5040761057040073
0.5040696460524245
0.5040631677114469
0.5040566704116016
0.5040501538820148
0.5040436178504046
0.5040370620430763
0.5040304861849147
0.5040238899993802
0.5040172732085012
0.5040106355328684
0.5040039766916294
0.5039972964024821
0.5039905943816678
0.503983870343967
0.5039771240026912
0.5039703550696787
0.5039635632552862
0.5039567482683849
0.5039499098163521
0.5039430476050673
0.5039361613389028
0.5039292507207215
0.5039223154518663
0.5039153552321566
0.5039083697598814
0.5039013587317922
0.5038943218430971
0.5038872587874547
0.5038801692569667
0.5038730529421723
0.5038659095320415
0.5038587387139686
0.5038515401737653
0.503844313595655
0.5038370586622649
0.5038297750546211
0.5038224624521406
0.5038151205326253
0.5038077489722553
0.5038003474455821
0.5037929156255223
0.5037854531833499
0.5037779597886911
0.5037704351095164
0.5037628788121337
0.5037552905611828
0.5037476700196273
0.5037400168487481
0.5037323307081374
0.5037246112556903
0.5037168581475993
0.5037090710383468
0.5037012495806982
0.5036933934256946
0.503685502222647
0.5036775756191283
0.5036696132609664
0.5036616147922374
0.5036535798552585
0.5036455080905815
0.5036373991369847
0.5036292526314661
0.5036210682092376
0.5036128455037155
0.5036045841465155
0.5035962837674446
0.5035879439944939
0.503579564453832
0.5035711447697965
0.503562684564888
0.5035541834597628
0.503545641073225
0.5035370570222196
0.5035284309218253
0.503519762385247
0.5035110510238082
0.5035022964469444
0.503493498262195
0.5034846560751967
0.5034757694896752
0.5034668381074384
0.5034578615283691
0.5034488393504168
0.5034397711695916
0.5034306565799552
0.5034214951736142
0.5034122865407131
0.5034030302694257
0.5033937259459483
0.5033843731544924
0.5033749714772758
0.5033655204945173
0.5033560197844267
0.5033464689231992
0.5033368674850065
0.50332721504199
0.5033175111642523
0.5033077554198508
0.5032979473747892
0.5032880865930098
0.5032781726363863
0.5032682050647158
0.5032581834357115
0.5032481073049941
0.5032379762260859
0.5032277897504005
0.5032175474272379
0.5032072488037741
0.5031968934250557
0.5031864808339906
0.5031760105713409
0.5031654821757148
0.5031548951835592
0.5031442491291519
0.5031335435445935
0.5031227779597994
0.5031119519024932
0.5031010648981976
0.5030901164702271
0.5030791061396798
0.5030680334254312
0.5030568978441238
0.5030456989101613
0.5030344361356999
0.5030231090306406
0.5030117171026216
0.5030002598570105
0.5029887367968954
0.5029771474230786
0.5029654912340682
0.5029537677260696
0.5029419763929786
0.5029301167263727
0.5029181882155039
0.502906190347291
0.5028941226063108
0.5028819844747914
0.5028697754326031
0.5028574949572518
0.5028451425238707
0.5028327176052122
0.5028202196716401
0.5028076481911222
0.5027950026292222
0.5027822824490917
0.5027694871114629
0.5027566160746401
0.5027436687944925
0.5027306447244462
0.5027175433154762
0.502704364016099
0.5026911062723642
0.5026777695278479
0.5026643532236437
0.5026508567983553
0.5026372796880894
0.502623621326447
0.5026098811445165
0.5025960585708655
0.5025821530315332
0.502568163950023
0.5025540907472945
0.5025399328417558
0.502525689649256
0.5025113605830778
0.5024969450539296
0.5024824424699379
0.5024678522366393
0.5024531737569744
0.5024384064312784
0.5024235496572746
0.5024086028300672
0.5023935653421322
0.5023784365833124
0.5023632159408075
0.502347902799168
0.5023324965402877
0.502316996543396
0.5023014021850506
0.50228571283913
0.5022699278768268
0.5022540466666394
0.5022380685743655
0.5022219929630949
0.5022058191932014
0.5021895466223363
0.5021731746054215
0.5021567024946415
0.5021401296394368
0.5021234553864968
0.5021066790797525
0.5020898000603697
0.5020728176667418
0.5020557312344832
0.5020385400964216
0.5020212435825918
0.5020038410202287
0.5019863317337603
0.5019687150448008
0.5019509902721435
0.5019331567317556
0.5019152137367695
0.5018971605974775
0.5018789966213238
0.5018607211129004
0.5018423333739372
0.5018238327032986
0.5018052183969746
0.5017864897480757
0.501767646046827
0.5017486865805598
0.5017296106337078
0.501710417487798
0.5016911064214475
0.5016716767103554
0.5016521276272967
0.501632458442117
0.5016126684217262
0.5015927568300923
0.5015727229282352
0.5015525659742216
0.5015322852231584
0.5015118799271876
0.5014913493354793
0.5014706926942281
0.5014499092466446
0.501428998232953
0.5014079588903826
0.5013867904531647
0.5013654921525255
0.5013440632166813
0.5013225028708336
0.5013008103371632
0.5012789848348254
0.501257025579944
0.5012349317856082
0.5012127026618649
0.501190337415716
0.5011678352511117
0.5011451953689475
0.5011224169670574
0.501099499240211
0.5010764413801073
0.5010532425753712
0.5010299020115485
0.5010064188711011
0.5009827923334034
0.5009590215747374
0.5009351057682884
0.5009110440841408
0.5008868356892744
0.5008624797475596
0.5008379754197544
0.5008133218634991
0.5007885182333136
0.5007635636805929
0.500738457353604
0.5007131983974819
0.5006877859542255
0.500662219162695
0.5006364971586083
0.5006106190745367
0.5005845840399036
0.5005583911809783
0.5005320396208761
0.5005055284795531
0.5004788568738037
0.5004520239172581
0.5004250287203795
0.5003978703904608
0.500370548031622
0.5003430607448084
0.5003154076277873
0.5002875877751454
0.5002596002782876
0.5002314442254341
0.5002031187016172
0.5001746227886812
0.5001459555652786
0.5001171161068695
0.5000881034857189
0.5000589167708951
0.5000295550282685
0.5000000173205098
0.49997030270708775
0.4999404102442688
0.49991033898511567
0.4998800879794852
0.49984965627402805
0.4998190429121876
0.49978824693419843
0.49975726737708603
0.49972610327466566
0.4996947536575417
0.4996632175531073
0.4996314939855437
0.49959958197581933
0.4995674805416904
0.4995351886976997
0.4995027054551774
0.4994700298222404
0.49943716080379214
0.49940409740152325
0.4993708386139119
0.49933738343622314
0.4993037308605107
0.4992698798756165
0.4992358294671711
0.4992015786175953
0.4991671263061005
0.4991324715086894
0.4990976131981568
0.49906255034409175
0.49902728191287704
0.49899180686769234
0.4989561241685143
0.49892023277211806
0.4988841316320795
0.49884781969877656
0.4988112959193907
0.4987745592379094
0.49873760859512767
0.49870044292865007
0.498663061172893
0.49862546225908744
0.4985876451152799
0.4985496086663372
0.4985113518339463
0.49847287353661945
0.4984341726896948
0.4983952482053411
0.4983560989925596
0.4983167239571873
0.4982771220019
0.49823729202621614
0.4981972329265
0.4981569435959641
0.4981164229246743
0.4980756697995526
0.49803468310438137
0.4979934617198067
0.49795200452334304
0.4979103103893767
0.4978683781891702
0.4978262067908669
0.49778379505949516
0.4977411418569726
0.4976982460421114
0.497655106470622
0.4976117219951189
0.4975680914651252
0.49752421372707756
0.4974800876243315
0.49743571199716624
0.4973910856827908
0.49734620751534886
0.4973010763259241
0.4972556909425472
0.4972100501901997
0.4971641528908218
0.49711799786331645
0.49707158392355755
0.4970249098843942
0.4969779745556585
0.496930776744171
0.4968833152537479
0.4968355888852074
0.4967875964363765
0.496739336702098
0.4966908084742371
0.4966420105416895
0.49659294169038726
0.49654360070330733
0.4964939863604781
0.4964440974389877
0.4963939327129914
0.49634349095371905
0.49629277092948365
0.49624177140568904
0.4961904911448378
0.49613892890654016
0.4960870834475219
0.4960349535216332
0.4959825378798569
0.49592983527031764
0.4958768444382903
0.4958235641262098
0.49576999307367947
0.4957161300174806
0.4956619736915818
0.4956075228271489
0.4955527761525538
0.49549773239338524
0.49544239027245746
0.49538674850982234
0.495330805822777
0.4952745609258761
0.4952180125309412
0.4951611593470725
0.4951040000806581
0.49504653343538596
0.4949887581122552
0.49493067280958597
0.494872276223032
0.49481356704559143
0.494754543967619
0.49469520567683717
0.49463555085834876
0.49457557819464826
0.494515286365635
0.4944546740486247
0.49439373991836266
0.49433248264703666
0.49427090090428893
0.49420899335723
0.4941467586704523
0.4940841955060425
0.49402130252359633
0.4939580783802311
0.4938945217306011
0.4938306312269107
0.4937664055189289
0.4937018432540045
0.4936369430770799
0.4935717036307068
0.4935061235550611
0.493440201487958
0.49337393606486774
0.4933073259189315
0.49324036968097745
0.49317306597953636
0.49310541344085834
0.49303741068893014
0.4929690563454908
0.49290034903004937
0.49283128735990256
0.4927618699501516
0.4926920954137207
0.49262196236137445
0.49255146940173683
0.4924806151413096
0.49240939818449025
0.4923378171335925
0.4922658705888644
0.492193557148509
0.4921208754087036
0.4920478239636198
0.49197440140544474
0.49190060632440114
0.4918264373087685
0.49175189294490507
0.49167697181726855
0.4916016725084388
0.49152599359913973
0.4914499336682625
0.49137349129288765
0.49129666504830904
0.49121945350805724
0.49114185524392334
0.4910638688259836
0.4909854928226238
0.4909067258005648
0.4908275663248872
0.49074801295905784
0.49066806426495524
0.490587718802897
0.49050697513166586
0.4904258318085378
0.49034428738930935
0.49026234042832595
0.4901799894785105
0.4900972330913921
0.4900140698171357
0.48993049820457224
0.48984651680122854
0.4897621241533585
0.489677318805974
0.48959209930287656
0.48950646418668997
0.48942041199889263
0.4893339412798506
0.4892470505688517
0.48915973840413896
0.4890720033229462
0.4889838438615324
0.48889525855521815
0.48880624593842115
0.4887168045446937
0.4886269329067596
0.488536629556552
0.48844589302525265
0.48835472184332973
0.48826311454057875
0.4881710696461615
0.48807858568864837
0.48798566119605813
0.48789229469590123
0.48779848471522214
0.48770422978064243
0.4876095284184042
0.487514379154417
0.48741878051429954
0.4873227310234284
0.4872262292069837
0.4871292735899958
0.48703186269739446
0.48693399505405666
0.48683566918485566
0.4867368836147118
0.48663763686864386
0.4865379274718186
0.4864377539496051
0.4863371148276263
0.48623600863181404
0.48613443388846284
0.4860323891242846
0.4859298728664668
0.4858268836427272
0.4857234199813725
0.48561948041135705
0.48551506346234163
0.4854101676647541
0.48530479154984996
0.48519893364977446
0.4850925924976249
0.48498576662751486
0.48487845457463774
0.4847706548753326
0.48466236606715024
0.4845535866889196
0.4844443152808168
0.4843345503844329
0.48422429054284427
0.48411353430068305
0.48400228020420877
0.48389052680138056
0.4837782726419313
0.48366551627744125
0.48355225626141385
0.48343849114935167
0.4833242194988344
0.4832094398695963
0.48309415082360574
0.48297835092514524
0.4828620387408933
0.4827452128400058
0.48262787179419975
0.48251001417783707
0.48239163856801015
0.4822727435446282
0.482153327690504
0.48203338959144293
0.48191292783633133
0.4817919410172281
0.481670427729455
0.48154838657168975
0.4814258161460593
0.48130271505823474
0.4811790819175264
0.4810549153369812
0.4809302139334797
0.48080497632783525
0.48067920114489426
0.4805528870136368
0.48042603256727845
0.48029863644337395
0.48017069728392103
0.48004221373546585
0.4799131844492096
0.4797836080811152
0.479653483292017
0.47952280874772923
0.47939158311915764
0.47925980508241095
0.47912747331891314
0.4789945865155189
0.47886114336462715
0.47872714256429816
0.4785925828183698
0.4784574628365772
0.478321781334671
0.47818553703453803
0.47804872866432313
0.4779113549585515
0.477773414658252
0.4776349065110828
0.4774958292714562
0.4773561817006654
0.4772159625670131
0.4770751706459402
0.47693380472015484
0.4767918635797648
0.47664934602240727
0.4765062508533848
0.4763625768857968
0.4762183229406751
0.476073487847121
0.4759280704424407
0.4757820695722844
0.47563548409078427
0.4754883128606949
0.475340554753534
0.4751922086497239
0.47504327343873426
0.47489374801922574
0.474743631299194
0.4745929221961156
0.4744416196370937
0.4742897225590056
0.47413722990865026
0.47398414064289685
0.4738304537288349
0.4736761681439241
0.47352128287614614
0.47336579692415515
0.47320970929743245
0.4730530190164379
0.47289572511276545
0.47273782662929703
0.4725793226203586
0.4724202121518761
0.47226049430153244
0.4721001681589242
0.4719392328257211
0.47177768741582293
0.47161553105551973
0.47145276288365157
0.47128938205176807
0.47112538772428986
0.4709607790786696
0.47079555530555306
0.4706297156089419
0.47046325920635623
0.47029618532899636
0.4701284932219075
0.4699601821441418
0.46979125136892375
0.46962170018381294
0.46945152789086875
0.4692807338068152
0.4691093172632057
0.4689372776065873
0.46876461419866644
0.4685913264164737
0.468417413652529
0.46824287531500675
0.46806771082790116
0.46789191963119137
0.4677155011810071
0.46753845494979207
0.46736078042647133
0.4671824771166137
0.46700354454259796
0.4668239822437762
0.466643789776638
0.46646296671497506
0.4662815126500431
0.4660994271907263
0.4659167099636991
0.46573336061358894
0.4655493788031376
0.46536476421336237
0.4651795165437168
0.4649936355122506
0.46480712085576953
0.4646199723299932
0.46443218970971395
0.4642437727889537
0.4640547213811198
0.46386503531916196
0.4636747144557254
0.46348375866330643
0.46329216783440325
0.46309994188166903
0.4629070807380627
0.46271358435699794
0.4625194527124921
0.4623246857993138
0.46212928363312833
0.46193324625064325
0.4617365737097509
0.461539266089672
0.46134132349109525
0.4611427460363169
0.46094353386937925
0.4607436871562056
0.4605432060847363
0.4603420908650611
0.46014034172955065
0.4599379589329859
0.4597349427526865
0.45953129348863686
0.45932701146360955
0.45912209702328866
0.45891655053638947
0.4587103723947767
0.4585035630135814
0.4582961228313145
0.45808805230997923
0.457879351935181
0.45767002221623443
0.4574600636862694
0.4572494769023341
0.45703826244549395
0.4568264209209328
0.4566139529580451
0.4564008592105325
0.45618714035649177
0.45597279709850447
0.45575783016372134
0.4555422403039453
0.4553260282957114
0.4551091949403637
0.45489174106413
0.4546736675181921
0.45445497517875544
0.4542356649471137
0.454015737749712
0.45379519453820466
0.45357403628951365
0.45335226400588
0.4531298787149142
0.45290688146964275
0.4526832733485516
0.4524590554556262
0.4522342289203883
0.4520087948979282
0.45178275456893613
0.4515561091397272
0.4513288598422648
0.4511010079341795
0.4508725546987853
0.4506435014450903
0.4504138495078063
0.45018360024735227
0.44995275504985566
0.44972131532714954
0.44948928251676495
0.449256658081921
0.4490234435115097
0.44878964032007773
0.44855525004780333
0.44832027426047044
0.4480847145494381
0.44784857253160504
0.44761184984937175
0.4473745481705972
0.44713666918855227
0.446898214621868
0.4466591862144805
0.44641958573557167
0.4461794149795045
0.4459386757657558
0.44569736993884307
0.44545549936824835
0.44521306594833626
0.4449700715982696
0.44472651826191845
0.4444824079077664
0.4442377425288115
0.44399252414246365
0.44374675479043646
0.4435004365386353
0.4432535714770406
0.4430061617195873
0.44275820940403826
0.4425097166918552
0.442260685768063
0.4420111188411113
0.4417610181427308
0.44151038592778347
0.4412592244741116
0.4410075360823792
0.4407553230759099
0.4405025878005213
0.4402493326243519
0.4399955599376871
0.4397412721527783
0.4394864717036575
0.4392311610459476
0.4389753426566692
0.4387190190340409
0.4384621926972768
0.43820486618637816
0.43794704206192103
0.4376887229048393
0.4374299113162037
0.4371706099169951
0.4369108213478745
0.4366505482689477
0.4363897933595258
0.43612855931788097
0.435866848860999
0.43560466472432535
0.4353420096615081
0.43507888644413606
0.4348152978614737
0.4345512467201889
0.43428673584407984
0.4340217680737948
0.4337563462665488
0.43349047329583673
0.4332241520511405
0.43295738543763296
0.432690176375878
0.43242252780152574
0.43215444266500347
0.4318859239312042
0.4316169745791677
0.431347597601762
0.4310777960053564
0.4308075728094941
0.4305369310465582
0.4302658737614364
0.4299944040111789
0.4297225248646551
0.42945023940220495
0.42917755071528674
0.4289044619061219
0.42863097608733536
0.4283570963815927
0.4280828259212332
0.42780816784790016
0.42753312531216675
0.4272577014731598
0.42698189949817755
0.4267057225623069
0.42642917384803636
0.42615225654486477
0.42587497384890755
0.4255973289624996
0.42531932509379533
0.4250409654563653
0.4247622532687897
0.4244831917542491
0.4242037841401116
0.4239240336575181
0.4236439435409637
0.423363517027877
0.42308275735819606
0.42280166777394157
0.42252025151878847
0.4222385118376333
0.42195645197615994
0.4216740751804029
0.4213913846963076
0.4211083837692884
0.4208250756437842
0.4205414635628121
0.4202575507675188
0.4199733404967274
0.419688835986487
0.419404040469615
0.4191189571752396
0.4188335893283411
0.4185479401492893
0.4182620128533796
0.41797581065036876
0.4176893367440056
0.41740259433156335
0.4171155866033674
0.4168283167423228
0.4165407879234395
0.41625300331335735
0.41596496606986705
0.415676679341431
0.41538814626670334
0.41509936997404673
0.4148103535810489
0.4145211001940376
0.41423161290759386
0.41394189480406496
0.4136519489530745
0.41336177841103205
0.4130713862206419
0.41278077541041125
0.41248994899415475
0.4121989099705008
0.4119076613223952
0.4116162060166036
0.4113245470032146
0.4110326872151403
0.41074062956761576
0.41044837695769915
0.4101559322637693
0.40986329834502355
0.4095704780409743
0.40927747417094457
0.40898428953356336
0.4086909269062598
0.4083973890447562
0.40810367868256126
0.40780979853046245
0.4075157512760166
0.4072215395830416
0.4069271660911054
0.406632633415016
0.40633794414431046
0.4060431008427428
0.4057481060477714
0.4054529622700458
0.4051576719928941
0.4048622376718076
0.4045666617339265
0.40427094657752427
0.40397509457149255
0.4036791080548227
0.40338298933609096
0.40308674069293915
0.40279036437155713
0.40249386258616354
0.40219723751848646
0.4019004913172434
0.4016036260976207
0.40130664394075183
0.40100954689319573
0.4007123369664141
0.4004150161362484
0.4001175863423957
0.39982004948788347
0.3995224074385455
0.3992246620224946
0.3989268150295967
0.3986288682109423
0.3983308232783187
0.39803268190368046
0.3977344457186197
0.3974361163138345
0.39713769523859754
0.3968391840002229
0.39654058406353215
0.39624189685032013
0.3959431237388186
0.3956442660631598
0.39534532511283726
0.39504630213216807
0.39474719831975197
0.3944480148279294
0.39414875276223904
0.3938494131808735
0.3935499970941348
0.3932505054638855
0.3929509392030025
0.39265129917482544
0.39235158619260746
0.3920518010189604
0.39175194436530203
0.39145201689129827
0.3911520192043069
0.39085195185881705
0.3905518153558888
0.3902516101425887
0.3899513366114259
0.38965099509978424
0.3893505858893542
0.38905010920556093
0.38874956521699167
0.3884489540348204
0.3881482757122299
0.38784753024383306
0.3875467175650903
0.3872458375517252
0.386944890019138
0.3866438747218166
0.3863427913527448
0.3860416395428087
0.3857404188601995
0.3854391288098147
0.3851377688326559
0.38483633830522507
0.38453483653891607
0.3842332627794057
0.3839316162060406
0.3836298959312212
0.383328100999784
0.3830262303883798
0.38272428300484884
0.38242225768759497
0.38212015320495396
0.38181796825456177
0.3815157014627168
0.38121335138374235
0.3809109164993432
0.38060839521796047
0.38030578587412417
0.38000308672780103
0.37970029596373994
0.3793974116908155
0.37909443194136727
0.3787913546705354
0.3784881777555952
0.37818489899528773
0.3778815161091473
0.3775780267368256
0.3772744284374148
0.3769707186887663
0.37666689488680677
0.3763629543448521
0.3760588942929185
0.37575471187703147
0.375450404158531
0.37514596811337647
0.374841400631447
0.3745366985158413
0.37423185848217505
0.37392687715787526
0.3736217510814754
0.3733164767019055
0.3730110503777836
0.3727054683767042
0.3723997268745264
0.37209382195465973
0.37178774960735184
0.3714815057289723
0.37117508612129857
0.3708684864907999
0.37056170244792286
0.3702547295063773
0.36994756308242016
0.36964019849414476
0.3693326309607662
0.3690248556019132
0.3687168674369171
0.36840866138410716
0.3681002322601047
0.36779157477912355
0.3674826835522708
0.3671735530868534
0.3668641777856873
0.3665545519464126
0.3662446697608119
0.36593452531413645
0.3656241125844359
0.365313425441896
0.3650024576481838
0.3646912028557979
0.36437965460742994
0.36406780633533325
0.36375565136070165
0.36344318289305566
0.3631303940296451
0.36281727775485606
0.3625038269396361
0.3621900343409278
0.36187589260111885
0.3615613942475059
0.3612465316917718
0.3609312972294811
0.360615683039592
0.36029968118398514
0.35998328360701193
0.3596664821350618
0.3593492684761521
0.35903163421953554
0.3587135708353351
0.3583950696741992
0.35807612196698213
0.3577567188244526
0.3574368512370255
0.3571165100745255
0.3567956860859768
0.3564743698994262
0.3561525520217955
0.35583022283876864
0.35550737261471255
0.35518399149263236
0.35486006949416615
0.3545355965196163
0.3542105623480202
0.35388495663726316
0.3535587689242338
0.3532319886250225
0.352904605035166
0.3525766073299402
0.3522479845646982
0.35191872567526233
0.3515888194783656
0.3512582546721461
0.3509270198366981
0.3505951034346774
0.3502624938119666
0.3499291791983991
0.3495951477085448
0.3492603873425584
0.348924885987093
0.3485886314162797
0.3482516112927764
0.3479138131688828
0.3475752244877325
0.34723583258455265
0.3468956246880012
0.3465545879215808
0.34621270930512926
0.3458699757563904
0.3455263740926665
0.3451818910325531
0.34483651319775843
0.34449022711500943
0.34414301921804324
0.34379487584969154
0.34344578326405045
0.34309572762874674
0.3427446950272931
0.342392671461543
0.3420396428542356
0.34168559505164164
0.34133051382630564
0.3409743848798886
0.34061719384610867
0.3402589262937851
0.3398995677299829
0.3395391036032607
0.3391775193070213
0.3388148001829667
0.3384509315246577
0.33808589858117793
0.33771968656090245
0.33735228063537254
0.3369836659432757
0.3366138275945293
0.33624275067447124
0.33587042024815394
0.3354968213647427
0.33512193906201815
0.33474575837097986
0.3343682643205545
0.3339894419424021
0.33360927627582276
0.3332277523727627
0.3328448553029157
0.33246057015891867
0.33207488206164293
0.33168777616557366
0.33129923766427954
0.33090925179596864
0.3305178038491277
0.33012487916824185
0.3297304631595934
0.32933454129713513
0.32893709912843444
0.32853812228068546
0.32813759646678653
0.327735507491477
0.3273318412575305
0.32692658377200046
0.32651972115251277
0.32611123963360283
0.32570112557308817
0.325289365458477
0.3248759459134023
0.324460853704082
0.3240440757457929
0.32362559910935884
0.32320541102764394
0.32278349890204616
0.3223598503089844
0.3219344530063757
0.3215072949400912
0.32107836425038977
0.32064764927832
0.32021513857208445
0.31978082089335963
0.3193446852235669
0.3189067207700824
0.3184669169723875
0.3180252635081438
0.3175817502991934
0.3171363675174731
0.31668910559083896
0.31623995520879034
0.3157889073280926
0.31533595317828483
0.314881084267074
0.31442429238559977
0.31396556961357425
0.31350490832428024
0.31304230118942955
0.3125777411838701
0.3121112215901406
0.3116427360028635
0.31117227833297234
0.31069984281176904
0.3102254239948033
0.30974901676557476
0.3092706163390458
0.30879021826496833
0.30830781843101585
0.3078234130657174
0.3073369987411941
0.30684857237568763
0.3063581312358875
0.3058656729390447
0.305371195454878
0.30487469710726567
0.30437617657572397
0.30387563289666975
0.3033730654644671
0.30286847403225886
0.3023618587125806
0.3018532199777581
0.3013425586600913
0.3008298759518227
0.30031517340489317
0.29979845293048674
0.29927971679836707
0.29875896763600684
0.2982362084275135
0.2977114425123546
0.29718467358388756
0.2966559056876933
0.29612514321972433
0.29559239092426537
0.29505765389171523
0.294520937556194
0.29398224769297976
0.293441590415781
0.2928989721738513
0.29235439974895006
0.29180788025215787
0.2912594211205502
0.29070903011373883
0.2901567153102855
0.28960248510399367
0.2890463482000899
0.2884883136112948
0.28792839065379794
0.28736658894313716
0.2868029183899953
0.28623738919591646
0.28567001184895285
0.28510079711924663
0.28452975605455616
0.2839568999757316
0.28338224047214816
0.28280578939710427
0.28222755886318984
0.28164756123763307
0.28106580913763224
0.2804823154256766
0.27989709320486655
0.27931015581423574
0.2787215168240833
0.27813119003132053
0.2775391894548389
0.27694552933090294
0.2763502241085753
0.27575328844517677
0.2751547372017877
0.27455458543879435
0.2739528484114833
0.27334954156568975
0.2727446805335033
0.2721382811290313
0.271530359344228
0.2709209313447873
0.27031001346610606
0.2696976222093165
0.2690837742373919
0.2684684863713275
0.26785177558639656
0.26723365900848406
0.2666141539104984
0.2659932777088625
0.2653710479600838
0.2647474823574035
0.2641225987275268
0.26349641502743126
0.26286894934125454
0.26224021987725943
0.2616102449648784
0.26097904305183217
0.2603466327013237
0.2597130325893062
0.2590782615018234
0.25844233833241836
0.2578052820796111
0.25716711184444346
0.2565278468280857
0.255887506329505
0.25524610974319484
0.2546036765569575
0.25396022634974336
0.2533157787895391
0.25267035363130486
0.25202397071495686
0.2513766499633918
0.25072841138055124
0.2500792750495216
0.2494292611306677
0.24877838985979772
0.2481266815463531
0.24747415657162428
0.24682083538698754
0.24616673851215853
0.24551188653346268
0.24485630010211562
0.24419999993251507
0.2435430068005364
0.24288534154183467
0.24222702505014373
0.2415680782755768
0.24090852222292006
0.2402483779499198
0.23958766656555963
0.23892640922832636
0.23826462714446014
0.2376023415661892
0.23693957378994554
0.23627634515456
0.23561267703943387
0.23494859086268743
0.23428410807928243
0.23361925017911497
0.23295403868508235
0.2322884951511162
0.23162264116018685
0.2309564983222733
0.23029008827229913
0.22962343266803534
0.22895655318796648
0.22828947152912055
0.22762220940486305
0.22695478854265422
0.22628723068176737
0.22561955757097174
0.22495179096617596
0.22428395262803466
0.22361606431951772
0.2229481478034423
0.2222802248399673
0.22161231718405164
0.22094444658287715
0.22027663477323597
0.21960890347888168
0.21894127440784966
0.2182737692497419
0.21760640967298103
0.2169392173220337
0.2162722138146034
0.21560542073879568
0.2149388596502557
0.21427255206927975
0.2136065194779021
0.21294078331696037
0.21227536498313687
0.21161028582598218
0.21094556714492047
0.2102812301862357
0.20961729614004704
0.20895378613726662
0.20829072124655001
0.20762812247123538
0.20696601074627358
0.20630440693515592
0.20564333182683536
0.20498280613264616
0.20432285048322488
0.20366348542543128
0.20300473141927544
0.20234660883484834
0.2016891379492622
0.2010323389435989
0.2003762318998717
0.19972083679799932
0.199066173512796
0.19841226181097946
0.19775912134819773
0.19710677166607718
0.196455232189294
0.19580452222267097
0.1951546609483003
0.19450566742269487
0.1938575605739714
0.19321035919906346
0.19256408196097033
0.19191874738603967
0.19127437386128776
0.1906309796317587
0.18998858279792336
0.18934720131312027
0.18870685298103906
0.18806755545324866
0.18742932622677203
0.18679218264170677
0.186156141878895
0.18552122095764306
0.18488743673349123
0.184254805896036
0.18362334496680552
0.1829930702971876
0.1823639980664152
0.18173614427960508
0.18110952476585523
0.18048415517639835
0.1798600509828149
0.17923722747530363
0.1786156997610135
0.17799548276243363
0.1773765912158457
0.17675903966983722
0.17614284248387524
0.17552801382694388
0.17491456767624225
0.17430251781594633
0.17369187783603307
0.17308266113116785
0.17247488089965385
0.17186855014244612
0.17126368166222822
0.1706602880625509
0.1700583817470355
0.16945797491863956
0.16885907957898488
0.16826170752774874
0.16766587036211678
0.16707157947629855
0.16647884606110422
0.16588768110358293
0.16529809538672216
0.16471009948920615
0.1641237037852371
0.16353891844441223
0.1629557534316632
0.1623742185072507
0.16179432322681936
0.16121607694150736
0.16063948879811385
0.16006456773932212
0.1594913225039757
0.15891976162741098
0.15834989344184164
0.15778172607679591
0.1572152674596057
0.15665052531594598
0.15608750717042533
0.1555262203472236
0.1549666719707797
0.15440886896652486
0.1538528180616636
0.1532985257859989
0.15274599847280204
0.15219524225972655
0.15164626308976276
0.15109906671223547
0.15055365868384146
0.15001004436972504
0.14946822894459427
0.14892821739387252
0.14839001451488662
0.14785362491809104
0.14731905302832587
0.14678630308610677
0.14625537914894912
0.1457262850927211
0.14519902461302894
0.14467360122662884
0.1441500182728684
0.14362827891515484
0.1431083861424483
0.14259034277078053
0.14207415144479754
0.1415598146393246
0.1410473346609542
0.14053671364965264
0.14002795358038905
0.13952105626478128
0.139016023352761
0.13851285633425484
0.13801155654088232
0.1375121251476679
0.13701456317476798
0.13651887148921085
0.13602505080664873
0.1355331016931213
0.13504302456683037
0.13455481969992325
0.13406848722028553
0.13358402711334208
0.13310143922386458
0.1326207232577855
0.1321418787840187
0.131664905236283
0.13118980191493135
0.1307165679887822
0.1302452024969547
0.12977570435070396
0.1293080723352588
0.12884230511165928
0.12837840121859473
0.12791635907423904
0.1274561769780869
0.12699785311278616
0.12654138554596747
0.12608677223207138
0.1256340110141711
0.1251830996257898
0.12473403569271498
0.12428681673480414
0.12384144016778795
0.12339790330506335
0.12295620335948218
0.12251633744513042
0.12207830257910054
0.12164209568325436
0.12120771358597798
0.12077515302392697
0.12034441064376117
0.119915483003871
0.11948836657609091
0.1190630577474045
0.11863955282163656
0.11821784802113498
0.11779793948843978
0.11737982328794036
0.11696349540752035
0.11654895176019019
0.11613618818570626
0.11572520045217637
0.11531598425765319
0.11490853523171292
0.11450284893702008
0.11409892087087843
0.11369674646676815
0.11329632109586805
0.11289764006856261
0.11250069863593537
0.11210549199124684
0.1117120152713971
0.11132026355837381
0.11093023188068421
0.1105419152147725
0.11015530848642122
0.10977040657213669
0.1093872043005199
0.10900569645362031
0.10862587776827501
0.10824774293743111
0.10787128661145302
0.10749650339941305
0.10712338787036652
0.10675193455461063
0.10638213794492762
0.10601399249781181
0.10564749263467967
0.10528263274306598
0.10491940717780232
0.10455781026217925
0.10419783628909424
0.10383947952218234
0.10348273419693133
0.10312759452178098
0.1027740546792069
0.1024221088267877
0.10207175109825782
0.10172297560454288
0.1013757764347818
0.10103014765733118
0.10068608332075564
0.1003435774548024
0.10000262407136049
0.09966321716540497
0.09932535071592609
0.09898901868684301
0.09865421502790357
0.09832093367556793
0.09798916855387863
0.09765891357531577
0.09733016264163753
0.0970029096447061
0.09667714846730023
0.0963528729839121
0.09603007706153258
0.09570875456041911
0.09538889933485387
0.09507050523388465
0.09475356610205454
0.09443807578011705
0.09412402810573849
0.0938114169141866
0.09350023603900709
0.0931904793126864
0.09288214056730186
0.0925752136351598
0.0922696923494204
0.09196557054471062
0.09166284205772461
0.0913615007278128
0.09106154039755744
0.09076295491333841
0.09046573812588535
0.09016988389082002
0.08987538606918528
0.08958223852796494
0.08929043514059092
0.08899996978744
0.08871083635631974
0.08842302874294346
0.0881365408513949
0.0878513665945824
0.08756749989468235
0.08728493468357294
0.08700366490325802
0.08672368450628036
0.0864449874561258
0.08616756772761759
0.0858914193073011
0.08561653619381909
0.08534291239827856
0.08507054194460678
0.08479941886990067
0.08452953722476512
0.08426089107364446
0.0839934744951436
0.08372728158234274
0.08346230644310172
0.08319854320035784
0.08293598599241413
0.08267462897322136
0.08241446631265065
0.08215549219675966
0.08189770082805004
0.08164108642571848
0.0813856432258997
0.08113136548190279
0.08087824746444008
0.0806262834618488
0.08037546778030688
0.08012579474404101
0.07987725869552806
0.07962985399569092
0.07938357502408704
0.0791384161790912
0.07889437187807143
0.07865143655755977
0.07840960467341637
0.07816887070098791
0.07792922913526057
0.07769067449100628
0.07745320130292513
0.07721680412578075
0.0769814775345313
0.07674721612445441
0.07651401451126799
0.07628186733124476
0.0760507692413228
0.075820714919211
0.07559169906348906
0.07536371639370379
0.07513676165045986
0.07491082959550704
0.07468591501182179
0.07446201270368596
0.07423911749675982
0.07401722423815181
0.07379632779648379
0.07357642306195265
0.07335750494638765
0.07313956838330414
0.07292260832795305
0.07270661975736754
0.0724915976704051
0.07227753708778697
0.07206443305213328
0.07185228062799542
0.07164107490188465
0.07143081098229809
0.07122148399974065
0.07101308910674452
0.07080562147788542
0.07059907630979562
0.0703934488211747
0.07018873425279654
0.06998492786751458
0.06978202495026337
0.0695800208080581
0.06937891076999132
0.06917869018722703
0.06897935443299257
0.06878089890256783
0.06858331901327215
0.068386610204449
0.06819076793744812
0.06799578769560635
0.06780166498422446
0.06760839533054445
0.0674159742837226
0.06722439741480135
0.06703366031667952
0.06684375860408037
0.06665468791351757
0.06646644390325974
0.06627902225329346
0.06609241866528326
0.06590662886253214
0.06572164858993813
0.06553747361395125
0.06535409972252745
0.065171522725082
0.06498973845244113
0.06480874275679194
0.06462853151163181
0.0644491006117151
0.06427044597300026
0.06409256353259407
0.06391544924869585
0.06373909910053967
0.06356350908833595
0.06338867523321201
0.06321459357715069
0.06304126018292912
0.06286867113405528
0.06269682253470503
0.0625257105096562
0.0623553312042241
0.06218568078419405
0.06201675543575433
0.06184855136542787
0.061681064800003155
0.061514291986464374
0.06134822919192097
0.06118287270353612
0.06101821882845484
0.06085426389373129
0.06069100424625559
0.060528436252679854
0.06036655629934344
0.06020536079219832
0.060044846156732896
0.05988500883789652
0.0597258453000222
0.05956735202674991
0.05940952552094868
0.059252362304639095
0.05909585891891404
0.05894001192386071
0.05878481789848106
0.05863027344061199
0.058476375166845784
0.05832311971244993
0.058170503731286315
0.05801852389573084
0.05786717689659174
0.057716459443029
0.05756636826247209
0.05741690010053888
0.057268051720953284
0.05711981990546297
0.05697220145375749
0.0568251931833855
0.05667879192967222
0.05653299454563688
0.05638779790190934
0.056243198886647805
0.05609919440545526
0.05595578138129673
0.05581295675441586
0.05567071748225174
0.05552906053935572
0.055387982917308135
0.055247481624634984
0.05510755368672457
0.05496819614574416
0.054829406060557
0.054691180506638626
0.054553516575994124
0.0544164113770746
0.05427986203469431
0.054143865689947515
0.05400841950012555
0.05387352063863388
0.05373916629490971
0.05360535367433859
0.053472079998172536
0.053339342503447205
0.05320713844289973
0.053075465084886544
0.05294431971330116
0.05281369962749229
0.05268360214218242
0.05255402458738604
0.052424964308327965
0.05229641866536252
0.052168385033892054
0.052040860804286666
0.05191384338180294
0.0517873301865036
0.051661318653177496
0.05153580623125933
0.05141079038474976
0.05128626859213589
0.0511622383463116
0.05103869715449899
0.050915642538168604
0.05079307203296128
0.05067098318860938
0.05054937356885892
0.0504282407513911
0.05030758232774497
0.050187395903239965
0.050067679096898306
0.04994842954136851
