2.0363377921340216
2.2372304353291788
2.189224126208762
2.1395415625670458
2.110241257671884
2.0903381064334483
2.0740110359304254
2.0592568901648085
2.0454743903933905
2.0324861833931642
2.0202378399153367
2.008712575076501
1.9979063871566074
1.9878198197104953
1.9784546415331548
1.9698122304985994
1.961892677812408
1.9546942549408697
1.9482130881960438
1.942442964798585
1.9373752297875493
1.932998750521878
1.929299934291763
1.92626278905214
1.9238690196491601
1.922098153229727
1.9209276883594864
1.9203332629963472
1.9202888369964908
1.920766885314697
1.921738598512398
1.9231740876027907
1.9250425906365933
1.9273126787599493
1.9299524597559254
1.9329297773148926
1.9362124044715
1.9397682298039998
1.9435654351236318
1.947572663496538
1.951759176546891
1.956095000095424
1.9605510572986304
1.96509928857533
1.9697127577415605
1.9743657439226754
1.9790338189716987
1.9836939102926763
1.9883243491427876
1.9929049046624177
1.9974168040528881
2.0018427394819023
2.006166862442097
2.010374766414384
2.0144534587918965
2.018391323100313
2.0221780726052025
2.025804696426975
2.029263399290157
2.0325475360178396
2.035651541846871
2.038570859587444
2.0413018645853795
2.0438417883697206
2.04618864178537
2.0483411383232673
2.050298618271633
2.052060974223407
2.0536285783890094
2.0550022120816216
2.056182997665364
2.057172333186063
2.05797182984016
2.0585832523801657
2.0590084625049316
2.0592493652398205
2.05930785827547
2.059185784203871
2.0588848855666644
2.0584067626123503
2.0577528336463002
2.056924297849412
2.055922100437778
2.054746900036336
2.0533990381439384
2.0518785105751935
2.0501849407756922
2.0483175549215957
2.0462751587317762
2.0440561159408235
2.041658328403984
2.0390792178305532
2.0363157091702333
2.03336421570751
2.0302206259520914
2.0268802924488267
2.0233380226681486
2.019588072177776
2.015624140338029
2.011439368806132
2.0070263431791173
2.0023770981496263
1.997483126593441
1.992335393051039
1.9869243521067115
1.9812399722065954
1.9752717654896315
1.9690088242312889
1.9624398645166083
1.9555532777643923
1.9483371907154732
1.940779534471809
1.932868123126568
1.9245907424547197
1.9159352490353634
1.9068896800474178
1.8974423738157098
1.8875821009817026
1.877298205929375
1.8665807578103246
1.855420710182711
1.843810067907592
1.8317420595377532
1.8192113129954883
1.8062140318781634
1.7927481692694864
1.7788135954908673
1.7644122558266062
1.7495483139293144
1.7342282763915293
1.7184610938914697
1.7022582344196018
1.6856337243977657
1.6686041540350913
1.651188644032631
1.633408771742521
1.6152884560788432
1.5968538018166467
1.578132905334248
1.5591556252680934
1.5399533228672975
1.5205585779648325
1.501004887343278
1.4813263528033909
1.4615573664092882
1.4417323001815037
1.4218852069674028
1.402049538393619
1.3822578847744496
1.362541740701333
1.3429312988600415
1.3234552734936345
1.304140753913688
1.285013087602586
1.2660957917668643
1.2474104916971984
1.2289768839505302
1.2108127221695462
1.1929338232646312
1.1753540916737892
1.1580855594601267
1.1411384400830955
1.1245211937736255
1.1082406025451734
1.0923018529780169
1.0767086250216218
1.061463185170379
1.0465664824828462
1.0320182460351937
1.01781708252625
1.003960572883994
0.9904453668600407
0.9772672747375553
0.9644213554164265
0.9519020002747195
0.9397030123347917
0.9278176803836139
0.9162388478080923
0.9049589760060822
0.893970202321651
0.8832643925287273
0.8728331879506748
0.8626680473551832
0.8527602838049225
0.843101096675678
0.8336815990763617
0.8244928409204625
0.8155258279074489
0.8067715366765207
0.7982209263950193
0.7898649470409049
0.781694544633891
0.7737006636641279
0.7658742469615776
0.7582062332441999
0.750687552579681
0.7433091199942276
0.7360618274638175
0.728936534528817
0.7219240577827389
0.7150151595008396
0.708200535694782
0.7014708039064241
0.6948164910873783
0.6882280219518339
0.6816957082384915
0.6752097393734307
0.6687601750890574
0.6623369406243321
0.6559298252070158
0.6495284845978054
0.6431224485561315
0.6367011341641247
0.6302538660137158
0.6237699043153229
0.6172384820169534
0.6106488520199727
0.603990345530951
0.5972524424853759
0.5904248548052853
0.5834976229960515
0.5764612262358502
0.5693067056560219
0.5620257999478474
0.5546110917644351
0.5470561626283709
0.5393557532308307
0.5315059251536407
0.5235042192134262
0.5153498048804699
0.5070436146377386
0.4985884567958711
0.4899891002430534
0.4812523249479471
0.4723869327908538
0.4634037144832491
0.4543153699205823
0.44513638122750293
0.43588283988786847
0.4265722315604416
0.4172231843014502
0.4078551877803971
0.3984882925345756
0.38914279924285416
0.3798389483399146
0.37059662002267274
0.3614350538610846
0.3523725959047253
0.3434264794999324
0.3346126441456509
0.3259455947690428
0.31743830193189027
0.3091021417997538
0.30094687330011105
0.2929806488118666
0.28521005398251026
0.27764017184885853
0.2702746663094221
0.2631158801137206
0.2561649428420002
0.24942188479250846
0.242885753221046
0.23655472794386606
0.23042623388340677
0.2244970486789078
0.21876340398118538
0.21322107949075875
0.20786548917530256
0.2026917594151962
0.19769479907728293
0.19286936171191038
0.18821010021317408
0.18371161438413294
0.17936849191456902
0.17517534331539705
0.17112683136720688
0.16721769563602207
0.16344277259186735
0.15979701183894984
0.15627548893341786
0.15287341522819967
0.1495861451463399
0.1464091812460142
0.1433381774030529
0.14036894040116454
0.13749743018653465
0.13471975901244806
0.13203218967116154
0.12943113298444994
0.12691314470104917
0.12447492192847966
0.12211329920831836
0.11982524432774967
0.11760785394593176
0.11545834910125526
0.11337407065469532
0.11135247471505558
0.10939112808377344
0.10748770374996036
0.10563997646037863
0.10384581838393676
0.10210319488594324
0.10041016042369837
0.09876485457189112
0.09716549818368414
0.0956103896912038
0.09409790154735737
0.09262647680942623
0.09119462586367749
0.08980092328926714
0.08844400485892678
0.08712256467332131
0.08583535242548994
0.08458117079143339
0.08335887294265736
0.08216736017631049
0.0810055796584495
0.07987252227592427
0.07876722059236316
0.07768874690378852
0.07663621138944658
0.0756087603535315
0.07460557455358895
0.07362586761150795
0.0726688845031369
0.07173390012270921
0.07082021791839073
0.0699271685954261
0.0690541088834942
0.06820042036503657
0.0673655083614637
0.06654880087429009
0.06574974757838367
0.06496781886465268
0.06420250492962597
0.06345331490950233
0.06271977605637497
0.06200143295444646
0.06129784677416722
0.06060859456233369
0.05993326856628646
0.059271475590447174
0.058622836383523405
0.05798698505480209
0.05736356851803377
0.05675224596148955
0.05615268834285307
0.055564577907673
0.05498760773017837
0.05442148127531848
0.053865911980950705
0.0533206228591584
0.052785346115734974
0.0522598227869228
0.051743802392542504
0.051237042604695984
0.05073930893126922
0.05025037441350482
0.04977001933694665
