0.49772819759726733
0.5429318398145494
0.5383360567988683
0.534891412170816
0.532446869089344
0.5307272420863476
0.5295238288217445
0.5286835845766107
0.5280966646456202
0.5276853933993272
0.5273954058473248
0.5271889226168109
0.5270398197336112
0.5269300949091694
0.5268473723665495
0.526783158615942
0.5267316314799437
0.5266888032715713
0.5266519443910682
0.5266191871912919
0.5265892541621131
0.5265612716267819
0.5265346421505207
0.5265089572092418
0.5264839374402581
0.5264593917768303
0.5264351895051439
0.5264112411610515
0.526387485472096
0.5263638804328343
0.5263403972057086
0.5263170159531961
0.5262937229898407
0.5262705088362379
0.5262473668893238
0.5262242925137558
0.526201282420993
0.5261783342449322
0.5261554462518304
0.5261326171419693
0.5261098459140044
0.5260871317721444
0.5260644740626003
0.5260418722300424
0.5260193257877355
0.5259968342970305
0.525974397353259
0.5259520145760108
0.5259296856024187
0.5259074100825014
0.5258851876759264
0.5258630180497448
0.5258409008767999
0.525818835834601
0.5257968226045181
0.5257748608712042
0.5257529503221717
0.5257310906474832
0.5257092815395171
0.5256875226927924
0.5256658138038328
0.5256441545710596
0.5256225446947083
0.5256009838767587
0.5255794718208797
0.5255580082323825
0.5255365928181803
0.5255152252867548
0.5254939053481267
0.5254726327138296
0.5254514070968874
0.5254302282117933
0.5254090957744917
0.5253880095023604
0.5253669691141956
0.5253459743301971
0.5253250248719548
0.5253041204624359
0.525283260825972
0.5252624456882494
0.525241674776296
0.5252209478184722
0.5252002645444596
0.525179624685252
0.5251590279731448
0.5251384741417265
0.5251179629258689
0.5250974940617179
0.5250770672866855
0.52505668233944
0.5250363389598987
0.525016036889218
0.5249957758697863
0.5249755556452149
0.5249553759603306
0.5249352365611667
0.5249151371949561
0.524895077610122
0.5248750575562717
0.5248550767841875
0.5248351350458196
0.5248152320942786
0.5247953676838272
0.5247755415698732
0.5247557535089622
0.5247360032587697
0.5247162905780939
0.5246966152268486
0.5246769769660559
0.5246573755578383
0.524637810765413
0.5246182823530827
0.5245987900862311
0.5245793337313133
0.5245599130558507
0.5245405278284234
0.5245211778186629
0.5245018627972464
0.5244825825358888
0.5244633368073364
0.5244441253853609
0.5244249480447516
0.5244058045613096
0.5243866947118405
0.5243676182741496
0.5243485750270322
0.5243295647502711
0.5243105872246269
0.5242916422318336
0.5242727295545914
0.5242538489765609
0.5242350002823566
0.5242161832575408
0.5241973976886174
0.5241786433630256
0.5241599200691347
0.5241412275962367
0.5241225657345413
0.5241039342751698
0.5240853330101487
0.5240667617324046
0.524048220235758
0.5240297083149167
0.5240112257654715
0.5239927723838895
0.5239743479675085
0.523955952314532
0.523937585224022
0.523919246495896
0.5239009359309186
0.523882653330698
0.5238643984976794
0.5238461712351409
0.5238279713471861
0.5238097986387406
0.5237916529155451
0.5237735339841519
0.523755441651918
0.5237373757270001
0.5237193360183505
0.523701322335711
0.5236833344896075
0.5236653722913456
0.5236474355530055
0.5236295240874361
0.5236116377082513
0.5235937762298238
0.5235759394672808
0.523558127236499
0.5235403393540996
0.5235225756374435
0.5235048359046268
0.5234871199744745
0.5234694276665385
0.5234517588010901
0.523434113199117
0.5234164906823178
0.5233988910730977
0.5233813141945639
0.5233637598705206
0.523346227925465
0.5233287181845828
0.5233112304737426
0.5232937646194927
0.5232763204490564
0.5232588977903265
0.5232414964718629
0.5232241163228859
0.5232067571732739
0.5231894188535576
0.5231721011949166
0.5231548040291751
0.5231375271887968
0.5231202705068815
0.523103033817161
0.5230858169539941
0.5230686197523641
0.5230514420478721
0.5230342836767354
0.5230171444757824
0.5230000242824481
0.5229829229347711
0.5229658402713888
0.5229487761315341
0.5229317303550306
0.5229147027822898
0.5228976932543061
0.5228807016126538
0.5228637276994825
0.5228467713575141
0.5228298324300382
0.5228129107609091
0.5227960061945414
0.5227791185759064
0.5227622477505288
0.5227453935644824
0.5227285558643872
0.5227117344974046
0.5226949293112354
0.5226781401541147
0.5226613668748091
0.5226446093226134
0.5226278673473452
0.5226111407993448
0.5225944295294683
0.5225777333890862
0.5225610522300793
0.5225443859048348
0.5225277342662438
0.5225110971676976
0.5224944744630842
0.5224778660067841
0.5224612716536694
0.5224446912590976
0.5224281246789106
0.5224115717694294
0.5223950323874531
0.5223785063902535
0.5223619936355739
0.5223454939816237
0.5223290072870775
0.5223125334110705
0.5222960722131951
0.5222796235534994
0.5222631872924828
0.5222467632910925
0.5222303514107223
0.5222139515132076
0.5221975634608236
0.5221811871162815
0.5221648223427264
0.5221484690037332
0.522132126963305
0.5221157960858687
0.522099476236273
0.5220831672797857
0.52206686908209
0.5220505815092817
0.5220343044278677
0.5220180377047609
0.5220017812072795
0.5219855348031428
0.5219692983604692
0.5219530717477733
0.5219368548339621
0.5219206474883342
0.5219044495805756
0.5218882609807569
0.5218720815593321
0.5218559111871338
0.5218397497353727
0.5218235970756335
0.5218074530798724
0.5217913176204151
0.5217751905699539
0.5217590718015448
0.5217429611886054
0.521726858604912
0.5217107639245976
0.5216946770221484
0.5216785977724023
0.5216625260505457
0.5216464617321116
0.5216304046929763
0.5216143548093579
0.521598311957813
0.5215822760152353
0.521566246858852
0.521550224366222
0.5215342084152337
0.5215181988841022
0.5215021956513675
0.5214861985958914
0.5214702075968556
0.5214542225337595
0.5214382432864176
0.5214222697349574
0.5214063017598172
0.5213903392417433
0.5213743820617885
0.5213584301013092
0.5213424832419639
0.5213265413657098
0.5213106043548021
0.5212946720917908
0.5212787444595184
0.5212628213411186
0.5212469026200133
0.5212309881799111
0.5212150779048046
0.5211991716789686
0.5211832693869578
0.5211673709136055
0.5211514761440201
0.5211355849635841
0.5211196972579517
0.5211038129130469
0.5210879318150612
0.5210720538504516
0.521056178905939
0.5210403068685057
0.5210244376253939
0.5210085710641028
0.520992707072388
0.5209768455382582
0.5209609863499742
0.5209451293960466
0.520929274565234
0.5209134217465402
0.5208975708292142
0.5208817217027463
0.5208658742568675
0.5208500283815474
0.5208341839669913
0.5208183409036405
0.5208024990821679
0.5207866583934783
0.5207708187287052
0.5207549799792099
0.5207391420365788
0.5207233047926227
0.5207074681393737
0.5206916319690851
0.5206757961742274
0.5206599606474892
0.5206441252817732
0.5206282899701955
0.5206124546060841
0.5205966190829764
0.5205807832946182
0.5205649471349614
0.5205491104981632
0.520533273278583
0.5205174353707827
0.5205015966695228
0.5204857570697625
0.5204699164666575
0.5204540747555582
0.5204382318320078
0.5204223875917415
0.5204065419306849
0.5203906947449508
0.5203748459308399
0.5203589953848375
0.5203431430036124
0.5203272886840162
0.5203114323230804
0.5202955738180157
0.5202797130662105
0.5202638499652283
0.520247984412808
0.5202321163068606
0.5202162455454691
0.5202003720268858
0.5201844956495321
0.5201686163119954
0.5201527339130293
0.5201368483515513
0.5201209595266412
0.52010506733754
0.5200891716836482
0.5200732724645248
0.5200573695798854
0.5200414629296011
0.5200255524136967
0.52000963793235
0.5199937193858893
0.5199777966747937
0.5199618696996897
0.5199459383613514
0.5199300025606984
0.5199140621987948
0.5198981171768472
0.5198821673962046
0.5198662127583555
0.5198502531649278
0.5198342885176871
0.5198183187185348
0.5198023436695081
0.5197863632727772
0.5197703774306452
0.5197543860455462
0.519738389020044
0.5197223862568314
0.5197063776587281
0.51969036312868
0.5196743425697576
0.5196583158851558
0.5196422829781904
0.5196262437522999
0.5196101981110413
0.5195941459580911
0.5195780871972427
0.5195620217324063
0.5195459494676065
0.5195298703069821
0.5195137841547842
0.5194976909153759
0.5194815904932302
0.5194654827929291
0.5194493677191628
0.5194332451767283
0.5194171150705278
0.5194009773055682
0.5193848317869604
0.5193686784199163
0.5193525171097496
0.519336347761874
0.5193201702818018
0.519303984575143
0.5192877905476043
0.519271588104988
0.5192553771531906
0.5192391575982018
0.5192229293461039
0.5192066923030705
0.5191904463753644
0.5191741914693384
0.5191579274914327
0.5191416543481746
0.519125371946177
0.5191090801921379
0.5190927789928388
0.5190764682551439
0.5190601478859994
0.5190438177924317
0.5190274778815469
0.5190111280605303
0.5189947682366438
0.5189783983172266
0.5189620182096932
0.5189456278215329
0.5189292270603083
0.5189128158336547
0.5188963940492791
0.5188799616149591
0.5188635184385417
0.5188470644279429
0.5188305994911464
0.5188141235362024
0.5187976364712269
0.5187811382044014
0.5187646286439702
0.5187481076982413
0.5187315752755848
0.5187150312844311
0.5186984756332716
0.5186819082306565
0.5186653289851941
0.5186487378055504
0.5186321346004477
0.5186155192786639
0.5185988917490314
0.5185822519204364
0.5185655997018178
0.5185489350021668
0.5185322577305251
0.5185155677959852
0.5184988651076878
0.5184821495748233
0.5184654211066286
0.5184486796123877
0.51843192500143
0.51841515718313
0.5183983760669064
0.5183815815622206
0.5183647735785767
0.51834795202552
0.5183311168126363
0.5183142678495516
0.5182974050459302
0.5182805283114753
0.5182636375559262
0.5182467326890594
0.5182298136206865
0.5182128802606543
0.5181959325188432
0.5181789703051666
0.5181619935295702
0.518145002102031
0.5181279959325571
0.5181109749311857
0.5180939390079838
0.5180768880730457
0.5180598220364939
0.518042740808477
0.5180256442991693
0.5180085324187704
0.5179914050775037
0.5179742621856166
0.5179571036533785
0.5179399293910808
0.5179227393090361
0.517905533317577
0.5178883113270557
0.5178710732478431
0.5178538189903279
0.5178365484649159
0.5178192615820295
0.5178019582521063
0.5177846383855991
0.5177673018929746
0.5177499486847127
0.517732578671306
0.5177151917632584
0.5176977878710853
0.5176803669053123
0.5176629287764741
0.5176454733951146
0.517628000671785
0.5176105105170445
0.5175930028414581
0.517575477555597
0.5175579345700367
0.517540373795358
0.5175227951421438
0.5175051985209809
0.5174875838424574
0.5174699510171626
0.5174522999556868
0.5174346305686192
0.517416942766549
0.517399236460063
0.5173815115597454
0.5173637679761778
0.5173460056199372
0.5173282244015961
0.5173104242317219
0.517292605020875
0.51727476667961
0.5172569091184727
0.5172390322480016
0.5172211359787251
0.5172032202211623
0.5171852848858214
0.5171673298831998
0.5171493551237819
0.5171313605180402
0.5171133459764331
0.5170953114094049
0.5170772567273849
0.5170591818407868
0.5170410866600074
0.5170229710954266
0.5170048350574061
0.516986678456289
0.516968501202399
0.5169503032060397
0.5169320843774936
0.5169138446270214
0.5168955838648617
0.5168773020012298
0.5168589989463173
0.5168406746102908
0.5168223289032915
0.516803961735435
0.5167855730168092
0.5167671626574754
0.5167487305674656
0.5167302766567832
0.5167118008354014
0.5166933030132629
0.5166747831002789
0.5166562410063286
0.5166376766412583
0.5166190899148804
0.516600480736973
0.5165818490172789
0.5165631946655053
0.5165445175913219
0.5165258177043617
0.516507094914219
0.5164883491304486
0.5164695802625667
0.5164507882200475
0.5164319729123247
0.5164131342487894
0.5163942721387897
0.5163753864916305
0.516356477216571
0.5163375442228261
0.5163185874195642
0.5162996067159067
0.516280602020927
0.51626157324365
0.5162425202930521
0.5162234430780581
0.5162043415075426
0.5161852154903281
0.5161660649351847
0.5161468897508287
0.5161276898459223
0.5161084651290724
0.5160892155088297
0.5160699408936885
0.5160506411920853
0.5160313163123977
0.5160119661629442
0.5159925906519832
0.5159731896877114
0.515953763178264
0.5159343110317134
0.515914833156068
0.5158953294592713
0.5158757998492018
0.5158562442336717
0.5158366625204251
0.515817054617139
0.5157974204314203
0.5157777598708065
0.515758072842764
0.5157383592546871
0.5157186190138979
0.5156988520276443
0.5156790582030994
0.5156592374473614
0.5156393896674514
0.5156195147703131
0.515599612662812
0.5155796832517336
0.5155597264437837
0.5155397421455866
0.5155197302636836
0.5154996907045334
0.5154796233745101
0.5154595281799023
0.5154394050269122
0.5154192538216551
0.5153990744701573
0.515378866878356
0.5153586309520979
0.5153383665971383
0.5153180737191396
0.5152977522236707
0.515277402016206
0.5152570230021238
0.5152366150867062
0.5152161781751362
0.515195712172499
0.515175216983779
0.5151546925138591
0.5151341386675207
0.5151135553494408
0.5150929424641922
0.515072299916242
0.5150516276099502
0.5150309254495687
0.5150101933392399
0.5149894311829962
0.5149686388847581
0.514947816348333
0.514926963477415
0.5149060801755819
0.5148851663462961
0.5148642218929016
0.5148432467186235
0.5148222407265667
0.5148012038197151
0.5147801359009287
0.5147590368729449
0.5147379066383747
0.5147167450997029
0.5146955521592864
0.5146743277193522
0.5146530716819977
0.5146317839491877
0.5146104644227538
0.514589113004393
0.5145677295956664
0.5145463140979971
0.5145248664126698
0.5145033864408293
0.5144818740834781
0.514460329241476
0.5144387518155379
0.5144171417062331
0.514395498813983
0.5143738230390607
0.5143521142815882
0.514330372441536
0.5143085974187209
0.514286789112805
0.5142649474232937
0.5142430722495339
0.5142211634907138
0.5141992210458596
0.5141772448138353
0.5141552346933398
0.5141331905829065
0.514111112380901
0.5140889999855196
0.5140668532947876
0.5140446722065577
0.5140224566185083
0.5140002064281419
0.513977921532783
0.5139556018295769
0.5139332472154875
0.513910857587296
0.5138884328415987
0.5138659728748055
0.5138434775831382
0.5138209468626278
0.5137983806091142
0.5137757787182431
0.5137531410854645
0.5137304676060311
0.513707758174996
0.5136850126872113
0.5136622310373258
0.5136394131197826
0.5136165588288184
0.5135936680584606
0.5135707407025254
0.513547776654616
0.5135247758081207
0.5135017380562104
0.513478663291837
0.5134555514077312
0.5134324022964006
0.5134092158501268
0.5133859919609645
0.5133627305207384
0.5133394314210415
0.5133160945532329
0.5132927198084354
0.5132693070775334
0.5132458562511708
0.5132223672197489
0.5131988398734235
0.5131752741021036
0.5131516697954477
0.5131280268428628
0.5131043451335024
0.513080624556262
0.5130568649997788
0.5130330663524284
0.5130092285023229
0.5129853513373077
0.5129614347449599
0.5129374786125853
0.5129134828272164
0.5128894472756089
0.5128653718442406
0.5128412564193074
0.512817100886722
0.5127929051321105
0.5127686690408102
0.5127443924978666
0.5127200753880314
0.5126957175957592
0.5126713190052046
0.5126468795002208
0.5126223989643554
0.5125978772808485
0.5125733143326294
0.5125487100023147
0.5125240641722043
0.5124993767242794
0.5124746475401996
0.5124498765012991
0.5124250634885856
0.5124002083827355
0.5123753110640921
0.512350371412662
0.5123253893081128
0.5123003646297696
0.5122752972566117
0.5122501870672705
0.5122250339400254
0.512199837752801
0.512174598383165
0.5121493157083231
0.5121239896051176
0.5120986199500231
0.5120732066191439
0.5120477494882103
0.512022248432576
0.5119967033272141
0.5119711140467142
0.5119454804652785
0.5119198024567198
0.5118940798944562
0.5118683126515094
0.5118425006005003
0.5118166436136458
0.5117907415627553
0.5117647943192272
0.5117388017540456
0.5117127637377762
0.5116866801405632
0.5116605508321258
0.5116343756817539
0.5116081545583048
0.5115818873302
0.5115555738654209
0.5115292140315051
0.5115028076955427
0.5114763547241726
0.5114498549835794
0.5114233083394876
0.5113967146571597
0.5113700738013918
0.5113433856365089
0.5113166500263618
0.511289866834323
0.5112630359232824
0.5112361571556432
0.5112092303933188
0.5111822554977273
0.5111552323297885
0.5111281607499193
0.51110104061803
0.511073871793519
0.5110466541352702
0.511019387501647
0.5109920717504899
0.5109647067391109
0.5109372923242895
0.5109098283622682
0.5108823147087488
0.5108547512188871
0.5108271377472894
0.5107994741480071
0.5107717602745326
0.5107439959797956
0.5107161811161572
0.510688315535406
0.5106603990887537
0.5106324316268297
0.5106044129996782
0.5105763430567511
0.5105482216469049
0.5105200486183958
0.5104918238188747
0.510463547095382
0.5104352182943437
0.5104068372615658
0.5103784038422299
0.5103499178808878
0.5103213792214573
0.5102927877072162
0.5102641431807983
0.5102354454841881
0.5102066944587154
0.5101778899450503
0.5101490317831989
0.5101201198124969
0.5100911538716054
0.5100621337985054
0.5100330594304924
0.5100039306041716
0.5099747471554519
0.5099455089195417
0.5099162157309425
0.509886867423444
0.5098574638301188
0.5098280047833168
0.5097984901146595
0.5097689196550357
0.5097392932345943
0.5097096106827401
0.5096798718281276
0.5096500764986553
0.5096202245214609
0.5095903157229149
0.5095603499286148
0.5095303269633802
0.5095002466512463
0.5094701088154587
0.5094399132784673
0.5094096598619202
0.5093793483866591
0.5093489786727116
0.5093185505392865
0.5092880638047682
0.5092575182867093
0.509226913801826
0.5091962501659918
0.5091655271942307
0.5091347447007122
0.509103902498744
0.5090730004007673
0.5090420382183497
0.5090110157621792
0.5089799328420579
0.5089487892668965
0.5089175848447063
0.5088863193825957
0.5088549926867609
0.508823604562482
0.5087921548141148
0.5087606432450856
0.5087290696578843
0.5086974338540583
0.5086657356342051
0.5086339747979676
0.5086021511440255
0.50857026447009
0.5085383145728973
0.5085063012482016
0.508474224290768
0.5084420834943674
0.5084098786517678
0.5083776095547293
0.5083452759939969
0.5083128777592931
0.5082804146393116
0.5082478864217111
0.5082152928931079
0.5081826338390683
0.508149909044103
0.5081171182916603
0.5080842613641178
0.5080513380427768
0.5080183481078548
0.5079852913384785
0.507952167512677
0.5079189764073744
0.5078857177983835
0.507852391460398
0.5078189971669854
0.5077855346905812
0.5077520038024798
0.5077184042728282
0.5076847358706201
0.5076509983636863
0.5076171915186899
0.507583315101117
0.507549368875271
0.5075153526042646
0.5074812660500128
0.5074471089732251
0.507412881133399
0.5073785822888119
0.5073442121965146
0.5073097706123227
0.5072752572908105
0.5072406719853028
0.5072060144478678
0.5071712844293097
0.5071364816791609
0.507101605945675
0.5070666569758193
0.5070316345152664
0.5069965383083884
0.506961368098248
0.5069261236265912
0.5068908046338402
0.5068554108590854
0.5068199420400785
0.506784397913224
0.5067487782135723
0.5067130826748121
0.5066773110292621
0.5066414630078643
0.5066055383401759
0.5065695367543613
0.5065334579771856
0.5064973017340059
0.5064610677487638
0.5064247557439783
0.5063883654407375
0.5063518965586915
0.5063153488160438
0.5062787219295454
0.5062420156144845
0.5062052295846814
0.5061683635524794
0.5061314172287371
0.5060943903228214
0.5060572825425993
0.5060200935944301
0.505982823183158
0.5059454710121045
0.5059080367830606
0.5058705201962787
0.5058329209504655
0.505795238742774
0.5057574732687957
0.5057196242225537
0.5056816912964939
0.5056436741814778
0.5056055725667755
0.5055673861400569
0.505529114587385
0.5054907575932076
0.5054523148403502
0.5054137860100079
0.5053751707817382
0.5053364688334531
0.5052976798414119
0.5052588034802132
0.5052198394227876
0.50518078734039
0.5051416469025922
0.5051024177772754
0.5050630996306228
0.5050236921271116
0.5049841949295064
0.5049446076988506
0.5049049300944607
0.5048651617739168
0.5048253023930569
0.504785351605969
0.5047453090649833
0.5047051744206655
0.5046649473218096
0.50462462741543
0.5045842143467548
0.5045437077592182
0.5045031072944542
0.5044624125922884
0.504421623290731
0.5043807390259709
0.5043397594323671
0.5042986841424424
0.5042575127868769
0.5042162449945006
0.5041748803922858
0.5041334186053412
0.5040918592569056
0.504050201968339
0.504008446359118
0.503966592046828
0.5039246386471568
0.5038825857738876
0.5038404330388938
0.5037981800521303
0.5037558264216291
0.5037133717534914
0.503670815651882
0.5036281577190228
0.5035853975551864
0.5035425347586899
0.5034995689258889
0.5034564996511712
0.5034133265269511
0.5033700491436625
0.5033266670897542
0.5032831799516829
0.5032395873139083
0.5031958887588867
0.5031520838670656
0.5031081722168776
0.5030641533847362
0.5030200269450283
0.5029757924701105
0.5029314495303029
0.5028869976938838
0.5028424365270848
0.5027977655940858
0.5027529844570094
0.5027080926759164
0.5026630898088006
0.5026179754115839
0.5025727490381124
0.5025274102401502
0.5024819585673768
0.5024363935673801
0.502390714785655
0.5023449217655965
0.5022990140484966
0.5022529911735404
0.5022068526778014
0.502160598096238
0.5021142269616897
0.5020677388048728
0.5020211331543771
0.5019744095366627
0.501927567476056
0.5018806064947465
0.5018335261127834
0.5017863258480734
0.5017390052163757
0.5016915637313012
0.5016440009043085
0.5015963162447015
0.5015485092596265
0.5015005794540704
0.5014525263308578
0.501404349390648
0.5013560481319355
0.5013076220510446
0.5012590706421302
0.5012103933971743
0.5011615898059857
0.5011126593561973
0.5010636015332659
0.5010144158204697
0.5009651016989084
0.5009156586475014
0.5008660861429871
0.5008163836599224
0.5007665506706821
0.5007165866454585
0.5006664910522607
0.5006162633569149
0.5005659030230643
0.5005154095121693
0.5004647822835074
0.5004140207941744
0.5003631244990838
0.5003120928509692
0.5002609253003836
0.5002096212957009
0.5001581802831183
0.5001066017066559
0.5000548850081588
0.5000030296272999
0.49995103500158045
0.4998989005663321
0.4998466257547199
0.49979420999774393
0.4997416527242423
0.4996889533608936
0.49963611133221975
0.4995831260605891
0.49952999696621936
0.4994767234671819
0.4994233049794037
0.499369740916673
0.4993160306906417
0.4992621737108298
0.4992081693846308
0.49915401711731444
0.49909971631203287
0.49904526636982416
0.4989906666896184
0.49893591666824255
0.49888101570042576
0.49882596317880534
0.4987707584939315
0.49871540103427503
0.4986598901862321
0.49860422533413096
0.49854840586023924
0.49849243114477
0.4984363005658886
0.4983800134997206
0.4983235693203588
0.4982669673998704
0.49821020710830566
0.4981532878137048
0.49809620888210804
0.49803896967756145
0.4979815695621277
0.4979240078958944
0.4978662840369824
0.4978083973415559
0.4977503471638318
0.4976921328560885
0.4976337537686768
0.4975752092500303
0.49751649864667435
0.49745762130323745
0.4973985765624623
0.49733936376521615
0.49727998225050224
0.4972204313554713
0.49716071041543286
0.4971008187638675
0.4970407557324386
0.49698052065100495
0.4969201128476327
0.4968595316486084
0.4967987763784523
0.4967378463599307
0.49667674091407
0.49661545936016965
0.49655400101581704
0.49649236519690004
0.4964305512176225
0.4963685583905181
0.4963063860264647
0.4962440334347005
0.49618149992283755
0.4961187847968783
0.4960558873612304
0.4959928069187229
0.495929542770622
0.49586609421664724
0.49580246055498767
0.49573864108231924
0.49567463509382076
0.49561044188319114
0.4955460607426669
0.495481490963039
0.49541673183367163
0.4953517826425186
0.4952866426761427
0.49522131121973306
0.49515578755712375
0.49509007097081287
0.4950241607419809
0.49495805615051014
0.4948917564750037
0.49482526099280466
0.4947585689800166
0.4946916797115224
0.49462459246100465
0.49455730650096574
0.4944898211027485
0.49442213553655634
0.49435424907147396
0.49428616097548883
0.49421787051551125
0.4941493769573966
0.4940806795659656
0.4940117776050269
0.4939426703373986
0.49387335702492885
0.49380383692852003
0.493734109308149
0.4936641734228903
0.4935940285309386
0.4935236738896308
0.49345310875546944
0.49338233238414503
0.49331134403055904
0.49324014294884727
0.49316872839240317
0.4930970996139005
0.4930252558653178
0.4929531963979611
0.49288092046248777
0.4928084273089308
0.492735716186722
0.4926627863447161
0.4925896370312154
0.4925162674939929
0.4924426769803173
0.49236886473697644
0.49229483001030294
0.4922205720461974
0.49214609009015287
0.4920713833872804
0.49199645118233215
0.4919212927197277
0.4918459072435764
0.4917702939977043
0.4916944522256773
0.4916183811708267
0.4915420800762731
0.49146554818495175
0.4913887847396369
0.4913117889829668
0.49123456015746786
0.4911570975055801
0.49107940026968044
0.4910014676921092
0.49092329901519255
0.49084489348126914
0.4907662503327126
0.4906873688119573
0.49060824816152193
0.49052888762403424
0.49044928644225505
0.49036944385910197
0.49028935911767413
0.4902090314612756
0.4901284601334389
0.4900476443779497
0.4899665834388691
0.489885276560558
0.48980372298770003
0.4897219219653247
0.48963987273883025
0.4895575745540069
0.4894750266570588
0.4893922282946276
0.48930917871381385
0.4892258771621994
0.489142322887869
0.4890585151394331
0.48897445316604793
0.4888901362174378
0.4888055635439157
0.4887207343964042
0.48863564802645626
0.48855030368627517
0.48846470062873487
0.4883788381073999
0.48829271537654456
0.48820633169117206
0.4881196863070344
0.4880327784806501
0.4879456074693229
0.4878581725311595
0.48777047292508774
0.48768250791087414
0.4875942767491402
0.4875057787013799
0.48741701302997553
0.48732797899821406
0.48723867587030284
0.4871491029113846
0.4870592593875521
0.4869691445658638
0.4868787577143569
0.48678809810206125
0.48669716499901283
0.48660595767626713
0.4865144754059109
0.48642271746107435
0.48633068311594346
0.4862383716457701
0.4861457823268839
0.48605291443670146
0.48595976725373763
0.4858663400576131
0.4857726321290646
0.4856786427499534
0.48558437120327225
0.48548981677315406
0.4853949787448777
0.4852998564048756
0.485204449040739
0.48510875594122377
0.48501277639625545
0.48491650969693306
0.48481995513553455
0.4847231120055181
0.4846259796015269
0.4845285572193907
0.4844308441561277
0.4843328397099459
0.4842345431802437
0.4841359538676105
0.48403707107382626
0.4839378941018602
0.4838384222558706
0.48373865484120054
0.48363859116437813
0.4835382305331115
0.48343757225628586
0.4833366156439596
0.48323536000735884
0.48313380465887273
0.4830319489120473
0.4829297920815792
0.4828273334833086
0.4827245724342115
0.48262150825239253
0.48251814025707507
0.4824144677685929
0.4823104901083805
0.48220620659896196
0.482101616563941
0.481996719327989
0.481891514216834
0.48178600055724685
0.48168017767702964
0.4815740449050008
0.4814676015709821
0.4813608470057835
0.48125378054118895
0.48114640150993904
0.48103870924571673
0.48093070308312963
0.48082238235769315
0.480713746405813
0.48060479456476674
0.480495526172686
0.48038594056853645
0.48027603709209876
0.48016581508394884
0.48005527388543723
0.4799444128386679
0.47983323128647737
0.479721728572413
0.4796099040407108
0.479497757036273
0.47938528690464444
0.47927249299199054
0.4791593746450725
0.4790459312112238
0.47893216203832556
0.47881806647478226
0.47870364386949604
0.4785888935718416
0.4784738149316411
0.4783584072991368
0.47824267002496657
0.4781266024601359
0.4780102039559917
0.4778934738641957
0.4777764115366965
0.4776590163257023
0.477541287583654
0.4774232246631961
0.47730482691714987
0.47718609369848464
0.47706702436028947
0.4769476182557451
0.47682787473809546
0.4767077931606185
0.47658737287659814
0.47646661323929573
0.47634551360192007
0.4762240733176004
0.47610229173935636
0.4759801682200698
0.4758577021124555
0.47573489276903336
0.47561173954209907
0.4754882417836957
0.4753643988455858
0.47524021007922257
0.4751156748357215
0.4749907924658334
0.47486556231991556
0.4747399837479045
0.47461405609928853
0.4744877787230809
0.47436115096779297
0.4742341721814061
0.4741068417113478
0.4739791589044636
0.4738511231069927
0.4737227336645415
0.4735939899220599
0.47346489122381585
0.47333543691337154
0.47320562633355934
0.4730754588264595
0.4729449337333762
0.47281405039481567
0.47268280815046537
0.4725512063391709
0.47241924429891696
0.4722869213668067
0.4721542368790419
0.4720211901709043
0.47188778057673786
0.4717540074299301
0.4716198700628958
0.4714853678070612
0.4713504999928477
0.4712152659496572
0.4710796650058582
0.47094369648877293
0.47080735972466403
0.4706706540387235
0.4705335787550618
0.4703961331966976
0.4702583166855487
0.470120128542424
0.4699815680870159
0.4698426346378939
0.46970332751249944
0.4695636460271405
0.4694235894969893
0.46928315723607855
0.4691423485573001
0.46900116277240533
0.4688595991920041
0.4687176571255677
0.4685753358814302
0.4684326347667934
0.46828955308773035
0.4681460901491922
0.4680022452550144
0.46785801770792595
0.46771340680955775
0.4675684118604535
0.4674230321600813
0.46727726700684646
0.46713111569810595
0.46698457753018296
0.4668376517983848
0.4666903377970187
0.46654263481941266
0.46639454215793513
0.4662460591040167
0.4660971849481719
0.46594791898002574
0.465798260488337
0.465648208761026
0.46549776308520285
0.4653469227471969
0.4651956870325865
0.4650440552262338
0.4648920266123149
0.46473960047435736
0.4645867760952756
0.4644335527574084
0.4642799297425577
0.4641259063320306
0.4639714818066789
0.46381665544694445
0.4636614265329019
0.46350579434430644
0.4633497581606404
0.4631933172611619
0.4630364709249558
0.4628792184309852
0.4627215590581439
0.462563492085312
0.4624050167914113
0.46224613245546264
0.4620868383566449
0.46192713377435496
0.4617670179882698
0.4616064902784089
0.4614455499251997
0.4612841962095422
0.46112242841287754
0.4609602458172559
0.460797647705407
0.46063463336081095
0.46047120206777203
0.46030735311149273
0.46014308577814944
0.4599783993549686
0.45981329313030656
0.45964776639372845
0.4594818184360898
0.45931544854961887
0.45914865602800004
0.4589814401664599
0.45881380026185314
0.4586457356127506
0.458477245519528
0.4583083292844574
0.45813898621179727
0.4579692156078874
0.4577990167812417
0.4576283890426442
0.4574573317052463
0.457285844084664
0.45711392549907737
0.4569415752693313
0.45676879271903664
0.4565955771746737
0.4564219279656948
0.456247844424631
0.45607332588719784
0.45589837169240166
0.45572298118265
0.455547153703859
0.45537088860556585
0.4551941852410396
0.45501704296739387
0.4548394611457009
0.454661439141106
0.45448297632294377
0.4543040720648545
0.4541247257449016
0.4539449367456907
0.4537647044544889
0.4535840282633449
0.4534029075692114
0.45322134177406576
0.4530393302850337
0.45285687251451334
0.45267396788029973
0.4524906158057093
0.45230681571970716
0.45212256705703335
0.4519378692583305
0.45175272177027226
0.4515671240456913
0.45138107554371054
0.4511945757298715
0.45100762407626654
0.4508202200616691
0.45063236317166605
0.4504440528987904
0.4502552887426539
0.45006607021007977
0.449876396815238
0.4496862680797783
0.4494956835329654
0.449304642711814
0.44911314516122425
0.4489211904341172
0.44872877809157125
0.4485359077029578
0.4483425788460792
0.44814879110730343
0.4479545440817029
0.44775983737319114
0.4475646705946592
0.4473690433681147
0.4471729553248178
0.44697640610541955
0.4467793953600998
0.4465819227487037
0.4463839879408806
0.44618559061622104
0.445986730464394
0.4457874071852844
0.4455876204891313
0.4453873700966633
0.44518665573923677
0.4449854771589724
0.4447838341088913
0.4445817263530508
0.444379153666682
0.44417611583632344
0.44397261265995713
0.44376864394714366
0.4435642095191564
0.4433593092091151
0.4431539428621199
0.44294811033538406
0.44274181149836633
0.4425350462329038
0.44232781443334146
0.4421201160066644
0.44191195087262747
0.44170331896388454
0.44149422022611695
0.4412846546181619
0.4410746221121398
0.44086412269357955
0.44065315636154545
0.44044172312876123
0.44022982302173364
0.44001745608087617
0.4398046223606298
0.43959132192958567
0.43937755487060376
0.43916332128093194
0.43894862127232454
0.43873345497115934
0.4385178225185518
0.4383017240704715
0.4380851597978541
0.43786812988671475
0.4376506345382579
0.43743267396898805
0.4372142484108175
0.43699535811117335
0.4367760033331042
0.4365561843553833
0.4363359014726123
0.4361151549953234
0.4358939452500775
0.4356722725795652
0.43545013734270177
0.4352275399147246
0.4350044806872861
0.43478096006854605
0.43455697848326297
0.43433253637288305
0.4341076341956278
0.4338822724265795
0.4336564515577652
0.43343017209823964
0.4332034345741653
0.43297623952889147
0.4327485875230305
0.4325204791345341
0.4322919149587652
0.43206289560857003
0.4318334217143477
0.4316034939241164
0.4313731129035809
0.4311422793361941
0.4309109939232194
0.4306792573837902
0.4304470704549672
0.4302144338917933
0.4299813484673469
0.42974781497279413
0.42951383421743583
0.4292794070287559
0.42904453425246464
0.42880921675254285
0.4285734554112803
0.42833725112931414
0.4281006048256654
0.4278635174377715
0.42762598992151735
0.4273880232512651
0.4271496184198789
0.42691077643875114
0.4266714983378224
0.4264317851656022
0.4261916379891849
0.42595105789426513
0.4257100459851497
0.4254686033847676
0.42522673123467636
0.42498443069506847
0.4247417029447726
0.42449854918125385
0.4242549706206119
0.42401096849757475
0.4237665440654915
0.4235216985963234
0.4232764333806296
0.42303074972755356
0.4227846489648035
0.42253813243863475
0.4222912015138242
0.4220438575736471
0.4217961020198481
0.42154793627261106
0.42129936177052596
0.42105037997055356
0.42080099234798646
0.4205512003964094
0.4203010056276549
0.4200504095717579
0.41979941377690727
0.41954801980939377
0.4192962292535579
0.4190440437117324
0.4187914648041836
0.4185384941690503
0.41828513346227936
0.4180313843575598
0.41777724854625264
0.41752272773732
0.41726782365724996
0.4170125380499812
0.4167568726768215
0.41650082931636834
0.416244409764422
0.4159876158339003
0.41573044935474884
0.41547291217384763
0.41521500615491924
0.41495673317842907
0.41469809514148825
0.41443909395775025
0.4141797315573076
0.413920009886584
0.4136599309082266
0.41339949660099345
0.4131387089596401
0.4128775699948028
0.41261608173288067
0.4123542462159141
0.4120920655014618
0.41182954166247493
0.41156667678716996
0.41130347297889747
0.41103993235601083
0.4107760570517315
0.41051184921401174
0.4102473110053965
0.4099824446028817
0.40971725219777133
0.40945173599553236
0.40918589821564744
0.4089197410914648
0.4086532668700479
0.40838647781202075
0.40811937619141436
0.4078519642955071
0.4075842444246677
0.40731621889219183
0.40704789002414166
0.40677926015917876
0.4065103316483985
0.4062411068551617
0.40597158815492373
0.4057017779350639
0.4054316785947105
0.4051612925445664
0.4048906222067321
0.40461967001452726
0.40434843841231005
0.40407692985529703
0.40380514680937885
0.4035330917509365
0.4032607671666555
0.40298817555333777
0.4027153194177141
0.4024422012762532
0.40216882365497164
0.40189518908924016
0.4016213001235908
0.4013471593115219
0.40107276921530144
0.400798132405771
0.4005232514621468
0.40024812897182094
0.3999727675301606
0.3996971697403075
0.39942133821297593
0.39914527556624874
0.3988689844253749
0.3985924674225641
0.39831572719678127
0.39803876639354124
0.3977615876647007
0.3974841936682524
0.3972065870681151
0.3969287705339274
0.39665074674083556
0.39637251836928694
0.39609408810481744
0.395815458637842
0.39553663266344385
0.39525761288116246
0.39497840199478257
0.39469900271212244
0.39441941774482053
0.394139649808125
0.39385970162068007
0.39357957590431364
0.3932992753838249
0.39301880278677176
0.3927381608432575
0.39245735228571876
0.3921763798487131
0.39189524626870587
0.39161395428385803
0.3913325066338152
0.3910509060594938
0.39076915530287104
0.39048725710677235
0.3902052142146617
0.3899230293704298
0.38964070531818407
0.38935824480203957
0.3890756505659084
0.388792925353292
0.38851007190707215
0.38822709296930397
0.38794399128100754
0.38766076958196277
0.3873774306105034
0.3870939771033113
0.3868104117952118
0.3865267374189719
0.3862429567050957
0.3859590723816234
0.38567508717392984
0.38539100380452485
0.38510682499285365
0.3848225534550982
0.3845381919039812
0.38425374304856835
0.3839692095940743
0.383684594241668
0.3833998996882796
0.38311512862640873
0.3828302837439339
0.38254536772392295
0.382260383244444
0.3819753329783797
0.3816902195932401
0.38140504575097856
0.38111981410780915
0.38083452731402323
0.3805491880138108
0.38026379884507977
0.37997836243927885
0.37969288142122126
0.3794073584089094
0.37912179601336227
0.37883619683844216
0.37855056348068566
0.37826489852913364
0.37797920456516443
0.37769348416232806
0.37740773988618137
0.3771219742941261
0.3768361899352476
0.37655038935015506
0.3762645750708242
0.3759787496204416
0.37569291551324824
0.37540707525438965
0.37512123133976294
0.37483538625586743
0.3745495424796581
0.3742637024783993
0.3739778687095195
0.3736920436204711
0.3734062296485874
0.3731204292209463
0.37283464475423117
0.37254887865459624
0.37226313331753363
0.37197741112774196
0.37169171445899507
0.3714060456740158
0.37112040712434863
0.3708348011502355
0.37054923008049473
0.3702636962323983
0.3699782019115543
0.36969274941179014
0.3694073410150373
0.3691219789912179
0.3688366655981329
0.36855140308135437
0.368266193674116
0.36798103959720885
0.3676959430588756
0.36741090625471134
0.3671259313675611
0.3668410205674222
0.36655617601134816
0.3662713998433542
0.36598669419432484
0.36570206118192206
0.36541750291049657
0.36513302147100213
0.3648486189409086
0.364564297384119
0.36428005885088877
0.36399590537774457
0.36371183898740755
0.36342786168871666
0.3631439754765544
0.3628601823317747
0.362576484221132
0.36229288309721164
0.3620093808983641
0.36172597954863905
0.3614426809577212
0.36115948702086925
0.3608763996188558
0.36059342061790856
0.36031055186965405
0.3600277952110629
0.35974515246439626
0.3594626254371547
0.3591802159220279
0.35889792569684825
0.35861575652454125
0.3583337101530839
0.35805178831546025
0.35776999272961885
0.35748832509843553
0.3572067871096719
0.3569253804359411
0.3566441067346715
0.3563629676480737
0.356081964803108
0.35580109981145414
0.35552037426948274
0.35523978975822684
0.35495934784335686
0.3546790500751562
0.3543988979884972
0.35411889310282035
0.35383903692211405
0.35355933093489594
0.35327977661419524
0.35300037541753687
0.3527211287869271
0.35244203814884
0.3521631049142065
0.3518843304784017
0.35160571622123804
0.35132726350695576
0.3510489736842167
0.3507708480860988
0.35049288803009176
0.35021509481809443
0.34993746973641165
0.3496600140557558
0.3493827290312461
0.3491056159024091
0.3488286758931844
0.3485519102119259
0.3482753200514083
0.3479989065888326
0.3477226709858337
0.3474466143884882
0.3471707379273242
0.3468950427173305
0.3466195298579693
0.3463442004331873
0.34606905551142925
0.3457940961456522
0.34551932337334
0.3452447382165203
0.3449703416817799
0.3446961347602837
0.3444221184277926
0.3441482936446834
0.34387466135596817
0.34360122249131564
0.34332797796507286
0.3430549286762886
0.3427820755087351
0.3425094193309327
0.34223696099617507
0.3419647013425538
0.34169264119298487
0.3414207813552347
0.34114912262194924
0.34087766577067935
0.34060641156391136
0.34033536074909576
0.340064514058676
0.3397938722101202
0.33952343590595063
0.3392532058337756
0.33898318266632166
0.3387133670614652
0.3384437596622654
0.3381743610969972
0.3379051719791859
0.33763619290764035
0.33736742446648704
0.337098867225206
0.3368305217386652
0.3365623885471565
0.3362944681764312
0.3360267611377366
0.33575926792785177
0.3354919890291255
0.3352249249095126
0.3349580760226106
0.3346914428076987
0.3344250256897741
0.33415882507959166
0.3338928413737
0.3336270749544813
0.33336152619018955
0.3330961954349889
0.33283108302899217
0.3325661892983005
0.332301514555042
0.33203705909741
0.3317728232097036
0.3315088071623661
0.331245011212024
0.3309814356015272
0.33071808055998714
0.3304549463028166
0.3301920330317689
0.32992934093497783
0.32966687018699575
0.32940462094883316
0.3291425933679981
0.32888078757853456
0.3286192037010616
0.3283578418428129
0.3280967020976735
0.3278357845462209
0.32757508925576106
0.3273146162803679
0.3270543656609213
0.3267943374251442
0.326534531587642
0.3262749481499367
0.3260155871005085
0.3257564484148285
0.32549753205539855
0.3252388379717858
0.32498036610066083
0.3247221163658309
0.3244640886782778
0.32420628293619247
0.3239486990250092
0.323691336817442
0.3234341961735169
0.32317727694060744
0.32292057895346715
0.32266410203426377
0.3224078459926112
0.32215181062560216
0.3218959957178405
0.3216404010414725
0.32138502635621796
0.32112987140940075
0.3208749359359799
0.32062021965857795
0.32036572228751153
0.32011144352081905
0.3198573830442905
0.31960354053149337
0.31934991564380144
0.319096508030421
0.3188433173284163
0.3185903431627369
0.3183375851462409
0.3180850428797205
0.317832715951926
0.31758060393958887
0.31732870640744376
0.31707702290825235
0.3168255529828229
0.3165742961600326
0.3163232519568472
0.31607241987834034
0.31582179941771293
0.31557139005631124
0.315321191263644
0.31507120249740006
0.31482142320346385
0.31457185281593136
0.3143224907571246
0.3140733364376052
0.31382438925618855
0.3135756485999554
0.3133271138442646
0.31307878435276204
0.3128306594773942
0.3125827385584141
0.312335020924392
0.3120875058922226
0.31184019276713143
0.3115930808426825
0.3113461694007812
0.3110994577116815
0.3108529450339874
0.3106066306146567
0.3103605136890025
0.3101145934806939
0.3098688692017568
0.30962334005257247
0.3093780052218757
0.30913286388675204
0.3088879152126351
0.30864315835330036
0.30839859245086104
0.30815421663576065
0.3079100300267661
0.30766603173095836
0.30742222084372434
0.30717859644874446
0.3069351576179836
0.3066919034116754
0.30644883287831143
0.30620594505462534
0.30596323896557676
0.3057207136243354
0.3054783680322628
0.3052362011788926
0.30499421204191135
0.30475239958713707
0.3045107627684968
0.3042693005280031
0.30402801179572925
0.3037868954897837
0.3035459505162829
0.30330517576932325
0.3030645701309515
0.30282413247113443
0.30258386164772655
0.30234375650643736
0.30210381588079727
0.3018640385921218
0.3016244234494745
0.30138496924962876
0.301145674777029
0.3009065388037493
0.3006675600894514
0.3004287373813418
0.30019006941412657
0.2999515549099646
0.29971319257842144
0.29947498111641924
0.29923691920818707
0.29899900552520897
0.29876123872617033
0.29852361745690453
0.29828614035033535
0.29804880602641975
0.2978116130920902
0.2975745601411922
0.29733764575442323
0.29710086849926837
0.29686422692993664
0.29662771958729256
0.29639134499878844
0.2961551016783945
0.29591898812652717
0.295683002829976
0.29544714426182866
0.2952114108813946
0.2949758011341266
0.29474031345154084
0.29450494625113594
0.29426969793630836
0.2940345668962678
0.2937995515059514
0.2935646501259327
0.29332986110233383
0.29309518276673074
0.29286061343606046
0.29262615141252474
0.2923917949834922
0.2921575424213976
0.29192339198364115
0.29168934191248475
0.29145539043494545
0.2912215357626883
0.290987776091917
0.2907541096032612
0.2905205344616639
0.29028704881626477
0.2900536508002823
0.28982033853089445
0.2895871101091157
0.28935396361967297
0.2891208971308792
0.28888790869450454
0.28865499634564523
0.288422158102591
0.28818939196668875
0.2879566959222054
0.28772406793618743
0.2874915059583188
0.2872590079207758
0.28702657173808
0.28679419530694855
0.2865618765061423
0.2863296131963108
0.286097403219836
0.28586524440067196
0.28563313454418293
0.2854010714369792
0.2851690528467487
0.2849370765220882
0.2847051401923306
0.28447324156736864
0.2842413783374778
0.2840095481731363
0.28377774872483935
0.2835459776229156
0.2833142324773362
0.28308251087752334
0.2828508103921558
0.2826191285689709
0.2823874629345636
0.2821558109941837
0.28192417023152816
0.2816925381085324
0.281460912065157
0.28122928951917214
0.28099766786593855
0.28076604447818543
0.28053441670578605
0.2803027818755281
0.28007113729088234
0.27983948023176874
0.2796078079543167
0.27937611769062476
0.2791444066485148
0.27891267201128467
0.2786809109374553
0.27844912056051674
0.2782172979886691
0.2779854403045599
0.27775354456501916
0.2775216078007896
0.27728962701625437
0.2770575991891599
0.2768255212703363
0.27659339018341345
0.27636120282453314
0.2761289560620584
0.2758966467362777
0.2756642716591067
0.2754318276137853
0.2751993113545713
0.2749667196064295
0.274734049064718
0.2745012963948695
0.274268458232069
0.2740355311809278
0.2738025118151534
0.27356939667721397
0.27333618227800227
0.273102865096491
0.27286944157938736
0.27263590814078187
0.27240226116179417
0.2721684969902132
0.2719346119401348
0.27170060229159343
0.271466464290191
0.27123219414672134
0.2709977880367895
0.2707632421004272
0.27052855244170504
0.2702937151283384
0.2700587261912911
0.26982358162437337
0.26958827738383595
0.2693528093879602
0.2691171735166431
0.2688813656109791
0.2686453814728359
0.26840921686442853
0.2681728675078858
0.2679363290848158
0.2676995972358644
0.2674626675602716
0.2672255356154222
0.26698819691639164
0.266750646935491
0.26651288110180343
0.2662748948007192
0.2660366833734661
0.26579824211663455
0.26555956628170174
0.265320651074546
0.2650814916549649
0.2648420831361825
0.2646024205843562
0.26436249901807984
0.26412231340788167
0.2638818586757188
0.26364112969446984
0.2634001212874216
0.26315882822775355
0.2629172452380187
0.2626753669896217
0.2624331881022924
0.26219070314355836
0.2619479066282116
0.26170479301777594
0.2614613567199683
0.26121759208815926
0.2609734934208313
0.2607290549610333
0.2604842708958346
0.2602391353557747
0.2599936424143145
0.2597477860872824
0.2595015603323205
0.2592549590483315
0.259007976074919
0.25876060519183275
0.2585128401184112
0.2582646745130208
0.25801610197250063
0.2577671160316017
0.2575177101624301
0.2572678777738893
0.2570176122111243
0.2567669067549648
0.2565157546213732
0.25626414896089167
0.256012082858093
0.25575954933103295
0.25550654133070616
0.2552530517405053
0.25499907337568356
0.25474459898282187
0.2544896212392997
0.25423413275277207
0.2539781260606508
0.2537215936295923
0.2534645278549926
0.25320692106048687
0.2529487654974591
0.25269005334455874
0.2524307767072249
0.25217092761722243
0.2519104980321846
0.2516494798351681
0.25138786483421954
0.2511256447619524
0.25086281127513693
0.25059935595430394
0.2503352703033618
0.2500705457492282
0.2498051736414779
0.24953914525200616
0.2492724517747104
0.24900508432518864
0.24873703394045849
0.2484682915786938
0.24819884811898496
0.24792869436111825
0.24765782102537998
0.2473862187523843
0.24711387810292462
0.24684078955785238
0.24656694351798347
0.2462923303040307
0.24601694015656797
0.24574076323602473
0.24546378962271162
0.2451860093168802
0.24490741223881726
0.2446279882289738
0.2443477270481341
0.24406661837761986
0.24378465181953765
0.2435018168970664
0.24321810305478891
0.24293349965906663
0.24264799599846268
0.2423615812842111
0.2420742446507369
0.2417859751562259
0.24149676178324977
0.24120659343944234
0.24091545895823588
0.2406233470996529
0.2403302465511593
0.24003614592858033
0.23974103377707662
0.2394448985721909
0.23914772872095924
0.23884951256309178
0.23855023837222653
0.23824989435725624
0.2379484686637307
0.2376459493753373
0.23734232451546028
0.23703758204882322
0.23673170988321468
0.23642469587130038
0.2361165278125245
0.23580719345509926
0.23549668049808864
0.2351849765935879
0.23487206934899715
0.23455794632939758
0.2342425950600258
0.23392600302885344
0.23360815768927248
0.23328904646288692
0.23296865674241674
0.2326469758947102
0.23232399126387526
0.23199969017452174
0.2316740599351256
0.23134708784151162
0.23101876118045905
0.23068906723342952
0.23035799328042353
0.23002552660396205
0.22969165449319906
0.2293563642481642
0.2290196431841384
0.22868147863616398
0.22834185796369
0.22800076855535378
0.2276581978339021
0.22731413326124977
0.22696856234368087
0.22662147263718802
0.22627285175295644
0.22592268736298896
0.22557096720587494
0.22521767909270188
0.22486281091311072
0.2245063506414957
0.2241482863433466
0.2237886061817343
0.2234272984239397
0.22306435144822429
0.22269975375074072
0.22233349395258512
0.22196556080698626
0.2215959432066329
0.22122463019113553
0.22085161095462158
0.2204768748534618
0.22010041141412412
0.21972221034115294
0.21934226152527259
0.21896055505160678
0.218577081208015
0.2181918304935415
0.2178047936269678
0.21741596155547183
0.2170253254633809
0.2166328767810198
0.21623860719364418
0.21584250865045673
0.2154445733736956
0.21504479386779363
0.21464316292859853
0.2142396736526468
0.21383431944648493
0.21342709403603058
0.21301799147596334
0.212607006159139
0.21219413282601643
0.211779366574091
0.21136270286732067
0.21094413754553823
0.21052366683384052
0.21010128735193934
0.20967699612346893
0.20925079058523544
0.20882266859639875
0.20839262844757556
0.2079606688698486
0.20752678904367644
0.20709098860768368
0.2066532676673266
0.20621362680341587
0.20577206708048817
0.20532859005500895
0.20488319778339897
0.20443589282986577
0.2039866782740314
0.20353555771833962
0.20308253529523182
0.2026276156740771
0.20217080406784266
0.2017121062394926
0.20125152850810146
0.20078907775466692
0.20032476142761318
0.19985858754796898
0.19939056471420702
0.19892070210673585
0.19844900949202793
0.19797549722637486
0.19750017625925687
0.1970230581363148
0.19654415500191696
0.19606347960130383
0.1955810452823086
0.195096865996638
0.19461095630070607
0.1941233313560138
0.19363400692906557
0.19314299939081325
0.19265032571562535
0.19215600347977066
0.19166005085941415
0.1911624866281197
0.19066333015385306
0.19016260139548646
0.1896603208987986
0.18915650979196855
0.18865118978056564
0.18814438314203172
0.18763611271965736
0.18712640191605662
0.18661527468613662
0.1861027555295719
0.1855888694827818
0.18507364211042085
0.18455709949638371
0.18403926823433353
0.18352017541776147
0.18299984862958354
0.18247831593128688
0.1819556058516331
0.18143174737492943
0.18090676992888194
0.18038070337203885
0.17985357798084095
0.17932542443629013
0.17879627381025215
0.17826615755140832
0.17773510747086976
0.17720315572747514
0.17667033481278405
0.17613667753578532
0.17560221700734052
0.17506698662437592
0.17453102005384605
0.17399435121648715
0.17345701427037738
0.17291904359432844
0.1723804737711217
0.17184133957061765
0.1713016759327508
0.17076151795043668
0.1702209008524074
0.16967985998599877
0.16913843079990884
0.1685966488269471
0.1680545496667979
0.16751216896881416
0.1669695424148644
0.16642670570225251
0.1658836945267281
0.16534054456560762
0.16479729146102728
0.1642539708033405
0.16371061811468512
0.16316726883273194
0.16262395829463377
0.16208072172119437
0.16153759420126687
0.1609946106764034
0.16045180592576735
0.15990921455132265
0.15936687096331464
0.15882480936605453
0.15828306374402054
0.15774166784828497
0.1572006551832822
0.15666005899392296
0.1561199122530661
0.15558024764935988
0.1550410975754528
0.15450249411659048
0.153964469039597
0.15342705378225174
0.15289027944306363
0.15235417677144925
0.1518187761583167
0.1512841076270582
0.15075020082495524
0.15021708501499578
0.14968478906810528
0.14915334145579157
0.14862277024320356
0.1480931030826016
0.14756436720723948
0.1470365894256535
0.1465097961163587
0.14598401322294702
0.14545926624958258
0.1449355802568941
0.14441297985825283
0.14389148921643868
0.1433711320406815
0.14285193158407758
0.1423339106413695
0.1418170915470876
0.14130149617404286
0.1407871459321635
0.14027406176767102
0.13976226416258264
0.1392517731345375
0.13874260823693377
0.13823478855937085
0.13772833272838703
0.13722325890848325
0.1367195848034253
0.13621732765781447
0.13571650425891785
0.13521713093874835
0.13471922357638696
0.1342227976005367
0.13372786799229852
0.133234449288161
0.13274255558319548
0.1322522005344444
0.13176339736449738
0.13127615886524246
0.13079049740178803
0.13030642491654093
0.12982395293343774
0.12934309256231605
0.12886385450342008
0.12838624905203166
0.12791028610321692
0.12743597515668284
0.12696332532173452
0.12649234532232545
0.12602304350219357
0.12555542783007576
0.12508950590499388
0.12462528496160451
0.12416277187560576
0.12370197316919616
0.12324289501657675
0.12278554324949167
0.12232992336280146
0.12187604052008182
0.12142389955924421
0.12097350499817128
0.12052486104036171
0.12007797158058219
0.11963284021051696
0.11918947022441567
0.11874786462473132
0.11830802612774471
0.11786995716917334
0.11743365990975795
0.11699913624082547
0.1165663877898236
0.11613541592582485
0.11570622176499408
0.11527880617602045
0.11485316978550884
0.11442931298332737
0.11400723592791061
0.1135869385515142
0.1131684205654201
0.11275168146508982
0.11233672053526307
0.1119235368550021
0.11151212930267743
0.1111024965608963
0.11069463712136925
0.11028854928971703
0.10988423119021411
0.10948168077046926
0.109080895806041
0.10868187390498807
0.10828461251235533
0.10788910891459037
0.10749536024389622
0.10710336348251426
0.10671311546694058
0.1063246128920737
0.10593785231529429
0.1055528301604767
0.10516954272193176
0.10478798616828117
0.10440815654626381
0.10403004978447467
0.10365366169703369
0.10327898798718939
0.1029060242508537
0.10253476598007008
0.10216520856641498
0.1017973473043337
0.10143117739440935
0.10106669394656828
0.10070389198321904
0.10034276644232933
0.09998331218043738
0.09962552397560219
0.0992693965302918
0.09891492447420779
0.09856210236705219
0.09821092470123212
0.09786138590450669
0.09751348034257401
0.0971672023216014
0.09682254609069933
0.09647950584433697
0.09613807572470516
0.09579824982402319
0.09546002218679223
0.09512338681199592
0.09478833765524966
0.09445486863089758
0.09412297361406029
0.09379264644263192
0.09346388091923005
0.09313667081309634
0.09281100986195087
0.09248689177380089
0.09216431022870315
0.09184325888048253
0.0915237313584068
0.09120572126881839
0.09088922219672438
0.09057422770734559
0.0902607313476243
0.0899487266476931
0.08963820712230522
0.08932916627222547
0.0890215975855858
0.08871549453920281
0.08841085059985955
0.08810765922555391
0.08780591386671063
0.08750560796736105
0.08720673496629003
0.08690928829814985
0.08661326139454349
0.08631864768507674
0.08602544059838091
0.08573363356310497
0.0854432200088796
0.08515419336725362
0.08486654707260192
0.08458027456300737
0.0842953692811156
0.08401182467496562
0.08372963419879323
0.08344879131381232
0.08316928948897064
0.0828911222016823
0.08261428293853877
0.0823387651959961
0.08206456248104113
0.08179166831183707
0.08152007621834695
0.08124977974293791
0.08098077244096619
0.08071304788134122
0.08044659964707285
0.080181421335799
0.07991750656029592
0.07965484894897118
0.0793934421463391
0.07913327981348091
0.07887435562848666
0.07861666328688392
0.07836019650204853
0.0781049490056031
0.07785091454779827
0.07759808689788215
0.07734645984445408
0.07709602719580558
0.07684678278024928
0.07659872044643252
0.07635183406364121
0.07610611752208932
0.07586156473319829
0.07561816962986384
0.07537592616671138
0.07513482832034175
0.07489487008956526
0.07465604549562535
0.07441834858241288
0.07418177341667011
0.07394631408818475
0.07371196470997624
0.07347871941847048
0.07324657237366866
0.07301551775930491
0.07278554978299763
0.0725566626763913
0.07232885069529107
0.07210210811978962
0.07187642925438675
0.071651808428101
0.07142823999457511
0.07120571833217407
0.07098423784407629
0.0707637929583591
0.07054437812807757
0.07032598783133652
0.07010861657135768
0.06989225887654031
0.06967690930051662
0.06946256242220158
0.06924921284583724
0.06903685520103194
0.06882548414279538
0.06861509435156717
0.06840568053324221
0.06819723741919073
0.06798975976627383
0.06778324235685543
0.06757767999880895
0.06737306752552064
0.06716939979588916
0.06696667169432058
0.06676487813072034
0.06656401404048137
0.0663640743844685
0.06616505414899995
0.0659669483458252
0.06576975201209981
0.06557346021035741
0.06537806802847741
0.06518357057965267
0.06498996300235081
0.06479724046027546
0.06460539814232391
0.06441443126254212
0.06422433506007769
0.06403510479912991
0.0638467357688984
0.06365922328352813
0.06347256268205399
0.06328674932834184
0.06310177861102852
0.06291764594345939
0.06273434676362409
0.06255187653409072
0.062370230741937996
0.062189404898686115
0.0620093945402255
0.06183019522674439
0.06165180254265455
0.06147421209651605
0.061297419520960364
0.06112142047261192
0.060946210632008446
0.0607717857035209
0.06059814141527069
0.060425273519046925
0.0602531777902224
0.06008185002766786
0.059911286053666364
0.05974148171382537
0.05957243287698939
0.059404135435150225
0.05923658530335729
0.05906977841962714
0.05890371074485197
0.058738378262707176
0.05857377697955872
0.058409902924369525
0.058246752148605196
0.058084320726139047
0.057922604753157664
0.05776160034806374
0.057601303651380484
0.05744171082565479
0.05728281805535941
0.057124621546795804
0.056967117527995395
0.056810302248621804
0.056654171979871264
0.056498723014373996
0.05634395166609442
0.05618985427023181
0.05603642718311983
0.05588366678212672
0.05573156946555476
0.055580131652539666
0.0554293497829499
0.05527922031728556
0.0551297397365778
0.05498090454228727
0.05483271125620326
0.05468515642034168
0.05453823659684516
0.05439194836788001
0.05424628833553591
0.05410125312172408
0.0539568393680763
0.05381304373584299
0.05366986290579197
0.053527293578107815
0.053385332472289895
0.0532439763270516
0.05310322190021914
0.0529630659686309
0.0528235053280362
0.05268453679299524
0.05254615719677777
0.05240836339126333
0.05227115224684045
0.05213452065230734
0.051998465514771275
0.05186298375954913
0.05172807233006814
0.051593728187766356
0.05145994831199344
0.051326729699912255
0.05119406936639989
0.05106196434394946
0.05093041168257181
0.05079940844969803
0.050668951730081374
0.0505390386257004
0.05040966625566141
0.05028083175610211
0.050152532280094954
0.05002476499755116
0.049897527095124385
