0.48858654808682217
0.5193097926291346
0.5190917296109885
0.5188623708484522
0.5186937231516023
0.5185689473202287
0.518475612652876
0.5184047666893614
0.518349976367846
0.5183066274882466
0.518271416067364
0.5182419802265688
0.5182166344453027
0.518194178087541
0.5181737576609655
0.5181547678629259
0.5181367805761746
0.518119493977238
0.5181026961009719
0.5180862387850411
0.5180700190604246
0.5180539658784199
0.5180380306586894
0.5180221805705499
0.5180063937672708
0.5179906560141758
0.5179749583100941
0.5179592952156127
0.5179436636833051
0.5179280622436717
0.5179124904424759
0.5178969484551879
0.517881436825713
0.5178659562919259
0.5178505076714766
0.5178350917891381
0.5178197094325175
0.5178043613268967
0.5177890481227704
0.5177737703916192
0.5177585286268598
0.5177433232478834
0.5177281546057905
0.517713022989895
0.5176979286344114
0.5176828717249538
0.517667852404635
0.517652870779657
0.5176379269243413
0.5176230208856015
0.5176081526868812
0.51759332233159
0.5175785298060884
0.5175637750822653
0.517549058119753
0.5175343788678314
0.517519737267049
0.517505133250613
0.5174905667455673
0.5174760376737972
0.5174615459528809
0.517447091496811
0.5174326742166069
0.5174182940208318
0.5174039508160309
0.5173896445070988
0.5173753749975947
0.5173611421900031
0.5173469459859558
0.5173327862864194
0.5173186629918534
0.5173045760023396
0.5172905252176961
0.5172765105375692
0.5172625318615116
0.5172485890890478
0.5172346821197303
0.5172208108531833
0.5172069751891416
0.5171931750274827
0.5171794102682531
0.5171656808116888
0.517151986558234
0.5171383274085564
0.5171247032635573
0.5171111140243823
0.517097559592429
0.5170840398693523
0.5170705547570695
0.5170571041577641
0.5170436879738876
0.5170303061081614
0.5170169584635778
0.517003644943401
0.5169903654511669
0.5169771198906816
0.5169639081660223
0.5169507301815354
0.5169375858418348
0.516924475051802
0.5169113977165825
0.516898353741586
0.516885343032483
0.5168723654952041
0.5168594210359372
0.5168465095611261
0.5168336309774673
0.5168207851919097
0.5168079721116507
0.5167951916441357
0.5167824436970536
0.5167697281783377
0.5167570449961606
0.5167443940589341
0.5167317752753063
0.5167191885541592
0.5167066338046064
0.5166941109359919
0.5166816198578875
0.5166691604800902
0.5166567327126207
0.5166443364657212
0.5166319716498531
0.5166196381756953
0.5166073359541418
0.5165950648963001
0.5165828249134887
0.5165706159172359
0.5165584378192761
0.516546290531551
0.5165341739662039
0.5165220880355809
0.516510032652227
0.5164980077288854
0.5164860131784953
0.5164740489141895
0.5164621148492935
0.5164502108973231
0.516438336971983
0.5164264929871647
0.5164146788569449
0.5164028944955839
0.5163911398175232
0.5163794147373851
0.51636771916997
0.5163560530302549
0.516344416233392
0.5163328086947074
0.5163212303296982
0.5163096810540326
0.5162981607835475
0.5162866694342461
0.5162752069222984
0.5162637731640379
0.5162523680759608
0.5162409915747246
0.5162296435771463
0.5162183240002015
0.5162070327610223
0.5161957697768962
0.5161845349652648
0.5161733282437226
0.516162149530015
0.5161509987420372
0.5161398757978332
0.5161287806155945
0.5161177131136583
0.5161066732105063
0.5160956608247639
0.5160846758751982
0.5160737182807185
0.5160627879603719
0.5160518848333453
0.5160410088189625
0.5160301598366838
0.5160193378061034
0.5160085426469506
0.5159977742790867
0.515987032622504
0.5159763175973267
0.5159656291238072
0.5159549671223265
0.5159443315133926
0.5159337222176402
0.5159231391558288
0.515912582248842
0.5159020514176865
0.5158915465834915
0.5158810676675066
0.5158706145911023
0.515860187275768
0.5158497856431112
0.5158394096148573
0.5158290591128478
0.5158187340590397
0.5158084343755046
0.5157981599844284
0.515787910808109
0.5157776867689574
0.5157674877894953
0.5157573137923549
0.5157471647002776
0.5157370404361143
0.5157269409228238
0.5157168660834716
0.51570681584123
0.5156967901193772
0.5156867888412959
0.5156768119304735
0.5156668593105007
0.5156569309050711
0.5156470266379801
0.5156371464331251
0.5156272902145036
0.5156174579062136
0.5156076494324526
0.5155978647175165
0.5155881036857997
0.5155783662617937
0.5155686523700873
0.5155589619353655
0.5155492948824091
0.5155396511360938
0.51553003062139
0.5155204332633619
0.5155108589871675
0.5155013077180572
0.5154917793813741
0.5154822739025531
0.5154727912071202
0.5154633312206924
0.5154538938689766
0.5154444790777704
0.5154350867729593
0.5154257168805192
0.5154163693265129
0.5154070440370921
0.515397740938496
0.51538845995705
0.5153792010191668
0.515369964051345
0.5153607489801687
0.5153515557323082
0.5153423842345174
0.515333234413636
0.5153241061965871
0.5153149995103776
0.5153059142820984
0.5152968504389225
0.5152878079081062
0.5152787866169879
0.5152697864929883
0.515260807463609
0.5152518494564337
0.5152429123991265
0.5152339962194323
0.5152251008451766
0.5152162262042645
0.5152073722246815
0.5151985388344914
0.5151897259618384
0.5151809335349448
0.5151721614821116
0.5151634097317185
0.5151546782122227
0.5151459668521595
0.5151372755801421
0.5151286043248602
0.515119953015081
0.5151113215796486
0.5151027099474834
0.5150941180475825
0.5150855458090189
0.5150769931609411
0.5150684600325744
0.5150599463532187
0.5150514520522492
0.5150429770591163
0.515034521303346
0.5150260847145377
0.5150176672223663
0.5150092687565809
0.5150008892470042
0.5149925286235334
0.5149841868161397
0.5149758637548669
0.514967559369834
0.5149592735912312
0.5149510063493236
0.5149427575744487
0.5149345271970166
0.5149263151475107
0.5149181213564865
0.5149099457545718
0.5149017882724679
0.5148936488409463
0.5148855273908525
0.5148774238531028
0.5148693381586855
0.5148612702386608
0.5148532200241602
0.5148451874463869
0.5148371724366153
0.5148291749261911
0.5148211948465311
0.514813232129123
0.5148052867055258
0.5147973585073689
0.5147894474663528
0.5147815535142481
0.5147736765828966
0.5147658166042102
0.5147579735101713
0.5147501472328322
0.5147423377043157
0.5147345448568151
0.5147267686225928
0.5147190089339821
0.5147112657233858
0.5147035389232761
0.5146958284661957
0.5146881342847565
0.5146804563116397
0.5146727944795967
0.5146651487214479
0.5146575189700835
0.5146499051584622
0.5146423072196129
0.5146347250866332
0.5146271586926899
0.5146196079710188
0.5146120728549248
0.5146045532777818
0.5145970491730323
0.5145895604741882
0.51458208711483
0.5145746290286064
0.514567186149235
0.5145597584105026
0.5145523457462641
0.5145449480904425
0.5145375653770301
0.5145301975400871
0.5145228445137422
0.5145155062321922
0.5145081826297027
0.5145008736406068
0.5144935791993062
0.5144862992402703
0.5144790336980374
0.5144717825072127
0.51446454560247
0.5144573229185516
0.5144501143902663
0.5144429199524914
0.5144357395401719
0.514428573088321
0.5144214205320188
0.5144142818064134
0.5144071568467206
0.5144000455882232
0.5143929479662719
0.5143858639162849
0.5143787933737476
0.5143717362742124
0.5143646925532995
0.514357662146696
0.5143506449901563
0.5143436410195019
0.5143366501706212
0.5143296723794698
0.5143227075820703
0.5143157557145118
0.5143088167129508
0.5143018905136102
0.51429497705278
0.5142880762668162
0.5142811880921422
0.5142743124652475
0.5142674493226882
0.5142605986010871
0.514253760237133
0.5142469341675813
0.5142401203292533
0.5142333186590373
0.5142265290938866
0.5142197515708216
0.5142129860269281
0.5142062323993581
0.5141994906253297
0.5141927606421264
0.5141860423870972
0.5141793357976577
0.5141726408112882
0.5141659573655352
0.5141592853980099
0.51415262484639
0.5141459756484175
0.5141393377419
0.5141327110647103
0.5141260955547864
0.5141194911501308
0.5141128977888116
0.5141063154089613
0.5140997439487771
0.5140931833465213
0.5140866335405204
0.5140800944691657
0.5140735660709127
0.5140670482842811
0.5140605410478554
0.5140540443002833
0.5140475579802777
0.5140410820266147
0.5140346163781342
0.5140281609737405
0.5140217157524011
0.5140152806531472
0.5140088556150734
0.5140024405773376
0.5139960354791611
0.5139896402598287
0.5139832548586877
0.5139768792151486
0.5139705132686847
0.5139641569588319
0.5139578102251892
0.5139514730074176
0.5139451452452407
0.5139388268784444
0.5139325178468768
0.5139262180904478
0.5139199275491296
0.5139136461629561
0.5139073738720226
0.5139011106164864
0.5138948563365655
0.5138886109725401
0.5138823744647515
0.5138761467536012
0.5138699277795524
0.5138637174831289
0.513857515804915
0.5138513226855558
0.5138451380657563
0.5138389618862824
0.5138327940879596
0.5138266346116737
0.5138204833983698
0.5138143403890533
0.5138082055247887
0.5138020787467003
0.5137959599959708
0.5137898492138433
0.5137837463416184
0.5137776513206567
0.5137715640923766
0.5137654845982552
0.5137594127798282
0.513753348578689
0.5137472919364895
0.5137412427949387
0.5137352010958042
0.5137291667809103
0.5137231397921391
0.5137171200714297
0.5137111075607782
0.5137051022022375
0.5136991039379173
0.5136931127099835
0.5136871284606587
0.5136811511322215
0.5136751806670059
0.5136692170074026
0.5136632600958576
0.5136573098748718
0.5136513662870017
0.5136454292748591
0.5136394987811101
0.5136335747484759
0.513627657119732
0.5136217458377084
0.5136158408452889
0.5136099420854112
0.5136040495010671
0.5135981630353014
0.5135922826312127
0.5135864082319522
0.5135805397807245
0.5135746772207868
0.5135688204954485
0.5135629695480717
0.5135571243220702
0.5135512847609102
0.5135454508081093
0.5135396224072362
0.5135337995019118
0.5135279820358071
0.5135221699526444
0.5135163631961968
0.5135105617102871
0.5135047654387891
0.5134989743256262
0.5134931883147715
0.5134874073502478
0.5134816313761269
0.5134758603365299
0.513470094175627
0.5134643328376363
0.5134585762668251
0.5134528244075086
0.5134470772040496
0.513441334600859
0.5134355965423949
0.5134298629731632
0.5134241338377159
0.5134184090806525
0.5134126886466188
0.513406972480307
0.5134012605264551
0.513395552729847
0.5133898490353123
0.5133841493877259
0.5133784537320077
0.5133727620131223
0.5133670741760792
0.5133613901659321
0.5133557099277787
0.5133500334067606
0.5133443605480631
0.5133386912969146
0.5133330255985868
0.5133273633983941
0.5133217046416936
0.5133160492738844
0.5133103972404084
0.5133047484867481
0.5132991029584285
0.5132934606010157
0.5132878213601166
0.5132821851813789
0.5132765520104909
0.5132709217931809
0.5132652944752175
0.5132596700024086
0.5132540483206017
0.5132484293756836
0.5132428131135796
0.513237199480254
0.5132315884217094
0.5132259798839859
0.5132203738131621
0.5132147701553537
0.5132091688567136
0.5132035698634321
0.5131979731217358
0.5131923785778878
0.5131867861781869
0.5131811958689688
0.5131756075966037
0.5131700213074974
0.513164436948091
0.51315885446486
0.5131532738043142
0.5131476949129979
0.5131421177374893
0.5131365422243995
0.5131309683203735
0.5131253959720891
0.5131198251262569
0.5131142557296198
0.5131086877289526
0.5131031210710623
0.513097555702787
0.5130919915709967
0.5130864286225916
0.513080866804503
0.5130753060636923
0.5130697463471512
0.5130641876019009
0.5130586297749921
0.5130530728135049
0.5130475166645477
0.5130419612752583
0.5130364065928016
0.5130308525643716
0.5130252991371894
0.5130197462585033
0.5130141938755888
0.513008641935748
0.5130030903863102
0.5129975391746294
0.5129919882480867
0.5129864375540879
0.5129808870400645
0.5129753366534724
0.5129697863417924
0.5129642360525296
0.5129586857332129
0.5129531353313947
0.5129475847946515
0.5129420340705815
0.5129364831068066
0.5129309318509709
0.5129253802507405
0.5129198282538029
0.5129142758078677
0.5129087228606652
0.5129031693599467
0.5128976152534839
0.5128920604890683
0.512886505014512
0.5128809487776461
0.512875391726321
0.512869833808406
0.5128642749717889
0.5128587151643763
0.512853154334092
0.5128475924288775
0.5128420293966918
0.5128364651855111
0.5128308997433275
0.51282533301815
0.5128197649580036
0.5128141955109287
0.5128086246249808
0.5128030522482309
0.5127974783287644
0.5127919028146811
0.5127863256540949
0.5127807467951333
0.5127751661859369
0.5127695837746598
0.5127639995094684
0.5127584133385417
0.5127528252100707
0.5127472350722581
0.5127416428733178
0.512736048561475
0.5127304520849656
0.512724853392035
0.5127192524309403
0.5127136491499465
0.5127080434973297
0.5127024354213735
0.5126968248703712
0.5126912117926238
0.5126855961364408
0.5126799778501392
0.512674356882043
0.5126687331804841
0.5126631066938003
0.5126574773703356
0.5126518451584408
0.5126462100064714
0.5126405718627891
0.5126349306757598
0.5126292863937545
0.5126236389651486
0.5126179883383206
0.5126123344616537
0.5126066772835337
0.5126010167523491
0.5125953528164918
0.5125896854243555
0.5125840145243351
0.512578340064828
0.5125726619942326
0.5125669802609478
0.5125612948133733
0.5125556055999086
0.5125499125689537
0.5125442156689071
0.5125385148481669
0.5125328100551303
0.5125271012381925
0.5125213883457465
0.5125156713261839
0.5125099501278925
0.5125042246992583
0.5124984949886631
0.5124927609444851
0.512487022515099
0.5124812796488747
0.5124755322941772
0.512469780399367
0.5124640239127984
0.5124582627828205
0.512452496957776
0.5124467263860009
0.512440951015825
0.51243517079557
0.5124293856735505
0.512423595598073
0.5124178005174362
0.5124120003799297
0.5124061951338339
0.5124003847274204
0.5123945691089509
0.5123887482266766
0.5123829220288385
0.5123770904636674
0.5123712534793821
0.5123654110241903
0.5123595630462878
0.5123537094938582
0.5123478503150724
0.5123419854580883
0.5123361148710506
0.5123302385020904
0.5123243562993245
0.5123184682108554
0.5123125741847708
0.5123066741691437
0.512300768112031
0.5122948559614738
0.5122889376654974
0.51228301317211
0.5122770824293033
0.5122711453850513
0.5122652019873104
0.5122592521840192
0.5122532959230975
0.5122473331524463
0.5122413638199479
0.5122353878734645
0.5122294052608385
0.5122234159298922
0.5122174198284277
0.5122114169042248
0.512205407105043
0.51219939037862
0.5121933666726702
0.5121873359348871
0.5121812981129403
0.5121752531544763
0.5121692010071182
0.5121631416184643
0.5121570749360902
0.5121510009075446
0.5121449194803527
0.5121388306020134
0.5121327342199998
0.512126630281759
0.5121205187347108
0.5121143995262487
0.5121082726037385
0.5121021379145179
0.5120959954058967
0.5120898450251564
0.5120836867195491
0.5120775204362973
0.5120713461225948
0.5120651637256041
0.5120589731924582
0.5120527744702585
0.5120465675060759
0.5120403522469487
0.512034128639884
0.5120278966318559
0.5120216561698059
0.5120154072006424
0.5120091496712404
0.51200288352844
0.5119966087190483
0.511990325189836
0.5119840328875401
0.5119777317588616
0.5119714217504647
0.5119651028089787
0.5119587748809948
0.5119524379130681
0.5119460918517156
0.5119397366434162
0.511933372234611
0.5119269985717021
0.5119206156010523
0.5119142232689853
0.5119078215217845
0.5119014103056932
0.5118949895669136
0.5118885592516071
0.5118821193058931
0.5118756696758497
0.5118692103075124
0.5118627411468734
0.5118562621398823
0.5118497732324452
0.5118432743704235
0.511836765499635
0.5118302465658522
0.5118237175148024
0.5118171782921671
0.5118106288435824
0.5118040691146373
0.5117974990508741
0.5117909185977878
0.5117843277008256
0.5117777263053865
0.5117711143568212
0.5117644918004313
0.5117578585814686
0.5117512146451358
0.5117445599365847
0.511737894400917
0.5117312179831823
0.51172453062838
0.5117178322814564
0.5117111228873061
0.511704402390771
0.511697670736639
0.5116909278696447
0.5116841737344691
0.5116774082757377
0.5116706314380215
0.5116638431658365
0.5116570434036419
0.5116502320958418
0.5116434091867825
0.5116365746207537
0.5116297283419873
0.511622870294657
0.5116160004228786
0.5116091186707082
0.5116022249821429
0.5115953193011201
0.5115884015715167
0.511581471737149
0.5115745297417715
0.5115675755290784
0.5115606090427005
0.5115536302262067
0.5115466390231026
0.5115396353768308
0.5115326192307695
0.5115255905282328
0.5115185492124699
0.5115114952266646
0.5115044285139351
0.5114973490173333
0.5114902566798446
0.5114831514443868
0.5114760332538105
0.5114689020508981
0.511461757778363
0.5114546003788504
0.5114474297949354
0.5114402459691232
0.5114330488438484
0.5114258383614751
0.5114186144642954
0.51141137709453
0.5114041261943268
0.5113968617057613
0.511389583570835
0.5113822917314763
0.5113749861295384
0.5113676667068006
0.511360333404966
0.5113529861656625
0.5113456249304416
0.5113382496407776
0.5113308602380677
0.5113234566636319
0.511316038858711
0.5113086067644672
0.5113011603219837
0.5112936994722637
0.5112862241562299
0.5112787343147247
0.5112712298885085
0.5112637108182602
0.5112561770445758
0.5112486285079695
0.5112410651488708
0.5112334869076264
0.5112258937244974
0.511218285539661
0.511210662293208
0.5112030239251438
0.5111953703753871
0.5111877015837691
0.5111800174900336
0.5111723180338364
0.5111646031547445
0.5111568727922358
0.5111491268856978
0.5111413653744282
0.5111335881976337
0.5111257952944299
0.5111179866038398
0.5111101620647943
0.5111023216161312
0.5110944651965944
0.5110865927448338
0.5110787041994048
0.511070799498767
0.5110628785812844
0.5110549413852243
0.5110469878487579
0.5110390179099575
0.5110310315067983
0.5110230285771561
0.5110150090588079
0.5110069728894304
0.5109989200066002
0.5109908503477928
0.5109827638503818
0.510974660451639
0.5109665400887329
0.510958402698729
0.510950248218589
0.5109420765851694
0.510933887735222
0.5109256816053926
0.5109174581322207
0.5109092172521389
0.510900958901472
0.5108926830164369
0.5108843895331411
0.5108760783875833
0.5108677495156518
0.5108594028531244
0.5108510383356674
0.5108426558988354
0.5108342554780703
0.5108258370087005
0.5108174004259418
0.510808945664894
0.5108004726605427
0.5107919813477577
0.5107834716612922
0.5107749435357826
0.5107663969057474
0.510757831705587
0.5107492478695828
0.5107406453318967
0.5107320240265698
0.5107233838875229
0.5107147248485546
0.5107060468433418
0.5106973498054379
0.5106886336682732
0.5106798983651537
0.5106711438292595
0.5106623699936463
0.5106535767912422
0.5106447641548497
0.5106359320171425
0.5106270803106665
0.5106182089678378
0.5106093179209434
0.5106004071021395
0.5105914764434508
0.5105825258767707
0.5105735553338596
0.5105645647463446
0.5105555540457187
0.51054652316334
0.5105374720304316
0.5105284005780799
0.5105193087372343
0.5105101964387069
0.5105010636131708
0.5104919101911611
0.5104827361030712
0.5104735412791555
0.510464325649526
0.5104550891441529
0.5104458316928638
0.510436553225342
0.5104272536711266
0.510417932959612
0.5104085910200459
0.5103992277815296
0.5103898431730169
0.5103804371233137
0.5103710095610761
0.5103615604148106
0.5103520896128735
0.5103425970834692
0.51033308275465
0.5103235465543148
0.5103139884102097
0.5103044082499253
0.510294806000897
0.510285181590404
0.510275534945568
0.5102658659933536
0.5102561746605663
0.5102464608738514
0.5102367245596953
0.5102269656444218
0.5102171840541933
0.5102073797150092
0.5101975525527054
0.5101877024929525
0.5101778294612567
0.5101679333829567
0.5101580141832256
0.5101480717870669
0.510138106119316
0.5101281171046383
0.5101181046675292
0.5101080687323116
0.5100980092231366
0.510087926063982
0.5100778191786509
0.5100676884907722
0.510057533923798
0.510047355401004
0.5100371528454878
0.5100269261801684
0.5100166753277855
0.5100064002108975
0.5099961007518823
0.5099857768729344
0.5099754284960661
0.5099650555431043
0.5099546579356913
0.5099442355952832
0.5099337884431488
0.509923316400369
0.5099128193878358
0.5099022973262508
0.5098917501361252
0.5098811777377779
0.5098705800513347
0.5098599569967283
0.5098493084936956
0.5098386344617786
0.5098279348203214
0.5098172094884712
0.5098064583851758
0.5097956814291836
0.5097848785390415
0.5097740496330949
0.5097631946294865
0.5097523134461546
0.509741406000833
0.5097304722110491
0.5097195119941232
0.5097085252671684
0.5096975119470878
0.5096864719505745
0.5096754051941104
0.5096643115939653
0.5096531910661952
0.5096420435266424
0.5096308688909328
0.5096196670744764
0.5096084379924649
0.5095971815598719
0.5095858976914504
0.5095745863017331
0.5095632473050303
0.5095518806154291
0.5095404861467924
0.5095290638127572
0.5095176135267346
0.5095061352019076
0.5094946287512306
0.5094830940874279
0.5094715311229927
0.5094599397701859
0.5094483199410349
0.5094366715473325
0.509424994500636
0.5094132887122657
0.5094015540933038
0.5093897905545925
0.5093779980067347
0.5093661763600906
0.5093543255247781
0.5093424454106711
0.5093305359273976
0.5093185969843397
0.5093066284906314
0.5092946303551578
0.5092826024865539
0.5092705447932032
0.5092584571832367
0.5092463395645311
0.5092341918447085
0.5092220139311338
0.5092098057309147
0.5091975671508998
0.5091852980976779
0.5091729984775755
0.5091606681966563
0.5091483071607208
0.5091359152753032
0.5091234924456711
0.5091110385768245
0.5090985535734935
0.509086037340138
0.5090734897809455
0.5090609107998304
0.5090483003004322
0.5090356581861148
0.5090229843599642
0.509010278724788
0.5089975411831135
0.5089847716371866
0.5089719699889703
0.5089591361401435
0.5089462699920995
0.5089333714459439
0.508920440402495
0.5089074767622804
0.5088944804255368
0.508881451292208
0.5088683892619441
0.5088552942340994
0.5088421661077313
0.5088290047815982
0.50881581015416
0.508802582123574
0.508789320587695
0.5087760254440743
0.5087626965899561
0.5087493339222786
0.508735937337671
0.5087225067324517
0.5087090420026279
0.5086955430438935
0.5086820097516279
0.5086684420208935
0.5086548397464354
0.5086412028226797
0.508627531143731
0.5086138246033716
0.5086000830950599
0.508586306511929
0.5085724947467846
0.5085586476921036
0.5085447652400328
0.5085308472823872
0.5085168937106481
0.5085029044159618
0.508488879289138
0.5084748182206479
0.5084607211006231
0.508446587818853
0.5084324182647845
0.5084182123275192
0.5084039698958122
0.5083896908580706
0.5083753751023516
0.5083610225163607
0.5083466329874504
0.5083322064026183
0.5083177426485052
0.5083032416113936
0.5082887031772062
0.5082741272315038
0.5082595136594837
0.5082448623459783
0.5082301731754524
0.5082154460320029
0.5082006807993555
0.5081858773608641
0.5081710355995087
0.508156155397893
0.5081412366382441
0.5081262792024083
0.5081112829718519
0.5080962478276579
0.5080811736505243
0.5080660603207628
0.5080509077182962
0.5080357157226576
0.5080204842129872
0.5080052130680316
0.5079899021661417
0.5079745513852704
0.5079591606029707
0.5079437296963947
0.5079282585422903
0.5079127470170007
0.5078971949964617
0.5078816023561996
0.5078659689713301
0.507850294716555
0.5078345794661621
0.5078188230940219
0.5078030254735855
0.5077871864778837
0.5077713059795241
0.5077553838506895
0.5077394199631361
0.5077234141881906
0.5077073663967496
0.507691276459276
0.5076751442457984
0.507658969625908
0.5076427524687571
0.507626492643057
0.5076101900170757
0.5075938444586359
0.5075774558351132
0.5075610240134334
0.5075445488600714
0.5075280302410478
0.5075114680219276
0.5074948620678184
0.5074782122433671
0.5074615184127589
0.5074447804397144
0.5074279981874878
0.507411171518865
0.5073943002961601
0.5073773843812152
0.5073604236353962
0.5073434179195924
0.5073263670942127
0.5073092710191849
0.5072921295539518
0.5072749425574701
0.5072577098882081
0.5072404314041427
0.507223106962758
0.5072057364210424
0.5071883196354866
0.5071708564620808
0.5071533467563136
0.5071357903731682
0.5071181871671206
0.5071005369921382
0.5070828397016754
0.5070650951486735
0.507047303185557
0.5070294636642313
0.5070115764360803
0.5069936413519649
0.5069756582622191
0.5069576270166486
0.5069395474645285
0.5069214194545999
0.5069032428350686
0.5068850174536014
0.5068667431573244
0.506848419792821
0.506830047206128
0.5068116252427343
0.5067931537475776
0.5067746325650428
0.5067560615389582
0.5067374405125943
0.5067187693286601
0.5067000478293009
0.5066812758560961
0.5066624532500565
0.5066435798516213
0.5066246555006556
0.5066056800364476
0.5065866532977069
0.5065675751225609
0.5065484453485525
0.506529263812637
0.5065100303511801
0.5064907447999552
0.5064714069941393
0.5064520167683125
0.5064325739564541
0.5064130783919386
0.5063935299075362
0.5063739283354061
0.5063542735070973
0.5063345652535435
0.506314803405061
0.5062949877913462
0.5062751182414723
0.5062551945838869
0.5062352166464086
0.5062151842562248
0.5061950972398885
0.5061749554233153
0.5061547586317807
0.5061345066899169
0.506114199421711
0.5060938366504998
0.5060734181989697
0.5060529438891512
0.5060324135424178
0.5060118269794818
0.5059911840203921
0.5059704844845307
0.5059497281906099
0.5059289149566696
0.505908044600073
0.5058871169375052
0.5058661317849695
0.5058450889577839
0.5058239882705781
0.505802829537291
0.5057816125711672
0.5057603371847539
0.5057390031898973
0.5057176103977401
0.5056961586187187
0.5056746476625584
0.5056530773382724
0.5056314474541561
0.5056097578177863
0.5055880082360167
0.5055661985149739
0.5055443284600563
0.5055223978759291
0.5055004065665212
0.5054783543350223
0.5054562409838803
0.5054340663147959
0.5054118301287212
0.5053895322258555
0.5053671724056421
0.505344750466765
0.5053222662071452
0.505299719423937
0.5052771099135267
0.5052544374715253
0.5052317018927687
0.5052089029713124
0.505186040500428
0.5051631142726009
0.5051401240795249
0.5051170697121007
0.5050939509604307
0.5050707676138165
0.5050475194607548
0.5050242062889337
0.5050008278852298
0.504977384035704
0.5049538745255976
0.5049302991393295
0.5049066576604918
0.5048829498718466
0.5048591755553219
0.5048353344920079
0.5048114264621539
0.5047874512451639
0.5047634086195927
0.5047392983631428
0.5047151202526604
0.5046908740641309
0.5046665595726763
0.5046421765525503
0.5046177247771348
0.504593204018936
0.5045686140495811
0.5045439546398133
0.5045192255594886
0.5044944265775716
0.5044695574621322
0.5044446179803402
0.5044196078984629
0.50439452698186
0.5043693749949802
0.5043441517013566
0.5043188568636032
0.5042934902434106
0.504268051601542
0.5042425406978285
0.504216957291166
0.50419130113951
0.5041655719998727
0.5041397696283173
0.5041138937799552
0.5040879442089405
0.5040619206684671
0.5040358229107635
0.5040096506870888
0.5039834037477285
0.5039570818419903
0.5039306847181992
0.5039042121236937
0.5038776638048216
0.5038510395069353
0.5038243389743869
0.5037975619505253
0.5037707081776897
0.5037437773972067
0.5037167693493858
0.5036896837735141
0.503662520407852
0.5036352789896292
0.5036079592550398
0.5035805609392373
0.5035530837763308
0.5035255274993803
0.5034978918403911
0.5034701765303107
0.5034423812990229
0.5034145058753431
0.5033865499870153
0.5033585133607047
0.5033303957219951
0.5033021967953836
0.5032739163042749
0.5032455539709779
0.5032171095167001
0.5031885826615422
0.503159973124495
0.5031312806234322
0.5031025048751079
0.5030736455951494
0.5030447024980541
0.5030156752971832
0.5029865637047576
0.5029573674318527
0.5029280861883927
0.5028987196831467
0.5028692676237224
0.5028397297165622
0.5028101056669371
0.502780395178942
0.5027505979554903
0.5027207136983096
0.5026907421079352
0.5026606828837054
0.5026305357237566
0.5026003003250182
0.5025699763832059
0.502539563592818
0.5025090616471294
0.5024784702381858
0.5024477890567993
0.5024170177925424
0.5023861561337426
0.5023552037674766
0.5023241603795656
0.5022930256545692
0.5022617992757809
0.5022304809252206
0.5021990702836309
0.5021675670304705
0.5021359708439092
0.5021042814008219
0.5020724983767827
0.5020406214460598
0.5020086502816092
0.5019765845550702
0.5019444239367573
0.5019121680956569
0.5018798166994204
0.5018473694143577
0.5018148259054329
0.501782185836257
0.501749448869083
0.5017166146647993
0.5016836828829243
0.5016506531815994
0.501617525217585
0.5015842986462522
0.5015509731215779
0.5015175482961395
0.5014840238211064
0.5014503993462367
0.5014166745198693
0.5013828489889179
0.5013489223988654
0.5013148943937572
0.501280764616195
0.501246532707331
0.5012121983068605
0.501177761053017
0.5011432205825652
0.5011085765307935
0.50107382853151
0.5010389762170336
0.5010040192181895
0.5009689571643015
0.5009337896831858
0.5008985164011446
0.5008631369429597
0.5008276509318856
0.5007920579896429
0.5007563577364116
0.5007205497908247
0.5006846337699615
0.5006486092893405
0.5006124759629135
0.5005762334030573
0.5005398812205686
0.5005034190246561
0.5004668464229338
0.5004301630214149
0.5003933684245032
0.5003564622349883
0.5003194440540373
0.5002823134811875
0.5002450701143404
0.5002077135497544
0.5001702433820371
0.5001326592041389
0.5000949606073455
0.500057147181271
0.5000192185138503
0.4999811741913328
0.49994301379827366
0.49990473691752807
0.49986634313024303
0.49982783201585035
0.4997892031520593
0.49975045611484903
0.4997115904784615
0.4996726058153938
0.49963350169639054
0.4995942776904374
0.49955493336475176
0.4995154682847768
0.49947588201417326
0.4994361741148118
0.4993963441467657
0.4993563916683028
0.49931631623587824
0.4992761174041263
0.4992357947258532
0.4991953477520288
0.4991547760317792
0.4991140791123786
0.499073256539242
0.4990323078559165
0.4989912326040742
0.4989500303235036
0.4989087005521026
0.49886724282586903
0.49882565667889434
0.49878394164335416
0.4987420972495011
0.49870012302565603
0.4986580184982008
0.4986157831915692
0.4985734166282393
0.49853091832872504
0.498488287811568
0.4984455245933295
0.49840262818858194
0.4983595981099006
0.49831643386785524
0.4982731349710019
0.4982297009258741
0.4981861312369752
0.4981424254067691
0.49809858293567266
0.4980546033220461
0.4980104860621858
0.49796623065031426
0.49792183657857314
0.4978773033370133
0.49783263041358683
0.49778781729413846
0.49774286346239655
0.4976977683999649
0.49765253158631323
0.4976071524987694
0.4975616306125096
0.49751596540055076
0.4974701563337407
0.49742420288074934
0.497378104508061
0.49733186067996393
0.49728547085854247
0.4972389345036675
0.4971922510729881
0.4971454200219222
0.49709844080364757
0.4970513128690924
0.4970040356669273
0.49695660864355523
0.49690903124310276
0.4968613029074114
0.49681342307602744
0.496765391186194
0.49671720667284047
0.4966688689685751
0.496620377503674
0.496571731706073
0.4965229310013578
0.49647397481275574
0.4964248625611247
0.49637559366494566
0.4963261675403122
0.4962765836009214
0.49622684125806504
0.49617693992061884
0.49612687899503527
0.49607665788533173
0.4960262759930829
0.4959757327174103
0.49592502745497347
0.49587415959995984
0.49582312854407595
0.49577193367653744
0.49572057438405986
0.49566905005084844
0.4956173600585899
0.49556550378644165
0.49551348061102274
0.49546128990640415
0.49540893104409955
0.4953564033930552
0.4953037063196407
0.49525083918763946
0.4951978013582386
0.4951445921900196
0.49509121103894926
0.49503765725836885
0.4949839301989856
0.49493002920886237
0.49487595363340814
0.49482170281536875
0.4947672760948164
0.49471267280914116
0.49465789229304036
0.49460293387850884
0.49454779689483025
0.49449248066856677
0.4944369845235494
0.49438130778086803
0.49432544975886256
0.4942694097731129
0.4942131871364291
0.494156781158842
0.4941001911475931
0.49404341640712585
0.49398645623907506
0.4939293099422581
0.4938719768126642
0.4938144561434463
0.4937567472249106
0.4936988493445067
0.49364076178681876
0.49358248383355563
0.4935240147635414
0.4934653538527058
0.49340650037407474
0.4933474535977608
0.4932882127909538
0.4932287772179114
0.4931691461399501
0.49310931881543485
0.49304929449977
0.49298907244539114
0.49292865190175417
0.49286803211532676
0.49280721232957925
0.49274619178497503
0.49268496971896125
0.4926235453659604
0.4925619179573606
0.492500086721506
0.4924380508836888
0.4923758096661396
0.49231336228801864
0.49225070796540615
0.49218784591129483
0.49212477533557963
0.4920614954450496
0.49199800544337907
0.4919343045311188
0.4918703919056875
0.4918062667613625
0.49174192828927255
0.49167737567738784
0.49161260811051244
0.4915476247702754
0.491482424835123
0.4914170074803096
0.49135137187789035
0.49128551719671243
0.49121944260240674
0.4911531472573808
0.49108663032080957
0.4910198909486287
0.4909529282935261
0.4908857415049338
0.49081832972902184
0.49075069210868844
0.4906828277835543
0.49061473588995475
0.49054641556093154
0.4904778659262267
0.49040908611227485
0.49034007524219636
0.4902708324357896
0.4902013568095256
0.49013164747653915
0.4900617035466247
0.48999152412622693
0.4899211083184366
0.4898504552229831
0.4897795639362278
0.48970843355115923
0.48963706315738564
0.4895654518411301
0.4894935986852239
0.48942150276910135
0.48934916316879407
0.48927657895692567
0.4892037492027061
0.4891306729719268
0.4890573493269561
0.4889837773267327
0.4889099560267629
0.48883588447911475
0.4887615617324135
0.4886869868318384
0.48861215881911696
0.48853707673252234
0.48846173960686845
0.4883861464735067
0.48831029636032264
0.48823418829173215
0.4881578212886784
0.4880811943686287
0.488004306545572
0.4879271568300156
0.48784974422898336
0.4877720677460127
0.48769412638115306
0.4876159191309632
0.4875374449885106
0.4874587029433684
0.4873796919816154
0.4873004110858343
0.48722085923511066
0.48714103540503273
0.4870609385676903
0.48698056769167447
0.48689992174207825
0.48681899968049613
0.48673780046502424
0.4866563230502621
0.4865745663873119
0.48649252942378085
0.48641021110378224
0.48632761036793654
0.4862447261533743
0.48616155739373673
0.4860781030191794
0.48599436195637435
0.48591033312851345
0.48582601545531057
0.48574140785300596
0.4856565092343697
0.48557131850870616
0.48548583458185723
0.48540005635620775
0.4853139827306911
0.4852276126007927
0.48514094485855663
0.48505397839259223
0.48496671208807807
0.4848791448267705
0.4847912754870098
0.4847031029437269
0.4846146260684513
0.4845258437293188
0.48443675479108006
0.48434735811510776
0.48425765255940767
0.48416763697862597
0.48407731022405986
0.4839866711436671
0.48389571858207664
0.48380445138059913
0.4837128683772384
0.48362096840670277
0.4835287503004167
0.48343621288653327
0.4833433549899473
0.4832501754323081
0.483156673032033
0.4830628466043213
0.4829686949611689
0.4828742169113833
0.4827794112605981
0.48268427681128945
0.48258881236279216
0.4824930167113158
0.48239688864996266
0.4823004269687441
0.4822036304545998
0.4821064978914159
0.4820090280600434
0.4819112197383179
0.48181307170108056
0.48171458272019707
0.48161575156457975
0.4815165770002082
0.4814170577901522
0.4813171926945935
0.4812169804708493
0.48111641987339604
0.4810155096538927
0.48091424856120657
0.4808126353414376
0.48071066873794494
0.4806083474913729
0.4805056703396781
0.4804026360181567
0.4802992432594727
0.48019549079368695
0.480091377348286
0.4799869016482124
0.4798820624158944
0.4797768583712786
0.47967128823186017
0.479565350712716
0.47945904452653726
0.4793523683836641
0.4792453209921186
0.4791379010576409
0.4790301072837233
0.47892193837164876
0.4788133930205256
0.4787044699273264
0.4785951677869263
0.4784854852921413
0.47837542113376863
0.47826497400062706
0.4781541425795974
0.47804292555566463
0.4779313216119615
0.47781932942980976
0.47770694768876576
0.47759417506666485
0.4774810102396663
0.47736745188229995
0.47725349866751327
0.47713914926671896
0.4770244023498434
0.4769092565853761
0.47679371064041964
0.4766777631807406
0.47656141287082143
0.4764446583739118
0.47632749835208377
0.47620993146628393
0.47609195637638935
0.4759735717412631
0.4758547762188105
0.4757355684660369
0.47561594713910493
0.4754959108933949
0.4753754583835637
0.47525458826360517
0.47513329918691316
0.47501158980634234
0.4748894587742724
0.4747669047426719
0.4746439263631639
0.4745205222870908
0.4743966911655819
0.4742724316496214
0.47414774239011626
0.4740226220379657
0.4738970692441323
0.47377108265971296
0.47364466093601065
0.4735178027246084
0.4733905066774425
0.4732627714468782
0.47313459568578536
0.47300597804761463
0.4728769171864764
0.4727474117572189
0.47261746041550723
0.47248706181790534
0.47235621462195615
0.47222491748626483
0.4720931690705823
0.47196096803588916
0.4718283130444813
0.47169520276005583
0.47156163584779903
0.4714276109744745
0.4712931268085107
0.47115818202009374
0.4710227752812567
0.470886905265972
0.4707505706502448
0.4706137701122065
0.4704765023322108
0.47033876599292795
0.4702005597794434
0.47006188237935437
0.4699227324828697
0.46978310878290896
0.4696430099752035
0.46950243475839826
0.4693613818341548
0.4692198499072544
0.4690778376857031
0.4689353438808371
0.46879236720742945
0.46864890638379786
0.4685049601319129
0.46836052717750737
0.4682156062501869
0.4680701960835413
0.4679242954152566
0.4677779029872287
0.4676310175456769
0.4674836378412598
0.46733576262919063
0.4671873906693548
0.4670385207264267
0.4668891515699899
0.46673928197465575
0.4665889107201843
0.46643803659160576
0.466286658379343
0.46613477487933463
0.4659823848931586
0.4658294872281585
0.46567608069756783
0.4655221641206377
0.46536773632276407
0.46521279613561595
0.46505734239726454
0.46490137395231346
0.4647448896520293
0.46458788835447384
0.4644303689246348
0.4642723302345608
0.4641137711634944
0.46395469059800654
0.4637950874321325
0.4636349605675071
0.46347430891350294
0.4633131313873662
0.4631514269143561
0.46298919442788344
0.4628264328696498
0.4626631411897885
0.4624993183470038
0.46233496330871415
0.46217007505119334
0.4620046525597131
0.461838694828686
0.4616722008618101
0.46150516967221183
0.46133760028259224
0.461169491725371
0.46100084304283295
0.46083165328727355
0.46066192152114616
0.46049164681720944
0.4603208282586733
0.46014946493934816
0.45997755596379286
0.45980510044746276
0.4596320975168588
0.4594585463096769
0.4592844459749573
0.459109795673234
0.45893459457668484
0.45875884186928156
0.4585825367469407
0.4584056784176727
0.4582282661017344
0.45805029903177746
0.4578717764530015
0.45769269762330317
0.45751306181342805
0.45733286830712094
0.45715211640127734
0.4569708054060937
0.4567889346452184
0.4566065034559027
0.45642351118915064
0.4562399572098699
0.45605584089702167
0.4558711616437706
0.4556859188576352
0.4555001119606363
0.4553137403894464
0.45512680359553914
0.4549393010453369
0.4547512322203589
0.4545625966173696
0.4543733937485247
0.4541836231415187
0.4539932843397302
0.453802376902368
0.45361090040461627
0.45341885443777735
0.45322623860941785
0.4530330525435094
0.4528392958805718
0.45264496827781486
0.45245006940927834
0.4522545989659717
0.45205855665601413
0.4518619422047716
0.45166475535499423
0.45146699586695227
0.451268663518572
0.45106975810556854
0.4508702794415803
0.4506702273582995
0.45046960170560385
0.45026840235168575
0.4500666291831802
0.4498642821052926
0.4496613610419239
0.44945786593579484
0.4492537967485699
0.44904915346097724
0.448843936072931
0.44863814460364737
0.4484317790917643
0.4482248395954548
0.44801732619254225
0.44780923898061226
0.4476005780771228
0.44739134361951405
0.4471815357653149
0.4469711546922478
0.4467602005983332
0.4465486737019906
0.44633657424213885
0.4461239024782924
0.44591065869065916
0.4456968431802323
0.44548245626888366
0.44526749829945184
0.4450519696358309
0.44483587066305447
0.44461920178737974
0.44440196343636823
0.444184156058964
0.4439657801255698
0.4437468361281214
0.44352732458015887
0.44330724601689614
0.4430866009952863
0.44286539009408776
0.44264361391392376
0.4424212730773435
0.4421983682288768
0.44197490003508905
0.44175086918463213
0.441526276388293
0.44130112237903935
0.4410754079120621
0.4408491337648169
0.44062230073706105
0.4403949096508869
0.44016696135075584
0.4399384567035249
0.43970939659847397
0.4394797819473285
0.43924961368427873
0.43901889276599737
0.4387876201716535
0.43855579690292273
0.4383234239839956
0.438090502461581
0.4378570334049095
0.43762301790573016
0.43738845707830554
0.43715335205940453
0.43691770400829055
0.4366815141067065
0.4364447835588576
0.4362075135913896
0.4359697054533648
0.43573136041623356
0.4354924797738041
0.435253064842207
0.43501311695985745
0.4347726374874143
0.4345316278077356
0.4342900893258292
0.4340480234688027
0.4338054316858073
0.43356231544797963
0.43331867624838005
0.4330745156019268
0.43282983504532735
0.4325846361370056
0.43233892045702715
0.4320926896070178
0.4318459452100822
0.4315986889107172
0.4313509223747216
0.43110264728910225
0.43085386536197795
0.43060457832247784
0.43035478792063864
0.43010449592729544
0.42985370413397206
0.4296024143527661
0.4293506284162298
0.4290983481772496
0.4288455755089205
0.4285923123044177
0.4283385604768639
0.4280843219591943
0.4278295987040174
0.4275743926834721
0.42731870588908255
0.42706254033160806
0.42680589804089036
0.42654878106569816
0.4262911914735662
0.42603313135063403
0.4257746028014779
0.4255156079489425
0.42525614893396735
0.4249962279154109
0.42473584706987055
0.4244750085915004
0.4242137146918246
0.42395196759954945
0.4236897695603694
0.42342712283677214
0.4231640297078409
0.4229004924690513
0.422636513432067
0.4223720949245326
0.42210723928986144
0.42184194888702314
0.4215762260903255
0.42131007328919556
0.42104349288795734
0.42077648730560524
0.4205090589755768
0.42024121034552153
0.41997294387706663
0.4197042620455808
0.4194351673399359
0.4191656622622639
0.418895749327713
0.41862543106420114
0.4183547100121664
0.41808358872431495
0.4178120697653673
0.4175401557118005
0.41726784915159065
0.416995152683951
0.416722068919068
0.41644860047783583
0.41617474999158965
0.4159005201018334
0.41562591345997035
0.41535093272702656
0.415075580573377
0.41479985967846605
0.4145237727305293
0.41424732242631
0.4139705114707775
0.41369334257684115
0.4134158184650639
0.4131379418633737
0.412859715506774
0.412581142137052
0.41230222450248566
0.41202296535754984
0.41174336746261986
0.4114634335836755
0.41118316649200215
0.41090256896389193
0.41062164378034194
0.4103403937267543
0.410058821592632
0.4097769301712763
0.40949472225948164
0.40921220065722985
0.40892936816738495
0.408646227595385
0.4083627817489344
0.4080790334376965
0.40779498547298315
0.4075106406674465
0.4072260018347676
0.4069410717893471
0.40665585334599297
0.40637034931961064
0.4060845625248908
0.40579849577599725
0.4055121518862558
0.4052255336678413
0.4049386439314664
0.40465148548606833
0.4043640611384977
0.4040763736932058
0.40378842595193315
0.40350022071339753
0.4032117607729823
0.40292304892242536
0.40263408794950806
0.402344880637745
0.40205542976607406
0.4017657381085459
0.40147580843401626
0.4011856435058359
0.40089524608154414
0.4006046189125609
0.40031376474388025
0.4000226863137646
0.3997313863534403
0.3994398675867932
0.3991481327300651
0.39885618449155213
0.39856402557130327
0.3982716586608197
0.39797908644275615
0.3976863115906226
0.3973933367684874
0.39710016463068054
0.39680679782150097
0.39651323897492163
0.39621949071429813
0.39592555565207793
0.39563143638951115
0.395337135516362
0.3950426556106233
0.39474799923823045
0.3944531689527785
0.3941581672952396
0.393862996793683
0.39356765996299575
0.3932721593046057
0.3929764973062055
0.39268067644147897
0.39238469916982877
0.3920885679361052
0.39179228517033815
0.39149585328746955
0.39119927468708826
0.39090255175316657
0.39060568685379815
0.3903086823409386
0.3900115405501477
0.38971426380033264
0.3894168543934945
0.38911931461447535
0.3888216467307083
0.3885238529919691
0.3882259356301298
0.3879278968589134
0.3876297388736526
0.3873314638510482
0.38703307394893105
0.3867345713060256
0.3864359580417149
0.3861372362558086
0.385838408028312
0.38553947541919775
0.3852404404681799
0.38494130519448777
0.38464207159664593
0.3843427416522521
0.38404331731775915
0.38374380052825857
0.38344419319726764
0.38314449721651445
0.38284471445572954
0.3825448467624381
0.38224489596175126
0.3819448638561642
0.38164475222535194
0.3813445628259705
0.38104429739145784
0.3807439576318367
0.38044354523352175
0.3801430618591244
0.3798425091472652
0.37954188871238204
0.37924120214454554
0.3789404510092725
0.3786396368473431
0.3783387611746192
0.3780378254818649
0.3777368312345686
0.3774357798727668
0.3771346728108693
0.37683351143748756
0.3765322971152618
0.3762310311806937
0.37592971494397637
0.37562834968883047
0.3753269366723373
0.3750254771247777
0.374723972249469
0.37442242322260566
0.3741208311930998
0.3738191972824251
0.3735175225844593
0.37321580816533156
0.3729140550632674
0.37261226428843736
0.3723104368228066
0.3720085736199846
0.3717066756050769
0.37140474367453835
0.37110277869602587
0.37080078150825385
0.3704987529208491
0.37019669371420927
0.3698946046393579
0.3695924864178049
0.3692903397414045
0.36898816527221623
0.3686859636423647
0.36838373545390135
0.3680814812786666
0.3677792016581517
0.36747689710336273
0.36717456809468363
0.36687221508173945
0.3665698384832621
0.3662674386869535
0.3659650160493514
0.36566257089569365
0.3653601035197844
0.3650576141838582
0.3647551031184463
0.36445257052224095
0.3641500165619621
0.3638474413722204
0.36354484505538404
0.36324222768144165
0.36293958928786824
0.3626369298794876
0.36233424942833653
0.36203154787352776
0.36172882512111204
0.3614260810439395
0.3611233154815222
0.36082052823989225
0.3605177190914634
0.36021488777488725
0.3599120339949129
0.35960915742224275
0.3593062576933872
0.35900333441051996
0.35870038714133073
0.3583974154188766
0.3580944187414327
0.3577913965723411
0.3574883483398581
0.35718527343699996
0.3568821712213871
0.35657904101508653
0.35627588210445166
0.3559726937399625
0.3556694751360607
0.3553662254709853
0.35506294388660475
0.3547596294882472
0.3544562813445292
0.3541528984871808
0.3538494799108689
0.35354602457301815
0.3532425313936292
0.3529389992550944
0.35263542700201045
0.35233181344098763
0.3520281573404584
0.3517244574304801
0.3514207124025366
0.35111692090933605
0.3508130815646052
0.3505091929428815
0.35020525357929977
0.3499012619693778
0.3495972165687965
0.3492931157931767
0.3489889580178538
0.34868474157764645
0.34838046476662227
0.34807612583786024
0.3477717230032072
0.3474672544330322
0.34716271825597556
0.3468581125586935
0.3465534353855979
0.3462486847385939
0.3459438585768097
0.34563895481632345
0.3453339713298854
0.34502890594663504
0.344723756451812
0.3444185205864642
0.3441131960471489
0.34380778048562977
0.34350227150856816
0.34319666667720833
0.3428909635070586
0.3425851594675661
0.34227925198178605
0.3419732384260443
0.3416671161295966
0.34136088237427903
0.3410545343941544
0.34074806937515123
0.34044148445469885
0.34013477672135217
0.3398279432144157
0.33952098092355554
0.3392138867884086
0.33890665769818445
0.33859929049125925
0.33829178195476506
0.3379841288241703
0.3376763277828545
0.33736837546167653
0.3370602684385346
0.3367520032379201
0.3364435763304634
0.3361349841324741
0.33582622300547244
0.33551728925571334
0.3352081791337049
0.33489888883371716
0.3345894144932845
0.33427975219270134
0.3339698979545081
0.3336598477429716
0.3333495974635567
0.33303914296238996
0.33272848002571725
0.332417604379351
0.332106511688112
0.3317951975552619
0.3314836575219287
0.33117188706652423
0.3308598816041528
0.3305476364860137
0.3302351469987949
0.32992240836405784
0.3296094157376166
0.3292961642089078
0.328982648800353
0.32866886446671284
0.32835480609443496
0.32804046850099255
0.3277258464342163
0.327410934571618
0.3270957275197083
0.3267802198133038
0.32646440591483183
0.3261482802136224
0.3258318370251977
0.325515070590551
0.3251979750754222
0.3248805445695636
0.324562773086
0.3242446545602846
0.3239261828497444
0.3236073517327236
0.32328815490781965
0.32296858599311185
0.3226486385253887
0.3223283059593658
0.32200758166690163
0.3216864589362078
0.3213649309710551
0.3210429908899751
0.3207206317254597
0.3203978464231549
0.3200746278410535
0.319750968748685
0.3194268618263029
0.3191022996640703
0.31877727476124407
0.3184517795253593
0.3181258062714123
0.3177993472210444
0.317472394501726
0.31714494014594335
0.31681697609038495
0.316488494175133
0.3161594861428564
0.3158299436380084
0.31549985820602927
0.3151692212925525
0.31483802424261986
0.31450625829990125
0.3141739146059237
0.31384098419930784
0.3135074580150147
0.3131733268836042
0.31283858153050204
0.3125032125752821
0.312167210530961
0.31183056580330876
0.311493268690172
0.31115530938081903
0.3108166779552986
0.31047736438382045
0.3101373585261577
0.30979665013106805
0.30945522883574145
0.3091130841652723
0.3087702055321567
0.3084265822358195
0.30808220346216963
0.30773705828318776
0.3073911356565459
0.3070444244252623
0.3066969133173932
0.30634859094576167
0.3059994458077278
0.30564946628500084
0.30529864064349455
0.3049469570332298
0.30459440348828615
0.304240967926801
0.30388663815102457
0.30353140184742883
0.30317524658687234
0.3028181598248262
0.3024601289016629
0.3021011410430065
0.3017411833601529
0.30138024285055914
0.3010183063984041
0.3006553607752246
0.3002913926406292
0.29992638854309406
0.29956033492083833
0.29919321810279
0.2988250243096385
0.2984557396549796
0.2980853501465558
0.29771384168759535
0.29734120007825093
0.2969674110171446
0.29659246010301843
0.2962163328364968
0.29583901462196255
0.29546049076954967
0.29508074649725574
0.2946997669331799
0.29431753711788466
0.2939340420068902
0.29354926647329993
0.2931631953105646
0.29277581323538365
0.29238710489075154
0.2919970548491485
0.29160564761588237
0.2912128676325804
0.29081869928083914
0.29042312688603
0.29002613472126915
0.2896277070115487
0.2892278279380378
0.2888264816425515
0.28842365223219324
0.2880193237841728
0.28761348035080014
0.2872061059646609
0.28679718464397314
0.28638670039812786
0.2859746372334165
0.28556097915894524
0.28514571019273927
0.2847288143680376
0.2843102757397801
0.2838900783912867
0.2834682064411311
0.28304464405020924
0.2826193754290004
0.28219238484502535
0.2817636566304975
0.2813331751901684
0.28090092500936686
0.2804668906622296
0.2800310568201231
0.2795934082602553
0.27915392987447296
0.27871260667824516
0.27826942381982706
0.2778243665896054
0.277377420429617
0.2769285709432394
0.27647780390505045
0.2760251052708483
0.2755704611878311
0.2751138580049277
0.2746552822832755
0.2741947208068373
0.27373216059315253
0.273267588904213
0.27280099325745993
0.2723323614368865
0.2718616815042461
0.2713889418103525
0.2709141310064614
0.27043723805572717
0.2699582522447212
0.2694771631950041
0.26899396087473637
0.2685086356103213
0.26802117809806203
0.2675315794158259
0.26703983103469864
0.26654592483061884
0.26604985309597595
0.26555160855116033
0.26505118435604885
0.2645485741214139
0.2640437719202377
0.2635367722989205
0.26302757028836277
0.26251616141491074
0.2620025417111451
0.26148670772649846
0.2609686565376861
0.26044838575893303
0.25992589355198037
0.25940117863585627
0.25887424029639244
0.25834507839547305
0.2578136933799968
0.2572800862905382
0.2567442587696897
0.2562062130700715
0.2556659520619906
0.2551234792407355
0.2545787987334911
0.25403191530585884
0.2534828343679669
0.2529315619801581
0.25237810485824086
0.2518224703782906
0.25126466658098845
0.25070470217548724
0.2501425865427909
0.2495783297386389
0.24901194249588404
0.24844343622635562
0.24787282302220093
0.2473001156566915
0.24672532758449567
0.2461484729414046
0.2455695665435106
0.2449886238858307
0.24440566114037443
0.24382069515365296
0.24323374344362614
0.24264482419609007
0.2420539562605019
0.24146115914524738
0.2408664530123504
0.24026985867162914
0.23967139757430253
0.23907109180605382
0.23846896407955476
0.23786503772646123
0.23725933668888452
0.2366518855103513
0.23604270932625834
0.23543183385383576
0.23481928538162972
0.23420509075851587
0.23358927738225932
0.2329718731876324
0.2323529066341066
0.23173240669313583
0.23111040283504358
0.2304869250155322
0.22986200366183557
0.22923566965852554
0.22860795433299755
0.22797888944065114
0.2273485071497836
0.22671684002621983
0.2260839210176946
0.22544978343801098
0.22481446095099158
0.22417798755424603
0.22354039756277594
0.22290172559243338
0.22226200654325987
0.22162127558272174
0.22097956812886568
0.2203369198334129
0.21969336656481242
0.21904894439127617
0.21840368956381184
0.21775763849927648
0.2171108277634676
0.2164632940542729
0.21581507418489476
0.21516620506716985
0.2145167236949994
0.21386666712790936
0.21321607247475335
0.21256497687758014
0.2119134174956741
0.21126143148979087
0.21060905600659469
0.20995632816331875
0.2093032850326541
0.2086499636278859
0.20799640088828458
0.20734263366476313
0.20668869870581294
0.20603463264372576
0.2053804719811117
0.20472625307772108
0.2040720121375777
0.2034177851964303
0.20276360810952904
0.20210951653973144
0.20145554594594384
0.20080173157190184
0.2001481084352929
0.19949471131722651
0.19884157475204955
0.19818873301751558
0.19753622012530098
0.19688406981187667
0.19623231552972925
0.19558099043893573
0.19493012739908677
0.19427975896156163
0.1936299173621492
0.1929806345140148
0.19233194200100917
0.19168387107131862
0.19103645263144842
0.19038971724054204
0.18974369510502562
0.18909841607357783
0.18845390963241904
0.18781020490091302
0.18716733062747956
0.1865253151858084
0.1858841865713729
0.1852439723982339
0.18460469989613046
0.1839663959078501
0.18332908688687172
0.1826927988952761
0.18205755760191691
0.18142338828084492
0.18079031580997948
0.1801583646700209
0.17952755894359523
0.17889792231462726
0.1782694780679328
0.17764224908902385
0.17701625786412029
0.1763915264803622
0.1757680766262134
0.17514592959205272
0.17452510627094397
0.1739056271595787
0.17328751235938666
0.17267078157780494
0.17205545412970163
0.17144154893894673
0.1708290845401245
0.17021807908038092
0.1696085503214005
0.16900051564150642
0.1683939920378796
0.1677889961288878
0.16718554415652304
0.1665836519889401
0.1659833351230907
0.16538460868744898
0.1647874874448225
0.16419198579524533
0.1635981177789459
0.1630058970793893
0.16241533702638442
0.1618264505992546
0.16123925043006837
0.16065374880692426
0.1600699576772856
0.15948788865136387
0.15890755300554305
0.15832896168584631
0.1577521253114374
0.15717705417815475
0.15660375826207582
0.15603224722310818
0.1554625304086039
0.1548946168569944
0.15432851530144387
0.1537642341735174
0.15320178160686249
0.15264116544090017
0.1520823932245243
0.15152547221980722
0.15097040940570775
0.15041721148178167
0.1498658848718915
0.14931643572791328
0.14876886993343968
0.1482231931074775
0.14767941060813664
0.14713752753631115
0.14659754873934902
0.14605947881470935
0.14552332211360802
0.14498908274464642
0.1444567645774263
0.14392637124614618
0.14339790615318104
0.14287137247264137
0.1423467731539136
0.14182411092517888
0.14130338829690958
0.1407846075653444
0.14026777081593858
0.13975287992679095
0.1392399365720462
0.13872894222527082
0.13821989816280442
0.13771280546708328
0.13720766502993714
0.13670447755585952
0.13620324356524768
0.13570396339761748
0.1352066372147866
0.13471126500403002
0.13421784658120645
0.13372638159385417
0.13323686952425765
0.13274930969248366
0.13226370125938763
0.13178004322958892
0.1312983344544154
0.13081857363481786
0.1303407593242526
0.1298648899315344
0.1293909637236568
0.12891897882858264
0.12844893323800227
0.1279808248100621
0.12751465127205974
0.12705041022311028
0.1265880991367802
0.12612771536369027
0.1256692561340872
0.12521271856038477
0.12475809963967367
0.12430539625620093
0.12385460518381779
0.12340572308839745
0.12295874653022246
0.12251367196634064
0.12207049575289247
0.12162921414740632
0.12118982331106523
0.12075231931094227
0.1203166981222086
0.11988295563030867
0.11945108763310935
0.1190210898430171
0.11859295788906773
0.11816668731898754
0.11774227360122376
0.11731971212694908
0.11689899821203635
0.11648012709900506
0.11606309395894135
0.11564789389338864
0.11523452193621253
0.11482297305543684
0.11441324215505373
0.11400532407680666
0.11359921360194665
0.11319490545296286
0.11279239429528592
0.11239167473896625
0.11199274134032625
0.11159558860358806
0.11120021098247407
0.1108066028817846
0.11041475865894973
0.11002467262555668
0.10963633904885318
0.10924975215322714
0.10886490612166137
0.10848179509716599
0.10810041318418698
0.10772075444999182
0.10734281292603198
0.10696658260928295
0.10659205746356228
0.10621923142082516
0.10584809838243808
0.10547865222043071
0.10511088677872675
0.1047447958743541
0.10438037329863248
0.10401761281834189
0.10365650817686972
0.10329705309533865
0.10293924127371291
0.10258306639188672
0.1022285221107517
0.10187560207324566
0.10152429990538217
0.10117460921726161
0.10082652360406291
0.10048003664701806
0.10013514191436712
0.0997918329622961
0.09945010333585777
0.09910994656987297
0.09877135618981708
0.09843432571268788
0.09809884864785716
0.09776491849790558
0.09743252875944167
0.09710167292390348
0.09677234447834566
0.09644453690621008
0.09611824368808089
0.09579345830242489
0.09547017422631571
0.09514838493614441
0.09482808390831429
0.09450926461992205
0.09419192054942373
0.09387604517728783
0.09356163198663338
0.093248674463855
0.09293716609923404
0.09262710038753713
0.09231847082860069
0.09201127092790329
0.09170549419712497
0.0914011341546938
0.09109818432632089
0.09079663824552225
0.09049648945412933
0.09019773150278734
0.08990035795144251
0.08960436236981721
0.08930973833787476
0.08901647944627143
0.08872457929679967
0.08843403150281938
0.08814482968967798
0.08785696749512155
0.08757043856969504
0.08728523657713194
0.08700135519473476
0.08671878811374499
0.08643752903970439
0.0861575716928058
0.08587890980823562
0.08560153713650637
0.08532544744378026
0.08505063451218506
0.08477709214011947
0.08450481414255144
0.08423379435130729
0.08396402661535296
0.08369550480106638
0.08342822279250349
0.0831621744916542
0.08289735381869215
0.08263375471221696
0.08237137112948803
0.08211019704665147
0.08185022645896081
0.08159145338098839
0.08133387184683213
0.08107747591031475
0.08082225964517491
0.08056821714525407
0.08031534252467538
0.08006362991801658
0.07981307348047659
0.07956366738803661
0.07931540583761419
0.0790682830472125
0.07882229325606277
0.07857743072476195
0.07833368973540478
0.07809106459170942
0.07784954961913869
0.07760913916501612
0.07736982759863628
0.07713160931136981
0.07689447871676539
0.07665843025064398
0.07642345837119054
0.07618955755904079
0.0759567223173619
0.07572494717193083
0.07549422667120674
0.07526455538639973
0.07503592791153492
0.07480833886351373
0.07458178288216893
0.07435625463031759
0.07413174879380963
0.0739082600815721
0.07368578322565028
0.07346431298124499
0.07324384412674627
0.07302437146376381
0.07280588981715355
0.07258839403504141
0.07237187898884341
0.07215633957328299
0.07194177070640476
0.07172816732958529
0.07151552440754161
0.07130383692833545
0.07109309990337609
0.07088330836741925
0.07067445737856429
0.07046654201824756
0.07025955739123439
0.07005349862560765
0.0698483608727544
0.06964413930734964
0.06944082912733789
0.06923842555391291
0.06903692383149432
0.06883631922770281
0.06863660703333269
0.06843778256232272
0.06823984115172456
0.06804277816166933
0.06784658897533269
0.06765126899889742
0.06745681366151401
0.06726321841526098
0.06707047873510089
0.0668785901188373
0.06668754808706799
0.06649734818313825
0.06630798597309112
0.06611945704561721
0.06593175701200239
0.06574488150607465
0.06555882618414854
0.06537358672496985
0.06518915882965685
0.06500553822164258
0.06482272064661408
0.06464070187245101
0.06445947768916344
0.06427904390882833
0.06409939636552449
0.06392053091526673
0.06374244343593952
0.06356512982722862
0.06338858601055244
0.06321280792899286
0.06303779154722339
0.06286353285143877
0.06269002784928224
0.06251727256977216
0.06234526306322812
0.062173995401196384
0.0620034656763743
0.061833670002534
0.06166460451444588
0.06149626536780056
0.061328648739131526
0.061161750825735495
0.060995567845593644
0.06083009603729185
0.06066533165993962
0.06050127099308994
0.060337910336657405
0.06017524601083625
0.06001327435601855
0.059851991732710885
0.05969139452145154
0.05953147912272699
0.059372241956887783
0.05921367946406442
0.0590557881040829
0.05889856435637971
0.05874200471991665
0.05858610571309567
0.05843086387367266
0.05827627575867218
0.058122337944300766
0.05796904702586082
0.05781639961766443
0.0576643923529459
0.057513021883775425
0.05736228488097217
0.05721217803401678
0.0570626980509644
0.05691384165835701
0.0567656056011364
0.056617986642556545
0.056470981564095864
0.05632458716536959
0.056178800264042525
0.05603361769574093
0.05588903631396498
0.055745052990001015
0.055601664612834084
0.055458868089060115
0.055316660342798224
0.05517503831560315
0.055033998966377895
0.05489353927128626
0.054753656223664966
0.05461434683393712
0.054475608129524296
0.05433743715475964
0.054199830970800986
0.05406278665554388
0.05392630130353457
0.05379037202588363
0.053654995950179266
0.05352017022040118
0.0533858919968341
0.05325215845598184
0.053118966790481364
0.05298631420901722
0.05285419793623573
0.052722615212660015
0.05259156329460471
0.05246103945409069
0.052331040978760915
0.052201565171795514
0.0520726093518276
0.05194417085285914
0.051816247024176976
0.05168883523026962
0.051561932850743356
0.051435537280239446
0.05130964592835114
0.05118425621954083
0.051059365593058105
0.050934971502857196
0.05081107141751513
0.05068766282015054
0.05056474320834212
0.05044231009404713
0.05032036100352138
0.050198893477238354
0.05007790506980875
0.04995739334990126
