0.49083191232938733
0.5219438976992032
0.5154320009899317
0.5211902367812136
0.5200823955303594
0.512859012158645
0.510634558972316
0.51193176790894
0.5118337801252884
0.5117217195297066
0.5122839394669217
0.511830484852386
0.5105405151382458
0.5098056460786325
0.5097271053080058
0.5097631778159962
0.5097964037561425
0.5097462548952215
0.509449320003088
0.509005712465492
0.5086514713629742
0.5084504457450091
0.5083279711559208
0.5082088246568341
0.5080382676408886
0.507796249472889
0.5075195722884794
0.5072630351456114
0.5070477035478316
0.5068588322374975
0.5066703830940533
0.5064629905782977
0.5062333904694903
0.5059936198249534
0.5057587456556419
0.5055350103386884
0.5053183924589031
0.5051006128065403
0.5048756209881422
0.5046428382065989
0.5044060964512939
0.5041697860810701
0.5039356413129368
0.5037023332581644
0.5034672468095815
0.5032285538804419
0.5029861759708154
0.5027413185041538
0.5024952589500016
0.5022484255044328
0.502000322159488
0.5017500995265983
0.5014971958320106
0.501241601199461
0.5009836740718223
0.5007237581738965
0.5004619177335008
0.5001979386398152
0.49993151804394786
0.499662459300503
0.499390738467568
0.4991164333920328
0.49883960248092407
0.4985602104449124
0.4982781386132057
0.4979932486239674
0.49770544059091726
0.49741466735639256
0.4971209073914855
0.49682412662847786
0.49652425863830474
0.49622121160778243
0.4959148896563062
0.49560520963147703
0.4952921029630773
0.49497550543372404
0.494655345306487
0.49433153846005246
0.4940039918721383
0.49367261059397144
0.49333730228266315
0.49299797672332313
0.4926545419918611
0.4923069007962522
0.4919549494152795
0.49159857914873917
0.49123767844633925
0.4908721339115644
0.4905018296680925
0.4901266458698366
0.4897464575178543
0.4893611342003208
0.48897054053978695
0.4885745366835897
0.48817297832074136
0.48776571618253883
0.48735259535712194
0.48693345478227895
0.4865081270450281
0.4860764383537589
0.4856382084545253
0.4851932503586382
0.4847413699132719
0.4842823653431541
0.4838160268689259
0.4833421364152972
0.4828604673456995
0.4823707841506885
0.48187284206348163
0.4813663866291214
0.4808511532734671
0.4803268668994115
0.47979324150475433
0.47924997979711415
0.4786967727864168
0.4781332993546875
0.47755922581839494
0.47697420550029573
0.47637787831834705
0.47576987038902663
0.475149793639388
0.47451724542700857
0.47387180817431374
0.4732130490278696
0.47254051955237775
0.4718537554657159
0.47115227641912827
0.4704355858274595
0.46970317075723667
0.4689545018832275
0.4681890335252686
0.46740620377678677
0.46660543473571514
0.4657861328485885
0.4649476893796316
0.46408948101799213
0.463210870637111
0.46231120822026356
0.46138983196578054
0.46044606958484
0.4594792398041986
0.4584886540856975
0.4574736185734657
0.4564334362782246
0.4553674095059339
0.45427484253535966
0.45315504454605743
0.45200733279482297
0.450831036034668
0.449625498165828
0.44839008210308573
0.4471241738379448
0.44582718666797405
0.44449856555910094
0.44313779159980765
0.4417443864991853
0.44031791707373585
0.4388579996608622
0.437364304390386
0.4358365592394069
0.43427455379060725
0.4326781426099417
0.43104724815675366
0.42938186313795906
0.4276820522182424
0.42594795300037397
0.4241797761938992
0.42237780489660026
0.4205423929212132
0.4186739621098112
0.41677299858977285
0.41484004793805007
0.41287570923416583
0.41088062799650293
0.40885548801052307
0.4068010020710137
0.40471790167279476
0.4026069256950026
0.4004688081326998
0.3983042649357581
0.396113980018527
0.3938985905046046
0.3916586712691581
0.38939471883688814
0.3871071346873055
0.38479620801102193
0.38246209795199126
0.3801048153619351
0.37772420408562457
0.37531992179045204
0.3728914203522035
0.3704379258126899
0.3679584179355865
0.36545160940641686
0.36291592475308637
0.3603494791069645
0.35775005698347356
0.35511509133775626
0.3524416432473637
0.3497263826917835
0.346965571039038
0.3441550460125118
0.34129021009493815
0.33836602352719936
0.3353770032705036
0.33231722951118237
0.32918036148328655
0.32595966454623837
0.3226480505595264
0.3192381336165323
0.3157223031055867
0.3120928158290163
0.30834190850470666
0.30446193138175426
0.30044550291653876
0.29628568448847764
0.29197617301501216
0.2875115081011562
0.2828872890949118
0.27810039619199634
0.2731492086217581
0.26803381202753873
0.2627561864964448
0.2573203663508154
0.2517325628313969
0.24600124121883354
0.24013714479253312
0.2341532593508767
0.22806471384476334
0.22188861501818702
0.21564381677468786
0.20935062820385475
0.2030304676354588
0.19670547348777345
0.19039808572659753
0.18413061411412507
0.1779248107931208
0.1718014648988123
0.16578003572849087
0.1598783385956163
0.15411229407516244
0.14849574725738052
0.14304035928487627
0.1377555692753845
0.13264862109762396
0.12772464663793892
0.12298679531535348
0.11843639869252309
0.11407315900479906
0.10989535112957324
0.10590002874398406
0.10208322696451681
0.09844015543882088
0.09496537751431365
0.09165297262767469
0.08849668037352025
0.08549002578536503
0.08262642619225978
0.07989928061553225
0.0773020430697196
0.0748282813640138
0.07247172310051021
0.07022629056634362
0.06808612614750999
0.06604560977704976
0.06409936978856842
0.06224228839240768
0.06046950283673024
0.05877640316658053
0.05715862735520308
0.05561205445612295
0.05413279631280601
0.05271718826520977
0.05136177920859599
0.05006332128861213
0.048818759456618475
