2.5099535196007494
2.0359345858156366
2.1661464856871153
1.9184187798876238
2.2471693134326083
2.049568225102266
2.062558702534457
2.2918151468361367
2.254358147373607
2.7180255452330475
2.2894885796943063
2.307231038987432
2.4494654614025313
2.1176348851101823
2.4494654914547263
2.2961956787994464
2.0038373618572813
2.262499290550502
2.044052662743437
2.2440823924500353
2.3330945936600864
2.0187908075456935
2.2640165253448656
2.1179457634162318
2.239434977070844
2.403193070471083
2.0862771162099465
2.209637610156755
2.1840468450919404
2.123771655072628
2.330420809007899
2.088808812929469
2.055434225037854
2.123248223073371
2.0101106119997616
2.1979247242217674
1.9492990866170476
1.9688778271447887
1.9621801288056053
1.9524961729064743
2.027498749461242
1.6472740355398412
1.8726254287594957
1.6657156722404638
1.8301430747580076
1.3808079476634505
1.322803007267478
1.4239617242429818
1.347461687076554
1.3746123038591613
0.9186888305678526
1.0130595225715922
1.0365082144062305
1.1468863461146122
0.8481990196425153
0.7718426513204977
0.7361347995611041
0.6249021798144649
0.34029760256718283
0.22765825382922333
0.18278592430850601
0.11573458975842212
0.07678919214615654
0.05902042032942684
0.04850792674323417
