0.4801785343784589
0.522185789795541
0.5207034239980224
0.5194078254813066
0.5184825542706414
0.5178233575870304
0.5173533931859282
0.5170174924422664
0.5167763309563707
0.5166020149442403
0.5164748243981773
0.5163808485961809
0.5163102883061925
0.5162562458856612
0.51621386754018
0.5161797374063173
0.5161514505647249
0.5161273126331585
0.5161061286356987
0.516087054708344
0.5160694939701456
0.5160530234087182
0.5160373425330114
0.5160222372990253
0.516007554751033
0.5159931851816484
0.5159790495691534
0.5159650907203546
0.5159512670168673
0.5159375479918814
0.5159239111951471
0.5159103399655907
0.5158968218442835
0.5158833474399414
0.5158699096148365
0.515856502898097
0.5158431230608136
0.5158297668066341
0.5158164315450942
0.515803115224458
0.5157898162075598
0.5157765331788895
0.5157632650745027
0.5157500110287162
0.5157367703332352
0.5157235424055494
0.5157103267643028
0.5156971230099449
0.5156839308094194
0.515670749883967
0.5156575799993397
0.5156444209579119
0.5156312725922835
0.515618134760068
0.515605007339631
0.5155918902265924
0.5155787833309445
0.515565686574676
0.5155525998898025
0.5155395232167355
0.515526456502927
0.5155133997017438
0.5155003527715268
0.5154873156748107
0.5154742883776706
0.5154612708491766
0.5154482630609399
0.5154352649867312
0.5154222766021631
0.5154092978844237
0.5153963288120536
0.5153833693647601
0.5153704195232607
0.5153574792691518
0.5153445485847996
0.5153316274532482
0.5153187158581427
0.5153058137836635
0.5152929212144732
0.5152800381356709
0.5152671645327536
0.5152543003915838
0.5152414456983632
0.5152286004396092
0.5152157646021358
0.5152029381730374
0.5151901211396762
0.515177313489668
0.515164515210875
0.5151517262913957
0.5151389467195588
0.5151261764839161
0.5151134155732381
0.5151006639765084
0.5150879216829214
0.5150751886818768
0.5150624649629785
0.5150497505160306
0.5150370453310353
0.5150243493981919
0.5150116627078929
0.5149989852507239
0.5149863170174611
0.5149736579990707
0.5149610081867064
0.5149483675717093
0.5149357361456052
0.514923113900105
0.5149105008271027
0.5148978969186744
0.5148853021670777
0.5148727165647498
0.5148601401043076
0.5148475727785461
0.5148350145804375
0.51482246550313
0.5148099255399479
0.5147973946843893
0.5147848729301265
0.5147723602710035
0.5147598567010374
0.5147473622144146
0.5147348768054928
0.514722400468798
0.5147099331990247
0.5146974749910341
0.5146850258398546
0.5146725857406798
0.5146601546888676
0.5146477326799399
0.514635319709581
0.514622915773638
0.514610520868118
0.5145981349891888
0.5145857581331773
0.5145733902965691
0.5145610314760065
0.5145486816682888
0.5145363408703711
0.5145240090793626
0.514511686292527
0.5144993725072808
0.5144870677211921
0.5144747719319803
0.5144624851375152
0.5144502073358158
0.5144379385250494
0.5144256787035307
0.5144134278697212
0.5144011860222275
0.5143889531598014
0.5143767292813384
0.5143645143858766
0.5143523084725962
0.5143401115408184
0.5143279235900045
0.5143157446197548
0.514303574629808
0.51429141362004
0.514279261590463
0.5142671185412245
0.5142549844726068
0.5142428593850255
0.5142307432790284
0.5142186361552957
0.514206538014638
0.5141944488579954
0.514182368686437
0.5141702975011594
0.5141582353034868
0.514146182094869
0.5141341378768801
0.5141221026512195
0.5141100764197086
0.5140980591842913
0.5140860509470329
0.5140740517101183
0.5140620614758518
0.5140500802466563
0.5140381080250717
0.5140261448137541
0.5140141906154747
0.5140022454331197
0.5139903092696884
0.513978382128292
0.513966464012154
0.5139545549246072
0.513942654869095
0.5139307638491684
0.513918881868486
0.5139070089308135
0.5138951450400213
0.5138832902000849
0.5138714444150825
0.513859607689196
0.5138477800267075
0.5138359614320004
0.5138241519095574
0.5138123514639596
0.5138005600998858
0.5137887778221111
0.513777004635506
0.5137652405450358
0.5137534855557588
0.5137417396728261
0.5137300029014801
0.5137182752470536
0.5137065567149687
0.5136948473107358
0.513683147039953
0.5136714559083047
0.5136597739215598
0.5136481010855724
0.5136364374062795
0.5136247828897004
0.513613137541935
0.5136015013691644
0.5135898743776476
0.5135782565737228
0.5135666479638047
0.5135550485543835
0.5135434583520252
0.5135318773633695
0.5135203055951286
0.5135087430540868
0.5134971897470988
0.5134856456810897
0.5134741108630527
0.513462585300049
0.513451068999206
0.5134395619677167
0.5134280642128387
0.5134165757418928
0.5134050965622626
0.5133936266813921
0.5133821661067861
0.5133707148460087
0.5133592729066818
0.5133478402964845
0.5133364170231511
0.5133250030944718
0.51331359851829
0.5133022033025022
0.5132908174550561
0.5132794409839504
0.5132680738972331
0.5132567162030004
0.5132453679093967
0.5132340290246115
0.5132226995568802
0.5132113795144823
0.5132000689057401
0.5131887677390179
0.5131774760227209
0.5131661937652942
0.5131549209752209
0.5131436576610225
0.5131324038312568
0.5131211594945166
0.5131099246594295
0.5130986993346558
0.5130874835288882
0.5130762772508506
0.5130650805092966
0.5130538933130083
0.5130427156707962
0.5130315475914969
0.5130203890839728
0.5130092401571104
0.5129981008198199
0.5129869710810332
0.512975850949704
0.5129647404348051
0.5129536395453289
0.5129425482902854
0.512931466678701
0.5129203947196181
0.5129093324220929
0.5128982797951955
0.512887236848008
0.5128762035896236
0.5128651800291455
0.5128541661756856
0.5128431620383638
0.5128321676263066
0.5128211829486456
0.5128102080145176
0.512799242833062
0.5127882874134204
0.5127773417647359
0.512766405896151
0.5127554798168071
0.5127445635358437
0.5127336570623963
0.512722760405596
0.512711873574568
0.5127009965784313
0.5126901294262963
0.5126792721272647
0.5126684246904275
0.5126575871248651
0.5126467594396448
0.5126359416438205
0.5126251337464314
0.512614335756501
0.5126035476830355
0.5125927695350234
0.5125820013214335
0.5125712430512146
0.5125604947332938
0.5125497563765756
0.5125390279899407
0.512528309582245
0.5125176011623185
0.5125069027389634
0.5124962143209546
0.5124855359170367
0.5124748675359243
0.5124642091862999
0.5124535608768133
0.5124429226160807
0.5124322944126827
0.5124216762751641
0.5124110682120318
0.512400470231755
0.5123898823427623
0.5123793045534424
0.5123687368721418
0.5123581793071637
0.5123476318667677
0.5123370945591673
0.5123265673925307
0.5123160503749775
0.5123055435145791
0.5122950468193571
0.512284560297282
0.512274083956272
0.5122636178041928
0.512253161848855
0.5122427160980141
0.5122322805593689
0.5122218552405602
0.5122114401491705
0.5122010352927217
0.5121906406786751
0.5121802563144291
0.5121698822073193
0.5121595183646164
0.5121491647935258
0.5121388215011856
0.5121284884946666
0.5121181657809699
0.512107853367027
0.512097551259698
0.5120872594657703
0.5120769779919581
0.5120667068449004
0.5120564460311613
0.5120461955572273
0.5120359554295068
0.5120257256543297
0.5120155062379448
0.5120052971865203
0.5119950985061413
0.5119849102028096
0.511974732282442
0.5119645647508695
0.5119544076138365
0.5119442608769983
0.5119341245459221
0.5119239986260844
0.5119138831228698
0.511903778041571
0.5118936833873866
0.5118835991654204
0.5118735253806805
0.5118634620380782
0.5118534091424262
0.5118433666984383
0.5118333347107279
0.511823313183807
0.5118133021220851
0.5118033015298677
0.5117933114113563
0.511783331770646
0.511773362611725
0.5117634039384739
0.5117534557546635
0.5117435180639549
0.5117335908698977
0.5117236741759292
0.5117137679853729
0.511703872301438
0.5116939871272183
0.5116841124656899
0.5116742483197116
0.5116643946920234
0.5116545515852454
0.5116447190018759
0.5116348969442915
0.5116250854147455
0.5116152844153666
0.5116054939481585
0.5115957140149978
0.5115859446176342
0.5115761857576879
0.5115664374366502
0.5115566996558814
0.5115469724166095
0.5115372557199297
0.5115275495668037
0.5115178539580578
0.5115081688943817
0.5114984943763285
0.5114888304043135
0.5114791769786116
0.5114695340993577
0.5114599017665458
0.5114502799800267
0.5114406687395084
0.5114310680445538
0.5114214778945803
0.5114118982888587
0.5114023292265121
0.5113927707065148
0.5113832227276913
0.5113736852887154
0.5113641583881088
0.5113546420242405
0.5113451361953256
0.5113356408994238
0.5113261561344395
0.5113166818981193
0.5113072181880525
0.5112977650016687
0.5112883223362378
0.5112788901888683
0.5112694685565069
0.5112600574359368
0.5112506568237771
0.5112412667164822
0.5112318871103392
0.5112225180014693
0.5112131593858247
0.5112038112591883
0.5111944736171736
0.5111851464552216
0.5111758297686025
0.5111665235524124
0.5111572278015731
0.5111479425108318
0.5111386676747591
0.5111294032877487
0.5111201493440158
0.5111109058375968
0.5111016727623473
0.5110924501119427
0.5110832378798759
0.5110740360594566
0.5110648446438103
0.5110556636258784
0.5110464929984152
0.511037332753989
0.5110281828849792
0.5110190433835773
0.5110099142417845
0.511000795451411
0.5109916870040758
0.510982588891205
0.5109735011040307
0.5109644236335908
0.5109553564707275
0.5109462996060865
0.5109372530301164
0.5109282167330669
0.5109191907049887
0.5109101749357322
0.5109011694149465
0.510892174132079
0.5108831890763739
0.5108742142368707
0.5108652496024053
0.5108562951616067
0.5108473509028981
0.5108384168144943
0.5108294928844019
0.5108205791004178
0.510811675450129
0.5108027819209108
0.5107938984999263
0.5107850251741259
0.5107761619302459
0.5107673087548072
0.5107584656341155
0.5107496325542598
0.5107408095011111
0.5107319964603224
0.5107231934173273
0.5107144003573391
0.5107056172653497
0.5106968441261298
0.5106880809242264
0.5106793276439633
0.5106705842694396
0.5106618507845289
0.5106531271728785
0.5106444134179084
0.5106357095028109
0.510627015410549
0.510618331123856
0.5106096566252347
0.5106009918969567
0.5105923369210605
0.5105836916793525
0.5105750561534039
0.5105664303245523
0.5105578141738986
0.5105492076823076
0.5105406108304069
0.5105320235985855
0.5105234459669941
0.5105148779155424
0.5105063194239009
0.5104977704714972
0.5104892310375176
0.5104807011009049
0.5104721806403578
0.5104636696343308
0.5104551680610321
0.5104466758984241
0.510438193124222
0.5104297197158929
0.5104212556506548
0.5104128009054769
0.5104043554570776
0.5103959192819242
0.5103874923562316
0.5103790746559629
0.5103706661568274
0.5103622668342793
0.5103538766635188
0.5103454956194899
0.5103371236768797
0.5103287608101182
0.5103204069933773
0.5103120622005695
0.5103037264053483
0.5102953995811063
0.5102870817009747
0.5102787727378233
0.5102704726642587
0.5102621814526245
0.5102538990749994
0.5102456255031976
0.5102373607087674
0.5102291046629909
0.5102208573368825
0.5102126187011891
0.5102043887263887
0.51019616738269
0.5101879546400314
0.5101797504680805
0.5101715548362332
0.5101633677136134
0.5101551890690714
0.5101470188711843
0.5101388570882543
0.5101307036883086
0.5101225586390983
0.5101144219080983
0.5101062934625055
0.5100981732692391
0.51009006129494
0.5100819575059685
0.5100738618684061
0.5100657743480526
0.5100576949104264
0.5100496235207637
0.5100415601440176
0.5100335047448585
0.510025457287671
0.510017417736556
0.5100093860553281
0.5100013622075155
0.5099933461563597
0.5099853378648144
0.5099773372955448
0.5099693444109274
0.5099613591730483
0.5099533815437041
0.5099454114843995
0.5099374489563483
0.5099294939204708
0.5099215463373958
0.5099136061674572
0.5099056733706949
0.5098977479068542
0.5098898297353839
0.5098819188154373
0.5098740151058708
0.5098661185652426
0.5098582291518128
0.5098503468235431
0.5098424715380951
0.5098346032528309
0.5098267419248113
0.5098188875107956
0.5098110399672418
0.5098031992503043
0.5097953653158347
0.5097875381193809
0.5097797176161855
0.5097719037611868
0.5097640965090164
0.5097562958140004
0.5097485016301572
0.5097407139111977
0.5097329326105247
0.509725157681232
0.5097173890761041
0.5097096267476151
0.5097018706479285
0.5096941207288967
0.5096863769420602
0.5096786392386463
0.5096709075695703
0.5096631818854329
0.5096554621365209
0.5096477482728061
0.5096400402439449
0.5096323379992774
0.5096246414878273
0.5096169506583008
0.5096092654590862
0.509601585838254
0.5095939117435544
0.5095862431224193
0.5095785799219597
0.5095709220889659
0.5095632695699072
0.5095556223109302
0.50954798025786
0.5095403433561978
0.5095327115511216
0.5095250847874849
0.5095174630098167
0.5095098461623202
0.5095022341888732
0.5094946270330262
0.5094870246380037
0.5094794269467016
0.5094718339016882
0.5094642454452026
0.5094566615191548
0.509449082065125
0.5094415070243627
0.5094339363377867
0.5094263699459837
0.5094188077892091
0.5094112498073847
0.5094036959400998
0.5093961461266097
0.5093886003058348
0.5093810584163615
0.5093735203964401
0.5093659861839854
0.5093584557165753
0.5093509289314508
0.5093434057655147
0.5093358861553329
0.5093283700371309
0.5093208573467964
0.5093133480198762
0.5093058419915774
0.509298339196766
0.5092908395699666
0.5092833430453616
0.5092758495567908
0.5092683590377516
0.5092608714213968
0.509253386640536
0.5092459046276334
0.5092384253148082
0.5092309486338342
0.509223474516138
0.5092160028928004
0.5092085336945542
0.5092010668517842
0.5091936022945274
0.509186139952471
0.5091786797549531
0.509171221630962
0.5091637655091349
0.5091563113177582
0.5091488589847665
0.5091414084377419
0.5091339596039148
0.5091265124101614
0.5091190667830042
0.5091116226486119
0.5091041799327974
0.5090967385610197
0.5090892984583805
0.5090818595496254
0.5090744217591435
0.509066985010966
0.5090595492287662
0.5090521143358584
0.5090446802551984
0.509037246909382
0.5090298142206451
0.5090223821108621
0.5090149505015472
0.5090075193138524
0.5090000884685673
0.5089926578861185
0.5089852274865698
0.5089777971896203
0.5089703669146054
0.5089629365804952
0.508955506105894
0.5089480754090405
0.5089406444078068
0.5089332130196974
0.5089257811618498
0.5089183487510327
0.5089109157036463
0.5089034819357218
0.50889604736292
0.5088886119005323
0.5088811754634778
0.5088737379663053
0.5088662993231914
0.5088588594479398
0.5088514182539817
0.5088439756543743
0.5088365315618006
0.5088290858885691
0.5088216385466132
0.5088141894474901
0.5088067385023811
0.5087992856220902
0.5087918307170444
0.5087843736972925
0.5087769144725045
0.5087694529519716
0.5087619890446059
0.508754522658938
0.5087470537031189
0.5087395820849179
0.5087321077117223
0.5087246304905372
0.5087171503279845
0.5087096671303027
0.5087021808033463
0.5086946912525848
0.5086871983831028
0.508679702099599
0.5086722023063857
0.5086646989073881
0.5086571918061441
0.5086496809058034
0.5086421661091273
0.5086346473184876
0.5086271244358662
0.5086195973628549
0.5086120660006545
0.5086045302500741
0.5085969900115308
0.508589445185049
0.5085818956702595
0.5085743413663996
0.5085667821723121
0.5085592179864444
0.5085516487068485
0.5085440742311804
0.5085364944566988
0.508528909280265
0.5085213185983425
0.5085137223069958
0.5085061203018907
0.5084985124782927
0.5084908987310668
0.5084832789546772
0.5084756530431863
0.5084680208902539
0.5084603823891376
0.5084527374326907
0.5084450859133629
0.5084374277231987
0.5084297627538374
0.5084220908965125
0.5084144120420502
0.5084067260808703
0.5083990329029838
0.5083913323979936
0.5083836244550932
0.5083759089630668
0.5083681858102873
0.508360454884717
0.5083527160739065
0.5083449692649934
0.5083372143447028
0.5083294511993458
0.5083216797148193
0.5083138997766048
0.5083061112697683
0.5082983140789596
0.508290508088411
0.5082826931819376
0.5082748692429356
0.5082670361543825
0.5082591937988358
0.5082513420584325
0.5082434808148889
0.5082356099494991
0.5082277293431351
0.5082198388762449
0.5082119384288535
0.5082040278805608
0.5081961071105416
0.5081881759975445
0.5081802344198915
0.5081722822554776
0.5081643193817686
0.5081563456758028
0.5081483610141876
0.5081403652731011
0.50813235832829
0.5081243400550688
0.5081163103283204
0.5081082690224936
0.5081002160116039
0.5080921511692316
0.5080840743685217
0.5080759854821829
0.5080678843824874
0.5080597709412688
0.5080516450299228
0.5080435065194062
0.5080353552802345
0.5080271911824837
0.5080190140957876
0.5080108238893377
0.5080026204318824
0.5079944035917263
0.5079861732367289
0.5079779292343047
0.5079696714514217
0.5079613997546003
0.5079531140099138
0.5079448140829863
0.5079364998389924
0.5079281711426564
0.5079198278582514
0.5079114698495983
0.5079030969800657
0.5078947091125682
0.5078863061095656
0.5078778878330628
0.5078694541446086
0.5078610049052942
0.5078525399757534
0.5078440592161612
0.5078355624862325
0.5078270496452226
0.5078185205519248
0.5078099750646703
0.5078014130413273
0.5077928343393
0.5077842388155276
0.5077756263264839
0.5077669967281757
0.5077583498761422
0.5077496856254545
0.5077410038307142
0.5077323043460522
0.5077235870251291
0.5077148517211323
0.5077060982867769
0.5076973265743042
0.5076885364354798
0.5076797277215939
0.5076709002834598
0.5076620539714135
0.5076531886353116
0.5076443041245314
0.5076354002879694
0.5076264769740411
0.5076175340306782
0.5076085713053304
0.5075995886449618
0.5075905858960511
0.507581562904591
0.507572519516086
0.5075634555755528
0.5075543709275179
0.507545265416018
0.5075361388845975
0.5075269911763088
0.5075178221337105
0.5075086315988666
0.5074994194133454
0.5074901854182182
0.507480929454059
0.507471651360943
0.5074623509784452
0.5074530281456398
0.5074436827010991
0.507434314482892
0.5074249233285839
0.5074155090752344
0.5074060715593967
0.5073966106171169
0.5073871260839327
0.5073776177948718
0.507368085584451
0.5073585292866759
0.5073489487350388
0.5073393437625175
0.5073297142015751
0.5073200598841583
0.5073103806416956
0.507300676305098
0.5072909467047556
0.5072811916705379
0.5072714110317921
0.5072616046173423
0.5072517722554882
0.5072419137740035
0.5072320290001351
0.507222117760602
0.5072121798815933
0.5072022151887685
0.507192223507255
0.5071822046616469
0.5071721584760047
0.5071620847738536
0.5071519833781817
0.5071418541114394
0.5071316967955382
0.5071215112518492
0.5071112973012017
0.5071010547638825
0.5070907834596335
0.5070804832076521
0.5070701538265885
0.5070597951345448
0.507049406949074
0.5070389890871785
0.5070285413653086
0.5070180635993616
0.5070075556046802
0.5069970171960513
0.5069864481877041
0.5069758483933099
0.5069652176259798
0.5069545556982639
0.5069438624221491
0.5069331376090587
0.506922381069851
0.5069115926148169
0.5069007720536798
0.5068899191955931
0.5068790338491398
0.5068681158223304
0.5068571649226012
0.5068461809568142
0.5068351637312544
0.5068241130516288
0.5068130287230649
0.5068019105501099
0.5067907583367282
0.5067795718863002
0.5067683510016217
0.5067570954849014
0.50674580513776
0.5067344797612284
0.5067231191557462
0.5067117231211611
0.5067002914567257
0.5066888239610975
0.5066773204323366
0.5066657806679045
0.5066542044646624
0.5066425916188697
0.5066309419261827
0.5066192551816524
0.5066075311797239
0.5065957697142339
0.5065839705784096
0.5065721335648673
0.5065602584656103
0.5065483450720273
0.5065363931748916
0.5065244025643589
0.5065123730299655
0.506500304360627
0.5064881963446365
0.5064760487696631
0.5064638614227505
0.5064516340903142
0.5064393665581417
0.5064270586113895
0.506414710034581
0.5064023206116068
0.506389890125721
0.5063774183595404
0.5063649050950426
0.5063523501135647
0.5063397531958006
0.5063271141218006
0.506314432670969
0.5063017086220614
0.5062889417531852
0.5062761318417952
0.5062632786646942
0.5062503819980301
0.5062374416172933
0.5062244572973169
0.5062114288122732
0.5061983559356726
0.5061852384403622
0.5061720760985228
0.5061588686816682
0.5061456159606428
0.5061323177056196
0.5061189736860994
0.5061055836709074
0.5060921474281924
0.506078664725425
0.5060651353293945
0.5060515590062087
0.5060379355212907
0.5060242646393772
0.5060105461245179
0.5059967797400711
0.5059829652487045
0.5059691024123909
0.5059551909924077
0.5059412307493346
0.5059272214430516
0.5059131628327368
0.5058990546768648
0.5058848967332039
0.5058706887588158
0.5058564305100517
0.505842121742551
0.5058277622112403
0.505813351670329
0.5057988898733101
0.5057843765729558
0.5057698115213168
0.5057551944697196
0.5057405251687647
0.5057258033683243
0.5057110288175408
0.5056962012648238
0.5056813204578483
0.5056663861435533
0.5056513980681383
0.5056363559770625
0.5056212596150419
0.5056061087260475
0.5055909030533026
0.5055756423392809
0.5055603263257049
0.5055449547535429
0.5055295273630067
0.5055140438935506
0.5054985040838675
0.5054829076718883
0.5054672543947781
0.505451543988935
0.5054357761899878
0.5054199507327931
0.5054040673514336
0.5053881257792155
0.5053721257486664
0.5053560669915327
0.5053399492387778
0.5053237722205787
0.5053075356663252
0.5052912393046166
0.5052748828632587
0.5052584660692634
0.5052419886488441
0.5052254503274145
0.5052088508295868
0.5051921898791674
0.5051754671991564
0.5051586825117438
0.505141835538308
0.5051249259994128
0.5051079536148049
0.5050909181034118
0.5050738191833392
0.5050566565718682
0.505039429985453
0.5050221391397185
0.5050047837494578
0.5049873635286288
0.5049698781903534
0.5049523274469131
0.5049347110097475
0.5049170285894513
0.5048992798957721
0.5048814646376072
0.5048635825230013
0.5048456332591442
0.5048276165523673
0.5048095321081418
0.5047913796310759
0.5047731588249111
0.5047548693925212
0.5047365110359084
0.5047180834562006
0.5046995863536492
0.5046810194276259
0.5046623823766208
0.5046436748982381
0.5046248966891949
0.5046060474453175
0.5045871268615387
0.5045681346318953
0.5045490704495251
0.5045299340066639
0.5045107249946427
0.504491443103885
0.5044720880239042
0.5044526594432996
0.5044331570497548
0.504413580530034
0.5043939295699794
0.5043742038545079
0.5043544030676086
0.5043345268923395
0.5043145750108244
0.5042945471042505
0.5042744428528648
0.5042542619359709
0.5042340040319268
0.5042136688181411
0.5041932559710702
0.5041727651662151
0.5041521960781188
0.5041315483803623
0.5041108217455617
0.5040900158453662
0.5040691303504528
0.5040481649305255
0.50402711925431
0.5040059929895524
0.5039847858030142
0.50396349736047
0.5039421273267044
0.5039206753655082
0.5038991411396758
0.5038775243110009
0.503855824540274
0.5038340414872787
0.5038121748107888
0.5037902241685643
0.5037681892173482
0.5037460696128635
0.5037238650098094
0.5037015750618576
0.5036791994216498
0.5036567377407934
0.5036341896698582
0.5036115548583727
0.5035888329548215
0.5035660236066404
0.5035431264602139
0.5035201411608715
0.5034970673528832
0.5034739046794572
0.5034506527827353
0.5034273113037897
0.5034038798826193
0.5033803581581457
0.5033567457682102
0.5033330423495693
0.5033092475378911
0.5032853609677522
0.5032613822726335
0.5032373110849153
0.5032131470358762
0.5031888897556863
0.5031645388734053
0.5031400940169776
0.503115554813229
0.5030909208878626
0.5030661918654546
0.5030413673694508
0.5030164470221624
0.5029914304447617
0.5029663172572786
0.5029411070785964
0.5029157995264476
0.5028903942174096
0.5028648907669014
0.5028392887891788
0.5028135878973299
0.5027877877032723
0.5027618878177473
0.5027358878503171
0.502709787409359
0.5026835861020628
0.5026572835344258
0.502630879311248
0.502604373036128
0.50257776431146
0.502551052738427
0.5025242379169986
0.5024973194459252
0.5024702969227341
0.5024431699437251
0.5024159381039659
0.5023886009972874
0.5023611582162795
0.5023336093522859
0.5023059539954003
0.5022781917344621
0.5022503221570495
0.5022223448494778
0.5021942593967929
0.5021660653827665
0.502137762389893
0.5021093499993831
0.5020808277911585
0.5020521953438497
0.5020234522347888
0.5019945980400052
0.5019656323342215
0.5019365546908471
0.5019073646819746
0.5018780618783747
0.5018486458494901
0.5018191161634312
0.5017894723869718
0.5017597140855425
0.5017298408232264
0.5016998521627541
0.5016697476654983
0.5016395268914682
0.5016091893993051
0.5015787347462766
0.5015481624882713
0.5015174721797935
0.5014866633739584
0.5014557356224859
0.5014246884756955
0.5013935214825016
0.5013622341904065
0.5013308261454965
0.5012992968924354
0.501267645974459
0.5012358729333702
0.5012039773095328
0.5011719586418659
0.5011398164678387
0.5011075503234634
0.5010751597432921
0.5010426442604079
0.5010100034064217
0.5009772367114644
0.5009443437041833
0.5009113239117333
0.500878176859774
0.5008449020724615
0.5008114990724429
0.5007779673808519
0.5007443065173001
0.5007105159998735
0.5006765953451241
0.5006425440680657
0.5006083616821666
0.5005740476993437
0.5005396016299561
0.5005050229827992
0.5004703112650982
0.5004354659825017
0.5004004866390753
0.5003653727372956
0.5003301237780433
0.5002947392605965
0.5002592186826255
0.5002235615401845
0.5001877673277068
0.5001518355379965
0.5001157656622235
0.5000795571899153
0.5000432096089517
0.5000067224055571
0.49997009506429424
0.49993332706805726
0.4998964178980647
0.49985936703385314
0.4998221739532699
0.49978483813246605
0.4997473590458897
0.499709736166279
0.4996719689646554
0.4996340569103154
0.4995959994708252
0.4995577961120124
0.49951944629795897
0.49948094949099464
0.4994423051516891
0.4994035127388448
0.4993645717094902
0.49932548151887185
0.4992862416204475
0.49924685146587816
0.49920731050502154
0.4991676181859237
0.4991277739548122
0.49908777725608844
0.4990476275323201
0.49900732422423344
0.4989668667707057
0.49892625460875795
0.4988854871735471
0.4988445638983578
0.49880348421459525
0.4987622475517777
0.498720853337528
0.4986793009975661
0.49863758995570107
0.49859571963382354
0.49855368945189765
0.49851149882795304
0.4984691471780769
0.49842663391640624
0.4983839584551194
0.49834112020442867
0.49829811857257134
0.49825495296580247
0.4982116227883866
0.4981681274425889
0.49812446632866814
0.49808063884486725
0.49803664438740636
0.4979924823504732
0.4979481521262162
0.49790365310473517
0.4978589846740735
0.4978141462202097
0.49776913712704884
0.49772395677641434
0.4976786045480398
0.49763307981955973
0.49758738196650265
0.4975415103622804
0.49749546437818165
0.49744924338336277
0.49740284674483864
0.4973562738274748
0.49730952399397876
0.49726259660489147
0.49721549101857815
0.49716820659122024
0.497120742676807
0.4970730986271262
0.4970252737917558
0.49697726751805504
0.49692907915115625
0.4968807080339557
0.49683215350710475
0.49678341490900213
0.4967344915757835
0.4966853828413145
0.4966360880371807
0.49658660649267955
0.49653693753481104
0.49648708048827006
0.49643703467543593
0.49638679941636504
0.49633637402878134
0.4962857578280681
0.4962349501272583
0.49618395023702694
0.49613275746568114
0.49608137111915207
0.4960297905009863
0.49597801491233573
0.4959260436519512
0.49587387601617106
0.4958215112989142
0.4957689487916706
0.495716187783493
0.4956632275609878
0.49561006740830593
0.4955567066071356
0.49550314443669186
0.49544938017370893
0.49539541309243174
0.4953412424646062
0.49528686755947177
0.495232287643752
0.49517750198164623
0.4951225098348214
0.49506731046240315
0.49501190312096677
0.49495628706453
0.49490046154454315
0.49484442580988197
0.4947881791068383
0.49473172067911214
0.4946750497678031
0.4946181656114027
0.49456106744578493
0.49450375450419937
0.4944462260172622
0.49438848121294815
0.4943305193165825
0.4942723395508336
0.49421394113570366
0.4941553232885219
0.4940964852239359
0.49403742615390467
0.4939781452876896
0.49391864183184797
0.4938589149902246
0.4937989639639441
0.49373878795140425
0.4936783861482673
0.4936177577474532
0.4935569019391323
0.4934958179107181
0.49343450484685963
0.493372961929435
0.4933111883375434
0.49324918324749906
0.4931869458328238
0.4931244752642408
0.49306177070966684
0.49299883133420697
0.4929356563001468
0.492872244766947
0.4928085958912361
0.492744708826805
0.4926805827246003
0.4926162167327186
0.49255160999640013
0.4924867616580233
0.49242167085709915
0.4923563367302647
0.49229075841127895
0.492224935031016
0.49215886571746137
0.49209254959570536
0.49202598578793877
0.49195917341344847
0.4918921115886113
0.49182479942689106
0.49175723603883303
0.4916894205320598
0.4916213520112669
0.4915530295782199
0.4914844523317488
0.49141561936774525
0.4913465297791596
0.4912771826559958
0.49120757708530927
0.4911377121512043
0.49106758693482955
0.49099720051437656
0.49092655196507706
0.4908556403591999
0.4907844647660493
0.49071302425196295
0.4906413178803098
0.49056934471148805
0.49049710380292566
0.490424594209076
0.4903518149814196
0.4902787651684616
0.4902054438157316
0.4901318499657838
0.49005798265819545
0.4899838409295686
0.489909423813529
0.4898347303407268
0.48975975953883766
0.4896845104325637
0.4896089820436341
0.489533173390807
0.4894570834898709
0.48938071135364714
0.4893040559919912
0.48922711641179584
0.4891498916169934
0.48907238060855923
0.4889945823845142
0.48891649593992886
0.48883812026692725
0.48875945435469037
0.48868049718946127
0.48860124775454916
0.48852170503033493
0.4884418679942757
0.48836173562091145
0.48828130688186916
0.48820058074587147
0.488119556178741
0.4880382321434085
0.4879566075999194
0.4878746815054415
0.48779245281427297
0.4877099204778506
0.4876270834447579
0.4875439406607345
0.4874604910686853
0.4873767336086897
0.4872926672180124
0.4872082908311129
0.48712360337965677
0.4870386037925266
0.4869532909958337
0.4868676639129296
0.4867817214644188
0.4866954625681716
0.4866088861393361
0.4865219910903536
0.48643477633097076
0.486347240768255
0.486259383306609
0.48617120284778614
0.4860826982909054
0.4859938685324689
0.48590471246637756
0.48581522898394724
0.48572541697392846
0.4856352753225223
0.48554480291339996
0.48545399862772126
0.48536286134415424
0.4852713899388944
0.48517958328568617
0.48508744025584255
0.4849949597182675
0.4849021405394774
0.484808981583623
0.4847154817125131
0.4846216397856376
0.48452745466019165
0.48443292519109926
0.48433805023104015
0.4842428286304737
0.4841472592376657
0.4840513408987153
0.48395507245758196
0.48385845275611317
0.4837614806340733
0.4836641549291725
0.4835664744770959
0.48346843811153417
0.48337004466421424
0.4832712929649309
0.48317218184157823
0.48307271012018277
0.4829728766249364
0.4828726801782306
0.48277211960069044
0.4826711937112103
0.4825699013269891
0.48246824126356713
0.48236621233486277
0.4822638133532108
0.48216104312940006
0.48205790047271363
0.4819543841909672
0.48185049309055095
0.4817462259764696
0.4816415816523848
0.48153655892065705
0.4814311565823901
0.48132537343747417
0.48121920828463005
0.481112659921456
0.48100572714447204
0.4808984087491682
0.48079070353005204
0.48068261028069587
0.48057412779378694
0.48046525486117686
0.4803559902739323
0.48024633282238594
0.48013628129618924
0.48002583448436487
0.4799149911753603
0.4798037501571032
0.479692110217055
0.47958007014226844
0.47946762871944393
0.4793547847349867
0.47924153697506605
0.47912788422567404
0.4790138252726855
0.47889935890191937
0.4787844838992002
0.4786691990504205
0.47855350314160433
0.47843739495897153
0.47832087328900236
0.4782039369185044
0.47808658463467735
0.4779688152251832
0.47785062747821266
0.4777320201825552
0.47761299212766917
0.47749354210375244
0.47737366890181554
0.47725337131375245
0.4771326481324164
0.47701149815169214
0.47688992016657344
0.47676791297323806
0.47664547536912555
0.4765226061530142
0.47639930412510195
0.4762755680870842
0.4761513968422358
0.4760267891954917
0.475901743953531
0.4757762599248587
0.4756503359198906
0.4755239707510386
0.4753971632327975
0.47526991218183
0.4751422164170573
0.4750140747597454
0.4748854860335967
0.47475644906483927
0.4746269626823194
0.47449702571759333
0.4743666370050208
0.47423579538185956
0.4741044996883601
0.47397274876786194
0.4738405414668902
0.47370787663525404
0.47357475312614505
0.4734411697962365
0.4733071255057845
0.47317261911872943
0.47303764950279725
0.4729022155296039
0.4727663160747586
0.4726299500179696
0.4724931162431485
0.4723558136385187
0.47221804109672194
0.4720797975149265
0.4719410817949375
0.4718018928433062
0.4716622295714417
0.4715220908957214
0.4713814757376055
0.4712403830237497
0.4710988116861189
0.4709567606621035
0.4708142288946347
0.47067121533230144
0.4705277189294683
0.47038373864639343
0.47023927344934785
0.4700943223107359
0.46994888420921566
0.4698029581298199
0.46965654306407967
0.46950963801014584
0.4693622419729135
0.4692143539641473
0.46906597300260516
0.4689170981141647
0.46876772833195074
0.4686178626964612
0.4684675002556961
0.46831664006528534
0.4681652811886189
0.4680134226969759
0.46786106366965663
0.4677082031941109
0.46755484036607287
0.4674009742896918
0.46724660407766516
0.4670917288513722
0.466936347741008
0.46678045988571853
0.4666240644337343
0.4664671605425078
0.46630974737884845
0.4661518241190587
0.4659933899490726
0.4658344440645916
0.4656749856712238
0.46551501398462014
0.46535452823061574
0.4651935276453664
0.4650320114754895
0.46486997897820337
0.46470742942146626
0.46454436208411765
0.46438077625601865
0.46421667123819216
0.4640520463429642
0.46388690089410545
0.4637212342269713
0.4635550456886457
0.4633883346380799
0.46322110044623677
0.46305334249623104
0.4628850601834719
0.46271625291580487
0.4625469201136532
0.46237706121016153
0.46220667565133544
0.46203576289618553
0.46186432241686737
0.4616923536988251
0.46151985624093117
0.46134682955562933
0.46117327316907436
0.46099918662127454
0.4608245694662313
0.46064942127208025
0.4604737416212315
0.460297530110509
0.46012078635129067
0.45994350996964717
0.4597657006064806
0.4595873579176631
0.4594084815741747
0.4592290712622396
0.45904912668346476
0.45886864755497453
0.45868763360954706
0.45850608459574915
0.45832400027807035
0.4581413804370571
0.4579582248694449
0.4577745333882911
0.45759030582310667
0.4574055420199853
0.4572202418417342
0.4570344051680034
0.4568480318954125
0.4566611219376775
0.4564736752257384
0.45628569170788247
0.4560971713498687
0.4559081141350506
0.4557185200644983
0.4555283891571182
0.45533772144977275
0.4551465169973984
0.4549547758731225
0.4547624981683792
0.45456968399302233
0.4543763334754397
0.45418244676266345
0.45398802402048055
0.4537930654335411
0.45359757120546496
0.453401541558948
0.45320497673586446
0.4530078769973708
0.4528102426240049
0.4526120739157857
0.45241337119230973
0.4522141347928468
0.4520143650764334
0.45181406242196454
0.45161322722828284
0.4514118599142679
0.4512099609189203
0.4510075307014472
0.45080456974134353
0.45060107853847203
0.4503970576131408
0.4501925075061792
0.4499874287790115
0.4497818220137281
0.44957568781315427
0.44936902680091734
0.449161839621511
0.44895412694035813
0.4487458894438694
0.4485371278395017
0.4483278428558131
0.44811803524251415
0.44790770577051975
0.4476968552319954
0.44748548444040215
0.4472735942305396
0.44706118545858436
0.4468482590021293
0.44663481576021485
0.44642085665336323
0.4462063826236059
0.4459913946345106
0.44577589367120307
0.4455598807403893
0.4453433568703718
0.4451263231110647
0.4449087805340057
0.44469073023236433
0.44447217332094846
0.44425311093620606
0.44403354423622576
0.4438134744007336
0.443592902631086
0.44337183015026077
0.4431502582028445
0.44292818805501627
0.4427056209945296
0.44248255833068906
0.4422590013943264
0.4420349515377706
0.4418104101348165
0.44158537858069025
0.4413598582920096
0.4411338507067434
0.44090735728416547
0.44068037950480715
0.4404529188704046
0.44022497690384377
0.43999655514910263
0.4397676551711878
0.4395382785560703
0.43930842691061606
0.4390781018625137
0.43884730506019876
0.4386160381727745
0.43838430288992947
0.4381521009218504
0.43791943399913336
0.43768630387269036
0.4374527123136519
0.4372186611132677
0.4369841520828025
0.43674918705342874
0.43651376787611534
0.4362778964215141
0.43604157457984144
0.43580480426075663
0.4355675873932374
0.43532992592545117
0.43509182182462247
0.43485327707689875
0.4346142936872098
0.43437487367912553
0.43413501909471086
0.43389473199437456
0.433654014456717
0.4334128685783729
0.43317129647385255
0.4329293002753757
0.4326868821327073
0.4324440442129843
0.43220078870054374
0.43195711779674417
0.43171303371978476
0.4314685387045218
0.4312236350022796
0.4309783248806612
0.4307326106233525
0.43048649452992527
0.4302399789156353
0.4299930661112192
0.42974575846268526
0.42949805833110344
0.4292499680923909
0.42900149013709443
0.4287526268701696
0.4285033807107577
0.42825375409195804
0.42800374946059744
0.4277533692769982
0.42750261601474093
0.42725149216042535
0.4270000002134279
0.4267481426856561
0.426495922101301
0.426243340996585
0.42599040191950777
0.4257371074295897
0.42548346009761157
0.42522946250535165
0.4249751172453204
0.42472042692049233
0.42446539414403517
0.4242100215390351
0.4239543117382216
0.42369826738368865
0.42344189112661196
0.42318518562696633
0.42292815355323815
0.42267079758213705
0.42241312039830436
0.42215512469401845
0.4218968131689003
0.42163818852961393
0.4213792534895652
0.4211200107686002
0.420860463092699
0.42060061319366937
0.4203404638088365
0.42008001768073205
0.4198192775567803
0.41955824618898363
0.41929692633360394
0.41903532075084393
0.4187734322045265
0.418511263461771
0.4182488172926685
0.4179860964699559
0.4177231037686877
0.4174598419659062
0.41719631384030975
0.41693252217192023
0.41666846974174865
0.4164041593314595
0.4161395937230324
0.4158747756984246
0.4156097080392307
0.4153443935263403
0.4150788349395974
0.4148130350574547
0.4145469966566298
0.4142807225117581
0.4140142153950476
0.41374747807592793
0.41348051332070423
0.41321332389220433
0.4129459125494293
0.41267828204720125
0.41241043513580994
0.41214237456066033
0.4118741030619172
0.411605623374151
0.41133693822598194
0.4110680503397232
0.4107989624310248
0.41052967720851574
0.4102601973734465
0.40999052561932936
0.4097206646315813
0.40945061708716407
0.40918038565422316
0.4089099729917302
0.40863938174912107
0.4083686145659359
0.40809767407145814
0.40782656288435415
0.40755528361231075
0.4072838388516761
0.40701223118709656
0.4067404631911552
0.40646853742401196
0.4061964564330407
0.40592422275246853
0.40565183890301354
0.4053793073915249
0.4051066307106199
0.40483381133832413
0.40456085173770995
0.4042877543565358
0.40401452162688556
0.403741155964808
0.4034676597699567
0.40319403542523047
0.4029202852964133
0.40264641173181454
0.4023724170619115
0.4020983035989886
0.40182407363678074
0.4015497294501144
0.40127527329454965
0.4010007074060241
0.40072603400049467
0.40045125527358194
0.40017637340021406
0.3999013905342701
0.3996263088082262
0.3993511303327997
0.3990758571965952
0.39880049146575103
0.39852503518358445
0.39824949037024016
0.39797385902233645
0.3976981431126138
0.39742234458958303
0.3971464653771736
0.3968705073743829
0.39659447245492635
0.3963183624668869
0.39604217923236534
0.3957659245471313
0.3954896001802749
0.3952132078738574
0.39493674934256423
0.39466022627335634
0.39438364032512346
0.3941069931283374
0.3938302862847041
0.3935535213668191
0.39327669991781955
0.3929998234510397
0.3927228934496644
0.3924459113663845
0.3921688786230509
0.3918917966103299
0.3916146666873577
0.3913374901813961
0.3910602683874879
0.39078300256811116
0.3905056939528353
0.39022834373797644
0.38995095308625216
0.3896735231264363
0.3893960549530149
0.38911854962584025
0.3888410081697854
0.3885634315743992
0.3882858207935596
0.38800817674512766
0.387730500310601
0.38745279233476654
0.387175053625353
0.386897284952683
0.38661948704932336
0.38634166060973757
0.38606380628993453
0.38578592470711875
0.3855080164393374
0.3852300820251301
0.38495212196317424
0.3846741367119313
0.3843961266892922
0.38411809227221966
0.3838400337963929
0.3835619515558477
0.38328384580261676
0.3830057167463693
0.3827275645540477
0.38244938934950445
0.38217119121313586
0.3818929701815162
0.3816147262470271
0.3813364593574887
0.3810581694157878
0.3807798562795016
0.3805015197605239
0.3802231596246859
0.37994477559137585
0.3796663673331575
0.3793879344753846
0.37910947659581484
0.37883099322421937
0.378552483841992
0.37827394788175417
0.37799538472695804
0.37771679371148653
0.3774381741192503
0.377159525183783
0.3768808460878315
0.37660213596294595
0.3763233938890628
0.3760446188940879
0.3757658099534753
0.37548696598980164
0.37520808587233767
0.374929168416617
0.3746502123839995
0.3743712164812323
0.374092179360006
0.3738130996165074
0.37353397579096836
0.3732548063672094
0.3729755897721809
0.3726963243754973
0.3724170084889701
0.3721376403661343
0.3718582182017688
0.3715787401314167
0.37129920423089624
0.3710196085158087
0.370739950941042
0.37046022940026757
0.37018044172543363
0.3699005856862521
0.369620658989681
0.36934065927940085
0.36906058413528575
0.3687804310728692
0.3685001975428032
0.3682198809303135
0.36793947855464654
0.3676589876685131
0.36737840545752387
0.3670977290396194
0.36681695546449555
0.36653608171301993
0.366255104696645
0.36597402125681183
0.36569282816435056
0.3654115221188716
0.3651300997481522
0.36484855760751533
0.3645668921792028
0.3642850998717407
0.3640031770192992
0.36372111988104444
0.36343892464048433
0.36315658740480755
0.36287410420421484
0.3625914709912447
0.36230868364009083
0.36202573794591364
0.3617426296241444
0.3614593543097816
0.36117590755668183
0.36089228483684377
0.36060848153968267
0.3603244929713011
0.36004031435375144
0.35975594082429135
0.3594713674346317
0.3591865891501799
0.35890160084927525
0.3586163973224163
0.3583309732714849
0.35804532330896033
0.3577594419571301
0.35747332364729123
0.3571869627189488
0.35690035341900617
0.35661348990095
0.3563263662240292
0.35603897635242954
0.3557513141544406
0.355463373401621
0.35517514776795356
0.35488663082900135
0.3545978160610549
0.354308696840277
0.35401926644184367
0.3537295180390798
0.3534394447025935
0.35314903939940473
0.35285829499207416
0.35256720423782706
0.35227575978767556
0.3519839541855404
0.3516917798673706
0.35139922916026123
0.35110629428157336
0.35081296733805123
0.35051924032494225
0.3502251051251156
0.34993055350818625
0.349635577129637
0.3493401675299458
0.34904431613371595
0.3487480142488114
0.3484512530654934
0.34815402365556714
0.34785631697153163
0.34755812384573725
0.34725943498955103
0.3469602409925312
0.3466605323216098
0.34636029932028767
0.34605953220783825
0.3457582210785258
0.3454563559008352
0.34515392651671745
0.3448509226408488
0.3445473338599092
0.3442431496318734
0.3439383592853272
0.34363295201879757
0.34332691690010814
0.34302024286575555
0.3427129187203094
0.342404933135839
0.34209627465136494
0.341786931672339
0.3414768924701562
0.34116614518169414
0.34085467780888823
0.3405424782183393
0.3402295341409592
0.33991583317165236
0.33960136276903774
0.33928611025521205
0.33897006281555675
0.3386532074985892
0.33833553121586063
0.33801702074190565
0.3376976627142382
0.3373774436334058
0.3370563498630956
0.3367343676302983
0.33641148302553214
0.3360876820031298
0.3357629503815863
0.3354372738439762
0.33511063793843865
0.3347830280787319
0.3344544295448636
0.3341248274837962
0.33379420691022954
0.3334625527074658
0.3331298496283582
0.332796082296343
0.3324612352065641
0.3321252927270847
0.33178823910019556
0.3314500584438179
0.33111073475300745
0.330770251901557
0.33042859364370586
0.33008574361595516
0.3297416853389933
0.32939640221973276
0.32904987755346243
0.3287020945261179
0.32835303621667006
0.32800268559963863
0.32765102554772874
0.3272980388345967
0.32694370813774587
0.3265880160415534
0.3262309450404344
0.3258724775421412
0.3255125958712042
0.32515128227251144
0.3247885189150359
0.3244242878957054
0.3240585712434208
0.3236913509232259
0.32332260884062575
0.32295232684606046
0.322580486739531
0.32220707027538364
0.3218320591672486
0.3214554350931388
0.32107717970070765
0.32069727461266523
0.3203157014323571
0.31993244174950297
0.3195474771460961
0.31916078920246604
0.31877235950350086
0.31838216964503085
0.3179902012403731
0.31759643592703607
0.31720085537358156
0.3168034412866456
0.31640417541811505
0.3160030395724586
0.3156000156142099
0.3151950854756023
0.31478823116434895
0.31437943477157104
0.31396867847986576
0.3135559445715142
0.313141215436824
0.31272447358260314
0.3123057016407607
0.3118848823770328
0.31146199869982166
0.3110370336691515
0.31060997050573064
0.31018079260011455
0.3097494835219659
0.309316027029404
0.3088804070784361
0.3084426078324662
0.30800261367187215
0.30756040920364436
0.3071159792710775
0.3066693089635098
0.30622038362609844
0.30576918886962406
0.3053157105803161
0.3048599349296879
0.3044018483843767
0.3039414377159726
0.3034786900108317
0.3030135926798639
0.3025461334682803
0.30207630046529543
0.3016040821137713
0.3011294672197938
0.30065244496216736
0.3001730049018245
0.2996911369911316
0.29920683158308475
0.298720079440383
0.2982308717443701
0.2977392001038297
0.29724505656362893
0.2967484336131939
0.2962493241948102
0.2957477217117357
0.29524362003611765
0.29473701351669895
0.2942278969863093
0.2937162657691267
0.2932021156877014
0.2926854430697317
0.2921662447545851
0.29164451809955033
0.29112026098581806
0.2905934718241763
0.29006414956041565
0.2895322936804363
0.2889979042150482
0.28846098174445745
0.287921527402436
0.28737954288016276
0.2868350304297351
0.28628799286734447
0.28573843357611034
0.2851863565085687
0.2846317661888139
0.28407466771428636
0.2835150667572076
0.28295296956565735
0.2823883829642951
0.28182131435471874
0.28125177171546833
0.28067976360166685
0.2801052991443046
0.2795283880491649
0.27894904059539394
0.27836726763371794
0.2777830805843087
0.2771964914343009
0.2766075127349693
0.2760161575985604
0.27542243969479463
0.2748263732470371
0.2742279730281443
0.273627254355993
0.27302423308869894
0.27241892561953046
0.27181134887152575
0.27120152029181993
0.27058945784569227
0.2699751800103395
0.2693587057683854
0.26874005460113404
0.26811924648157864
0.26749630186717144
0.2668712416923683
0.26624408736095434
0.2656148607381623
0.264983584142594
0.264350280337953
0.2637149725246016
0.2630776843309499
0.2624384398046874
0.26179726340387005
0.26115417998787
0.26050921480819894
0.25986239349921736
0.2592137420687372
0.25856328688852825
0.2579110546847406
0.25725707252824953
0.256601367824935
0.2559439683059042
0.2552849020176656
0.2546241973122654
0.2539618828373932
0.25329798752646776
0.25263254058870793
0.25196557149920107
0.25129710998897287
0.25062718603506823
0.249955829850651
0.24928307187512755
0.24860894276430337
0.2479334733805762
0.24725669478317575
0.24657863821845183
0.2458993351102192
0.24521881705016496
0.24453711578831877
0.2438542632235978
0.24317029139442428
0.2424852324694243
0.24179911873820964
0.2411119826022451
0.24042385656580917
0.23973477322704545
0.23904476526911134
0.23835386545142556
0.23766210660101705
0.23696952160397652
0.23627614339701397
0.23558200495912116
0.23488713930334473
0.2341915794686671
0.23349535851199887
0.23279850950028136
0.23210106550270315
0.2314030595830267
0.23070452479203155
0.23000549416006735
0.22930600068972298
0.2286060773486078
0.22790575706224642
0.2272050727070875
0.2265040571036246
0.2258027430096299
0.22510116311349965
0.2243993500277118
0.22369733628239402
0.22299515431900224
0.22229283648410816
0.22159041502329696
0.22088792207517127
0.22018538966546453
0.21948284970125814
0.21878033396530744
0.2180778741104698
0.2173755016542378
0.21667324797337528
0.2159711442986558
0.21526922170970308
0.21456751112992978
0.21386604332157916
0.21316484888086312
0.21246395823320002
0.21176340162854895
0.21106320913684176
0.21036341064350908
0.20966403584510493
0.20896511424502223
0.208266675149305
0.20756874766255323
0.2068713606839203
0.2061745429032027
0.20547832279702216
0.20478272862509855
0.20408778842661388
0.2033935300166661
0.20269998098281491
0.20200716868171403
0.20131512023583606
0.20062386253028375
0.1999334222096914
0.19924382567521431
0.19855509908160615
0.19786726833438337
0.1971803590870797
0.1964943967385846
0.19580940643057132
0.1951254130450116
0.19444244120177576
0.19376051525632035
0.1930796592974621
0.19239989714523753
0.1917212523488492
0.1910437481846969
0.19036740765449411
0.18969225348347127
0.18901830811866302
0.18834559372727983
0.18767413219516502
0.18700394512533705
0.18633505383661364
0.1856674793623211
0.18500124244908753
0.18433636355571845
0.18367286285215553
0.1830107602185174
0.18235007524422397
0.18169082722720067
0.1810330351731649
0.18037671779499337
0.17972189351216963
0.17906858045031165
0.1784167964407778
0.17776655902035318
0.17711788543101262
0.17647079261976242
0.1758252972385575
0.17518141564429687
0.17453916389889285
0.17389855776941576
0.17325961272831283
0.1726223439537003
0.17198676632972804
0.17135289444701496
0.17072074260315706
0.170090324803303
0.16946165476080072
0.16883474589791023
0.16820961134658574
0.16758626394932036
0.1669647162600599
0.16634498054517763
0.16572706878451232
0.1651109926724701
0.16449676361918464
0.16388439275173772
0.1632738909154393
0.16266526867516296
0.16205853631673905
0.16145370384840185
0.16085078100229044
0.16024977723600256
0.1596507017341989
0.15905356341025823
0.1584583709079799
0.1578651326033355
0.15727385660626506
0.15668455076251894
0.1560972226555433
0.15551187960840682
0.15492852868576973
0.15434717669589187
0.1537678301926778
0.15319049547776198
0.1526151786026262
0.1520418853707531
0.15147062133981287
0.15090139182388115
0.15033420189568752
0.14976905638889298
0.14920595990039554
0.14864491679266134
0.14808593119608304
0.1475290070113604
0.14697414791190364
0.14642135734625944
0.14587063854055565
0.1453219945009664
0.14477542801619342
0.14423094165996567
0.14368853779355198
0.1431482185682904
0.1426099859281283
0.14207384161217534
0.1415397871572671
0.14100782390053804
0.14047795298200266
0.1399501753471445
0.1394244917495106
0.1389009027533124
0.13837940873602927
0.1378600098910165
0.13734270623011471
0.13682749758626017
0.13631438361609638
0.1358033638025833
0.1352944374576074
0.13478760372458548
0.13428286158106834
0.13378020984133898
0.1332796471590047
0.1327811720295845
0.1322847827930895
0.1317904776365947
0.13129825459680383
0.1308081115626042
0.13032004627761218
0.1298340563427079
0.12935013921855906
0.12886829222813312
0.12838851255919606
0.12791079726679971
0.1274351432757536
0.1269615473830834
0.1264900062604758
0.1260205164567055
0.12555307440004876
0.12508767640067936
0.12462431865304788
0.12416299723824362
0.12370370812634016
0.1232464471787208
0.12279121015038674
0.1223379926922464
0.1218867903533847
0.1214375985833137
0.1209904127342028
0.12054522806308843
0.12010203973406437
0.1196608428204496
0.11922163230693675
0.11878440309171806
0.1183491499885907
0.11791586772903961
0.11748455096429863
0.11705519426739021
0.11662779213514185
0.11620233899018043
0.11577882918290483
0.11535725699343383
0.11493761663353405
0.11451990224852224
0.11410410791914641
0.11369022766344308
0.11327825543857162
0.11286818514262549
0.11246001061642028
0.1120537256452581
0.11164932396066976
0.11124679924213213
0.11084614511876381
0.11044735517099677
0.11005042293222453
0.10965534189042804
0.10926210548977763
0.10887070713221213
0.1084811401789952
0.10809339795224829
0.10770747373646136
0.10732336077997996
0.1069410522964702
0.10656054146636113
0.10618182143826409
0.10580488533037047
0.10542972623182625
0.1050563372040855
0.1046847112822405
0.10431484147633162
0.10394672077263359
0.10358034213492186
0.10321569850571646
0.10285278280750522
0.10249158794394493
0.10213210680104258
0.10177433224831514
0.10141825713992876
0.10106387431581777
0.10071117660278305
0.10036015681557106
0.10001080775793109
0.09966312222365525
0.09931709299759692
0.09897271285667114
0.09862997457083446
0.09828887090404728
0.09794939461521672
0.09761153845912038
0.0972752951873129
0.09694065754901295
0.09660761829197367
0.09627617016333412
0.095946305910454
0.09561801828173024
0.09529130002739734
0.09496614390030986
0.09464254265670843
0.09432048905697005
0.09399997586633999
0.09368099585565054
0.0933635418020208
0.09304760648954272
0.09273318270995115
0.09242026326327837
0.0921088409584932
0.09179890861412636
0.09149045905887981
0.091183485132223
0.09087797968497292
0.09057393557986254
0.09027134569209301
0.0899702029098739
0.08967050013494897
0.08937223028310953
0.08907538628469348
0.08877996108507277
0.08848594764512771
0.08819333894170839
0.08790212796808426
0.0876123077343819
0.08732387126800985
0.08703681161407309
0.08675112183577463
0.08646679501480696
0.08618382425173152
0.08590220266634761
0.08562192339805069
0.08534297960617894
0.0850653644703512
0.08478907119079317
0.08451409298865428
0.08424042310631433
0.08396805480768059
0.08369698137847544
0.08342719612651393
0.08315869238197335
0.0828914634976525
0.08262550284922296
0.08236080383547106
0.08209735987853162
0.0818351644241131
0.08157421094171423
0.08131449292483373
0.08105600389117004
0.08079873738281551
0.08054268696644065
0.08028784623347335
0.08003420880026833
0.07978176830827091
0.07953051842417352
0.07928045284006449
0.07903156527357104
0.0787838494679947
0.07853729919244103
0.078291908241942
0.07804767043757341
0.07780457962656454
0.0775626296824031
0.07732181450493383
0.07708212802045109
0.07684356418178609
0.07660611696838873
0.07636978038640357
0.07613454846874072
0.07590041527514187
0.07566737489224085
0.07543542143361887
0.07520454903985631
0.0749747518785781
0.07474602414449538
0.07451836005944254
0.07429175387240966
0.0740661998595708
0.07384169232430784
0.07361822559723014
0.07339579403619075
0.07317439202629786
0.07295401397992288
0.07273465433670473
0.07251630756355029
0.07229896815463141
0.07208263063137846
0.07186728954247015
0.07165293946382045
0.07143957499856203
0.07122719077702662
0.07101578145672209
0.07080534172230665
0.0705958662855606
0.070387349885354
0.07017978728761305
0.06997317328528252
0.06976750269828642
0.06956277037348538
0.06935897118463233
0.06915610003232496
0.06895415184395605
0.06875312157366227
0.06855300420226948
0.0683537947372365
0.06815548821259701
0.06795807968889905
0.0677615642531425
0.06756593701871468
0.06737119312532436
0.0671773277389334
0.06698433605168735
0.06679221328184357
0.0666009546736979
0.06641055549751049
0.06622101104942858
0.06603231665140961
0.06584446765114119
0.06565745942196029
0.06547128736277191
0.06528594689796491
0.0651014334773275
0.06491774257596163
0.0647348696941952
0.06455281035749486
0.06437156011637551
0.06419111454631063
0.06401146924764045
0.06383261984547986
0.0636545619896246
0.06347729135445739
0.06330080363885238
0.06312509456607941
0.06295015988370725
0.06277599536350573
0.06260259680134765
0.06242996001710966
0.062258080854572725
0.06208695518132181
0.061916578888644394
0.0617469478914298
0.06157805812806646
0.061409905560340025
0.06124248617332907
0.061075795975302945
0.060909830997617126
0.06074458729460828
0.06058006094349072
0.06041624804425012
0.0602531447195387
0.06009074711456881
0.05992905139700749
0.05976805375686969
0.05960775040641177
0.059448137580024485
0.059289211534126154
0.05913096854705528
0.05897340491896308
0.058816516971706354
0.05866030104873918
0.058504753515005406
0.058349870756831006
0.058195649181815905
0.058042085218725684
0.0578891753173842
0.057736915948565025
0.05758530360388358
0.05743433479568883
0.05728400605695562
0.057134313941176434
0.05698525502225356
0.05683682589439113
0.05668902317198731
0.05654184348952668
0.05639528350147282
0.056249339882160576
0.056104009325688625
0.05595928854581262
0.05581517427583811
0.05567166326851329
0.055528752295922884
0.05538643814938105
0.05524471763932581
0.055103587595211896
0.054963044865406235
0.05482308631708117
0.05468370883610936
0.05454490932695916
0.054406684712588776
0.054269031934342495
0.054131947951845796
0.053995429742901446
0.05385947430338561
0.053724078647144395
0.053589239805890684
0.05345495482910112
0.05332122078391343
0.05318803475502464
0.053055393844588496
0.05292329517211422
0.05279173587436508
0.052660713105257884
0.052530224035761644
0.052400265853798006
0.052270835764141176
0.05214193098831846
0.05201354876451081
0.051885686347454635
0.051758341008343034
0.05163151003472786
0.051505190730422375
0.05137938041540363
0.051254076425715715
0.05112927611337376
0.05100497684626746
0.05088117600806545
0.05075787099812046
0.05063505923137421
0.05051273813826298
0.05039090516462387
0.05026955777160092
0.050148693435552415
0.05002830964795761
0.0499084039153249
