0.4906209679062748
0.5197914496502062
0.5200404454942048
0.5200101816839369
0.5199785056030723
0.5199470367465132
0.5199157156313747
0.5198844959527
0.5198533470382325
0.5198222489737455
0.5197911891710124
0.5197601599838926
0.519729157059484
0.5196981782035897
0.5196672226051332
0.5196362903103253
0.5196053818699494
0.5195744981060942
0.519543639960824
0.519512808400649
0.5194820043586386
0.5194512287016265
0.5194204822138606
0.5193897655911951
0.5193590794418199
0.5193284242908368
0.5192978005869103
0.5192672087098333
0.5192366489782858
0.5192061216573397
0.5191756269654604
0.5191451650808832
0.5191147361473134
0.5190843402789613
0.5190539775649425
0.5190236480730934
0.5189933518532637
0.5189630889401375
0.5189328593556486
0.5189026631110326
0.518872500208575
0.5188423706430902
0.5188122744031745
0.5187822114722636
0.5187521818295261
0.5187221854506154
0.5186922223083041
0.5186622923730164
0.5186323956132765
0.5186025319960859
0.5185727014872387
0.5185429040515879
0.5185131396532674
0.518483408255879
0.5184537098226488
0.5184240443165576
0.5183944117004512
0.5183648119371319
0.5183352449894345
0.5183057108202911
0.5182762093927842
0.5182467406701906
0.5182173046160191
0.5181879011940409
0.5181585303683148
0.5181291921032087
0.5180998863634166
0.5180706131139736
0.5180413723202659
0.5180121639480424
0.5179829879634205
0.5179538443328937
0.5179247330233355
0.5178956540020034
0.5178666072365423
0.5178375926949855
0.5178086103457573
0.5177796601576738
0.5177507420999429
0.5177218561421644
0.5176930022543306
0.5176641804068258
0.5176353905704247
0.5176066327162926
0.5175779068159845
0.5175492128414425
0.5175205507649973
0.5174919205593638
0.5174633221976427
0.5174347556533171
0.5174062209002516
0.5173777179126913
0.5173492466652595
0.5173208071329569
0.5172923992911593
0.5172640231156168
0.5172356785824516
0.5172073656681563
0.5171790843495927
0.51715083460399
0.5171226164089435
0.5170944297424116
0.5170662745827166
0.5170381509085406
0.5170100586989247
0.5169819979332686
0.5169539685913266
0.5169259706532082
0.5168980040993749
0.5168700689106392
0.5168421650681634
0.5168142925534567
0.5167864513483746
0.5167586414351169
0.5167308627962265
0.5167031154145869
0.5166753992734212
0.5166477143562904
0.5166200606470915
0.5165924381300564
0.5165648467897498
0.5165372866110676
0.5165097575792356
0.5164822596798074
0.5164547928986637
0.5164273572220094
0.516399952636373
0.5163725791286047
0.516345236685875
0.516317925295672
0.5162906449458016
0.5162633956243845
0.5162361773198553
0.5162089900209605
0.5161818337167574
0.5161547083966119
0.5161276140501975
0.5161005506674932
0.5160735182387822
0.5160465167546506
0.5160195462059853
0.5159926065839728
0.5159656978800973
0.5159388200861391
0.5159119731941739
0.5158851571965701
0.5158583720859878
0.5158316178553775
0.5158048944979775
0.5157782020073135
0.5157515403771968
0.5157249096017221
0.5156983096752666
0.5156717405924882
0.5156452023483239
0.5156186949379884
0.5155922183569728
0.5155657726010419
0.5155393576662346
0.5155129735488605
0.5154866202454995
0.5154602977529996
0.515434006068476
0.5154077451893089
0.5153815151131425
0.5153553158378832
0.5153291473616981
0.5153030096830136
0.5152769028005137
0.5152508267131386
0.515224781420083
0.5151987669207948
0.5151727832149735
0.5151468303025686
0.5151209081837786
0.515095016859048
0.5150691563290678
0.5150433265947726
0.5150175276573392
0.5149917595181863
0.5149660221789707
0.5149403156415886
0.5149146399081715
0.5148889949810863
0.5148633808629334
0.5148377975565448
0.5148122450649836
0.5147867233915407
0.5147612325397354
0.5147357725133125
0.5147103433162414
0.5146849449527138
0.5146595774271436
0.5146342407441643
0.5146089349086277
0.5145836599256026
0.5145584158003733
0.5145332025384377
0.5145080201455068
0.5144828686275018
0.5144577479905538
0.5144326582410019
0.5144075993853915
0.5143825714304728
0.5143575743832
0.5143326082507287
0.5143076730404156
0.5142827687598162
0.5142578954166834
0.5142330530189665
0.5142082415748093
0.5141834610925482
0.514158711580712
0.5141339930480195
0.5141093055033776
0.514084648955881
0.5140600234148095
0.514035428889628
0.5140108653899838
0.5139863329257047
0.5139618315067994
0.5139373611434548
0.5139129218460338
0.5138885136250756
0.5138641364912928
0.5138397904555709
0.5138154755289661
0.5137911917227037
0.5137669390481782
0.5137427175169492
0.5137185271407425
0.5136943679314474
0.5136702399011146
0.5136461430619568
0.5136220774263445
0.513598043006807
0.5135740398160297
0.5135500678668526
0.5135261271722693
0.5135022177454254
0.5134783395996169
0.5134544927482882
0.5134306772050327
0.5134068929835884
0.5133831400978388
0.5133594185618103
0.5133357283896712
0.5133120695957297
0.5132884421944334
0.5132648462003666
0.5132412816282501
0.5132177484929386
0.5131942468094205
0.5131707765928152
0.5131473378583722
0.5131239306214703
0.5131005548976147
0.513077210702437
0.5130538980516925
0.51303061696126
0.5130073674471393
0.5129841495254506
0.5129609632124319
0.5129378085244393
0.5129146854779436
0.5128915940895304
0.5128685343758981
0.5128455063538561
0.5128225100403241
0.5127995454523295
0.5127766126070079
0.5127537115215994
0.5127308422134489
0.5127080047000037
0.5126851989988124
0.5126624251275239
0.512639683103885
0.5126169729457396
0.5125942946710275
0.5125716482977821
0.5125490338441301
0.5125264513282887
0.5125039007685659
0.5124813821833577
0.5124588955911468
0.5124364410105019
0.5124140184600756
0.5123916279586036
0.5123692695249028
0.5123469431778696
0.5123246489364792
0.5123023868197842
0.5122801568469126
0.5122579590370664
0.5122357934095205
0.5122136599836216
0.5121915587787861
0.512169489814499
0.5121474531103127
0.5121254486858453
0.512103476560779
0.5120815367548596
0.5120596292878938
0.5120377541797488
0.5120159114503511
0.511994101119683
0.5119723232077846
0.5119505777347495
0.511928864720725
0.5119071841859095
0.5118855361505527
0.5118639206349528
0.5118423376594552
0.5118207872444528
0.5117992694103819
0.5117777841777231
0.5117563315669988
0.5117349115987725
0.5117135242936462
0.5116921696722605
0.5116708477552924
0.511649558563454
0.5116283021174908
0.5116070784381818
0.511585887546336
0.5115647294627923
0.5115436042084185
0.5115225118041085
0.5115014522707825
0.5114804256293843
0.5114594319008811
0.5114384711062611
0.5114175432665331
0.5113966484027245
0.5113757865358798
0.5113549576870601
0.5113341618773408
0.5113133991278109
0.5112926694595711
0.5112719728937333
0.5112513094514184
0.5112306791537551
0.5112100820218792
0.5111895180769315
0.5111689873400566
0.5111484898324021
0.5111280255751169
0.5111075945893496
0.5110871968962476
0.5110668325169554
0.511046501472614
0.5110262037843586
0.5110059394733177
0.5109857085606123
0.5109655110673538
0.5109453470146427
0.510925216423568
0.5109051193152055
0.5108850557106167
0.5108650256308462
0.5108450290969224
0.5108250661298553
0.5108051367506348
0.5107852409802296
0.5107653788395865
0.5107455503496284
0.5107257555312537
0.5107059944053338
0.5106862669927134
0.510666573314208
0.5106469133906035
0.5106272872426538
0.5106076948910809
0.5105881363565725
0.5105686116597813
0.5105491208213235
0.5105296638617779
0.5105102408016842
0.5104908516615412
0.510471496461808
0.5104521752228994
0.510432887965187
0.5104136347089967
0.5103944154746086
0.510375230282255
0.5103560791521182
0.510336962104332
0.5103178791589776
0.5102988303360841
0.5102798156556269
0.5102608351375254
0.5102418888016436
0.5102229766677879
0.5102040987557053
0.5101852550850837
0.5101664456755491
0.5101476705466657
0.5101289297179336
0.5101102232087882
0.5100915510385993
0.5100729132266694
0.5100543097922321
0.5100357407544519
0.5100172061324229
0.509998705945166
0.5099802402116307
0.5099618089506907
0.5099434121811448
0.5099250499217153
0.5099067221910467
0.5098884290077041
0.5098701703901729
0.5098519463568572
0.509833756926078
0.5098156021160734
0.5097974819449964
0.5097793964309144
0.5097613455918073
0.5097433294455674
0.5097253480099972
0.5097074013028087
0.5096894893416228
0.5096716121439674
0.5096537697272765
0.5096359621088892
0.509618189306049
0.5096004513359012
0.5095827482154939
0.5095650799617752
0.5095474465915933
0.5095298481216941
0.5095122845687213
0.5094947559492147
0.5094772622796091
0.5094598035762338
0.5094423798553107
0.5094249911329538
0.5094076374251684
0.5093903187478486
0.5093730351167778
0.5093557865476271
0.5093385730559543
0.5093213946572024
0.5093042513666992
0.509287143199656
0.5092700701711661
0.5092530322962049
0.5092360295896272
0.5092190620661681
0.5092021297404404
0.5091852326269346
0.5091683707400171
0.5091515440939296
0.5091347527027883
0.5091179965805822
0.5091012757411733
0.509084590198294
0.5090679399655474
0.509051325056406
0.50903474548421
0.5090182012621676
0.5090016924033527
0.5089852189207051
0.5089687808270287
0.5089523781349906
0.5089360108571207
0.5089196790058106
0.5089033825933116
0.5088871216317356
0.5088708961330527
0.5088547061090907
0.5088385515715341
0.5088224325319234
0.508806349001654
0.5087903009919758
0.5087742885139906
0.5087583115786537
0.5087423701967708
0.5087264643789985
0.5087105941358424
0.5086947594776567
0.5086789604146439
0.5086631969568527
0.5086474691141778
0.5086317768963592
0.5086161203129806
0.5086004993734694
0.5085849140870953
0.5085693644629696
0.5085538505100443
0.5085383722371107
0.5085229296528004
0.5085075227655819
0.5084921515837614
0.5084768161154822
0.5084615163687225
0.5084462523512954
0.5084310240708487
0.5084158315348626
0.5084006747506501
0.5083855537253557
0.5083704684659549
0.5083554189792528
0.5083404052718841
0.5083254273503113
0.5083104852208256
0.5082955788895436
0.5082807083624092
0.5082658736451912
0.5082510747434825
0.5082363116627004
0.5082215844080852
0.5082068929846988
0.5081922373974254
0.5081776176509695
0.5081630337498556
0.508148485698428
0.5081339735008492
0.5081194971610996
0.5081050566829769
0.5080906520700947
0.5080762833258832
0.5080619504535868
0.508047653456265
0.5080333923367899
0.5080191670978474
0.5080049777419355
0.5079908242713633
0.5079767066882511
0.5079626249945298
0.5079485791919389
0.5079345692820276
0.5079205952661533
0.5079066571454804
0.5078927549209808
0.5078788885934323
0.5078650581634185
0.5078512636313284
0.5078375049973545
0.507823782261494
0.5078100954235466
0.5077964444831148
0.5077828294396031
0.507769250292217
0.5077557070399631
0.5077421996816477
0.5077287282158771
0.5077152926410564
0.5077018929553889
0.5076885291568755
0.5076752012433147
0.5076619092123019
0.5076486530612279
0.5076354327872795
0.5076222483874384
0.5076090998584805
0.5075959871969759
0.5075829103992879
0.5075698694615729
0.5075568643797791
0.5075438951496467
0.5075309617667074
0.5075180642262834
0.507505202523487
0.5074923766532206
0.5074795866101754
0.5074668323888316
0.5074541139834579
0.5074414313881099
0.5074287845966317
0.507416173602653
0.5074035983995907
0.5073910589806471
0.5073785553388099
0.5073660874668523
0.5073536553573315
0.5073412590025884
0.5073288983947486
0.5073165735257197
0.507304284387193
0.5072920309706416
0.5072798132673204
0.507267631268266
0.5072554849642963
0.5072433743460093
0.5072312994037836
0.5072192601277777
0.5072072565079291
0.507195288533955
0.5071833561953507
0.5071714594813902
0.5071595983811251
0.507147772883385
0.5071359829767762
0.5071242286496821
0.5071125098902625
0.5071008266864533
0.5070891790259658
0.5070775668962878
0.5070659902846809
0.5070544491781823
0.5070429435636031
0.507031473427529
0.5070200387563188
0.5070086395361056
0.5069972757527951
0.5069859473920656
0.5069746544393687
0.5069633968799278
0.506952174698738
0.5069409878805664
0.5069298364099516
0.5069187202712031
0.5069076394484011
0.5068965939253965
0.5068855836858106
0.5068746087130347
0.5068636689902293
0.5068527645003255
0.506841895226023
0.5068310611497902
0.5068202622538649
0.5068094985202534
0.50679876993073
0.5067880764668375
0.5067774181098863
0.5067667948409544
0.5067562066408876
0.5067456534902985
0.506735135369567
0.5067246522588401
0.506714204138031
0.5067037909868194
0.5066934127846515
0.5066830695107397
0.5066727611440618
0.5066624876633617
0.5066522490471491
0.5066420452736986
0.5066318763210503
0.5066217421670094
0.506611642789146
0.5066015781647951
0.5065915482710562
0.5065815530847932
0.5065715925826348
0.5065616667409736
0.5065517755359664
0.5065419189435341
0.5065320969393612
0.5065223094988963
0.5065125565973514
0.5065028382097023
0.5064931543106881
0.5064835048748111
0.506473889876337
0.5064643092892949
0.5064547630874766
0.506445251244437
0.5064357737334939
0.5064263305277283
0.5064169215999837
0.5064075469228659
0.506398206468744
0.5063889002097496
0.5063796281177764
0.5063703901644814
0.5063611863212826
0.5063520165593619
0.5063428808496631
0.5063337791628919
0.5063247114695167
0.5063156777397682
0.5063066779436389
0.506297712050884
0.5062887800310208
0.5062798818533286
0.5062710174868489
0.506262186900386
0.5062533900625054
0.5062446269415354
0.5062358975055664
0.506227201722451
0.5062185395598039
0.506209910985002
0.5062013159651848
0.5061927544672538
0.5061842264578729
0.5061757319034679
0.5061672707702277
0.5061588430241033
0.5061504486308077
0.5061420875558175
0.5061337597643705
0.5061254652214681
0.5061172038918738
0.506108975740114
0.5061007807304783
0.5060926188270183
0.5060844899935492
0.5060763941936487
0.506068331390658
0.506060301547681
0.5060523046275851
0.5060443405930011
0.5060364094063228
0.5060285110297079
0.5060206454250775
0.5060128125541162
0.5060050123782728
0.5059972448587595
0.5059895099565528
0.5059818076323932
0.5059741378467858
0.505966500559999
0.5059588957320671
0.5059513233227875
0.5059437832917236
0.5059362755982028
0.5059288002013176
0.5059213570599259
0.5059139461326504
0.5059065673778796
0.5058992207537674
0.505891906218233
0.5058846237289619
0.5058773732434055
0.5058701547187809
0.5058629681120722
0.505855813380029
0.5058486904791684
0.5058415993657738
0.5058345399958953
0.505827512325351
0.5058205163097254
0.5058135519043706
0.5058066190644065
0.5057997177447212
0.5057928478999703
0.5057860094845775
0.5057792024527351
0.5057724267584041
0.505765682355314
0.5057589691969634
0.5057522872366201
0.5057456364273212
0.5057390167218732
0.5057324280728526
0.5057258704326058
0.5057193437532495
0.5057128479866705
0.5057063830845265
0.505699948998246
0.5056935456790284
0.5056871730778445
0.5056808311454366
0.5056745198323188
0.505668239088777
0.5056619888648692
0.5056557691104262
0.5056495797750511
0.50564342080812
0.5056372921587823
0.5056311937759603
0.5056251256083507
0.5056190876044232
0.5056130797124223
0.5056071018803663
0.5056011540560487
0.5055952361870372
0.5055893482206752
0.5055834901040809
0.5055776617841489
0.505571863207549
0.5055660943207272
0.5055603550699063
0.5055546454010855
0.5055489652600412
0.5055433145923266
0.5055376933432728
0.5055321014579883
0.5055265388813601
0.505521005558053
0.5055155014325107
0.5055100264489553
0.5055045805513888
0.5054991636835922
0.5054937757891259
0.505488416811331
0.5054830866933282
0.5054777853780189
0.5054725128080859
0.5054672689259923
0.5054620536739833
0.5054568669940852
0.505451708828107
0.5054465791176395
0.5054414778040563
0.5054364048285138
0.5054313601319516
0.5054263436550931
0.505421355338445
0.5054163951222984
0.5054114629467288
0.505406558751596
0.5054016824765454
0.5053968340610075
0.505392013444198
0.5053872205651193
0.5053824553625594
0.505377717775093
0.5053730077410817
0.5053683251986745
0.5053636700858071
0.5053590423402039
0.505354441899377
0.5053498687006266
0.5053453226810423
0.5053408037775022
0.5053363119266739
0.5053318470650148
0.5053274091287719
0.5053229980539833
0.5053186137764768
0.5053142562318717
0.5053099253555782
0.5053056210827985
0.5053013433485264
0.5052970920875482
0.5052928672344423
0.5052886687235805
0.505284496489127
0.5052803504650405
0.5052762305850728
0.50527213678277
0.505268068991473
0.5052640271443171
0.5052600111742326
0.505256021013946
0.5052520565959786
0.5052481178526484
0.5052442047160698
0.5052403171181538
0.505236454990608
0.5052326182649381
0.5052288068724474
0.5052250207442368
0.5052212598112058
0.5052175240040526
0.5052138132532744
0.5052101274891676
0.5052064666418283
0.5052028306411527
0.505199219416837
0.5051956328983782
0.5051920710150741
0.505188533696024
0.5051850208701285
0.50518153246609
0.5051780684124136
0.5051746286374064
0.5051712130691786
0.5051678216356436
0.505164454264518
0.5051611108833226
0.5051577914193819
0.5051544957998252
0.5051512239515863
0.5051479758014042
0.5051447512758231
0.5051415503011931
0.5051383728036701
0.5051352187092164
0.5051320879436011
0.5051289804324
0.505125896100996
0.5051228348745799
0.5051197966781501
0.5051167814365134
0.5051137890742847
0.5051108195158881
0.5051078726855565
0.5051049485073321
0.505102046905067
0.5050991678024233
0.5050963111228728
0.505093476789699
0.5050906647259952
0.5050878748546659
0.505085107098428
0.5050823613798094
0.5050796376211499
0.5050769357446023
0.5050742556721312
0.5050715973255149
0.5050689606263441
0.5050663454960237
0.5050637518557717
0.5050611796266207
0.5050586287294174
0.5050560990848226
0.5050535906133129
0.5050511032351792
0.505048636870528
0.5050461914392821
0.5050437668611795
0.5050413630557743
0.505038979942438
0.5050366174403578
0.5050342754685387
0.5050319539458024
0.5050296527907884
0.5050273719219538
0.5050251112575739
0.5050228707157424
0.5050206502143707
0.5050184496711904
0.5050162690037504
0.5050141081294204
0.5050119669653884
0.5050098454286631
0.5050077434360726
0.505005660904265
0.5050035977497094
0.5050015538886953
0.5049995292373329
0.5049975237115538
0.5049955372271109
0.5049935696995781
0.5049916210443519
0.5049896911766503
0.5049877800115132
0.5049858874638038
0.5049840134482068
0.5049821578792303
0.5049803206712056
0.5049785017382865
0.5049767009944508
0.5049749183534995
0.5049731537290576
0.5049714070345739
0.5049696781833214
0.5049679670883973
0.5049662736627233
0.504964597819046
0.5049629394699364
0.504961298527791
0.5049596749048311
0.5049580685131032
0.5049564792644795
0.5049549070706578
0.5049533518431615
0.5049518134933403
0.5049502919323696
0.504948787071251
0.5049472988208127
0.5049458270917092
0.5049443717944216
0.5049429328392576
0.5049415101363521
0.5049401035956665
0.5049387131269895
0.5049373386399372
0.5049359800439528
0.5049346372483066
0.504933310162097
0.5049319986942492
0.5049307027535169
0.5049294222484813
0.504928157087551
0.5049269071789632
0.5049256724307826
0.5049244527509023
0.504923248047043
0.5049220582267547
0.5049208831974143
0.5049197228662282
0.5049185771402304
0.5049174459262835
0.5049163291310786
0.5049152266611354
0.5049141384228018
0.5049130643222546
0.504912004265499
0.504910958158369
0.5049099259065265
0.5049089074154628
0.5049079025904973
0.5049069113367786
0.5049059335592831
0.5049049691628165
0.5049040180520126
0.5049030801313339
0.5049021553050717
0.504901243477345
0.5049003445521024
0.50489945843312
0.504898585024003
0.5048977242281838
0.5048968759489246
0.5048960400893143
0.504895216552271
0.5048944052405404
0.5048936060566961
0.5048928189031402
0.5048920436821019
0.5048912802956382
0.5048905286456342
0.5048897886338022
0.5048890601616816
0.5048883431306396
0.5048876374418704
0.5048869429963948
0.5048862596950613
0.5048855874385447
0.5048849261273458
0.504884275661793
0.5048836359420401
0.5048830068680675
0.5048823883396814
0.5048817802565136
0.5048811825180217
0.5048805950234888
0.5048800176720227
0.5048794503625569
0.5048788929938488
0.5048783454644813
0.504877807672861
0.5048772795172187
0.5048767608956093
0.5048762517059114
0.5048757518458264
0.5048752612128795
0.5048747797044184
0.5048743072176134
0.5048738436494572
0.5048733888967644
0.5048729428561713
0.5048725054241362
0.5048720764969377
0.5048716559706753
0.5048712437412697
0.5048708397044611
0.5048704437558098
0.5048700557906957
0.5048696757043172
0.504869303391692
0.5048689387476561
0.5048685816668637
0.5048682320437865
0.5048678897727129
0.5048675547477491
0.5048672268628172
0.5048669060116553
0.5048665920878173
0.5048662849846721
0.5048659845954039
0.5048656908130099
0.504865403530303
0.5048651226399077
0.5048648480342623
0.5048645796056175
0.5048643172460356
0.5048640608473911
0.5048638103013681
0.5048635654994621
0.5048633263329785
0.5048630926930314
0.5048628644705444
0.5048626415562488
0.504862423840684
0.5048622112141967
0.5048620035669394
0.5048618007888711
0.5048616027697562
0.5048614093991634
0.5048612205664661
0.504861036160841
0.5048608560712674
0.5048606801865271
0.5048605083952039
0.5048603405856814
0.5048601766461447
0.5048600164645773
0.5048598599287626
0.5048597069262815
0.5048595573445123
0.5048594110706303
0.5048592679916067
0.5048591279942083
0.5048589909649954
0.5048588567903229
0.5048587253563384
0.5048585965489814
0.504858470253983
0.5048583463568644
0.5048582247429374
0.5048581052973019
0.5048579879048458
0.5048578724502449
0.5048577588179602
0.5048576468922393
0.504857536557114
0.5048574276963989
0.5048573201936924
0.5048572139323743
0.5048571087956053
0.5048570046663259
0.5048569014272557
0.5048567989608924
0.5048566971495105
0.504856595875161
0.5048564950196691
0.5048563944646343
0.5048562940914297
0.5048561937811995
0.5048560934148592
0.5048559928730938
0.5048558920363575
0.5048557907848714
0.5048556889986238
0.504855586557368
0.5048554833406216
0.5048553792276651
0.5048552740975416
0.504855167829054
0.5048550603007659
0.5048549513909983
0.5048548409778297
0.5048547289390948
0.5048546151523824
0.5048544994950355
0.5048543818441485
0.504854262076567
0.5048541400688865
0.5048540156974501
0.5048538888383484
0.504853759367417
0.5048536271602365
0.5048534920921297
0.5048533540381611
0.5048532128731352
0.5048530684715955
0.5048529207078221
0.504852769455831
0.5048526145893734
0.5048524559819321
0.5048522935067215
0.5048521270366865
0.5048519564444996
0.5048517816025602
0.5048516023829933
0.5048514186576467
0.5048512302980911
0.5048510371756171
0.5048508391612341
0.5048506361256686
0.5048504279393629
0.5048502144724728
0.5048499955948664
0.5048497711761223
0.5048495410855274
0.5048493051920759
0.5048490633644671
0.5048488154711034
0.5048485613800895
0.504848300959229
0.504848034076024
0.5048477605976729
0.5048474803910675
0.5048471933227928
0.5048468992591242
0.5048465980660246
0.5048462896091447
0.5048459737538191
0.5048456503650653
0.5048453193075816
0.5048449804457441
0.5048446336436063
0.504844278764896
0.5048439156730133
0.5048435442310283
0.5048431643016799
0.5048427757473732
0.5048423784301762
0.5048419722118191
0.5048415569536926
0.5048411325168431
0.5048406987619731
0.5048402555494378
0.5048398027392422
0.5048393401910399
0.5048388677641311
0.5048383853174585
0.5048378927096064
0.5048373897987976
0.5048368764428912
0.5048363524993809
0.5048358178253911
0.5048352722776752
0.5048347157126134
0.5048341479862094
0.5048335689540886
0.5048329784714951
0.5048323763932893
0.5048317625739444
0.5048311368675454
0.5048304991277853
0.5048298492079621
0.5048291869609779
0.5048285122393334
0.5048278248951276
0.5048271247800534
0.5048264117453957
0.5048256856420282
0.5048249463204105
0.5048241936305855
0.5048234274221759
0.504822647544382
0.504821853845978
0.5048210461753094
0.5048202243802901
0.5048193883083987
0.5048185378066764
0.5048176727217231
0.5048167928996945
0.504815898186299
0.5048149884267944
0.504814063465985
0.5048131231482175
0.5048121673173791
0.5048111958168929
0.504810208489715
0.5048092051783319
0.5048081857247555
0.5048071499705212
0.5048060977566838
0.504805028923814
0.5048039433119947
0.5048028407608182
0.5048017211093817
0.5048005841962844
0.5047994298596236
0.5047982579369908
0.5047970682654688
0.5047958606816266
0.5047946350215171
0.5047933911206723
0.5047921288141001
0.50479084793628
0.5047895483211593
0.5047882298021494
0.5047868922121219
0.5047855353834038
0.5047841591477746
0.5047827633364617
0.5047813477801358
0.504779912308908
0.5047784567523245
0.5047769809393625
0.5047754846984276
0.5047739678573463
0.5047724302433654
0.5047708716831445
0.504769292002754
0.5047676910276688
0.5047660685827657
0.504764424492317
0.5047627585799873
0.5047610706688284
0.5047593605812751
0.5047576281391398
0.5047558731636087
0.5047540954752364
0.5047522948939416
0.5047504712390019
0.5047486243290493
0.5047467539820651
0.504744860015375
0.5047429422456442
0.5047410004888726
0.5047390345603892
0.5047370442748474
0.50473502944622
0.5047329898877938
0.5047309254121641
0.5047288358312303
0.5047267209561894
0.5047245805975316
0.5047224145650351
0.5047202226677587
0.5047180047140399
0.5047157605114856
0.5047134898669685
0.5047111925866219
0.5047088684758327
0.504706517339236
0.5047041389807101
0.5047017332033704
0.504699299809563
0.504696838600859
0.5046943493780491
0.5046918319411372
0.5046892860893343
0.5046867116210519
0.5046841083338973
0.5046814760246663
0.5046788144893368
0.504676123523063
0.504673402920169
0.5046706524741424
0.5046678719776276
0.5046650612224194
0.5046622199994565
0.504659348098815
0.5046564453097016
0.5046535114204462
0.5046505462184971
0.5046475494904115
0.5046445210218508
0.5046414605975723
0.5046383680014233
0.5046352430163327
0.5046320854243052
0.5046288950064133
0.5046256715427903
0.504622414812623
0.5046191245941447
0.5046158006646271
0.504612442800373
0.5046090507767095
0.5046056243679791
0.5046021633475337
0.5045986674877256
0.5045951365598996
0.5045915703343864
0.5045879685804934
0.5045843310664974
0.5045806575596368
0.5045769478261026
0.504573201631031
0.5045694187384951
0.5045655989114959
0.5045617419119554
0.5045578475007063
0.504553915437485
0.5045499454809217
0.5045459373885337
0.5045418909167148
0.5045378058207267
0.5045336818546922
0.504529518771583
0.504525316323214
0.5045210742602312
0.5045167923321053
0.504512470287121
0.5045081078723672
0.5045037048337291
0.5044992609158779
0.5044947758622613
0.5044902494150942
0.5044856813153489
0.5044810713027447
0.5044764191157397
0.5044717244915193
0.5044669871659868
0.5044622068737536
0.5044573833481287
0.5044525163211085
0.5044476055233668
0.5044426506842437
0.5044376515317361
0.5044326077924866
0.5044275191917728
0.5044223854534963
0.5044172063001728
0.5044119814529209
0.5044067106314498
0.5044013935540503
0.5043960299375823
0.5043906194974634
0.5043851619476593
0.5043796570006697
0.5043741043675187
0.5043685037577428
0.504362854879379
0.5043571574389529
0.5043514111414669
0.5043456156903882
0.5043397707876367
0.5043338761335733
0.5043279314269865
0.5043219363650807
0.5043158906434644
0.5043097939561363
0.5043036459954731
0.5042974464522173
0.5042911950154635
0.5042848913726458
0.5042785352095245
0.5042721262101737
0.5042656640569663
0.5042591484305625
0.5042525790098951
0.504245955472156
0.504239277492783
0.5042325447454452
0.50422575690203
0.504218913632628
0.5042120146055192
0.5042050594871594
0.5041980479421648
0.5041909796332978
0.5041838542214528
0.5041766713656407
0.5041694307229747
0.5041621319486548
0.5041547746959534
0.504147358616199
0.5041398833587615
0.5041323485710375
0.5041247538984327
0.5041170989843484
0.5041093834701639
0.5041016069952216
0.5040937691968104
0.5040858697101498
0.5040779081683733
0.5040698842025122
0.5040617974414782
0.5040536475120478
0.5040454340388449
0.5040371566443234
0.5040288149487504
0.5040204085701893
0.5040119371244817
0.5040034002252303
0.5039947974837812
0.5039861285092052
0.5039773929082818
0.5039685902854785
0.5039597202429349
0.5039507823804423
0.503941776295427
0.5039327015829305
0.5039235578355902
0.503914344643622
0.5039050615947993
0.5038957082744356
0.5038862842653634
0.5038767891479153
0.5038672224999047
0.5038575838966046
0.5038478729107294
0.5038380891124129
0.5038282320691884
0.5038183013459692
0.5038082965050265
0.5037982171059692
0.5037880627057225
0.5037778328585082
0.5037675271158205
0.5037571450264072
0.5037466861362463
0.503736149988525
0.503725536123617
0.5037148440790614
0.5037040733895388
0.5036932235868498
0.5036822941998922
0.5036712847546373
0.5036601947741078
0.5036490237783541
0.5036377712844303
0.5036264368063715
0.5036150198551697
0.5036035199387493
0.5035919365619432
0.5035802692264687
0.5035685174309024
0.5035566806706563
0.5035447584379513
0.5035327502217939
0.5035206555079493
0.5035084737789169
0.5034962045139042
0.5034838471888006
0.5034714012761515
0.5034588662451321
0.5034462415615206
0.5034335266876715
0.5034207210824888
0.5034078242013985
0.5033948354963217
0.5033817544156468
0.5033685804042014
0.5033553129032248
0.5033419513503394
0.5033284951795223
0.503314943821077
0.5033012967016038
0.5032875532439718
0.5032737128672884
0.5032597749868706
0.5032457390142143
0.5032316043569657
0.50321737041889
0.503203036599841
0.503188602295731
0.503174066898499
0.5031594297960806
0.503144690372376
0.503129848007218
0.5031149020763408
0.5030998519513482
0.5030846969996797
0.5030694365845798
0.5030540700650639
0.5030385967958853
0.5030230161275026
0.5030073274060458
0.5029915299732818
0.502975623166581
0.5029596063188831
0.502943478758662
0.5029272398098908
0.5029108887920076
0.5028944250198794
0.5028778478037661
0.5028611564492852
0.5028443502573763
0.502827428524263
0.5028103905414171
0.5027932355955222
0.5027759629684355
0.5027585719371502
0.5027410617737588
0.5027234317454132
0.5027056811142893
0.5026878091375445
0.5026698150672823
0.5026516981505108
0.502633457629104
0.5026150927397629
0.5025966027139734
0.5025779867779679
0.5025592441526836
0.502540374053722
0.5025213756913073
0.502502248270245
0.5024829909898806
0.5024636030440569
0.5024440836210714
0.5024244319036342
0.5024046470688243
0.5023847282880471
0.5023646747269902
0.5023444855455792
0.502324159897934
0.502303696932324
0.5022830957911231
0.5022623556107649
0.5022414755216966
0.5022204546483339
0.502199292109014
0.5021779870159495
0.5021565384751822
0.5021349455865352
0.5021132074435655
0.5020913231335167
0.5020692917372708
0.5020471123292993
0.5020247839776152
0.5020023057437233
0.5019796766825713
0.5019568958424991
0.5019339622651904
0.5019108749856204
0.5018876330320066
0.5018642354257566
0.5018406811814176
0.5018169693066235
0.5017930988020439
0.5017690686613312
0.5017448778710678
0.5017205254107128
0.5016960102525486
0.5016713313616274
0.5016464876957161
0.5016214782052436
0.5015963018332436
0.501570957515301
0.5015454441794956
0.5015197607463467
0.501493906128756
0.5014678792319518
0.5014416789534311
0.5014153041829037
0.5013887538022328
0.5013620266853777
0.5013351216983354
0.5013080376990823
0.5012807735375138
0.5012533280553859
0.5012257000862549
0.5011978884554169
0.5011698919798482
0.5011417094681432
0.5011133397204537
0.5010847815284273
0.5010560336751446
0.5010270949350584
0.500997964073929
0.5009686398487628
0.5009391210077476
0.5009094062901897
0.5008794944264486
0.5008493841378738
0.5008190741367388
0.5007885631261758
0.5007578498001118
0.5007269328432
0.5006958109307555
0.5006644827286871
0.5006329468934321
0.5006012020718865
0.5005692469013394
0.5005370800094036
0.5005047000139473
0.5004721055230257
0.5004392951348118
0.5004062674375255
0.5003730210093664
0.5003395544184406
0.5003058662226925
0.5002719549698321
0.5002378191972651
0.5002034574320208
0.5001688681906791
0.5001340499793008
0.5000990012933518
0.5000637206176327
0.5000282064262043
0.4999924571823144
0.4999564713383232
0.49992024733563045
0.4998837836045993
0.4998470785644823
0.4998101306233459
0.49977293817799573
0.4997354996138993
0.4996978133051108
0.499659877614195
0.49962169089214953
0.4995832514783287
0.4995445577003659
0.49950560787409576
0.499466400303477
0.499426933280513
0.4993872050851752
0.4993472139853222
0.49930695823662274
0.4992664360824754
0.4992256457539296
0.49918458546960565
0.4991432534356145
0.4991016478454781
0.49905976688004905
0.49901760870742917
0.49897517148288884
0.4989324533487869
0.49888945243448723
0.49884616685628014
0.49880259471729804
0.49875873410743454
0.49871458310326283
0.4986701397679527
0.49862540215118867
0.4985803682890864
0.49853503620411205
0.4984894039049965
0.49844346938665496
0.49839723063010244
0.4983506856023705
0.49830383225642455
0.49825666853107997
0.49820919235091865
0.4981614016262049
0.49811329425280265
0.49806486811209066
0.4980161210708799
0.497967050981328
0.4979176556808571
0.49786793299206833
0.49781788072265987
0.49776749666534087
0.4977167785977489
0.4976657242823655
0.49761433146643247
0.49756259788186863
0.49751052124518513
0.49745809925740214
0.49740532960396516
0.4973522099546629
0.49729873796354124
0.4972449112688229
0.4971907274928221
0.49713618424186334
0.49708127910619715
0.49702600965991894
0.49697037346088563
0.49691436805063416
0.49685799095429906
0.4968012396805314
0.4967441117214173
0.4966866045523959
0.4966287156321805
0.496570442402676
0.49651178228890086
0.4964527326989053
0.49639329102369356
0.4963334546371439
0.4962732208959309
0.4962125871394461
0.4961515506897219
0.49609010885135335
0.4960282589114215
0.49596599813941705
0.49590332378716556
0.4958402330887519
0.4957767232604453
0.49571279150062564
0.49564843498971106
0.4955836508900835
0.49551843634601894
0.4954527884836143
0.4953867044107181
0.4953201812168596
0.49525321597318084
0.4951858057323677
0.49511794752858246
0.4950496383773976
0.49498087527573004
0.4949116552017756
0.4948419751149464
0.49477183195580665
0.4947012226460112
0.49463014408824496
0.494558593166162
0.4944865667443279
0.49441406166816054
0.4943410747638751
0.4942676028384269
0.4941936426794578
0.49411919105524343
0.49404424471464065
0.4939688003870377
0.4938928547823034
0.4938164045907406
0.4937394464830392
0.4936619771102304
0.4935839931036432
0.4935054910748625
0.49342646761568715
0.4933469192980917
0.49326684267418774
0.49318623427618835
0.4931050906163733
0.4930234081870559
0.4929411834605524
0.4928584128891513
0.49277509290508714
0.4926912199205136
0.4926067903274797
0.49252180049790745
0.49243624678357134
0.49235012551608054
0.4922634330068623
0.4921761655471469
0.49208831940795617
0.4919998908400929
0.49191087607413264
0.49182127132041786
0.4917310727690538
0.4916402765899076
0.4915488789326086
0.49145687592655124
0.49136426368090125
0.49127103828460167
0.49117719580638525
0.4910827322947857
0.4909876437781531
0.4908919262646718
0.49079557574238036
0.490698588179195
0.4906009595229338
0.4905026857013464
0.4904037626221447
0.49030418617303523
0.49020395222175706
0.4901030566161204
0.4900014951840489
0.4898992637336242
0.4897963580531353
0.4896927739111284
0.48958850705646106
0.4894835532183591
0.4893779081064776
0.48927156741096345
0.4891645268025214
0.4890567819324847
0.48894832843288705
0.4888391619165391
0.4887292779771076
0.488618672189198
0.48850734010844116
0.48839527727158183
0.4882824791965721
0.4881689413826673
0.48805465931052616
0.4879396284423141
0.4878238442218096
0.4877073020745149
0.4875899974077696
0.48747192561086916
0.4873530820551851
0.4872334620942902
0.48711306106408714
0.48699187428294166
0.48686989705181705
0.4867471246544147
0.4866235523573185
0.4864991754101408
0.48637398904567486
0.4862479884800493
0.4861211689128867
0.48599352552746783
0.48586505349089704
0.48573574795427293
0.485605604052864
0.4854746169062856
0.4853427816186835
0.4852100932789206
0.4850765469607652
0.4849421377230878
0.4848068606100575
0.484670710651346
0.48453368286233195
0.4843957722443123
0.48425697378471655
0.4841172824573246
0.48397669322248965
0.4838352010273623
0.48369280080612403
0.48354948748021803
0.48340525595858935
0.4832601011379263
0.4831140179029061
0.48296700112644547
0.4828190456699539
0.4826701463835913
0.4825202981065299
0.48236949566722
0.4822177338836582
0.48206500756366155
0.481911311505144
0.4817566404963972
0.48160098931637507
0.4814443527349815
0.4812867255133625
0.48112810240420156
0.4809684781520188
0.4808078474934736
0.480646205157671
0.48048354586647085
0.48031986433480167
0.48015515527097685
0.4799894133770149
0.4798226333489622
0.47965480987722003
0.4794859376468745
0.47931601133802915
0.4791450256261416
0.47897297518236126
0.4787998546738744
0.47862565876424573
0.4784503821137696
0.4782740193798186
0.47809656521719845
0.4779180142785044
0.4777383612144788
0.47755760067437475
0.47737572730631816
0.4771927357576756
0.47700862067542227
0.4768233767065141
0.4766369984982588
0.4764494806986948
0.47626081795696507
0.47607100492369914
0.4758800362513931
0.47568790659479254
0.4754946106112786
0.47530014296125317
0.47510449830852686
0.4749076713207092
0.47470965666959913
0.47451044903157596
0.4743100430879942
0.4741084335255766
0.4739056150368103
0.47370158232034126
0.47349633008137393
0.4732898530320663
0.47308214589192965
0.4728732033882264
0.47266302025636997
0.47245159124032365
0.4722389110930005
0.47202497457666237
0.4718097764633215
0.47159331153513706
0.4713755745848185
0.47115656041602066
0.47093626384374543
0.47071467969473807
0.47049180280788644
0.4702676280346159
0.47004215023928725
0.4698153642995905
0.46958726510693927
0.46935784756686433
0.4691271065994049
0.46889503713949865
0.46866163413737144
0.4684268925589242
0.46819080738611896
0.46795337361736333
0.467714586267892
0.4674744403701475
0.46723293097415863
0.46699005314791675
0.4667458019777497
0.46650017256869325
0.4662531600448606
0.4660047595498098
0.4657549662469076
0.4655037753196906
0.4652511819722259
0.46499718142946456
0.46474176893759783
0.46448493976440486
0.4642266891996017
0.46396701255518397
0.4637059051657691
0.4634433623889329
0.46317937960554384
0.46291395222009474
0.46264707566102947
0.4623787453810667
0.4621089568575207
0.4618377055926173
0.46156498711380733
0.4612907969740756
0.4610151307522461
0.46073798405328337
0.4604593525085906
0.4601792317763028
0.45989761754157676
0.459614505516877
0.4593298914422561
0.45904377108563454
0.45875614024307243
0.45846699473903935
0.4581763304266803
0.45788414318807585
0.4575904289345003
0.4572951836066731
0.4569984031750094
0.45670008363986314
0.45640022103176797
0.45609881141167374
0.4557958508711779
0.45549133553275517
0.4551852615499791
0.45487762510774443
0.45456842242248047
0.45425764974236565
0.45394530334753236
0.45363137955027316
0.45331587469523993
0.4529987851596395
0.4526801073534267
0.4523598377194927
0.45203797273385
0.45171450890581294
0.4513894427781766
0.45106277092738956
0.45073448996372634
0.450404596531453
0.4500730873089923
0.4497399590090844
0.44940520837894493
0.44906883220041977
0.4487308272901363
0.448391190499653
0.4480499187156066
0.44770700885985465
0.4473624578896175
0.4470162627976173
0.446668420612214
0.44631892839754095
0.44596778325363684
0.445614982316576
0.44526052275859807
0.4449044017882344
0.44454661665043504
0.4441871646266914
0.44382604303516177
0.44346324923079056
0.44309878060543295
0.4427326345879722
0.4423648086444415
0.4419953002781432
0.44162410702976673
0.441251226477509
0.44087665623719285
0.4405003939623861
0.4401224373445213
0.4397427841130157
0.4393614320353929
0.4389783789174028
0.4385936226031462
0.43820716097519713
0.43781899195472973
0.4374291135016434
0.4370375236146933
0.4366442203316192
0.4362492017292795
0.435852465923785
0.43545401107063775
0.43505383536486986
0.43465193704118626
0.4342483143741126
0.4338429656781414
0.4334358893078869
0.4330270836582398
0.4326165471645274
0.4322042783026769
0.43179027558938354
0.43137453758228206
0.4309570628801228
0.43053785012295387
0.43011689799230557
0.429694205211381
0.4292697705452531
0.4288435928010638
0.4284156708282319
0.4279860035186649
0.42755458980697514
0.42712142867070546
0.42668651913055744
0.4262498602506279
0.4258114511386505
0.4253712909462444
0.42492937886917004
0.4244857141475903
0.4240402960663396
0.42359312395519877
0.4231441971891796
0.42269351518881293
0.42224107742044703
0.4217868833965519
0.42133093267603133
0.42087322486454276
0.4204137596148251
0.41995253662703325
0.4194895556490809
0.4190248164769927
0.41855831895526147
0.418090062977216
0.41762004848539525
0.41714827547193184
0.41667474397894266
0.416199454098928
0.4157224059751792
0.4152435998021933
0.4147630358260973
0.4142807143450801
0.41379663570983144
0.4133108003239906
0.4128232086446021
0.41233386118257986
0.4118427585031791
0.4113499012264772
0.41085529002785975
0.4103589256385178
0.4098608088459507
0.4093609404944768
0.408859321485752
0.40835595277929615
0.4078508353930249
0.40734397040379133
0.4068353589479322
0.4063250022218231
0.4058129014824382
0.4052990580479181
0.404783473298144
0.4042661486753173
0.40374708568454465
0.40322628589443116
0.4027037509376755
0.40217948251167607
0.4016534823791344
0.40112575236867
0.4005962943754381
0.40006511036174874
0.39953220235769515
0.39899757246178114
0.39846122284155516
0.3979231557342454
0.39738337344739977
0.39684187835952756
0.39629867292074283
0.3957537596534103
0.3952071411527938
0.3946588200877046
0.39410879920115083
0.3935570813109881
0.3930036693105706
0.39244856616940116
0.39189177493377975
0.3913332987274553
0.3907731407522702
0.39021130428880835
0.3896477926970375
0.38908260941695183
0.3885157579692086
0.38794724195576424
0.38737706506050434
0.38680523104987213
0.3862317437734884
0.3856566071647707
0.3850798252415433
0.3845014021066437
0.3839213419485211
0.3833396490418293
0.38275632774801077
0.38217138251587424
0.3815848178821647
0.3809966384721209
0.3804068490000291
0.3798154542697637
0.3792224591753182
0.37862786870132675
0.378031687923574
0.377433922009494
0.37683457621865657
0.3762336559032426
0.37563116650850503
0.3750271135732184
0.37442150273011304
0.3738143397062975
0.37320563032366355
0.37259538049927937
0.3719835962457655
0.3713702836716559
0.37075544898174284
0.370139098477405
0.36952123855691926
0.36890187571575406
0.36828101654684836
0.3676586677408673
0.3670348360864456
0.36640952847040714
0.3657827518779689
0.3651545133929235
0.3645248201978046
0.3638936795740293
0.36326109890202257
0.3626270856613208
0.3619916474306536
0.3613547918880059
0.3607165268106577
0.36007686007520334
0.3594357996575481
0.3587933536328842
0.3581495301756422
0.3575043375594238
0.3568577841569094
0.35620987843974333
0.35556062897839824
0.35491004444201446
0.3542581335982179
0.353604905312914
0.3529503685500597
0.35229453237141106
0.3516374059362485
0.3509789985010786
0.3503193194193126
0.34965837814092154
0.34899618421206946
0.34833274727472047
0.3476680770662266
0.34700218341888944
0.34633507625950044
0.3456667656088582
0.34499726158126165
0.34432657438398284
0.34365471431671624
0.3429816917710031
0.3423075172296398
0.3416322012660571
0.340955754543683
0.3402781878152815
0.3395995119222703
0.33891973779401763
0.3382388764471182
0.33755693898464934
0.3368739365954052
0.33618988055311155
0.3355047822156222
0.33481865302409375
0.3341315045021439
0.33344334825498756
0.33275419596855826
0.3320640594086087
0.33137295041979553
0.33068088092474535
0.3299878629231047
0.32929390849057333
0.32859902977792077
0.3279032390099883
0.32720654848467434
0.32650897057190625
0.32581051771259606
0.3251112024175838
0.3244110372665655
0.3237100349070101
0.323008208053062
0.32230556948443084
0.3216021320452727
0.3208979086430544
0.3201929122474132
0.319487155889001
0.31878065265832045
0.3180734157045526
0.31736545823437284
0.31665679351076065
0.31594743485179877
0.3152373956294681
0.3145266892684303
0.31381532924480854
0.3131033290849583
0.3123907023642338
0.31167746270574903
0.31096362377913234
0.31024919929927725
0.3095342030250898
0.3088186487582303
0.3081025503418526
0.3073859216593399
0.3066687766330393
0.3059511292229916
0.30523299342566196
0.3045143832726664
0.3037953128295
0.3030757961942613
0.30235584749637906
0.30163548089533754
0.30091471057940156
0.30019355076434384
0.29947201569217113
0.29875011962985415
0.2980278768680562
0.2973053017198658
0.2965824085195305
0.29585921162119255
0.29513572539762944
0.29441196423899363
0.2936879425515583
0.2929636747564663
0.29223917528848103
0.2915144585947428
0.2907895391335271
0.2900644313730102
0.28933914979003567
0.28861370886888826
0.2878881231000704
0.28716240697908435
0.28643657500522035
0.2857106416803484
0.2849846215077153
0.2842585289907484
0.28353237863186387
0.2828061849312809
0.2820799623858411
0.2813537254878343
0.2806274887238297
0.2799012665735132
0.27917507350853127
0.2784489239913388
0.2777228324740568
0.27699681339733123
0.2762708811892033
0.27554505026398085
0.2748193350211207
0.27409374984411344
0.2733683090993772
0.27264302713515554
0.271917918280423
0.27119299684379705
0.27046827711245464
0.26974377335105726
0.2690194998006804
0.26829547067775067
0.2675717001729878
0.2668482024503537
0.266124991646008
0.2654020818672684
0.2646794871915793
0.2639572216654836
0.263235299303604
0.26251373408762746
0.26179253996529755
0.2610717308494118
0.2603513206168253
0.25963132310746095
0.2589117521233243
0.25819262142752547
0.25747394474330676
0.2567557357530751
0.2560380080974425
0.25532077537426917
0.2546040511377163
0.25388784889730126
0.25317218211696
0.2524570642141163
0.251742508558754
0.2510285284724988
0.2503151372277015
0.24960234804653064
0.24889017410006992
0.2481786285074191
0.247467724334805
0.24675747459469413
0.24604789224491455
0.24533899018778013
0.24463078126922488
0.24392327827793922
0.2432164939445153
0.24251044094059584
0.24180513187803085
0.24110057930804063
0.240396795720382
0.23969379354252524
0.23899158513883298
0.23829018280974956
0.2375895987909924
0.23688984525275306
0.2361909342989052
0.23549287796621535
0.23479568822356506
0.23409937697117705
0.23340395603984876
0.23270943719019344
0.23201583211188814
0.23132315242292845
0.2306314096688916
0.2299406153222054
0.2292507807814258
0.22856191737052278
0.22787403633817227
0.22718714885705632
0.22650126602317341
0.22581639885515373
0.22513255829358425
0.22444975520034316
0.22376800035794112
0.22308730446887093
0.2224076781549685
0.22172913195677968
0.22105167633293804
0.22037532165955132
0.2197000782295963
0.21902595625232507
0.21835296585267902
0.21768111707071297
0.21701041986103004
0.21634088409222532
0.21567251954634004
0.21500533591832743
0.21433934281552525
0.2136745497571437
0.2130109661737598
0.21234860140682518
0.21168746470818312
0.21102756523959781
0.21036891207229425
0.20971151418650938
0.20905538047105432
0.20840051972288914
0.2077469406467081
0.2070946518545373
0.20644366186534416
0.20579397910465863
0.20514561190420577
0.20449856850155354
0.20385285703976735
0.20320848556708312
0.20256546203658848
0.20192379430591778
0.2012834901369608
0.20064455719558202
0.20000700305135513
0.19937083517730814
0.1987360609496825
0.19810268764770553
0.1974707224533756
0.1968401724512593
0.19621104462830316
0.1955833458736586
0.19495708297851846
0.1943322626359691
0.19370889144085396
0.19308697588965068
0.19246652238036288
0.1918475372124238
0.19123002658661364
0.19061399660499134
0.18999945327083756
0.18938640248861421
0.18877485006393332
0.18816480170354288
0.18755626301532477
0.18694923950830417
0.18634373659267567
0.18573975957983957
0.18513731368245323
0.18453640401449486
0.18393703559134078
0.1833392133298546
0.18274294204849142
0.18214822646741394
0.1815550712086198
0.18096348079608574
0.18037345965591994
0.17978501211653047
0.17919814240880452
0.1786128546663007
0.1780291529254537
0.1774470411257912
0.1768665231101626
0.17628760262498105
0.1757102833204758
0.1751345687509573
0.17456046237509482
0.17398796755620394
0.17341708756254687
0.1728478255676441
0.17228018465059597
0.17171416779641818
0.17114977789638403
0.1705870177483822
0.1700258900572818
0.1694663974353094
0.16890854240243605
0.16835232738677547
0.16779775472499037
0.16724482666271076
0.16669354535496164
0.16614391286659838
0.165595931172755
0.16504960215929793
0.1645049276232927
0.16396190927347606
0.16342054873073927
0.16288084752861928
0.1623428071137986
0.16180642884661184
0.16127171400156373
0.16073866376785112
0.16020727924989592
0.15967756146788326
0.15914951135830882
0.1586231297745322
0.1580984174873379
0.15757537518550196
0.1570540034763679
0.1565343028864259
0.15601627386190067
0.155499916769344
0.1549852318962337
0.15447221945157874
0.15396087956652935
0.15345121229499245
0.15294321761425234
0.15243689542559632
0.1519322455549463
0.15142926775349277
0.15092796169833517
0.15042832699312506
0.149930363168715
0.14943406968380973
0.14893944592562236
0.14844649121053283
0.14795520478475133
0.14746558582498284
0.14697763343909703
0.14649134666679917
0.14600672448030413
0.14552376578501433
0.14504246942019725
0.14456283415966759
0.14408485871247076
0.1436085417235673
0.14313388177451947
0.14266087738418048
0.1421895270093831
0.14171982904563116
0.14125178182779072
0.14078538363078347
0.1403206326702797
0.13985752710339208
0.13939606502937066
0.13893624449029746
0.1384780634717808
0.13802151990365064
0.1375666116606533
0.13711333656314478
0.136661692377787
0.1362116768182388
0.13576328754584965
0.13531652217035173
0.13487137825055084
0.1344278532950156
0.13398594476276682
0.13354565006396446
0.1331069665605938
0.13266989156714903
0.13223442235131722
0.13180055613465774
0.13136829009328216
0.13093762135853082
0.1305085470176478
0.13008106411445375
0.12965516965001528
0.1292308605833142
0.1288081338319119
0.12838698627261258
0.12796741474212264
0.12754941603770936
0.12713298691785385
0.12671812410290287
0.12630482427571746
0.12589308408231867
0.12548290013252844
0.12507426900060897
0.1246671872258982
0.12426165131344177
0.12385765773462087
0.12345520292777837
0.12305428329883863
0.12265489522192577
0.12225703503997752
0.12186069906535522
0.12146588358044932
0.12107258483828179
0.12068079906310472
0.12029052245099386
0.11990175117043853
0.11951448136292805
0.11912870914353271
0.11874443060148164
0.11836164180073609
0.11798033878055773
0.1176005175560732
0.11722217411883507
0.11684530443737629
0.11646990445776212
0.1160959701041365
0.11572349727926474
0.11535248186507023
0.1149829197231686
0.11461480669539492
0.11424813860432917
0.1138829112538137
0.11351912042946845
0.11315676189920154
0.11279583141371313
0.1124363247069965
0.11207823749683368
0.11172156548528611
0.11136630435918124
0.11101244979059359
0.11065999743732126
0.11030894294335843
0.10995928193936155
0.10961101004311229
0.1092641228599748
0.10891861598334784
0.10857448499511384
0.10823172546608063
0.10789033295642064
0.10755030301610426
0.10721163118532781
0.10687431299493819
0.10653834396685212
0.10620371961446945
0.10587043544308393
0.1055384869502872
0.10520786962636937
0.10487857895471361
0.1045506104121878
0.10422395946952961
0.10389862159172794
0.10357459223839932
0.10325186686415974
0.10293044091899223
0.10261030984860874
0.1022914690948081
0.10197391409583016
0.1016576402867033
0.10134264309958957
0.1010289179641235
0.1007164603077478
0.1004052655560436
0.10009532913305641
0.09978664646161826
0.09947921296366413
0.09917302406054539
0.09886807517333802
0.09856436172314625
0.09826187913140247
0.09796062282016298
0.09766058821239818
0.0973617707322803
0.09706416580546554
0.09676776885937219
0.09647257532345536
0.09617858062947657
0.09588578021177
0.09559416950750363
0.09530374395693794
0.09501449900367934
0.09472643009492895
0.09443953268172978
0.09415380221920731
0.0938692341668082
0.09358582398853355
0.09330356715316954
0.09302245913451358
0.09274249541159657
0.09246367146890212
0.09218598279658122
0.09190942489066337
0.09163399325326457
0.09135968339279163
0.09108649082414161
0.0908144110688996
0.09054343965553152
0.09027357211957415
0.09000480400382112
0.08973713085850633
0.08947054824148296
0.08920505171839962
0.08894063686287354
0.0886772992566593
0.0884150344898157
0.08815383816086836
0.08789370587696921
0.08763463325405349
0.08737661591699306
0.08711964949974609
0.08686372964550514
0.08660885200684065
0.08635501224584236
0.08610220603425721
0.08585042905362505
0.08559967699541032
0.08534994556113172
0.08510123046248887
0.0848535274214858
0.08460683217055173
0.08436114045265984
0.08411644802144194
0.08387275064130187
0.08363004408752499
0.08338832414638626
0.08314758661525443
0.08290782730269486
0.08266904202856881
0.08243122662413102
0.08219437693212428
0.08195848880687173
0.0817235581143666
0.08148958073236012
0.08125655255044614
0.0810244694701445
0.08079332740498084
0.0805631222805656
0.08033385003466945
0.08010550661729747
0.07987808799076031
0.07965159012974422
0.07942600902137796
0.07920134066529814
0.07897758107371246
0.07875472627146103
0.07853277229607508
0.07831171519783417
0.07809155103982203
0.07787227589797875
0.07765388586115299
0.07743637703115133
0.07721974552278538
0.07700398746391818
0.07678909899550779
0.07657507627165004
0.07636191545961851
0.0761496127399034
0.07593816430624921
0.07572756636568903
0.07551781513857952
0.07530890685863227
0.07510083777294445
0.07489360414202834
0.07468720223983805
0.07448162835379588
0.07427687878481651
0.0740729498473304
0.07386983786930455
0.0736675391922631
0.07346605017130578
0.07326536717512541
0.07306548658602327
0.07286640479992436
0.07266811822639
0.07247062328863023
0.07227391642351425
0.0720779940815799
0.07188285272704166
0.0716884888377981
0.071494898905437
0.07130207943524045
0.07111002694618795
0.07091873797095903
0.07072820905593429
0.07053843676119527
0.07034941766052392
0.07016114834140015
0.0699736254049993
0.06978684546618719
0.06960080515351595
0.06941550110921736
0.06923092998919587
0.06904708846302086
0.0688639732139176
0.06868158093875726
0.06849990834804635
0.06831895216591514
0.06813870913010495
0.06795917599195525
0.06778034951638896
0.06760222648189812
0.06742480368052747
0.06724807791785843
0.06707204601299167
0.06689670479852879
0.06672205112055392
0.06654808183861358
0.0663747938256976
0.06620218396821675
0.06603024916598221
0.06585898633218279
0.06568839239336256
0.06551846428939656
0.06534919897346701
0.06518059341203883
0.06501264458483375
0.06484534948480439
0.06467870511810835
0.06451270850408033
0.06434735667520476
0.06418264667708824
0.06401857556842946
0.06385514042099191
0.06369233831957237
0.0635301663619719
0.06336862165896472
0.06320770133426719
0.06304740252450604
0.06288772237918702
0.06272865806066164
0.06257020674409496
0.062412365617431964
0.06225513188136395
0.062098502749294696
0.061942475447306036
0.061787047214122426
0.06163221530107699
0.061477976972074994
0.06132432950355825
0.06117127018446955
0.061018796316215346
0.06086690521262956
0.06071559419993637
0.06056486061671249
0.06041470181384998
0.060265115154518226
0.06011609801412525
0.05996764778028003
0.0598197618527531
0.05967243764343814
0.05952567257631221
0.05937946408739697
0.05923380962471847
0.059088706648267826
0.05894415262996072
0.058800145053597444
0.05865668141482244
0.05851375922108344
0.05837137599159107
0.058229529257277736
0.05808821656075617
0.05794743545627878
0.057807183509695804
0.057667458298413604
0.05752825741135358
0.05738957844890983
0.057251419022907174
0.05711377675655954
0.05697664928442725
0.05684003425237535
0.056703929317530384
0.05656833214823883
0.056433240424023805
0.056298651835542765
0.05616456408454494
0.05603097488382812
0.05589788195719589
0.05576528303941511
0.055633175876172176
0.05550155822403099
0.055370427850388614
0.0552397825334333
0.05510962006210062
0.05497993823603073
0.054850734865524456
0.05472200777150073
0.05459375478545291
0.054465973749405774
0.05433866251587173
0.05421181894780803
0.05408544091857301
0.05395952631188329
0.05383407302176968
0.05370907895253446
0.0535845420187081
0.05346046014500544
0.05333683126628296
0.05321365332749517
0.05309092428365143
0.0529686420997731
0.05284680475084968
0.052725410221796304
0.05260445650741043
0.05248394161232854
0.05236386355098331
0.05224422034756079
0.05212501003595715
0.05200623065973599
0.051887880272085435
0.05176995693577553
0.051652458723115205
0.05153538371591008
0.05141873000541941
0.05130249569231387
0.051186678886632864
0.0510712777077426
0.05095629028429332
0.050841714754177134
0.05072754926448631
0.050613791971470395
0.05050044104049509
0.050387494645999995
0.05027495097145645
0.050162808209326344
0.050051064561020354
0.04993971823685595
