0.49039621038428166
0.5337007896270952
0.5318077214315289
0.5301858685105061
0.5289892131691121
0.5281104518347314
0.5274665889662762
0.5269951703223565
0.5266496918093961
0.5263957980295821
0.5262082613638344
0.5260686441709199
0.5259635225529706
0.5258831542304073
0.525820488804867
0.5257704374360643
0.5257293366852687
0.5256945564286571
0.5256642139947133
0.5256369662560523
0.5256118587282219
0.5255882162436956
0.5255655638811566
0.5255435698729918
0.5255220044536438
0.5255007102536229
0.5254795810445004
0.5254585465158914
0.5254375614030972
0.5254165977477536
0.5253956394106035
0.5253746781998713
0.5253537111558438
0.5253327386605544
0.5253117631342906
0.5252907881477512
0.5252698178271358
0.5252488564644056
0.5252279082701328
0.5252069772244642
0.5251860669947318
0.525165180897554
0.5251443218899371
0.525123492578623
0.5251026952403076
0.525081931847726
0.5250612040982834
0.5250405134430769
0.5250198611149616
0.5249992481548714
0.5249786754359824
0.5249581436855475
0.5249376535043957
0.5249172053841921
0.5248967997226013
0.5248764368365357
0.5248561169736775
0.5248358403224604
0.5248156070206902
0.5247954171629716
0.5247752708070926
0.5247551679795024
0.5247351086800051
0.5247150928857752
0.5246951205547924
0.5246751916287715
0.5246553060356649
0.5246354636917961
0.5246156645036776
0.5245959083695592
0.5245761951807466
0.5245565248227242
0.5245368971761086
0.5245173121174618
0.52449776951998
0.5244782692540816
0.5244588111879055
0.5244393951877341
0.5244200211183532
0.5244006888433579
0.5243813982254106
0.5243621491264625
0.5243429414079385
0.5243237749308965
0.524304649556161
0.5242855651444364
0.5242665215564033
0.5242475186527998
0.5242285562944907
0.5242096343425244
0.5241907526581828
0.5241719111030225
0.5241531095389094
0.5241343478280472
0.5241156258330033
0.5240969434167282
0.5240783004425726
0.5240596967743021
0.5240411322761085
0.5240226068126198
0.5240041202489079
0.5239856724504945
0.5239672632833576
0.5239488926139344
0.5239305603091248
0.5239122662362937
0.5238940102632731
0.5238757922583629
0.5238576120903315
0.5238394696284172
0.5238213647423267
0.5238032973022355
0.5237852671787879
0.5237672742430957
0.5237493183667368
0.5237313994217555
0.5237135172806602
0.5236956718164228
0.523677862902477
0.5236600904127177
0.5236423542214976
0.5236246542036287
0.5236069902343774
0.5235893621894663
0.5235717699450698
0.5235542133778139
0.5235366923647751
0.523519206783477
0.5235017565118899
0.5234843414284294
0.5234669614119541
0.5234496163417637
0.5234323060975983
0.5234150305596362
0.5233977896084921
0.5233805831252158
0.5233634109912904
0.5233462730886306
0.5233291692995812
0.5233120995069156
0.5232950635938342
0.523278061443962
0.5232610929413484
0.5232441579704644
0.5232272564162017
0.5232103881638708
0.5231935530991993
0.5231767511083312
0.5231599820778241
0.5231432458946484
0.5231265424461862
0.5231098716202283
0.5230932333049743
0.5230766273890299
0.5230600537614066
0.5230435123115185
0.5230270029291825
0.5230105255046156
0.5229940799284345
0.5229776660916533
0.5229612838856821
0.5229449332023259
0.5229286139337831
0.5229123259726436
0.5228960692118885
0.5228798435448873
0.5228636488653967
0.5228474850675608
0.5228313520459074
0.5228152496953484
0.5227991779111771
0.5227831365890679
0.5227671256250742
0.5227511449156274
0.5227351943575355
0.5227192738479817
0.5227033832845223
0.5226875225650875
0.5226716915879771
0.5226558902518623
0.5226401184557812
0.5226243760991404
0.5226086630817117
0.5225929793036316
0.5225773246654002
0.5225616990678794
0.5225461024122915
0.5225305346002187
0.5225149955336013
0.5224994851147363
0.5224840032462768
0.5224685498312298
0.5224531247729558
0.5224377279751672
0.5224223593419268
0.5224070187776473
0.5223917061870892
0.5223764214753605
0.5223611645479145
0.5223459353105496
0.5223307336694073
0.5223155595309715
0.522300412802067
0.5222852933898583
0.5222702012018492
0.5222551361458803
0.5222400981301287
0.5222250870631069
0.5222101028536612
0.522195145410971
0.5221802146445472
0.5221653104642313
0.5221504327801947
0.5221355815029362
0.5221207565432825
0.5221059578123863
0.5220911852217252
0.5220764386831
0.5220617181086358
0.5220470234107777
0.5220323545022922
0.5220177112962652
0.5220030937061009
0.5219885016455206
0.521973935028562
0.5219593937695781
0.5219448777832356
0.5219303869845148
0.5219159212887072
0.5219014806114156
0.5218870648685531
0.5218726739763405
0.5218583078513078
0.5218439664102906
0.5218296495704307
0.5218153572491743
0.5218010893642717
0.5217868458337758
0.5217726265760407
0.5217584315097212
0.5217442605537724
0.5217301136274475
0.521715990650297
0.5217018915421687
0.5216878162232057
0.5216737646138457
0.5216597366348205
0.5216457322071543
0.5216317512521628
0.5216177936914529
0.5216038594469213
0.5215899484407533
0.5215760605954223
0.5215621958336885
0.5215483540785981
0.5215345352534826
0.5215207392819574
0.521506966087921
0.5214932155955545
0.5214794877293197
0.5214657824139599
0.5214520995744965
0.5214384391362303
0.5214248010247398
0.5214111851658799
0.5213975914857815
0.52138401991085
0.5213704703677657
0.5213569427834814
0.5213434370852221
0.5213299532004847
0.5213164910570359
0.5213030505829124
0.5212896317064196
0.5212762343561305
0.5212628584608852
0.5212495039497902
0.521236170752217
0.5212228587978008
0.5212095680164417
0.5211962983383014
0.5211830496938037
0.5211698220136335
0.5211566152287356
0.5211434292703144
0.5211302640698324
0.5211171195590102
0.5211039956698245
0.5210908923345087
0.5210778094855505
0.5210647470556924
0.5210517049779307
0.5210386831855138
0.5210256816119423
0.5210127001909675
0.5209997388565915
0.5209867975430651
0.5209738761848887
0.5209609747168097
0.5209480930738232
0.5209352311911699
0.5209223890043364
0.5209095664490542
0.5208967634612982
0.520883979977287
0.5208712159334807
0.520858471266582
0.5208457459135336
0.5208330398115191
0.5208203528979602
0.5208076851105184
0.520795036387092
0.5207824066658169
0.5207697958850648
0.5207572039834433
0.5207446308997944
0.5207320765731948
0.5207195409429535
0.5207070239486125
0.5206945255299459
0.5206820456269585
0.5206695841798855
0.5206571411291916
0.5206447164155708
0.5206323099799444
0.5206199217634622
0.5206075517075001
0.52059519975366
0.5205828658437693
0.5205705499198799
0.5205582519242676
0.5205459717994312
0.5205337094880921
0.5205214649331935
0.5205092380778998
0.5204970288655955
0.5204848372398848
0.5204726631445913
0.5204605065237563
0.5204483673216392
0.5204362454827164
0.5204241409516798
0.5204120536734381
0.5203999835931139
0.5203879306560444
0.5203758948077803
0.5203638759940855
0.5203518741609359
0.5203398892545188
0.520327921221233
0.5203159700076866
0.5203040355606985
0.5202921178272955
0.5202802167547133
0.5202683322903949
0.5202564643819909
0.5202446129773577
0.5202327780245574
0.5202209594718575
0.5202091572677299
0.5201973713608502
0.5201856017000973
0.5201738482345524
0.5201621109134987
0.5201503896864211
0.5201386845030047
0.520126995313135
0.5201153220668964
0.5201036647145728
0.5200920232066459
0.520080397493795
0.5200687875268966
0.5200571932570232
0.5200456146354435
0.5200340516136213
0.5200225041432143
0.5200109721760754
0.5199994556642497
0.5199879545599757
0.5199764688156839
0.5199649983839965
0.5199535432177265
0.5199421032698774
0.5199306784936426
0.5199192688424048
0.5199078742697351
0.519896494729393
0.5198851301753253
0.519873780561666
0.5198624458427349
0.5198511259730383
0.5198398209072674
0.5198285306002979
0.5198172550071898
0.5198059940831867
0.5197947477837149
0.5197835160643836
0.519772298880983
0.5197610961894856
0.5197499079460441
0.5197387341069917
0.5197275746288406
0.519716429468283
0.5197052985821888
0.5196941819276069
0.5196830794617627
0.5196719911420592
0.5196609169260755
0.5196498567715666
0.5196388106364628
0.5196277784788695
0.5196167602570663
0.519605755929506
0.5195947654548151
0.5195837887917929
0.5195728258994106
0.5195618767368112
0.5195509412633086
0.5195400194383879
0.5195291112217033
0.5195182165730798
0.5195073354525106
0.5194964678201578
0.5194856136363513
0.5194747728615893
0.5194639454565358
0.5194531313820225
0.5194423305990468
0.5194315430687713
0.5194207687525242
0.5194100076117976
0.5193992596082483
0.5193885247036965
0.519377802860125
0.5193670940396801
0.5193563982046693
0.5193457153175621
0.5193350453409895
0.5193243882377427
0.5193137439707729
0.5193031125031915
0.519292493798269
0.5192818878194343
0.5192712945302749
0.5192607138945362
0.5192501458761205
0.5192395904390873
0.5192290475476525
0.5192185171661878
0.5192079992592203
0.5191974937914323
0.5191870007276607
0.5191765200328962
0.5191660516722828
0.5191555956111189
0.5191451518148544
0.5191347202490921
0.5191243008795865
0.5191138936722431
0.519103498593119
0.5190931156084211
0.5190827446845067
0.5190723857878826
0.5190620388852049
0.5190517039432779
0.5190413809290548
0.5190310698096364
0.5190207705522706
0.5190104831243525
0.5190002074934239
0.5189899436271725
0.5189796914934313
0.5189694510601794
0.5189592222955398
0.5189490051677808
0.5189387996453136
0.518928605696694
0.5189184232906199
0.518908252395933
0.5188980929816163
0.518887945016795
0.5188778084707362
0.5188676833128474
0.518857569512677
0.5188474670399137
0.5188373758643858
0.5188272959560611
0.5188172272850465
0.5188071698215874
0.5187971235360669
0.5187870883990071
0.518777064381066
0.5187670514530396
0.5187570495858602
0.5187470587505962
0.5187370789184521
0.5187271100607672
0.518717152149016
0.5187072051548084
0.5186972690498874
0.5186873438061304
0.5186774293955482
0.5186675257902845
0.518657632962616
0.5186477508849512
0.5186378795298312
0.5186280188699278
0.5186181688780445
0.5186083295271156
0.5185985007902055
0.5185886826405086
0.5185788750513491
0.5185690779961808
0.5185592914485859
0.518549515382275
0.5185397497710873
0.5185299945889897
0.5185202498100765
0.5185105154085689
0.5185007913588149
0.5184910776352887
0.5184813742125908
0.5184716810654468
0.5184619981687082
0.518452325497351
0.5184426630264753
0.5184330107313063
0.5184233685871925
0.5184137365696057
0.5184041146541412
0.5183945028165166
0.5183849010325725
0.5183753092782711
0.5183657275296967
0.5183561557630544
0.518346593954671
0.5183370420809933
0.518327500118589
0.5183179680441455
0.5183084458344699
0.5182989334664884
0.518289430917247
0.5182799381639089
0.5182704551837571
0.5182609819541915
0.5182515184527303
0.5182420646570083
0.518232620544778
0.5182231860939079
0.5182137612823836
0.5182043460883055
0.5181949404898907
0.518185544465471
0.5181761579934937
0.5181667810525199
0.5181574136212262
0.5181480556784024
0.5181387072029522
0.5181293681738925
0.5181200385703535
0.5181107183715782
0.5181014075569219
0.518092106105852
0.5180828139979474
0.518073531212899
0.5180642577305085
0.5180549935306883
0.5180457385934619
0.5180364928989627
0.5180272564274336
0.5180180291592278
0.5180088110748073
0.5179996021547435
0.5179904023797162
0.5179812117305133
0.5179720301880313
0.5179628577332741
0.5179536943473533
0.5179445400114875
0.5179353947070024
0.5179262584153299
0.5179171311180085
0.5179080127966822
0.5178989034331012
0.5178898030091208
0.5178807115067012
0.517871628907908
0.5178625551949105
0.5178534903499827
0.5178444343555022
0.5178353871939507
0.5178263488479127
0.5178173193000758
0.5178082985332303
0.5177992865302695
0.5177902832741883
0.5177812887480838
0.5177723029351544
0.5177633258186998
0.5177543573821212
0.5177453976089199
0.5177364464826981
0.5177275039871583
0.5177185701061021
0.5177096448234318
0.5177007281231483
0.5176918199893519
0.5176829204062413
0.5176740293581141
0.5176651468293659
0.5176562728044907
0.5176474072680795
0.5176385502048212
0.5176297015995015
0.5176208614370034
0.5176120297023058
0.5176032063804846
0.5175943914567117
0.5175855849162544
0.5175767867444756
0.5175679969268334
0.5175592154488814
0.5175504422962671
0.5175416774547332
0.5175329209101159
0.517524172648346
0.5175154326554475
0.5175067009175376
0.517497977420827
0.5174892621516195
0.5174805550963107
0.5174718562413892
0.5174631655734356
0.5174544830791221
0.5174458087452123
0.5174371425585618
0.5174284845061164
0.5174198345749131
0.51741119275208
0.5174025590248341
0.5173939333804838
0.5173853158064262
0.5173767062901488
0.5173681048192276
0.5173595113813281
0.5173509259642044
0.5173423485556993
0.5173337791437431
0.517325217716355
0.5173166642616417
0.5173081187677969
0.5172995812231025
0.5172910516159261
0.5172825299347235
0.5172740161680358
0.5172655103044909
0.5172570123328029
0.5172485222417711
0.5172400400202809
0.5172315656573027
0.5172230991418918
0.5172146404631885
0.5172061896104175
0.5171977465728883
0.5171893113399934
0.5171808839012101
0.5171724642460986
0.5171640523643034
0.5171556482455508
0.5171472518796509
0.517138863256496
0.5171304823660613
0.517122109198403
0.5171137437436601
0.5171053859920534
0.5170970359338845
0.5170886935595365
0.5170803588594733
0.5170720318242401
0.5170637124444617
0.5170554007108434
0.5170470966141708
0.5170388001453091
0.5170305112952029
0.5170222300548765
0.5170139564154327
0.5170056903680535
0.5169974319039995
0.5169891810146096
0.5169809376913005
0.5169727019255673
0.5169644737089828
0.5169562530331966
0.5169480398899363
0.5169398342710058
0.5169316361682862
0.516923445573735
0.5169152624793859
0.5169070868773487
0.516898918759809
0.516890758119028
0.5168826049473423
0.5168744592371638
0.5168663209809791
0.5168581901713493
0.5168500668009105
0.5168419508623725
0.5168338423485195
0.5168257412522095
0.5168176475663735
0.5168095612840164
0.5168014823982158
0.5167934109021227
0.5167853467889603
0.5167772900520242
0.5167692406846826
0.5167611986803751
0.5167531640326137
0.5167451367349816
0.5167371167811331
0.5167291041647938
0.5167210988797604
0.5167131009198996
0.5167051102791496
0.516697126951517
0.5166891509310805
0.5166811822119868
0.516673220788453
0.5166652666547655
0.5166573198052793
0.5166493802344188
0.5166414479366763
0.5166335229066137
0.5166256051388596
0.5166176946281118
0.5166097913691353
0.5166018953567627
0.5165940065858937
0.5165861250514956
0.5165782507486022
0.5165703836723137
0.5165625238177973
0.5165546711802863
0.5165468257550796
0.5165389875375417
0.5165311565231036
0.5165233327072609
0.5165155160855742
0.5165077066536696
0.5164999044072371
0.516492109342032
0.5164843214538728
0.5164765407386432
0.5164687671922894
0.5164610008108224
0.5164532415903156
0.5164454895269059
0.5164377446167938
0.5164300068562409
0.5164222762415727
0.5164145527691762
0.516406836435501
0.5163991272370579
0.5163914251704198
0.5163837302322206
0.5163760424191558
0.5163683617279813
0.5163606881555143
0.5163530216986321
0.5163453623542721
0.5163377101194326
0.516330064991171
0.5163224269666045
0.5163147960429099
0.5163071722173229
0.5162995554871386
0.5162919458497103
0.5162843433024505
0.5162767478428294
0.5162691594683757
0.516261578176676
0.516254003965374
0.5162464368321716
0.5162388767748276
0.5162313237911578
0.5162237778790347
0.5162162390363876
0.516208707261202
0.5162011825515195
0.5161936649054376
0.5161861543211098
0.5161786507967446
0.5161711543306062
0.5161636649210137
0.5161561825663408
0.5161487072650159
0.516141239015522
0.5161337778163962
0.5161263236662295
0.5161188765636662
0.5161114365074048
0.5161040034961963
0.5160965775288459
0.5160891586042105
0.5160817467212
0.5160743418787772
0.5160669440759562
0.5160595533118039
0.5160521695854384
0.5160447928960294
0.516037423242798
0.5160300606250164
0.5160227050420074
0.5160153564931451
0.5160080149778532
0.5160006804956059
0.5159933530459275
0.5159860326283919
0.5159787192426228
0.5159714128882928
0.5159641135651238
0.5159568212728863
0.5159495360113999
0.5159422577805324
0.5159349865801995
0.5159277224103654
0.5159204652710417
0.5159132151622875
0.5159059720842091
0.5158987360369602
0.5158915070207414
0.5158842850357995
0.5158770700824282
0.5158698621609666
0.5158626612718005
0.5158554674153615
0.5158482805921258
0.5158411008026157
0.5158339280473985
0.5158267623270858
0.5158196036423344
0.515812451993845
0.5158053073823625
0.515798169808676
0.5157910392736185
0.5157839157780653
0.5157767993229366
0.5157696899091945
0.5157625875378439
0.5157554922099327
0.5157484039265509
0.5157413226888307
0.5157342484979459
0.5157271813551126
0.5157201212615874
0.5157130682186687
0.5157060222276958
0.5156989832900485
0.5156919514071473
0.5156849265804531
0.5156779088114662
0.5156708981017275
0.515663894452817
0.515656897866354
0.5156499083439975
0.5156429258874446
0.5156359504984316
0.5156289821787329
0.5156220209301612
0.5156150667545673
0.5156081196538396
0.5156011796299039
0.5155942466847233
0.515587320820298
0.5155804020386652
0.5155734903418981
0.5155665857321066
0.5155596882114367
0.5155527977820701
0.515545914446224
0.5155390382061517
0.5155321690641405
0.5155253070225134
0.5155184520836282
0.5155116042498766
0.5155047635236848
0.5154979299075129
0.5154911034038545
0.5154842840152375
0.5154774717442216
0.5154706665934012
0.5154638685654024
0.5154570776628841
0.5154502938885375
0.5154435172450857
0.5154367477352841
0.5154299853619192
0.515423230127809
0.5154164820358028
0.5154097410887805
0.5154030072896525
0.51539628064136
0.5153895611468741
0.5153828488091958
0.515376143631356
0.5153694456164145
0.5153627547674606
0.5153560710876126
0.5153493945800174
0.5153427252478504
0.5153360630943148
0.5153294081226427
0.5153227603360926
0.5153161197379517
0.5153094863315335
0.5153028601201795
0.5152962411072566
0.5152896292961594
0.5152830246903078
0.5152764272931487
0.5152698371081537
0.5152632541388208
0.5152566783886725
0.5152501098612569
0.5152435485601465
0.5152369944889388
0.5152304476512547
0.5152239080507399
0.5152173756910639
0.5152108505759189
0.515204332709021
0.5151978220941097
0.5151913187349462
0.5151848226353154
0.5151783337990236
0.5151718522298994
0.5151653779317934
0.5151589109085771
0.5151524511641444
0.5151459987024088
0.5151395535273061
0.515133115642791
0.5151266850528398
0.5151202617614481
0.5151138457726313
0.5151074370904245
0.5151010357188825
0.515094641662078
0.5150882549241032
0.5150818755090687
0.5150755034211032
0.5150691386643536
0.5150627812429843
0.5150564311611769
0.5150500884231313
0.5150437530330629
0.5150374249952049
0.5150311043138066
0.5150247909931331
0.5150184850374662
0.5150121864511028
0.5150058952383553
0.5149996114035513
0.5149933349510336
0.5149870658851592
0.5149808042102998
0.5149745499308409
0.5149683030511822
0.514962063575737
0.5149558315089316
0.5149496068552057
0.5149433896190119
0.514937179804815
0.5149309774170924
0.5149247824603335
0.5149185949390394
0.514912414857723
0.5149062422209081
0.5149000770331295
0.5148939192989329
0.5148877690228749
0.5148816262095217
0.5148754908634493
0.5148693629892444
0.5148632425915016
0.5148571296748264
0.514851024243832
0.5148449263031402
0.5148388358573821
0.5148327529111961
0.5148266774692287
0.5148206095361343
0.5148145491165739
0.5148084962152162
0.5148024508367361
0.514796412985816
0.5147903826671434
0.5147843598854124
0.5147783446453228
0.5147723369515798
0.5147663368088937
0.51476034422198
0.5147543591955586
0.5147483817343538
0.514742411843094
0.5147364495265115
0.5147304947893425
0.5147245476363261
0.5147186080722047
0.5147126761017232
0.5147067517296294
0.5147008349606728
0.5146949257996059
0.5146890242511815
0.514683130320155
0.5146772440112825
0.5146713653293211
0.5146654942790284
0.5146596308651626
0.5146537750924818
0.5146479269657438
0.5146420864897064
0.5146362536691265
0.5146304285087595
0.5146246110133604
0.5146188011876824
0.5146129990364765
0.5146072045644916
0.5146014177764752
0.5145956386771711
0.5145898672713209
0.5145841035636627
0.5145783475589314
0.5145725992618579
0.5145668586771697
0.5145611258095892
0.5145554006638354
0.5145496832446215
0.5145439735566562
0.5145382716046427
0.5145325773932786
0.5145268909272556
0.5145212122112595
0.5145155412499693
0.5145098780480577
0.5145042226101901
0.5144985749410249
0.514492935045213
0.5144873029273971
0.5144816785922124
0.5144760620442855
0.5144704532882347
0.5144648523286688
0.5144592591701879
0.5144536738173827
0.5144480962748341
0.5144425265471132
0.5144369646387803
0.5144314105543861
0.5144258642984695
0.5144203258755593
0.514414795290172
0.5144092725468135
0.5144037576499771
0.5143982506041439
0.5143927514137833
0.5143872600833512
0.514381776617291
0.5143763010200325
0.5143708332959924
0.5143653734495732
0.5143599214851635
0.5143544774071379
0.5143490412198554
0.5143436129276611
0.5143381925348844
0.5143327800458395
0.5143273754648248
0.5143219787961228
0.5143165900439993
0.5143112092127043
0.5143058363064703
0.514300471329513
0.5142951142860309
0.5142897651802045
0.5142844240161968
0.514279090798152
0.5142737655301968
0.5142684482164384
0.5142631388609651
0.5142578374678459
0.514252544041131
0.5142472585848494
0.5142419811030112
0.5142367115996056
0.5142314500786014
0.5142261965439461
0.5142209509995664
0.5142157134493675
0.5142104838972323
0.5142052623470226
0.5142000488025772
0.5141948432677127
0.5141896457462228
0.5141844562418783
0.514179274758426
0.5141741012995896
0.5141689358690688
0.5141637784705391
0.5141586291076514
0.5141534877840321
0.5141483545032824
0.5141432292689784
0.5141381120846704
0.5141330029538833
0.5141279018801153
0.5141228088668387
0.5141177239174993
0.5141126470355155
0.5141075782242789
0.5141025174871534
0.5140974648274756
0.5140924202485537
0.5140873837536679
0.5140823553460697
0.5140773350289818
0.5140723228055981
0.5140673186790828
0.514062322652571
0.5140573347291675
0.514052354911947
0.514047383203954
0.5140424196082024
0.5140374641276746
0.5140325167653224
0.514027577524066
0.5140226464067934
0.5140177234163612
0.5140128085555935
0.5140079018272816
0.5140030032341842
0.5139981127790272
0.5139932304645027
0.5139883562932694
0.513983490267952
0.5139786323911413
0.5139737826653932
0.5139689410932297
0.5139641076771372
0.5139592824195669
0.5139544653229351
0.5139496563896219
0.5139448556219717
0.513940063022292
0.5139352785928546
0.513930502335894
0.5139257342536079
0.5139209743481566
0.5139162226216627
0.5139114790762112
0.5139067437138488
0.513902016536584
0.5138972975463865
0.5138925867451873
0.513887884134878
0.5138831897173111
0.5138785034942994
0.5138738254676157
0.5138691556389925
0.5138644940101218
0.5138598405826554
0.5138551953582036
0.5138505583383357
0.5138459295245795
0.5138413089184212
0.5138366965213048
0.5138320923346321
0.5138274963597623
0.5138229085980122
0.5138183290506553
0.5138137577189219
0.5138091946039987
0.5138046397070286
0.5138000930291106
0.5137955545712996
0.5137910243346051
0.5137865023199929
0.513781988528383
0.5137774829606504
0.5137729856176245
0.5137684965000887
0.5137640156087806
0.5137595429443916
0.5137550785075659
0.5137506222989014
0.5137461743189491
0.5137417345682121
0.5137373030471465
0.5137328797561599
0.5137284646956127
0.5137240578658163
0.5137196592670338
0.5137152688994796
0.5137108867633187
0.5137065128586671
0.513702147185591
0.5136977897441071
0.513693440534182
0.5136890995557315
0.5136847668086217
0.5136804422926673
0.513676126007632
0.5136718179532287
0.5136675181291184
0.5136632265349101
0.5136589431701615
0.5136546680343776
0.5136504011270107
0.5136461424474611
0.5136418919950754
0.5136376497691475
0.5136334157689174
0.5136291899935718
0.5136249724422433
0.5136207631140103
0.5136165620078971
0.5136123691228728
0.5136081844578522
0.5136040080116945
0.5135998397832038
0.5135956797711286
0.5135915279741616
0.5135873843909393
0.513583249020042
0.5135791218599934
0.5135750029092606
0.5135708921662534
0.5135667896293246
0.5135626952967693
0.5135586091668255
0.5135545312376724
0.5135504615074316
0.5135463999741662
0.5135423466358806
0.5135383014905204
0.5135342645359722
0.5135302357700631
0.5135262151905606
0.5135222027951725
0.5135181985815471
0.5135142025472715
0.5135102146898732
0.5135062350068185
0.5135022634955129
0.513498300153301
0.5134943449774658
0.5134903979652289
0.5134864591137497
0.5134825284201259
0.5134786058813929
0.5134746914945238
0.5134707852564284
0.5134668871639543
0.5134629972138852
0.5134591154029422
0.5134552417277822
0.5134513761849987
0.5134475187711208
0.5134436694826138
0.5134398283158779
0.5134359952672493
0.5134321703329985
0.5134283535093318
0.5134245447923897
0.5134207441782469
0.5134169516629126
0.5134131672423299
0.513409390912376
0.5134056226688614
0.5134018625075298
0.5133981104240581
0.513394366414057
0.5133906304730683
0.5133869025965678
0.513383182779963
0.513379471018593
0.5133757673077298
0.5133720716425764
0.5133683840182672
0.5133647044298685
0.5133610328723767
0.5133573693407194
0.5133537138297554
0.5133500663342729
0.5133464268489912
0.513342795368559
0.5133391718875551
0.5133355564004877
0.5133319489017947
0.5133283493858423
0.5133247578469267
0.5133211742792725
0.5133175986770326
0.5133140310342885
0.51331047134505
0.513306919603254
0.5133033758027667
0.5132998399373799
0.5132963120008147
0.5132927919867178
0.5132892798886637
0.513285775700153
0.5132822794146137
0.5132787910253991
0.5132753105257897
0.5132718379089911
0.5132683731681348
0.5132649162962785
0.5132614672864044
0.5132580261314202
0.5132545928241588
0.5132511673573772
0.5132477497237579
0.5132443399159067
0.5132409379263544
0.5132375437475555
0.513234157371888
0.5132307787916541
0.5132274079990788
0.5132240449863107
0.5132206897454212
0.5132173422684044
0.5132140025471776
0.5132106705735799
0.5132073463393729
0.5132040298362404
0.5132007210557874
0.5131974199895417
0.5131941266289515
0.5131908409653874
0.5131875629901397
0.5131842926944206
0.5131810300693631
0.5131777751060201
0.5131745277953653
0.5131712881282927
0.5131680560956158
0.5131648316880683
0.513161614896303
0.5131584057108929
0.5131552041223297
0.5131520101210243
0.5131488236973062
0.513145644841424
0.5131424735435446
0.5131393097937531
0.513136153582053
0.5131330048983658
0.5131298637325301
0.5131267300743029
0.513123603913358
0.5131204852392872
0.5131173740415982
0.5131142703097165
0.513111174032984
0.5131080852006588
0.5131050038019156
0.5131019298258453
0.5130988632614547
0.5130958040976663
0.513092752323318
0.5130897079271634
0.5130866708978714
0.5130836412240255
0.5130806188941249
0.5130776038965824
0.5130745962197265
0.5130715958517988
0.5130686027809562
0.5130656169952692
0.5130626384827215
0.5130596672312114
0.5130567032285498
0.5130537464624618
0.5130507969205849
0.5130478545904694
0.5130449194595792
0.5130419915152897
0.5130390707448897
0.5130361571355794
0.5130332506744717
0.5130303513485908
0.5130274591448732
0.5130245740501664
0.5130216960512295
0.5130188251347327
0.5130159612872571
0.513013104495295
0.5130102547452493
0.5130074120234325
0.5130045763160683
0.5130017476092905
0.5129989258891425
0.5129961111415777
0.512993303352459
0.5129905025075586
0.512987708592558
0.5129849215930482
0.5129821414945287
0.5129793682824078
0.5129766019420022
0.5129738424585375
0.5129710898171468
0.5129683440028718
0.5129656050006619
0.512962872795374
0.5129601473717729
0.5129574287145305
0.5129547168082257
0.5129520116373447
0.5129493131862803
0.5129466214393326
0.5129439363807068
0.5129412579945157
0.5129385862647778
0.5129359211754172
0.5129332627102644
0.5129306108530549
0.5129279655874301
0.5129253268969366
0.5129226947650254
0.5129200691750536
0.512917450110282
0.5129148375538763
0.5129122314889067
0.5129096318983477
0.5129070387650774
0.5129044520718781
0.5129018718014355
0.5128992979363389
0.5128967304590815
0.5128941693520588
0.5128916145975692
0.5128890661778149
0.5128865240749001
0.512883988270831
0.5128814587475169
0.5128789354867688
0.5128764184702992
0.5128739076797233
0.5128714030965569
0.5128689047022177
0.5128664124780241
0.5128639264051963
0.5128614464648547
0.5128589726380204
0.5128565049056154
0.5128540432484614
0.5128515876472807
0.5128491380826947
0.5128466945352261
0.5128442569852956
0.5128418254132241
0.5128393997992315
0.5128369801234365
0.5128345663658569
0.5128321585064093
0.512829756524908
0.5128273604010668
0.5128249701144962
0.5128225856447058
0.5128202069711022
0.5128178340729896
0.5128154669295695
0.5128131055199412
0.5128107498230999
0.5128083998179387
0.5128060554832462
0.512803716797708
0.5128013837399059
0.5127990562883175
0.5127967344213163
0.5127944181171715
0.5127921073540476
0.5127898021100041
0.5127875023629965
0.5127852080908737
0.5127829192713806
0.5127806358821555
0.5127783579007317
0.512776085304536
0.5127738180708894
0.5127715561770063
0.5127692995999951
0.5127670483168567
0.5127648023044853
0.5127625615396685
0.5127603259990856
0.5127580956593092
0.5127558704968034
0.5127536504879249
0.512751435608922
0.5127492258359345
0.5127470211449938
0.5127448215120224
0.5127426269128337
0.5127404373231317
0.5127382527185117
0.5127360730744586
0.5127338983663474
0.5127317285694439
0.5127295636589027
0.512727403609768
0.5127252483969735
0.5127230979953421
0.5127209523795853
0.5127188115243028
0.5127166754039835
0.5127145439930036
0.5127124172656283
0.5127102951960095
0.5127081777581868
0.5127060649260877
0.5127039566735256
0.512701852974202
0.5126997538017039
0.5126976591295049
0.5126955689309651
0.5126934831793302
0.5126914018477311
0.5126893249091848
0.5126872523365931
0.5126851841027428
0.512683120180305
0.5126810605418357
0.5126790051597752
0.5126769540064471
0.5126749070540589
0.5126728642747018
0.5126708256403503
0.5126687911228613
0.5126667606939748
0.5126647343253132
0.5126627119883809
0.5126606936545641
0.5126586792951311
0.5126566688812313
0.5126546623838955
0.5126526597740351
0.5126506610224421
0.5126486660997889
0.5126466749766283
0.5126446876233923
0.5126427040103931
0.5126407241078219
0.5126387478857485
0.5126367753141221
0.5126348063627698
0.5126328410013969
0.5126308791995875
0.512628920926802
0.5126269661523785
0.5126250148455324
0.512623066975356
0.5126211225108175
0.5126191814207618
0.512617243673909
0.5126153092388555
0.5126133780840725
0.5126114501779062
0.5126095254885777
0.5126076039841825
0.5126056856326895
0.5126037704019422
0.512601858259657
0.5125999491734239
0.5125980431107048
0.5125961400388355
0.5125942399250228
0.5125923427363459
0.5125904484397553
0.5125885570020727
0.5125866683899912
0.5125847825700738
0.5125828995087541
0.5125810191723355
0.5125791415269909
0.5125772665387626
0.5125753941735616
0.5125735243971674
0.5125716571752281
0.5125697924732591
0.5125679302566436
0.5125660704906319
0.5125642131403412
0.5125623581707548
0.5125605055467226
0.5125586552329595
0.5125568071940467
0.5125549613944291
0.5125531177984177
0.5125512763701866
0.512549437073774
0.5125475998730822
0.5125457647318754
0.5125439316137819
0.5125421004822914
0.5125402713007559
0.5125384440323886
0.5125366186402645
0.5125347950873187
0.5125329733363471
0.5125311533500057
0.512529335090809
0.5125275185211319
0.5125257036032075
0.5125238902991273
0.5125220785708402
0.5125202683801533
0.5125184596887308
0.5125166524580925
0.5125148466496156
0.5125130422245322
0.5125112391439302
0.5125094373687521
0.5125076368597951
0.5125058375777101
0.5125040394830017
0.5125022425360277
0.5125004466969985
0.5124986519259762
0.5124968581828755
0.5124950654274613
0.51249327361935
0.5124914827180083
0.5124896926827521
0.5124879034727474
0.5124861150470086
0.5124843273643982
0.5124825403836273
0.512480754063254
0.512478968361683
0.512477183237166
0.5124753986477997
0.5124736145515271
0.5124718309061354
0.5124700476692566
0.5124682647983658
0.5124664822507821
0.5124646999836667
0.5124629179540237
0.5124611361186981
0.5124593544343771
0.5124575728575871
0.5124557913446954
0.512454009851909
0.512452228335273
0.5124504467506716
0.512448665053826
0.5124468832002956
0.5124451011454756
0.5124433188445974
0.5124415362527284
0.5124397533247703
0.5124379700154592
0.512436186279365
0.5124344020708909
0.512432617344272
0.5124308320535758
0.5124290461527008
0.5124272595953758
0.5124254723351604
0.512423684325443
0.5124218955194408
0.5124201058701991
0.5124183153305907
0.512416523853315
0.512414731390898
0.5124129378956906
0.512411143319869
0.512409347615433
0.5124075507342064
0.5124057526278354
0.5124039532477884
0.5124021525453556
0.512400350471647
0.5123985469775932
0.5123967420139446
0.512394935531269
0.5123931274799529
0.5123913178101995
0.512389506472029
0.5123876934152763
0.5123858785895921
0.512384061944441
0.5123822434291009
0.5123804229926624
0.5123786005840283
0.5123767761519118
0.5123749496448375
0.5123731210111387
0.5123712901989581
0.5123694571562458
0.5123676218307597
0.5123657841700633
0.5123639441215267
0.5123621016323242
0.5123602566494335
0.5123584091196366
0.5123565589895165
0.5123547062054588
0.5123528507136487
0.5123509924600715
0.5123491313905113
0.5123472674505508
0.5123454005855684
0.51234353074074
0.5123416578610365
0.5123397818912224
0.5123379027758569
0.512336020459291
0.5123341348856681
0.5123322459989216
0.5123303537427751
0.5123284580607411
0.5123265588961203
0.5123246561919995
0.5123227498912526
0.5123208399365379
0.512318926270298
0.5123170088347586
0.5123150875719273
0.5123131624235933
0.5123112333313251
0.5123093002364714
0.5123073630801578
0.5123054218032875
0.5123034763465399
0.5123015266503691
0.5122995726550028
0.5122976143004421
0.5122956515264595
0.5122936842725981
0.5122917124781711
0.5122897360822597
0.5122877550237126
0.5122857692411449
0.5122837786729368
0.5122817832572326
0.5122797829319395
0.5122777776347263
0.5122757673030225
0.5122737518740169
0.512271731284657
0.5122697054716467
0.5122676743714463
0.5122656379202707
0.5122635960540881
0.512261548708619
0.5122594958193352
0.5122574373214577
0.5122553731499567
0.5122533032395493
0.5122512275246986
0.5122491459396126
0.5122470584182429
0.5122449648942828
0.512242865301167
0.512240759572069
0.5122386476399015
0.5122365294373131
0.5122344048966888
0.5122322739501471
0.5122301365295396
0.5122279925664494
0.5122258419921892
0.5122236847378011
0.5122215207340539
0.5122193499114424
0.5122171722001854
0.5122149875302253
0.5122127958312255
0.5122105970325697
0.5122083910633597
0.5122061778524152
0.5122039573282706
0.512201729419175
0.5121994940530895
0.5121972511576867
0.5121950006603482
0.512192742488164
0.5121904765679299
0.5121882028261471
0.5121859211890192
0.512183631582452
0.5121813339320509
0.51217902816312
0.5121767142006594
0.5121743919693649
0.5121720613936251
0.512169722397521
0.5121673749048228
0.5121650188389896
0.5121626541231664
0.5121602806801838
0.512157898432555
0.5121555073024745
0.5121531072118168
0.5121506980821336
0.5121482798346532
0.5121458523902774
0.5121434156695808
0.5121409695928083
0.5121385140798734
0.512136049050357
0.512133574423504
0.5121310901182228
0.5121285960530826
0.5121260921463123
0.5121235783157976
0.5121210544790792
0.5121185205533518
0.5121159764554609
0.5121134221019018
0.5121108574088165
0.5121082822919925
0.5121056966668608
0.5121031004484932
0.5121004935516006
0.5120978758905316
0.5120952473792681
0.5120926079314266
0.5120899574602532
0.5120872958786225
0.5120846230990354
0.5120819390336171
0.5120792435941145
0.5120765366918945
0.5120738182379407
0.5120710881428527
0.5120683463168425
0.5120655926697326
0.512062827110954
0.5120600495495436
0.5120572598941419
0.5120544580529905
0.5120516439339303
0.5120488174443982
0.5120459784914247
0.5120431269816332
0.5120402628212354
0.5120373859160292
0.5120344961713978
0.5120315934923052
0.5120286777832948
0.5120257489484867
0.5120228068915748
0.5120198515158243
0.5120168827240698
0.5120139004187113
0.5120109045017128
0.512007894874599
0.5120048714384529
0.5120018340939128
0.5119987827411693
0.5119957172799641
0.5119926376095848
0.5119895436288644
0.5119864352361767
0.5119833123294348
0.5119801748060872
0.5119770225631161
0.5119738554970328
0.5119706735038764
0.5119674764792101
0.5119642643181187
0.5119610369152043
0.5119577941645851
0.511954535959891
0.5119512621942615
0.5119479727603414
0.5119446675502791
0.5119413464557223
0.5119380093678161
0.511934656177198
0.5119312867739965
0.5119279010478266
0.5119244988877875
0.5119210801824585
0.5119176448198967
0.5119141926876318
0.5119107236726653
0.5119072376614652
0.511903734539963
0.5119002141935504
0.5118966765070766
0.5118931213648432
0.5118895486506022
0.5118859582475517
0.5118823500383319
0.511878723905023
0.5118750797291399
0.5118714173916296
0.5118677367728672
0.5118640377526523
0.5118603202102047
0.5118565840241613
0.5118528290725729
0.5118490552328981
0.511845262382002
0.5118414503961511
0.511837619151009
0.5118337685216335
0.5118298983824718
0.5118260086073569
0.5118220990695039
0.5118181696415045
0.5118142201953247
0.5118102506022997
0.5118062607331298
0.5118022504578762
0.5117982196459573
0.5117941681661434
0.5117900958865538
0.5117860026746511
0.5117818883972377
0.5117777529204511
0.5117735961097597
0.5117694178299579
0.5117652179451619
0.5117609963188055
0.5117567528136351
0.5117524872917046
0.5117481996143725
0.5117438896422946
0.511739557235422
0.5117352022529948
0.5117308245535375
0.5117264239948542
0.5117220004340245
0.5117175537273971
0.5117130837305868
0.5117085902984677
0.5117040732851692
0.511699532544071
0.5116949679277971
0.5116903792882123
0.5116857664764153
0.5116811293427348
0.5116764677367234
0.5116717815071523
0.5116670705020072
0.5116623345684816
0.5116575735529715
0.511652787301071
0.5116479756575655
0.5116431384664271
0.5116382755708087
0.5116333868130378
0.5116284720346125
0.5116235310761934
0.5116185637776003
0.5116135699778045
0.5116085495149238
0.511603502226217
0.5115984279480766
0.5115933265160244
0.5115881977647048
0.511583041527878
0.5115778576384152
0.5115726459282919
0.5115674062285804
0.5115621383694465
0.51155684218014
0.5115515174889902
0.5115461641233991
0.5115407819098347
0.5115353706738246
0.5115299302399496
0.5115244604318373
0.5115189610721541
0.5115134319826005
0.5115078729839027
0.5115022838958064
0.5114966645370701
0.5114910147254579
0.5114853342777324
0.5114796230096477
0.5114738807359429
0.5114681072703344
0.5114623024255082
0.5114564660131136
0.5114505978437556
0.5114446977269869
0.5114387654713015
0.5114328008841267
0.5114268037718145
0.5114207739396363
0.511414711191773
0.5114086153313085
0.511402486160222
0.5113963234793787
0.5113901270885236
0.5113838967862732
0.5113776323701062
0.5113713336363568
0.5113650003802057
0.5113586323956728
0.5113522294756075
0.5113457914116817
0.5113393179943804
0.5113328090129938
0.5113262642556085
0.5113196835090988
0.5113130665591181
0.5113064131900903
0.5112997231852008
0.511292996326387
0.511286232394331
0.5112794311684487
0.5112725924268811
0.5112657159464865
0.5112588015028294
0.5112518488701725
0.5112448578214662
0.51123782812834
0.5112307595610928
0.5112236518886825
0.5112165048787175
0.5112093182974458
0.511202091909746
0.5111948254791168
0.5111875187676674
0.5111801715361065
0.5111727835437336
0.5111653545484273
0.5111578843066361
0.5111503725733674
0.5111428191021764
0.5111352236451571
0.5111275859529301
0.5111199057746326
0.5111121828579075
0.5111044169488924
0.5110966077922086
0.5110887551309495
0.5110808587066709
0.5110729182593774
0.5110649335275134
0.51105690424795
0.5110488301559747
0.5110407109852783
0.5110325464679443
0.511024336334437
0.511016080313589
0.5110077781325897
0.5109994295169731
0.5109910341906053
0.5109825918756723
0.5109741022926684
0.5109655651603822
0.5109569801958853
0.5109483471145191
0.5109396656298821
0.5109309354538167
0.5109221562963967
0.5109133278659138
0.5109044498688645
0.5108955220099373
0.5108865439919981
0.5108775155160781
0.5108684362813588
0.5108593059851596
0.5108501243229229
0.5108408909882003
0.5108316056726395
0.5108222680659689
0.5108128778559836
0.5108034347285316
0.5107939383674986
0.5107843884547945
0.5107747846703359
0.5107651266920349
0.5107554141957817
0.5107456468554301
0.5107358243427822
0.5107259463275735
0.5107160124774568
0.5107060224579872
0.5106959759326056
0.5106858725626239
0.5106757120072081
0.5106654939233629
0.5106552179659148
0.5106448837874965
0.51063449103853
0.5106240393672097
0.5106135284194864
0.5106029578390501
0.5105923272673124
0.5105816363433905
0.510570884704089
0.5105600719838825
0.5105491978148994
0.5105382618269018
0.5105272636472701
0.5105162029009831
0.5105050792106016
0.5104938921962485
0.510482641475592
0.5104713266638252
0.5104599473736494
0.5104485032152536
0.5104369937962964
0.5104254187218871
0.5104137775945652
0.5104020700142821
0.5103902955783813
0.510378453881578
0.5103665445159401
0.5103545670708671
0.5103425211330709
0.5103304062865547
0.5103182221125933
0.5103059681897104
0.5102936440936605
0.5102812493974058
0.510268783671096
0.510256246482046
0.5102436373947156
0.5102309559706867
0.5102182017686421
0.5102053743443429
0.5101924732506067
0.510179498037285
0.5101664482512409
0.510153323436326
0.5101401231333572
0.5101268468800945
0.5101134942112167
0.5101000646582984
0.510086557749787
0.510072973010977
0.5100593099639879
0.5100455681277387
0.5100317470179245
0.5100178461469911
0.51000386502411
0.5099898031551544
0.5099756600426731
0.5099614351858657
0.5099471280805562
0.5099327382191686
0.5099182650906995
0.5099037081806927
0.5098890669712124
0.5098743409408171
0.5098595295645317
0.5098446323138225
0.5098296486565674
0.5098145780570306
0.509799419975834
0.5097841738699291
0.5097688391925697
0.5097534153932829
0.5097379019178404
0.5097222982082315
0.5097066037026308
0.5096908178353731
0.5096749400369205
0.5096589697338347
0.5096429063487466
0.5096267493003258
0.5096104980032512
0.5095941518681795
0.5095777103017146
0.5095611727063772
0.5095445384805728
0.5095278070185604
0.5095109777104206
0.5094940499420241
0.509477023094999
0.5094598965466984
0.5094426696701673
0.5094253418341107
0.5094079124028589
0.5093903807363352
0.5093727461900215
0.5093550081149244
0.509337165857541
0.5093192187598244
0.509301166159149
0.5092830073882753
0.5092647417753143
0.5092463686436924
0.5092278873121157
0.5092092970945328
0.5091905973000999
0.5091717872331428
0.5091528661931212
0.50913383347459
0.509114688367163
0.5090954301554751
0.5090760581191434
0.5090565715327292
0.5090369696657003
0.5090172517823905
0.5089974171419617
0.5089774649983635
0.5089573946002941
0.5089372051911597
0.5089168960090347
0.5088964662866204
0.5088759152512045
0.5088552421246194
0.5088344461232008
0.5088135264577469
0.5087924823334735
0.5087713129499747
0.508750017501178
0.5087285951753017
0.5087070451548119
0.5086853666163783
0.5086635587308304
0.5086416206631128
0.5086195515722409
0.5085973506112559
0.5085750169271791
0.5085525496609664
0.5085299479474628
0.5085072109153549
0.5084843376871259
0.5084613273790071
0.5084381791009319
0.5084148919564867
0.5083914650428646
0.5083678974508161
0.5083441882646004
0.5083203365619364
0.5082963414139546
0.5082722018851457
0.5082479170333117
0.508223485909515
0.5081989075580283
0.508174181016283
0.5081493053148181
0.5081242794772278
0.5080991025201111
0.5080737734530172
0.5080482912783943
0.5080226549915355
0.5079968635805261
0.5079709160261887
0.50794481130203
0.5079185483741853
0.5078921262013645
0.507865543734796
0.507838799918171
0.5078118936875883
0.507784823971497
0.5077575896906399
0.5077301897579967
0.507702623078726
0.5076748885501081
0.507646985061486
0.507618911494207
0.5075906667215638
0.5075622496087353
0.5075336590127263
0.5075048937823081
0.5074759527579571
0.5074468347717948
0.5074175386475257
0.507388063200377
0.5073584072370345
0.5073285695555826
0.5072985489454394
0.5072683441872952
0.5072379540530474
0.5072073773057385
0.5071766126994905
0.5071456589794399
0.5071145148816738
0.5070831791331639
0.507051650451701
0.5070199275458277
0.5069880091147739
0.5069558938483878
0.5069235804270696
0.5068910675217041
0.5068583537935917
0.5068254378943811
0.5067923184659988
0.506758994140582
0.5067254635404074
0.5066917252778217
0.5066577779551719
0.5066236201647336
0.5065892504886408
0.5065546674988137
0.5065198697568878
0.5064848558141409
0.506449624211421
0.5064141734790739
0.5063785021368684
0.5063426086939241
0.5063064916486373
0.506270149488606
0.5062335806905557
0.5061967837202641
0.5061597570324863
0.5061224990708781
0.5060850082679211
0.5060472830448448
0.506009321811552
0.5059711229665389
0.5059326848968205
0.5058940059778507
0.5058550845734457
0.5058159190357043
0.5057765077049307
0.505736848909554
0.5056969409660492
0.5056567821788593
0.5056163708403123
0.5055757052305434
0.5055347836174133
0.5054936042564278
0.5054521653906561
0.5054104652506508
0.5053685020543641
0.5053262740070682
0.5052837793012708
0.5052410161166342
0.5051979826198927
0.5051546769647679
0.5051110972918877
0.5050672417287012
0.5050231083893961
0.504978695374814
0.5049340007723668
0.5048890226559523
0.5048437590858695
0.5047982081087342
0.504752367757394
0.504706236050843
0.5046598109941371
0.5046130905783083
0.504566072780279
0.5045187555627764
0.504471136874247
0.5044232146487706
0.5043749868059737
0.5043264512509444
0.5042776058741449
0.5042284485513263
0.5041789771434416
0.504129189496559
0.5040790834417763
0.5040286567951336
0.503977907357527
0.5039268329146214
0.5038754312367654
0.503823700078903
0.503771637180488
0.5037192402653976
0.503666507041845
0.503613435202294
0.5035600224233721
0.5035062663657839
0.5034521646742262
0.5033977149773005
0.503342914887428
0.5032877620007637
0.5032322538971102
0.5031763881398336
0.5031201622757765
0.5030635738351745
0.503006620331571
0.5029492992617319
0.5028916081055628
0.5028335443260236
0.5027751053690453
0.5027162886634475
0.502657091620854
0.5025975116356106
0.5025375460847035
0.5024771923276761
0.502416447706549
0.5023553095457377
0.502293775151973
0.5022318418142196
0.5021695068035981
0.5021067673733044
0.5020436207585325
0.5019800641763954
0.5019160948258481
0.5018517098876114
0.5017869065240946
0.5017216818793213
0.5016560330788532
0.5015899572297173
0.5015234514203322
0.5014565127204349
0.5013891381810094
0.5013213248342158
0.50125306969332
0.5011843697526246
0.5011152219874004
0.5010456233538186
0.5009755707888845
0.5009050612103723
0.5008340915167595
0.5007626585871647
0.5006907592812846
0.5006183904393319
0.5005455488819758
0.5004722314102827
0.5003984348056589
0.5003241558297926
0.5002493912245994
0.5001741377121673
0.5000983919947053
0.50002215075449
0.4999454106538165
0.4998681683349493
0.4997904204200751
0.4997121635112567
0.4996333941903887
0.49955410901915487
0.49947430453898645
0.4993939772710223
0.4993131237160716
0.4992317403545774
0.4991498236465806
0.49906737003168855
0.4989843759290431
0.4989008377372918
0.49881675183455937
0.49873211457842326
0.49864692230588875
0.4985611713333684
0.49847485795666113
0.4983879784509349
0.4983005290707111
0.4982125060498507
0.49812390560154274
0.4980347239182957
0.49794495717192894
0.49785460151356886
0.497763653073646
0.4976721079618952
0.49757996226735635
0.49748721205838
0.4973938533826333
0.4972998822671105
0.49720529471814306
0.4971100867214153
0.49701425424198054
0.49691779322428054
0.49682069959216757
0.49672296924892967
0.4966245980773169
0.4965255819395729
0.49642591667746655
0.4963255981123283
0.4962246220450887
0.4961229842563194
0.49602068050627823
0.49591770653495465
0.4958140580621228
0.49570973078739167
0.49560472039026315
0.495499022530191
0.49539263284664226
0.49528554695916377
0.4951777604674503
0.495069268951416
0.4949600679712697
0.49485015306759306
0.49473951976142194
0.49462816355433104
0.4945160799285212
0.4944032643469124
0.4942897122532364
0.49417541907213636
0.49406038020926685
0.49394459105139965
0.49382804696653193
0.4937107433039972
0.4935926753945812
0.49347383855063987
0.4933542280662223
0.49323383921719516
0.49311266726137326
0.49299070743865103
0.4928679549711393
0.4927444050633052
0.4926200529021154
0.4924948936571826
0.49236892248091674
0.4922421345086791
0.49211452485893903
0.49198608863343657
0.4918568209173463
0.49172671677944646
0.4915957712722906
0.4914639794323835
0.4913313362803607
0.4911978368211705
0.4910634760442613
0.49092824892377107
0.49079215041872104
0.4906551754732127
0.49051731901662865
0.49037857596383616
0.4902389412153958
0.4900984096577716
0.48995697616354605
0.4898146355916384
0.489671382787525
0.48952721258346604
0.4893821197987318
0.4892360992398355
0.48908914570076745
0.48894125396323374
0.4887924187968969
0.48864263495962124
0.48849189719772
0.4883402002462069
0.48818753882904975
0.48803390765942706
0.4878793014399892
0.48772371486312016
0.4875671426112047
0.4874095793568963
0.4872510197633888
0.48709145848469126
0.4869308901659049
0.4867693094435029
0.4866067109456122
0.486443089292299
0.486278439095856
0.4861127549610921
0.48594603148562365
0.48577826326017115
0.48560944486885277
0.4854395708894858
0.48526863589388564
0.4850966344481694
0.48492356111306073
0.48474941044419584
0.4845741769924323
0.48439785530415863
0.48422043992160624
0.4840419253831627
0.4838623062236857
0.4836815769748201
0.4834997321653137
0.4833167663213364
0.4831326739668
0.4829474496236783
0.48276108781232807
0.48257358305181164
0.4823849298602202
0.4821951227549967
0.4820041562532598
0.48181202487212926
0.48161872312904974
0.4814242455421162
0.4812285866303997
0.4810317409142715
0.48083370291572924
0.48063446715872093
0.48043402816947073
0.48023238047680195
0.48002951861246235
0.47982543711144593
0.4796201305123169
0.4794135933575302
0.4792058201937523
0.4789968055721828
0.4787865440488711
0.4785750301850343
0.4783622585473746
0.47814822370839216
0.47793292024670014
0.47771634274733477
0.4774984858020655
0.47727934400970345
0.47705891197640676
0.4768371843159847
0.47661415565019927
0.476389820609065
0.4761641738311453
0.4759372099638477
0.47570892366371537
0.4754793095967168
0.4752483624385319
0.47501607687483643
0.4747824476015816
0.47454746932527225
0.4743111367632419
0.47407344464392265
0.4738343877071137
0.4735939607042462
0.4733521583986432
0.47310897556577747
0.47286440699352483
0.4726184474824148
0.47237109184587445
0.4721223349104727
0.47187217151615696
0.4716205965164871
0.4713676047788657
0.4711131911847628
0.47085735062993817
0.470600078024656
0.4703413682939002
0.47008121637757955
0.4698196172307326
0.469556565823726
0.46929205714244804
0.469026086188499
0.46875864797937494
0.4684897375486474
0.4682193499461394
0.46794748023809396
0.46767412350734067
0.4673992748534549
0.4671229293929141
0.4668450822592467
0.4665657286031785
0.46628486359277255
0.46600248241356373
0.46571858026868984
0.4654331523790157
0.46514619398325385
0.4648577003380788
0.46456766671823735
0.464276088416653
0.46398296074452605
0.4636882790314278
0.46339203862539086
0.46309423489299273
0.46279486321943697
0.4624939190086265
0.46219139768323503
0.4618872946847703
0.46158160547363586
0.46127432552918546
0.4609654503497747
0.4606549754528054
0.46034289637476966
0.460029208671284
0.4597139079171235
0.45939698970624915
0.4590784496518319
0.45875828338627167
0.45843648656121294
0.45811305484755555
0.45778798393546244
0.4574612695343623
0.4571329073729501
0.4568028931991813
0.45647122278026564
0.4561378919026551
0.45580289637202975
0.4554662320132796
0.4551278946704838
0.45478788020688665
0.45444618450487106
0.45410280346592924
0.45375773301063044
0.4534109690785858
0.4530625076284137
0.45271234463769877
0.4523604761029518
0.4520068980395675
0.45165160648177993
0.4512945974826167
0.4509358671138519
0.4505754114659576
0.45021322664805513
0.44984930878786505
0.4494836540316558
0.44911625854419407
0.4487471185086923
0.44837623012675704
0.4480035896183401
0.44762919322168493
0.4472530371932778
0.446875117807799
0.44649543135807207
0.4461139741550189
0.4457307425276121
0.445345732822831
0.44495894140561976
0.4445703646588449
0.4441799989832591
0.4437878407974644
0.4433938865378781
0.44299813265870386
0.442600575631904
0.44220121194717493
0.44180003811192825
0.441397050651273
0.440992246108004
0.440585621042594
0.44017717203318896
0.43976689567561067
0.43935478858336113
0.438940847387636
0.4385250687373392
0.4381074492991071
0.43768798575733575
0.43726667481421627
0.43684351318977516
0.4364184976219218
0.4359916248665039
0.4355628916973672
0.43513229490642663
0.4346998313037403
0.43426549771759504
0.43382929099459877
0.4333912079997802
0.4329512456166982
0.4325094007475593
0.4320656703133442
0.4316200512539441
0.4311725405283043
0.4307231351145807
0.4302718320103035
0.4298186282325508
0.4293635208181352
0.4289065068237975
0.42844758332641275
0.4279867474232082
0.42752399623198906
0.4270593268913793
0.426592736561071
0.426124222422087
0.4256537816770539
0.4251814115504895
0.42470710928909966
0.42423087216208916
0.4237526974614842
0.4232725825024691
0.4227905246237341
0.4223065211878366
0.421820569581577
0.4213326672163853
0.4208428115287237
0.4203509999805012
0.41985723005950243
0.4193614992798308
0.4188638051823643
0.4183641453352268
0.41786251733427304
0.4173589188035881
0.41685334739600033
0.41634580079361055
0.41583627670833395
0.41532477288245845
0.41481128708921633
0.4142958171333721
0.4137783608518231
0.41325891611421856
0.4127374808235892
0.4122140529169967
0.41168863036619374
0.4111612111783022
0.4106317933965061
0.4101003751007579
0.40956695440850266
0.40903152947541527
0.40849409849615337
0.40795465970512634
0.4074132113772789
0.40686975182888935
0.4063242794183838
0.4057767925471645
0.40522728966045507
0.4046757692481581
0.40412222984573104
0.40356667003507257
0.4030090884454288
0.40244948375431044
0.40188785468842614
0.40132420002463076
0.4007585185908873
0.40019080926724415
0.399621070986825
0.39904930273683625
0.39847550355958367
0.397899672553508
0.39732180887423085
0.39674191173561535
0.39615998041084194
0.39557601423349475
0.3949900125986631
0.39440197496405616
0.39381190085112905
0.39321978984622363
0.39262564160172053
0.39202945583720394
0.39143123234063826
0.39083097096955843
0.3902286716522696
0.3896243343890605
0.38901795925342636
0.3884095463933055
0.3877990960323243
0.3871866084710552
0.38657208408828314
0.38595552334228367
0.3853369267721115
0.38471629499889776
0.3840936287271572
0.38346892874610494
0.38284219593098257
0.38221343124439244
0.381582635737641
0.38094981055209065
0.38031495692051853
0.37967807616848503
0.3790391697157077
0.3783982390774438
0.3777552858658795
0.3771103117915254
0.3764633186646186
0.37581430839653074
0.3751632830011828
0.37451024459646304
0.37385519540565365
0.3731981377588579
0.37253907409443626
0.3718780069604434
0.3712149390160709
0.37054987303309306
0.369882811897316
0.3692137586100291
0.36854271628946134
0.36786968817223636
0.36719467761483215
0.3665176880950417
0.36583872321343414
0.36515778669481797
0.3644748823897041
0.3637900142757688
0.3631031864593167
0.362414403176744
0.3617236687959991
0.36103098781804377
0.3603363648783112
0.3596398047481617
0.35894131233633786
0.3582408926904147
0.35753855099824716
0.3568342925894146
0.3561281229366593
0.3554200476573229
0.35471007251477493
0.35399820341983834
0.3532844464322075
0.3525688077618602
0.35185129377046326
0.3511319109727691
0.350410666038008
0.3496875657912665
0.3489626172148629
0.348235827449709
0.3475072037966633
0.34677675371787486
0.3460444848381144
0.3453104049460953
0.3445745219957806
0.3438368441076797
0.34309737957012976
0.34235613684056454
0.34161312454676696
0.3408683514881089
0.3401218266367732
0.33937355913896067
0.3386235583160775
0.3378718336659088
0.3371183948637705
0.3363632517636422
0.33560641439928207
0.33484789298531975
0.33408769791832776
0.3333258397778709
0.3325623293275331
0.3317971775159201
0.33103039547763835
0.33026199453424737
0.32949198619518694
0.32872038215867705
0.32794719431258934
0.32717243473529134
0.3263961156964596
0.32561824965786274
0.32483884927411333
0.3240579273933881
0.32327549705811287
0.3224915715056157
0.32170616416874304
0.3209192886764417
0.32013095885430054
0.3193411887250587
0.3185499925090704
0.31775738462473235
0.3169633796888693
0.31616799251707695
0.31537123812402373
0.3145731317237062
0.31377368872966027
0.31297292475512717
0.3121708556131704
0.3113674973167465
0.31056286607872463
0.30975697831185744
0.30894985062869984
0.3081414998414754
0.3073319429618895
0.30652119720088833
0.30570927996836256
0.3048962088727939
0.3040820017208445
0.30326667651688877
0.3024502514624849
0.30163274495578596
0.30081417559089046
0.29999456215713105
0.2991739236382971
0.2983522792117982
0.29752964824775774
0.29670605030804476
0.29588150514523615
0.2950560327015137
0.2942296531074912
0.29340238668097385
0.29257425392564756
0.291745275529698
0.2909154723643575
0.29008486548238305
0.28925347611645935
0.28842132567752976
0.2875884357530556
0.2867548281051987
0.2859205246689332
0.28508554755008
0.28424991902326713
0.28341366152981673
0.2825767976755528
0.2817393502285374
0.28090134211672796
0.28006279642556114
0.2792237363954577
0.2783841854192556
0.2775441670395631
0.27670370494603935
0.27586282297259734
0.2750215450945328
0.2741798954255779
0.2733378982148793
0.2724955778439039
0.27165295882326923
0.27081006578950156
0.269966923501721
0.26912355683825506
0.26827999079318093
0.2674362504727974
0.2665923610920275
0.26574834797075203
0.2649042365300768
0.26406005228853136
0.26321582085820494
0.26237156794081556
0.2615273193237185
0.2606831008758515
0.2598389385436214
0.2589948583467292
0.25815088637394135
0.25730704877880306
0.25646337177529777
0.2556198816334545
0.25477660467490504
0.25393356726839045
0.25309079582522365
0.2522483167947027
0.25140615665948546
0.2505643419309188
0.2497228991443322
0.24888185485429215
0.24804123562982133
0.24720106804958897
0.24636137869706487
0.24552219415565013
0.24468354100377973
0.24384544581000261
0.24300793512803964
0.24217103549182353
0.24133477341052317
0.24049917536355267
0.23966426779557037
0.2388300771114687
0.2379966296713582
0.2371639517855465
0.23633206970951845
0.2355010096389163
0.2346707977045244
0.2338414599672598
0.2330130224131739
0.2321855109484644
0.23135895139450335
0.23053336948288017
0.22970879085046647
0.22888524103450247
0.22806274546770786
0.22724132947342088
0.22642101826076705
0.2256018369198598
0.22478381041703793
0.22396696359013862
0.22315132114381153
0.2223369076448752
0.22152374751771772
0.2207118650397451
0.2199012843368794
0.21909202937910643
0.21828412397608163
0.21747759177278808
0.21667245624525422
0.21586874069633305
0.2150664682515426
0.21426566185497176
0.2134663442652514
0.21266853805159508
0.2118722655899097
0.21107754905897752
0.21028441043671256
0.20949287149649193
0.20870295380356443
0.20791467871153782
0.2071280673589461
0.20634314066589732
0.20555991933080514
0.20477842382720443
0.20399867440065172
0.20322069106571206
0.2024444936030335
0.20167010155650983
0.20089753423053344
0.2001268106873377
0.19935794974443047
0.19859096997211956
0.19782588969113146
0.19706272697032126
0.19630149962447793
0.19554222521222267
0.19478492103400147
0.19402960413017367
0.1932762912791932
0.19252499899588707
0.1917757435298275
0.1910285408638004
0.19028340671236801
0.18954035652052748
0.18879940546246346
0.1880605684403965
0.18732386008352445
0.1865892947470595
0.18585688651135687
0.18512664918113914
0.1843985962848107
0.1836727410738656
0.18294909652238694
0.1822276753266362
0.18150848990473306
0.18079155239642364
0.18007687466293873
0.17936446828693706
0.17865434457253693
0.177946514545432
0.17724098895309331
0.17653777826505185
0.1758368926732663
0.17513834209256973
0.17444213616119786
0.17374828424139382
0.1730567954200935
0.17236767850968326
0.17168094204883594
0.1709965943034179
0.17031464326746912
0.1696350966642545
0.16895796194738255
0.16828324630199457
0.16761095664601774
0.16694109963148407
0.1662736816459134
0.165608708813757
0.16494618699790226
0.16428612180123542
0.16362851856826297
0.16297338238678663
0.16232071808963433
0.16167053025644273
0.16102282321549022
0.16037760104558113
0.15973486757797503
0.15909462639836447
0.15845688084889611
0.15782163403023564
0.15718888880367288
0.15655864779326828
0.15593091338803625
0.1553056877441669
0.1546829727872806
0.15406277021471837
0.15344508149786337
0.1528299078844928
0.15221725040115883
0.15160710985559828
0.15099948683916622
0.15039438172929592
0.14979179469198184
0.14919172568428202
0.14859417445684486
0.1479991405564508
0.14740662332857318
0.14681662191995648
0.1462291352812061
0.1456441621693948
0.14506170115067935
0.1444817506029289
0.14390430871836252
0.1433293735061947
0.14275694279528917
0.142187014236818
0.14161958530692464
0.14105465330939174
0.14049221537831155
0.1399322684807561
0.1393748094194496
0.13881983483543872
0.13826734121076217
0.13771732487111632
0.1371697819885183
0.13662470858396297
0.13608210053007552
0.1355419535537571
0.1350042632388223
0.13446902502862956
0.13393623422870118
0.13340588600933503
0.1328779754082033
0.1323524973329421
0.13182944656372703
0.13130881775583692
0.13079060544220336
0.1302748040359466
0.1297614078328958
0.12925041101409407
0.12874180764828758
0.12823559169439785
0.12773175700397654
0.12723029732364297
0.12673120629750295
0.12623447746954908
0.1257401042860416
0.1252480800978702
0.1247583981628951
0.12427105164826777
0.12378603363273133
0.1233033371088991
0.12282295498551221
0.12234488008967453
0.12186910516906685
0.12139562289413662
0.12092442586026757
0.12045550658992328
0.11998885753477093
0.11952447107777886
0.11906233953529206
0.11860245515908359
0.11814481013838202
0.11768939660187502
0.11723620661968802
0.11678523220533973
0.11633646531767203
0.11588989786275694
0.11544552169577671
0.11500332862288168
0.11456331040302178
0.11412545874975406
0.11368976533302556
0.11325622178093082
0.1128248196814451
0.11239555058413286
0.11196840600183139
0.1115433774123094
0.11112045625990205
0.11069963395712004
0.11028090188623486
0.1098642514008396
0.10944967382738585
0.10903716046669411
0.10862670259544338
0.10821829146763379
0.10781191831602707
0.1074075743535617
0.10700525077474532
0.1066049387570236
0.1062066294621247
0.10581031403738143
0.10541598361702957
0.10502362932348355
0.1046332422685891
0.10424481355485289
0.10385833427665091
0.10347379552141223
0.10309118837078361
0.10271050390176903
0.10233173318784972
0.10195486730008169
0.10157989730817175
0.10120681428153275
0.10083560929031735
0.10046627340643158
0.10009879770452712
0.09973317326297393
0.09936939116481225
0.09900744249868468
0.09864731835974874
0.09828900985056943
0.09793250808199361
0.09757780417400376
0.09722488925655404
0.09687375447038729
0.09652439096783409
0.09617678991359223
0.09583094248549004
0.09548683987523124
0.09514447328912153
0.09480383394877956
0.09446491309182861
0.09412770197257402
0.0937921918626616
0.09345837405172167
0.09312623984799535
0.09279578057894591
0.09246698759185439
0.09213985225439894
0.09181436595521987
0.09149052010446909
0.09116830613434496
0.09084771549961256
0.09052873967810952
0.0902113701712375
0.08989559850444012
0.08958141622766738
0.08926881491582543
0.08895778616921471
0.08864832161395343
0.08834041290238925
0.0880340517134981
0.08772922975327
0.08742593875508359
0.08712417048006774
0.08682391671745165
0.08652516928490403
0.08622792002885893
0.08593216082483288
0.08563788357772911
0.0853450802221315
0.08505374272258809
0.08476386307388381
0.08447543330130325
0.08418844546088328
0.08390289163965518
0.08361876395587806
0.08333605455926202
0.08305475563118221
0.08277485938488394
0.08249635806567789
0.08221924395112726
0.0819435093512272
0.08166914660857286
0.08139614809852251
0.08112450622934969
0.08085421344238959
0.08058526221217598
0.08031764504657081
0.08005135448688744
0.07978638310800455
0.07952272351847461
0.07926036836062415
0.07899931031064761
0.07873954207869444
0.07848105640894895
0.07822384607970491
0.07796790390343225
0.07771322272683878
0.07745979543092549
0.07720761493103541
0.07695667417689707
0.07670696615266316
0.07645848387694117
0.07621122040282169
0.07596516881789894
0.07572032224428751
0.07547667383863337
0.07523421679212039
0.07499294433047168
0.07475284971394647
0.07451392623733205
0.07427616722993155
0.07403956605554758
0.07380411611246065
0.07356981083340475
0.07333664368553716
0.07310460817040645
0.07287369782391498
0.07264390621627757
0.07241522695197802
0.07218765366972052
0.07196118004237825
0.07173579977693864
0.07151150661444558
0.07128829432993673
0.07106615673238094
0.07084508766460947
0.07062508100324574
0.07040613065863217
0.07018823057475446
0.06997137472916196
0.069755557132887
0.0695407718303605
0.06932701289932582
0.06911427445074973
0.06890255062873124
0.06869183561040819
0.06848212360586177
0.06827340885801889
0.06806568564255189
0.06785894826777733
0.06765319107455238
0.06744840843616842
0.06724459475824471
0.0670417444786188
0.06683985206723608
0.06663891202603685
0.06643891888884342
0.06623986722124334
0.06604175162047382
0.06584456671530271
0.06564830716590904
0.06545296766376232
0.06525854293150007
0.06506502772280484
0.06487241682227947
0.0646807050453215
0.06448988723799687
0.06429995827691198
0.06411091306908527
0.06392274655181761
0.06373545369256198
0.0635490294887923
0.06336346896787151
0.06317876718691852
0.06299491923267503
0.06281192022137112
0.06262976529859088
0.06244844963913694
0.062267968446893786
0.06208831695469274
0.06190949042417324
0.06173148414564702
0.06155429343795903
0.06137791364834978
0.06120234015231678
0.061027568353475004
0.060853593683418125
0.060680411601578756
0.06050801759508828
0.06033640717863768
0.06016557589433626
0.05999551931157194
0.05982623302687018
0.05965771266375357
0.05948995387260125
0.05932295233050716
0.059156703741140314
0.0589912038346028
0.05882644836728928
0.05866243312174594
0.058499153906529794
0.05833660655606735
0.05817478693051403
0.058013690915613585
0.05785331442255732
0.05769365338784367
0.057534703773137665
0.05737646156513131
0.05721892277540296
0.057062083440277835
0.056905939620688434
0.056750487402035144
0.05659572289404705
0.0564416422306432
0.0562882415697937
0.056135517093382124
0.055983465007066316
0.05583208154014204
0.05568136294540443
0.055531305499011724
0.05538190550034812
0.05523315927188762
0.05508506315905784
0.054937613530104686
0.05479080677595695
0.05464463931009153
0.05449910756839883
0.05435420800904926
0.05420993711235897
0.05406629138065734
0.05392326733815377
0.05378086153080597
0.05363907052618748
0.05349789091335719
0.05335731930272763
0.053217352325935136
0.05307798663570997
0.0529392189057466
0.05280104583057506
0.05266346412543264
0.05252647052613558
0.0523900617889522
0.05225423469047584
0.05211898602749869
0.05198431261688569
0.051850211295449554
0.051716678919826106
0.051583712366349996
0.051451308530930995
0.051319464328931405
0.051188176695042956
0.051057442583165066
0.05092725896628387
0.050797622836350746
0.05066853120416272
0.05053998109924229
0.050411969569718634
0.050284493682209
0.0501575505217007
0.05003113719143389
0.04990525081278475
