0.48755042783923724
0.5259756920651696
0.5244177775076635
0.5232354099574666
0.5224178769561006
0.5218543241133881
0.5214662404138996
0.5211988527798497
0.5210142292066614
0.5208862347001396
0.5207969267029043
0.5207340180194908
0.5206891092837971
0.5206564661196216
0.5206321771958368
0.5206135764660555
0.520598847623775
0.5205867537533393
0.5205764527691864
0.5205673715289769
0.5205591200220212
0.5205514329032699
0.5205441296733869
0.5205370875662496
0.5205302230931278
0.5205234794821711
0.5205168181316457
0.5205102127952926
0.5205036456270706
0.520497104491117
0.5204905811324914
0.5204840699334592
0.5204775670680285
0.5204710699273085
0.5204645767290161
0.5204580862521667
0.5204515976568548
0.520445110361863
0.5204386239615584
0.5204321381694808
0.5204256527800595
0.5204191676426346
0.520412682643838
0.5204061976956398
0.520399712727245
0.5203932276795978
0.5203867425016546
0.5203802571478573
0.5203737715764177
0.5203672857481537
0.5203607996256969
0.5203543131729552
0.5203478263547434
0.5203413391365319
0.5203348514842737
0.520328363364284
0.5203218747431568
0.5203153855877061
0.5203088958649235
0.5203024055419478
0.5202959145860437
0.5202894229645842
0.5202829306450376
0.5202764375949582
0.5202699437819789
0.5202634491738037
0.5202569537382031
0.5202504574430102
0.5202439602561162
0.5202374621454676
0.5202309630790644
0.520224463024956
0.520217961951241
0.5202114598260645
0.5202049566176166
0.5201984522941311
0.5201919468238844
0.5201854401751947
0.5201789323164207
0.52017242321596
0.52016591284225
0.5201594011637657
0.5201528881490199
0.5201463737665624
0.5201398579849787
0.5201333407728913
0.5201268220989571
0.5201203019318683
0.5201137802403519
0.5201072569931686
0.5201007321591131
0.5200942057070136
0.5200876776057308
0.5200811478241589
0.5200746163312239
0.5200680830958837
0.5200615480871286
0.52005501127398
0.5200484726254904
0.520041932110743
0.5200353896988518
0.520028845358961
0.520022299060245
0.5200157507719073
0.5200092004631816
0.5200026481033299
0.5199960936616439
0.5199895371074436
0.5199829784100771
0.5199764175389207
0.5199698544633788
0.5199632891528831
0.5199567215768925
0.5199501517048932
0.5199435795063978
0.5199370049509456
0.5199304280081022
0.5199238486474593
0.5199172668386339
0.5199106825512687
0.5199040957550319
0.5198975064196163
0.5198909145147396
0.5198843200101438
0.5198777228755953
0.5198711230808846
0.5198645205958254
0.5198579153902556
0.5198513074340354
0.5198446966970491
0.5198380831492027
0.5198314667604252
0.5198248475006683
0.5198182253399046
0.5198116002481296
0.5198049721953594
0.519798341151632
0.5197917070870063
0.519785069971562
0.5197784297753992
0.5197717864686389
0.5197651400214213
0.5197584904039072
0.5197518375862767
0.5197451815387297
0.5197385222314849
0.51973185963478
0.5197251937188714
0.5197185244540341
0.5197118518105615
0.5197051757587644
0.5196984962689721
0.5196918133115314
0.5196851268568059
0.5196784368751765
0.5196717433370416
0.5196650462128157
0.5196583454729299
0.5196516410878314
0.5196449330279835
0.5196382212638656
0.519631505765972
0.5196247865048129
0.5196180634509135
0.5196113365748141
0.5196046058470689
0.5195978712382474
0.5195911327189335
0.5195843902597241
0.5195776438312308
0.5195708934040788
0.5195641389489066
0.5195573804363655
0.5195506178371202
0.5195438511218482
0.5195370802612392
0.5195303052259955
0.5195235259868319
0.5195167425144743
0.5195099547796611
0.5195031627531419
0.5194963664056775
0.5194895657080402
0.5194827606310126
0.5194759511453886
0.5194691372219723
0.5194623188315782
0.5194554959450308
0.5194486685331645
0.5194418365668236
0.5194350000168617
0.5194281588541416
0.5194213130495353
0.5194144625739239
0.5194076073981968
0.519400747493252
0.5193938828299962
0.5193870133793439
0.5193801391122173
0.5193732599995464
0.5193663760122695
0.519359487121331
0.519352593297683
0.519345694512285
0.5193387907361026
0.5193318819401078
0.5193249680952798
0.5193180491726035
0.5193111251430698
0.519304195977675
0.5192972616474218
0.5192903221233177
0.519283377376376
0.5192764273776145
0.519269472098056
0.519262511508728
0.519255545580663
0.5192485742848969
0.5192415975924702
0.5192346154744276
0.5192276279018169
0.5192206348456903
0.5192136362771025
0.519206632167112
0.5191996224867803
0.5191926072071712
0.519185586299352
0.5191785597343918
0.5191715274833626
0.5191644895173376
0.5191574458073934
0.5191503963246069
0.5191433410400574
0.5191362799248255
0.5191292129499929
0.5191221400866425
0.5191150613058584
0.5191079765787245
0.5191008858763262
0.5190937891697488
0.5190866864300779
0.5190795776283991
0.5190724627357981
0.5190653417233597
0.5190582145621686
0.5190510812233091
0.5190439416778645
0.5190367958969164
0.5190296438515463
0.5190224855128338
0.5190153208518569
0.5190081498396922
0.5190009724474145
0.5189937886460962
0.518986598406808
0.518979401700618
0.5189721984985914
0.518964988771792
0.5189577724912791
0.51895054962811
0.5189433201533389
0.518936084038016
0.5189288412531889
0.5189215917699006
0.5189143355591911
0.5189070725920957
0.5188998028396462
0.5188925262728695
0.5188852428627886
0.5188779525804216
0.5188706553967816
0.5188633512828772
0.5188560402097112
0.5188487221482823
0.5188413970695825
0.5188340649445989
0.5188267257443131
0.5188193794397
0.518812026001729
0.5188046654013633
0.5187972976095596
0.5187899225972681
0.5187825403354321
0.5187751507949886
0.518767753946867
0.5187603497619899
0.5187529382112727
0.5187455192656232
0.5187380928959412
0.5187306590731195
0.5187232177680425
0.5187157689515867
0.5187083125946201
0.5187008486680028
0.5186933771425861
0.5186858979892126
0.5186784111787163
0.5186709166819221
0.5186634144696455
0.5186559045126933
0.5186483867818621
0.5186408612479398
0.5186333278817042
0.5186257866539231
0.5186182375353541
0.5186106804967455
0.5186031155088344
0.5185955425423477
0.518587961568002
0.5185803725565027
0.5185727754785445
0.5185651703048113
0.5185575570059755
0.518549935552698
0.5185423059156287
0.5185346680654055
0.518527021972655
0.5185193676079912
0.5185117049420165
0.5185040339453209
0.5184963545884824
0.5184886668420661
0.5184809706766247
0.5184732660626978
0.5184655529708129
0.5184578313714836
0.5184501012352103
0.518442362532481
0.5184346152337689
0.5184268593095347
0.5184190947302247
0.5184113214662717
0.5184035394880938
0.5183957487660958
0.5183879492706676
0.5183801409721847
0.5183723238410082
0.5183644978474841
0.5183566629619438
0.5183488191547039
0.5183409663960654
0.5183331046563142
0.5183252339057205
0.5183173541145396
0.5183094652530105
0.5183015672913565
0.518293660199785
0.5182857439484871
0.518277818507638
0.5182698838473963
0.5182619399379036
0.5182539867492859
0.5182460242516514
0.518238052415092
0.5182300712096823
0.5182220806054796
0.5182140805725243
0.5182060710808384
0.5181980521004272
0.5181900236012782
0.5181819855533606
0.5181739379266257
0.5181658806910067
0.5181578138164187
0.5181497372727581
0.5181416510299032
0.5181335550577131
0.5181254493260286
0.518117333804671
0.5181092084634431
0.5181010732721278
0.5180929282004897
0.5180847732182731
0.5180766082952029
0.5180684334009841
0.5180602485053024
0.5180520535778232
0.5180438485881915
0.5180356335060324
0.5180274083009505
0.5180191729425301
0.5180109274003344
0.5180026716439063
0.5179944056427676
0.5179861293664187
0.5179778427843397
0.5179695458659886
0.5179612385808026
0.5179529208981968
0.5179445927875649
0.5179362542182787
0.5179279051596883
0.5179195455811216
0.5179111754518844
0.5179027947412596
0.5178944034185082
0.517886001452869
0.5178775888135576
0.5178691654697662
0.5178607313906651
0.5178522865454012
0.5178438309030977
0.517835364432855
0.5178268871037498
0.517818398884835
0.5178098997451405
0.5178013896536717
0.51779286857941
0.5177843364913131
0.5177757933583141
0.5177672391493222
0.5177586738332217
0.5177500973788723
0.5177415097551095
0.5177329109307428
0.517724300874558
0.5177156795553154
0.5177070469417494
0.5176984030025698
0.5176897477064606
0.5176810810220804
0.5176724029180618
0.5176637133630115
0.5176550123255105
0.5176462997741136
0.517637575677349
0.5176288400037191
0.5176200927216996
0.5176113337997392
0.5176025632062604
0.5175937809096587
0.5175849868783023
0.5175761810805327
0.5175673634846639
0.5175585340589827
0.5175496927717482
0.5175408395911921
0.5175319744855182
0.5175230974229029
0.5175142083714936
0.5175053072994107
0.5174963941747458
0.5174874689655622
0.5174785316398947
0.5174695821657496
0.5174606205111043
0.5174516466439076
0.5174426605320793
0.51743366214351
0.5174246514460605
0.5174156284075638
0.5174065929958216
0.5173975451786071
0.5173884849236636
0.5173794121987043
0.5173703269714128
0.5173612292094425
0.5173521188804162
0.5173429959519268
0.5173338603915365
0.5173247121667771
0.5173155512451497
0.5173063775941243
0.5172971911811401
0.5172879919736051
0.5172787799388964
0.5172695550443596
0.5172603172573086
0.5172510665450263
0.5172418028747631
0.5172325262137384
0.517223236529139
0.5172139337881199
0.5172046179578039
0.5171952890052816
0.5171859468976109
0.5171765916018173
0.5171672230848934
0.5171578413137994
0.5171484462554621
0.5171390378767754
0.5171296161446003
0.5171201810257637
0.5171107324870602
0.5171012704952497
0.5170917950170593
0.5170823060191815
0.5170728034682757
0.5170632873309664
0.5170537575738446
0.5170442141634667
0.5170346570663547
0.5170250862489958
0.5170155016778429
0.5170059033193138
0.5169962911397917
0.5169866651056243
0.5169770251831244
0.5169673713385694
0.5169577035382014
0.5169480217482265
0.5169383259348158
0.5169286160641042
0.5169188921021904
0.5169091540151377
0.5168994017689724
0.5168896353296852
0.5168798546632298
0.5168700597355241
0.5168602505124484
0.5168504269598465
0.5168405890435257
0.5168307367292556
0.5168208699827688
0.5168109887697612
0.51680109305589
0.5167911828067755
0.5167812579880008
0.5167713185651104
0.5167613645036109
0.5167513957689712
0.516741412326622
0.5167314141419549
0.5167214011803242
0.5167113734070443
0.516701330787392
0.5166912732866046
0.5166812008698806
0.5166711135023794
0.5166610111492211
0.5166508937754865
0.5166407613462167
0.5166306138264135
0.5166204511810387
0.5166102733750143
0.5166000803732222
0.5165898721405042
0.516579648641662
0.5165694098414564
0.5165591557046083
0.5165488861957972
0.5165386012796629
0.5165283009208026
0.5165179850837742
0.5165076537330933
0.5164973068332346
0.5164869443486312
0.5164765662436746
0.5164661724827146
0.5164557630300597
0.5164453378499748
0.5164348969066848
0.5164244401643707
0.5164139675871721
0.5164034791391856
0.5163929747844651
0.5163824544870222
0.5163719182108253
0.5163613659197994
0.5163507975778269
0.5163402131487465
0.5163296125963535
0.5163189958843999
0.5163083629765934
0.5162977138365986
0.5162870484280357
0.5162763667144803
0.5162656686594645
0.5162549542264758
0.5162442233789569
0.5162334760803062
0.5162227122938766
0.516211931982977
0.5162011351108706
0.5161903216407755
0.5161794915358642
0.5161686447592643
0.5161577812740572
0.5161469010432788
0.5161360040299188
0.5161250901969212
0.5161141595071835
0.5161032119235573
0.5160922474088472
0.5160812659258116
0.5160702674371616
0.5160592519055618
0.51604821929363
0.5160371695639364
0.516026102679004
0.5160150186013079
0.5160039172932765
0.5159927987172901
0.5159816628356804
0.515970509610732
0.5159593390046807
0.5159481509797144
0.5159369454979722
0.515925722521545
0.5159144820124743
0.5159032239327528
0.5158919482443252
0.5158806549090855
0.5158693438888793
0.5158580151455024
0.5158466686407011
0.5158353043361715
0.5158239221935603
0.515812522174464
0.5158011042404287
0.5157896683529498
0.5157782144734729
0.5157667425633925
0.5157552525840525
0.5157437444967453
0.5157322182627126
0.515720673843145
0.515709111199181
0.5156975302919081
0.515685931082362
0.5156743135315262
0.5156626776003321
0.5156510232496596
0.5156393504403354
0.5156276591331344
0.5156159492887781
0.5156042208679359
0.5155924738312236
0.5155807081392045
0.5155689237523883
0.515557120631231
0.5155452987361355
0.5155334580274504
0.5155215984654711
0.5155097200104382
0.5154978226225384
0.5154859062619039
0.5154739708886129
0.5154620164626879
0.5154500429440971
0.515438050292754
0.5154260384685161
0.5154140074311864
0.5154019571405116
0.5153898875561831
0.5153777986378365
0.5153656903450513
0.5153535626373508
0.515341415474202
0.5153292488150152
0.5153170626191446
0.5153048568458867
0.515292631454482
0.5152803864041129
0.515268121653905
0.5152558371629263
0.5152435328901871
0.5152312087946396
0.5152188648351788
0.5152065009706398
0.5151941171598017
0.5151817133613831
0.515169289534045
0.5151568456363889
0.5151443816269576
0.5151318974642349
0.5151193931066447
0.5151068685125514
0.5150943236402598
0.515081758448015
0.5150691728940018
0.5150565669363445
0.5150439405331073
0.5150312936422938
0.5150186262218461
0.5150059382296465
0.514993229623515
0.514980500361211
0.5149677504004321
0.514954979698814
0.5149421882139308
0.5149293759032947
0.5149165427243549
0.5149036886344991
0.5148908135910519
0.5148779175512748
0.5148650004723669
0.5148520623114636
0.5148391030256376
0.5148261225718972
0.5148131209071876
0.5148000979883898
0.5147870537723207
0.5147739882157332
0.5147609012753149
0.5147477929076896
0.5147346630694158
0.514721511716987
0.5147083388068312
0.5146951442953114
0.5146819281387245
0.5146686902933018
0.5146554307152085
0.5146421493605435
0.5146288461853392
0.5146155211455616
0.5146021741971099
0.5145888052958155
0.5145754143974437
0.5145620014576915
0.5145485664321886
0.514535109276497
0.5145216299461102
0.514508128396454
0.514494604582885
0.5144810584606921
0.5144674899850947
0.5144538991112433
0.5144402857942191
0.5144266499890338
0.5144129916506294
0.514399310733878
0.5143856071935817
0.5143718809844723
0.5143581320612107
0.5143443603783876
0.5143305658905223
0.5143167485520631
0.5143029083173869
0.514289045140799
0.5142751589765329
0.5142612497787501
0.5142473175015396
0.5142333620989183
0.5142193835248303
0.5142053817331463
0.5141913566776649
0.5141773083121105
0.5141632365901339
0.5141491414653123
0.5141350228911497
0.5141208808210744
0.5141067152084409
0.5140925260065294
0.5140783131685447
0.5140640766476163
0.514049816396799
0.5140355323690711
0.5140212245173358
0.5140068927944197
0.5139925371530734
0.513978157545971
0.5139637539257096
0.5139493262448094
0.5139348744557133
0.5139203985107869
0.5139058983623178
0.5138913739625159
0.5138768252635127
0.5138622522173616
0.5138476547760367
0.5138330328914338
0.5138183865153692
0.5138037155995798
0.5137890200957232
0.5137742999553766
0.5137595551300376
0.5137447855711226
0.5137299912299681
0.5137151720578297
0.5137003280058814
0.513685459025216
0.5136705650668448
0.5136556460816972
0.5136407020206201
0.5136257328343785
0.5136107384736541
0.5135957188890468
0.513580674031072
0.5135656038501624
0.5135505082966669
0.5135353873208506
0.5135202408728938
0.5135050689028933
0.51348987136086
0.5134746481967207
0.5134593993603167
0.5134441248014034
0.5134288244696509
0.513413498314643
0.513398146285877
0.5133827683327638
0.5133673644046274
0.5133519344507045
0.5133364784201445
0.5133209962620092
0.513305487925272
0.5132899533588187
0.5132743925114458
0.5132588053318614
0.5132431917686847
0.5132275517704451
0.5132118852855827
0.5131961922624474
0.513180472649299
0.5131647263943067
0.5131489534455489
0.5131331537510131
0.5131173272585953
0.5131014739160998
0.5130855936712388
0.513069686471633
0.5130537522648095
0.5130377909982031
0.5130218026191556
0.5130057870749155
0.5129897443126368
0.5129736742793805
0.5129575769221122
0.5129414521877038
0.5129253000229321
0.5129091203744784
0.5128929131889284
0.5128766784127725
0.5128604159924045
0.5128441258741219
0.5128278080041252
0.5128114623285187
0.5127950887933082
0.5127786873444025
0.5127622579276121
0.5127458004886496
0.5127293149731287
0.512712801326564
0.512696259494371
0.5126796894218657
0.5126630910542642
0.5126464643366823
0.512629809214135
0.512613125631537
0.5125964135337016
0.5125796728653405
0.5125629035710633
0.5125461055953776
0.5125292788826892
0.5125124233773
0.5124955390234094
0.5124786257651132
0.5124616835464028
0.5124447123111665
0.5124277120031872
0.5124106825661434
0.5123936239436083
0.5123765360790495
0.5123594189158289
0.5123422723972023
0.5123250964663185
0.5123078910662198
0.5122906561398411
0.5122733916300098
0.5122560974794454
0.5122387736307589
0.5122214200264529
0.5122040366089208
0.5121866233204468
0.5121691801032057
0.5121517068992613
0.512134203650568
0.512116670298969
0.5120991067861963
0.5120815130538706
0.5120638890435005
0.5120462346964825
0.5120285499541005
0.5120108347575257
0.5119930890478155
0.511975312765914
0.511957505852651
0.5119396682487419
0.5119217998947876
0.5119039007312733
0.5118859706985689
0.5118680097369284
0.5118500177864895
0.511831994787273
0.5118139406791831
0.5117958554020058
0.5117777388954099
0.5117595910989456
0.5117414119520448
0.51172320139402
0.5117049593640648
0.5116866858012523
0.5116683806445363
0.5116500438327496
0.5116316753046036
0.5116132749986892
0.5115948428534749
0.5115763788073074
0.5115578827984105
0.5115393547648855
0.5115207946447101
0.5115022023757378
0.5114835778956991
0.5114649211421985
0.5114462320527167
0.5114275105646082
0.5114087566151021
0.5113899701413016
0.5113711510801822
0.5113522993685935
0.5113334149432569
0.5113144977407664
0.5112955476975873
0.5112765647500568
0.511257548834382
0.5112384998866416
0.5112194178427832
0.5112003026386246
0.5111811542098528
0.5111619724920231
0.5111427574205598
0.5111235089307544
0.5111042269577661
0.5110849114366214
0.5110655623022127
0.5110461794892991
0.5110267629325052
0.5110073125663206
0.5109878283251004
0.5109683101430634
0.5109487579542926
0.5109291716927346
0.5109095512921986
0.5108898966863571
0.510870207808744
0.5108504845927553
0.5108307269716481
0.5108109348785403
0.5107911082464103
0.5107712470080963
0.5107513510962953
0.5107314204435646
0.5107114549823184
0.5106914546448303
0.5106714193632306
0.510651349069507
0.510631243695504
0.5106111031729217
0.5105909274333168
0.5105707164081005
0.510550470028539
0.5105301882257527
0.510509870930716
0.5104895180742565
0.5104691295870545
0.5104487053996432
0.510428245442407
0.5104077496455823
0.5103872179392561
0.510366650253366
0.5103460465176997
0.5103254066618941
0.5103047306154349
0.510284018307657
0.5102632696677429
0.5102424846247223
0.5102216631074725
0.5102008050447171
0.5101799103650256
0.5101589789968132
0.51013801086834
0.5101170059077107
0.5100959640428742
0.5100748852016224
0.510053769311591
0.5100326163002576
0.5100114260949422
0.5099901986228057
0.5099689338108506
0.5099476315859198
0.5099262918746961
0.5099049146037012
0.5098834996992967
0.5098620470876818
0.5098405566948943
0.5098190284468085
0.5097974622691365
0.509775858087426
0.5097542158270608
0.5097325354132602
0.5097108167710778
0.5096890598254018
0.5096672645009538
0.509645430722289
0.5096235584137945
0.5096016474996905
0.5095796979040279
0.5095577095506887
0.5095356823633862
0.5095136162656628
0.5094915111808906
0.5094693670322707
0.5094471837428323
0.5094249612354325
0.5094026994327557
0.5093803982573128
0.5093580576314412
0.5093356774773032
0.5093132577168873
0.5092907982720053
0.5092682990642934
0.5092457600152115
0.5092231810460418
0.5092005620778892
0.5091779030316801
0.5091552038281619
0.5091324643879032
0.5091096846312916
0.5090868644785352
0.5090640038496606
0.5090411026645123
0.5090181608427532
0.5089951783038633
0.5089721549671389
0.5089490907516925
0.5089259855764522
0.5089028393601611
0.5088796520213761
0.5088564234784686
0.5088331536496227
0.5088098424528351
0.5087864898059146
0.5087630956264816
0.5087396598319673
0.508716182339613
0.5086926630664697
0.5086691019293978
0.508645498845066
0.5086218537299507
0.5085981665003362
0.5085744370723131
0.5085506653617782
0.5085268512844339
0.5085029947557879
0.5084790956911519
0.5084551540056411
0.5084311696141749
0.508407142431474
0.5083830723720622
0.5083589593502638
0.5083348032802044
0.5083106040758096
0.5082863616508045
0.5082620759187135
0.5082377467928589
0.508213374186361
0.5081889580121371
0.5081644981829012
0.508139994611163
0.5081154472092279
0.5080908558891952
0.508066220562959
0.508041541142207
0.5080168175384189
0.507992049662867
0.5079672374266158
0.5079423807405198
0.5079174795152246
0.5078925336611649
0.5078675430885652
0.507842507707438
0.507817427427584
0.5077923021585906
0.5077671318098325
0.5077419162904699
0.5077166555094482
0.5076913493754983
0.5076659977971343
0.5076406006826544
0.507615157940139
0.5075896694774514
0.5075641352022359
0.5075385550219178
0.5075129288437029
0.5074872565745765
0.5074615381213028
0.5074357733904242
0.5074099622882615
0.507384104720912
0.5073582005942492
0.507332249813923
0.507306252285358
0.5072802079137535
0.5072541166040823
0.5072279782610909
0.5072017927892981
0.5071755600929942
0.5071492800762416
0.5071229526428724
0.507096577696489
0.5070701551404634
0.5070436848779355
0.5070171668118135
0.5069906008447735
0.5069639868792571
0.5069373248174729
0.5069106145613941
0.5068838560127591
0.5068570490730698
0.5068301936435922
0.5068032896253538
0.5067763369191455
0.5067493354255183
0.5067222850447848
0.5066951856770172
0.5066680372220469
0.506640839579464
0.5066135926486174
0.5065862963286123
0.5065589505183108
0.5065315551163314
0.5065041100210477
0.5064766151305877
0.5064490703428337
0.5064214755554214
0.5063938306657385
0.5063661355709251
0.5063383901678727
0.5063105943532231
0.5062827480233678
0.5062548510744481
0.5062269034023535
0.506198904902721
0.5061708554709355
0.5061427550021281
0.5061146033911751
0.5060864005326988
0.5060581463210657
0.5060298406503856
0.5060014834145119
0.5059730745070397
0.5059446138213064
0.5059161012503903
0.5058875366871095
0.5058589200240221
0.5058302511534254
0.5058015299673541
0.5057727563575809
0.5057439302156154
0.505715051432703
0.5056861198998247
0.5056571355076962
0.5056280981467672
0.5055990077072208
0.5055698640789724
0.5055406671516698
0.5055114168146916
0.5054821129571471
0.5054527554678752
0.5054233442354443
0.5053938791481509
0.505364360094019
0.5053347869607999
0.5053051596359709
0.5052754780067352
0.5052457419600205
0.5052159513824789
0.5051861061604853
0.5051562061801382
0.5051262513272574
0.5050962414873844
0.5050661765457808
0.5050360563874284
0.505005880897028
0.5049756499589987
0.5049453634574774
0.5049150212763178
0.50488462329909
0.5048541694090793
0.5048236594892865
0.5047930934224255
0.5047624710909241
0.5047317923769225
0.5047010571622729
0.5046702653285384
0.5046394167569928
0.5046085113286192
0.5045775489241101
0.5045465294238659
0.5045154527079947
0.5044843186563108
0.5044531271483351
0.5044218780632932
0.5043905712801159
0.5043592066774372
0.5043277841335941
0.5042963035266264
0.504264764734275
0.5042331676339814
0.5042015121028879
0.5041697980178353
0.5041380252553637
0.5041061936917101
0.5040743032028091
0.5040423536642915
0.5040103449514838
0.5039782769394068
0.5039461495027757
0.5039139625159987
0.5038817158531766
0.5038494093881022
0.5038170429942586
0.5037846165448195
0.5037521299126483
0.5037195829702964
0.5036869755900037
0.5036543076436966
0.5036215790029882
0.5035887895391773
0.5035559391232473
0.5035230276258653
0.503490054917382
0.5034570208678304
0.5034239253469253
0.503390768224062
0.5033575493683163
0.503324268648443
0.5032909259328753
0.5032575210897244
0.5032240539867783
0.5031905244915008
0.5031569324710313
0.5031232777921838
0.5030895603214456
0.5030557799249769
0.5030219364686105
0.5029880298178498
0.502954059837869
0.502920026393512
0.5028859293492911
0.502851768569387
0.5028175439176472
0.5027832552575858
0.5027489024523826
0.5027144853648812
0.5026800038575898
0.5026454577926798
0.5026108470319839
0.5025761714369968
0.5025414308688735
0.502506625188428
0.5024717542561347
0.5024368179321239
0.5024018160761842
0.5023667485477601
0.5023316152059516
0.5022964159095129
0.5022611505168517
0.5022258188860289
0.5021904208747568
0.5021549563403991
0.5021194251399689
0.5020838271301293
0.5020481621671912
0.5020124301071127
0.5019766308054996
0.5019407641176017
0.5019048298983144
0.5018688280021772
0.5018327582833719
0.5017966205957223
0.5017604147926935
0.5017241407273906
0.5016877982525582
0.5016513872205786
0.5016149074834719
0.5015783588928944
0.5015417413001378
0.5015050545561285
0.5014682985114262
0.5014314730162234
0.5013945779203438
0.5013576130732424
0.5013205783240033
0.5012834735213396
0.5012462985135919
0.5012090531487278
0.5011717372743402
0.5011343507376473
0.5010968933854903
0.5010593650643338
0.5010217656202638
0.5009840948989869
0.5009463527458293
0.5009085390057362
0.5008706535232702
0.5008326961426101
0.5007946667075505
0.5007565650615003
0.5007183910474822
0.5006801445081305
0.5006418252856912
0.5006034332220202
0.5005649681585826
0.5005264299364517
0.5004878183963072
0.5004491333784347
0.5004103747227242
0.5003715422686703
0.5003326358553685
0.5002936553215164
0.5002546005054117
0.5002154712449507
0.500176267377628
0.5001369887405345
0.5000976351703565
0.5000582065033747
0.5000187025754631
0.4999791232220872
0.4999394682783036
0.49989973757875794
0.49985993095768466
0.49982004824890486
0.49978008928582546
0.4997400539014377
0.49969994192831674
0.49965975319861944
0.49961948754408314
0.49957914479602505
0.49953872478534034
0.4994982273425013
0.4994576522975555
0.49941699948012463
0.4993762687194038
0.4993354598441596
0.4992945726827283
0.4992536070630156
0.4992125628124943
0.4991714397582037
0.49913023772674786
0.4990889565442936
0.49904759603657023
0.49900615602886733
0.4989646363460335
0.4989230368124747
0.4988813572521537
0.4988395974885879
0.49879775734484677
0.49875583664355294
0.4987138352068787
0.4986717528565445
0.49862958941381896
0.4985873446995157
0.49854501853399247
0.49850261073714985
0.4984601211284288
0.49841754952681044
0.49837489575081295
0.498332159618491
0.49828934094743393
0.4982464395547632
0.4982034552571327
0.49816038787072486
0.4981172372112502
0.4980740030939458
0.4980306853335727
0.4979872837444152
0.49794379814027845
0.49790022833448655
0.4978565741398814
0.4978128353688207
0.4977690118331755
0.49772510334432973
0.4976811097131771
0.49763703075011967
0.49759286626506677
0.49754861606743134
0.4975042799661304
0.4974598577695806
0.49741534928569864
0.49737075432189753
0.49732607268508605
0.49728130418166555
0.4972364486175288
0.49719150579805776
0.4971464755281208
0.49710135761207264
0.4970561518537504
0.4970108580564714
0.4969654760230332
0.49692000555570914
0.49687444645624756
0.4968287985258693
0.49678306156526536
0.49673723537459513
0.4966913197534836
0.4966453145010198
0.49659921941575386
0.49655303429569586
0.49650675893831214
0.4964603931405238
0.4964139366987046
0.4963673894086781
0.49632075106571555
0.4962740214645335
0.49622720039929163
0.49618028766358946
0.49613328305046517
0.4960861863523923
0.4960389973612773
0.49599171586845775
0.49594434166469886
0.4958968745401915
0.4958493142845498
0.4958016606868078
0.49575391353541787
0.4957060726182472
0.4956581377225757
0.49561010863509325
0.49556198514189637
0.49551376702848665
0.4954654540797671
0.49541704608004006
0.4953685428130034
0.49531994406174884
0.49527124960875835
0.4952224592359018
0.49517357272443413
0.49512458985499147
0.4950755104075896
0.4950263341616201
0.4949770608958477
0.4949276903884068
0.4948782224167996
0.4948286567578917
0.4947789931879101
0.49472923148243897
0.494679371416418
0.49462941276413824
0.49457935529923874
0.4945291987947044
0.4944789430228619
0.4944285877553762
0.49437813276324866
0.4943275778168122
0.49427692268572887
0.4942261671389862
0.49417531094489403
0.4941243538710807
0.49407329568449015
0.494022136151378
0.4939708750373085
0.4939195121071507
0.49386804712507504
0.4938164798545498
0.49376481005833767
0.4937130374984916
0.493661161936352
0.49360918313254204
0.4935571008469653
0.4935049148388006
0.493452624866499
0.49340023068778055
0.4933477320596291
0.4932951287382902
0.4932424204792653
0.4931896070373095
0.4931366881664273
0.49308366361986744
0.49303053315012096
0.4929772965089151
0.4929239534472113
0.4928705037151993
0.49281694706229456
0.49276328323713303
0.49270951198756774
0.49265563306066457
0.4926016462026973
0.4925475511591448
0.492493347674685
0.49243903549319257
0.4923846143577328
0.4923300840105588
0.49227544419310565
0.49222069464598756
0.49216583510899226
0.49211086532107706
0.49205578502036434
0.4920005939441369
0.49194529182883423
0.4918898784100461
0.49183435342251036
0.4917787166001061
0.4917229676758507
0.49166710638189426
0.4916111324495155
0.491555045609116
0.4914988455902169
0.4914425321214527
0.49138610493056767
0.4913295637444101
0.4912729082889281
0.4912161382891641
0.4911592534692506
0.49110225355240433
0.49104513826092283
0.4909879073161776
0.49093056043861016
0.49087309734772683
0.49081551776209414
0.4907578213993323
0.4907000079761115
0.49064207720814657
0.4905840288101905
0.4905258624960314
0.49046757797848517
0.49040917496939196
0.4903506531796093
0.4902920123190079
0.49023325209646657
0.4901743722198654
0.490115372396082
0.4900562523309854
0.4899970117294301
0.4899376502952515
0.48987816773126036
0.4898185637392364
0.4897588380199239
0.4896989902730257
0.4896390201971974
0.489578927490042
0.48951871184810447
0.48945837296686584
0.4893979105407375
0.4893373242630564
0.48927661382607746
0.4892157789209703
0.4891548192378113
0.48909373446557947
0.48903252429214983
0.4889711884042879
0.4889097264876435
0.48884813822674583
0.48878642330499655
0.48872458140466485
0.48866261220688095
0.48860051539163035
0.4885382906377482
0.4884759376229131
0.4884134560236414
0.4883508455152811
0.4882881057720052
0.48822523646680765
0.48816223727149527
0.48809910785668265
0.4880358478917865
0.4879724570450187
0.48790893498338134
0.48784528137265964
0.4877814958774168
0.4877175781609869
0.48765352788546984
0.4875893447117249
0.4875250282993644
0.48746057830674794
0.4873959943909756
0.4873312762078834
0.4872664234120351
0.4872014356567177
0.4871363125939346
0.48707105387439953
0.48700565914753086
0.4869401280614446
0.4868744602629489
0.486808655397538
0.4867427131093858
0.48667663304133973
0.4866104148349147
0.4865440581302869
0.4864775625662877
0.4864109277803977
0.48634415340874043
0.4862772390860759
0.48621018444579556
0.4861429891199147
0.4860756527390676
0.48600817493250115
0.485940555328068
0.4858727935522215
0.4858048892300092
0.48573684198506684
0.48566865143961213
0.4856003172144392
0.48553183892891216
0.4854632162009593
0.4853944486470671
0.4853255358822742
0.48525647752016565
0.48518727317286653
0.48511792245103696
0.48504842496386535
0.4849787803190628
0.4849089881228571
0.484839047979988
0.48476895949369936
0.4846987222657357
0.48462833589633475
0.4845577999842227
0.48448711412660816
0.4844162779191765
0.4843452909560843
0.4842741528299541
0.4842028631318681
0.48413142145136356
0.4840598273764269
0.4839880804934878
0.483916180387415
0.48384412664150944
0.4837719188375003
0.4836995565555393
0.4836270393741949
0.48355436687044817
0.4834815386196862
0.48340855419569884
0.4833354131706722
0.48326211511518435
0.4831886595981998
0.4831150461870661
0.48304127444750694
0.48296734394361895
0.48289325423786617
0.48281900489107604
0.48274459546243376
0.4826700255094792
0.48259529458810124
0.482520402252534
0.4824453480553521
0.4823701315474669
0.48229475227812146
0.4822192097948873
0.48214350364366004
0.482067633368655
0.4819915985124037
0.4819153986157502
0.48183903321784677
0.48176250185615077
0.4816858040664203
0.4816089393827117
0.4815319073373753
0.48145470746105257
0.4813773392826719
0.48129980232944725
0.4812220961268731
0.4811442201987228
0.48106617406704516
0.48098795725216115
0.4809095692726624
0.4808310096454076
0.48075227788552033
0.4806733735063867
0.48059429601965276
0.48051504493522273
0.48043561976125687
0.480356020004169
0.48027624516862516
0.4801962947575414
0.4801161682720829
0.48003586521166125
0.4799553850739348
0.4798747273548053
0.4797938915484182
0.4797128771471611
0.47963168364166286
0.47955031052079317
0.4794687572716612
0.4793870233796156
0.47930510832824413
0.47922301159937297
0.47914073267306717
0.4790582710276301
0.4789756261396042
0.4788927974837707
0.47880978453315054
0.47872658675900476
0.4786432036308353
0.4785596346163859
0.4784758791816427
0.47839193679083636
0.47830780690644314
0.47822348898918543
0.4781389824980351
0.4780542868902141
0.4779694016211963
0.47788432614471127
0.47779905991274485
0.47771360237554306
0.4776279529816132
0.47754211117772866
0.4774560764089306
0.4773698481185314
0.4772834257481184
0.47719680873755754
0.47710999652499675
0.4770229885468704
0.4769357842379027
0.4768483830311131
0.4767607843578201
0.4766729876476462
0.476584992328523
0.47649679782669613
0.47640840356673064
0.4763198089715167
0.4762310134622754
0.4761420164585645
0.4760528173782851
0.47596341563768724
0.4758738106513772
0.4757840018323245
0.4756939885918683
0.47560377033972495
0.47551334648399574
0.47542271643117456
0.47533187958615586
0.47524083535224293
0.47514958313115585
0.4750581223230407
0.47496645232647877
0.4748745725384949
0.4747824823545675
0.4746901811686379
0.4745976683731205
0.4745049433589128
0.47441200551540574
0.47431885423049436
0.4742254888905889
0.47413190888062623
0.4740381135840802
0.4739441023829748
0.473849874657895
0.47375542978799945
0.47366076715103345
0.4735658861233406
0.4734707860798766
0.473375466394223
0.4732799264385996
0.47318416558387977
0.47308818319960344
0.4729919786539921
0.47289555131396355
0.472798900545147
0.4727020257118981
0.4726049261773148
0.4725076013032535
0.47241005045034445
0.47231227297800943
0.47221426824447765
0.4721160356068033
0.4720175744208828
0.47191888404147286
0.47181996382220837
0.47172081311561986
0.47162143127315437
0.4715218176451923
0.47142197158106763
0.4713218924290875
0.4712215795365523
0.4711210322497756
0.47102024991410524
0.4709192318739436
0.47081797747276966
0.47071648605315974
0.4706147569568104
0.47051278952455944
0.47041058309641004
0.4703081370115529
0.4702054506083885
0.47010252322455315
0.4699993541969406
0.4698959428617276
0.46979228855439836
0.46968839060976936
0.46958424836201496
0.4694798611446927
0.4693752282907702
0.46927034913265026
0.4691652230021988
0.4690598492307716
0.4689542271492418
0.4688483560880272
0.46874223537711984
0.468635864346113
0.46852924232423093
0.4684223686403583
0.46831524262306956
0.46820786360065925
0.4681002309011716
0.4679923438524323
0.4678842017820795
0.4677758040175948
0.467667149886335
0.4675582387155655
0.4674490698324918
0.467339642564293
0.46722995623815494
0.4671200101813047
0.4670098037210434
0.466899336184782
0.4667886069000755
0.46667761519465845
0.4665663603964805
0.46645484183374286
0.4663430588349337
0.46623101072886647
0.4661186968447153
0.46600611651205415
0.4658932690608939
0.4657801538217211
0.4656667701255357
0.46555311730389215
0.46543919468893674
0.4653250016134481
0.4652105374108789
0.4650958014153939
0.4649807929619135
0.4648655113861532
0.4647499560246663
0.4646341262148861
0.46451802129516806
0.4644016406048328
0.4642849834842096
0.46416804927468
0.46405083731872177
0.4639333469599529
0.46381557754317765
0.4636975284144303
0.46357919892102173
0.4634605884115849
0.4633416962361211
0.4632225217460469
0.4631030642942412
0.46298332323509206
0.46286329792454567
0.4627429877201528
0.46262239198111926
0.46250151006835327
0.46238034134451517
0.4622588851740676
0.46213714092332486
0.4620151079605024
0.4618927856557701
0.4617701733813004
0.4616472705113212
0.46152407642216764
0.4614005904923335
0.46127681210252414
0.46115274063570905
0.46102837547717496
0.4609037160145793
0.46077876163800435
0.46065351174001057
0.46052796571569116
0.46040212296272803
0.46027598288144556
0.4601495448748658
0.4600228083487655
0.4598957727117313
0.4597684373752164
0.4596408017535962
0.459512865264227
0.459384627327502
0.45925608736690926
0.45912724480908906
0.4589980990838931
0.45886864962444185
0.4587388958671833
0.4586088372519531
0.4584784732220325
0.4583478032242084
0.4582168267088332
0.4580855431298847
0.45795395194502625
0.4578220526156678
0.457689844607026
0.45755732738818566
0.4574245004321613
0.45729136321595804
0.45715791522063354
0.45702415593136003
0.4568900848374864
0.4567557014326007
0.45662100521459276
0.4564859956857166
0.4563506723526534
0.4562150347265758
0.4560790823232093
0.4559428146628975
0.4558062312706648
0.4556693316762807
0.4555321154143236
0.4553945820242452
0.4552567310504345
0.4551185620422824
0.45498007455424627
0.4548412681459152
0.4547021423820733
0.45456269683276646
0.45442293107336634
0.45428284468463587
0.45414243725279446
0.4540017083695829
0.4538606576323293
0.45371928464401473
0.45357758901333795
0.45343557035478177
0.4532932282886779
0.4531505624412739
0.45300757244479767
0.4528642579375235
0.45272061856383833
0.45257665397430663
0.4524323638257374
0.45228774778124864
0.45214280551033403
0.4519975366889279
0.45185194099947174
0.4517060181309794
0.4515597677791021
0.4514131896461955
0.4512662834413836
0.45111904888062526
0.4509714856867787
0.4508235935896673
0.45067537232614485
0.45052682164015956
0.45037794128281994
0.4502287310124601
0.4500791905947021
0.44992931980252304
0.44977911841631796
0.44962858622396407
0.44947772302088534
0.4493265286101156
0.44917500280236283
0.4490231454160722
0.44887095627748885
0.44871843522072213
0.44856558208780706
0.4484123967287672
0.4482588790016774
0.4481050287727251
0.44795084591627254
0.4477963303149179
0.4476414818595569
0.4474863004494429
0.44733078599224785
0.4471749384041224
0.44701875760975673
0.446862243542438
0.44670539614411164
0.44654821536543876
0.44639070116585583
0.44623285351363096
0.44607467238592385
0.4459161577688409
0.44575730965749377
0.4455981280560546
0.44543861297781284
0.4452787644452304
0.4451185824899964
0.444958067153083
0.44479721848479814
0.4446360365448403
0.4444745214023509
0.4443126731359674
0.44415049183387556
0.44398797759386077
0.44382513052335915
0.4436619507395085
0.44349843836919756
0.4433345935491162
0.4431704164258036
0.4430059071556974
0.4428410659051798
0.4426758928506265
0.4425103881784517
0.4423445520851543
0.4421783847773635
0.4420118864718826
0.4418450573957336
0.4416778977861996
0.44151040789086754
0.44134258796767045
0.4411744382849282
0.4410059591213877
0.4408371507662632
0.44066801351927426
0.44049854769068514
0.44032875360134155
0.4401586315827073
0.4399881819769003
0.4398174051367287
0.43964630142572336
0.4394748712181734
0.4393031148991576
0.43913103286457733
0.4389586255211868
0.43878589328662415
0.4386128365894408
0.4384394558691296
0.4382657515761531
0.4380917241719704
0.43791737412906306
0.4377427019309604
0.4375677080722635
0.43739239305866934
0.437216757406992
0.43704080164518544
0.43686452631236367
0.43668793195882005
0.4365110191460472
0.4363337884467532
0.4361562404448801
0.4359783757356191
0.43580019492542493
0.4356216986320312
0.435442887484462
0.43526376212304524
0.43508432319942264
0.43490457137656036
0.4347245073287576
0.4345441317416551
0.434363445312242
0.43418244874886125
0.4340011427712156
0.43381952811037083
0.43363760550875846
0.43345537572017856
0.43327283950979933
0.43308999765415757
0.4329068509411571
0.43272340017006705
0.4325396461515172
0.4323555897074941
0.43217123167133586
0.43198657288772474
0.43180161421267993
0.4316163565135484
0.43143080066899525
0.4312449475689922
0.43105879811480563
0.4308723532189841
0.43068561380534265
0.4304985808089486
0.4303112551761042
0.4301236378643292
0.4299357298423425
0.42974753209004174
0.42955904559848224
0.4293702713698554
0.4291812104174655
0.4289918637657041
0.42880223245002635
0.4286123175169233
0.42842212002389446
0.4282316410394186
0.4280408816429247
0.42784984292476
0.427658525986158
0.4274669319392055
0.42727506190680775
0.42708291702265305
0.4268904984311758
0.4266978072875196
0.42650484475749695
0.4263116120175503
0.4261181102547106
0.42592434066655493
0.4257303044611628
0.42553600285707266
0.42534143708323535
0.4251466083789679
0.42495151799390596
0.4247561671879537
0.424560557231236
0.4243646894040446
0.42416856499678895
0.42397218530994074
0.4237755516539805
0.4235786653493424
0.42338152772635684
0.423184140125194
0.42298650389580517
0.42278862039786214
0.42259049100069795
0.42239211708324353
0.4221935000339665
0.42199464125080655
0.42179554214111065
0.42159620412156734
0.4213966286181396
0.42119681706599765
0.4209967709094491
0.4207964916018704
0.4205959806056343
0.4203952393920396
0.42019426944123706
0.41999307224215654
0.419791649292432
0.4195900020983251
0.4193881321746499
0.4191860410446939
0.4189837302401406
0.4187812013009893
0.41857845577547514
0.4183754952199879
0.41817232119898995
0.4179689352849325
0.41776533905817237
0.41756153410688746
0.4173575220269901
0.41715330442204174
0.416948882903165
0.4167442590889553
0.4165394346053923
0.41633441108575037
0.4161291901705071
0.41592377350725307
0.4157181627505988
0.41551235956208216
0.4153063656100747
0.41510018256968795
0.41489381212267645
0.41468725595734374
0.41448051576844486
0.4142735932570886
0.41406649013064156
0.41385920810262666
0.4136517488926258
0.41344411422617916
0.41323630583468485
0.41302832545529694
0.41282017483082456
0.41261185570962866
0.4124033698455194
0.41219471899765175
0.4119859049304222
0.4117769294133628
0.41156779422103706
0.4113585011329331
0.41114905193335716
0.41093944841132735
0.4107296923604658
0.4105197855788904
0.4103097298691073
0.4100995270379008
0.409889178896225
0.40967868725909373
0.40946805394547003
0.40925728077815654
0.40904636958368296
0.408835322192196
0.40862414043734696
0.40841282615618
0.4082013811890194
0.40798980737935664
0.4077781065737377
0.4075662806216494
0.40735433137540533
0.40714226069003234
0.4069300704231568
0.40671776243488855
0.406505338587707
0.4062928007463467
0.4060801507776807
0.40586739055060717
0.4056545219359312
0.4054415468062513
0.4052284670358419
0.4050152845005384
0.40480200107762015
0.4045886186456945
0.4043751390845794
0.4041615642751888
0.4039478960994133
0.4037341364400059
0.40352028718046357
0.4033063502049112
0.40309232739798395
0.40287822064471146
0.4026640318304
0.402449762840515
0.4022354155605664
0.40202099187598894
0.40180649367202764
0.4015919228336192
0.40137728124527644
0.4011625707909711
0.4009477933540177
0.40073295081695587
0.40051804506143607
0.40030307796810105
0.40008805141647136
0.3998729672848286
0.3996578274500998
0.3994426337877417
0.3992273881716254
0.39901209247392144
0.39879674856498365
0.3985813583132354
0.39836592358505385
0.39815044624465745
0.39793492815398923
0.3977193711726052
0.3975037771575589
0.39728814796328965
0.39707248544150825
0.396856791441085
0.39664106780793656
0.3964253163849146
0.3962095390116933
0.39599373752465855
0.39577791375679583
0.3955620695375807
0.3953462066928676
0.39513032704478
0.3949144324116009
0.39469852460766364
0.3944826054432427
0.39426667672444576
0.3940507402531058
0.39383479782667297
0.3936188512381078
0.3934029022757748
0.393186952723336
0.39297100435964516
0.39275505895864277
0.3925391182892506
0.392323184115269
0.39210725819527126
0.3918913422825008
0.3916754381247699
0.3914595474643554
0.39124367203789817
0.3910278135763015
0.39081197380463084
0.39059615444201334
0.3903803572015384
0.39016458379015884
0.3899488359085923
0.3897331152512235
0.3895174235060071
0.38930176235437086
0.3890861334711194
0.3888705385243394
0.38865497917530367
0.388439457078378
0.3882239738809269
0.3880085312232203
0.3877931307383421
0.3875777740520968
0.3873624627829203
0.38714719854178786
0.3869319829321253
0.38671681754971854
0.38650170398262623
0.3862866438110911
0.38607163860745336
0.3858566899360629
0.3856417993531953
0.38542696840696433
0.38521219863723893
0.3849974915755584
0.3847828487450504
0.38456827166034685
0.3843537618275028
0.3841393207439152
0.3839249498982428
0.3837106507703257
0.38349642483110635
0.38328227354255123
0.38306819835757355
0.3828542007199555
0.38264028206427236
0.38242644381581664
0.38221268739052383
0.3819990141948968
0.3817854256259342
0.3815719230710558
0.38135850790803166
0.38114518150490984
0.3809319452199471
0.3807188004015374
0.38050574838814316
0.3802927905082272
0.3800799280801844
0.37986716241227475
0.379654494802557
0.3794419265388228
0.3792294588985318
0.37901709314874704
0.37880483054607234
0.378592672336588
0.37838061975578985
0.3781686740285273
0.37795683636894245
0.3777451079804102
0.3775334900554791
0.3773219837758122
0.3771105903121295
0.3768993108241509
0.3766881464605387
0.37647709835884274
0.3762661676454447
0.37605535543550384
0.37584466283290296
0.3756340909301953
0.3754236408085524
0.37521331353771203
0.3750031101759273
0.374793031769916
0.3745830793548111
0.37437325395411136
0.3741635565796338
0.3739539882314645
0.3737445498979127
0.3735352425554641
0.3733260671687346
0.37311702469042574
0.37290811606128005
0.37269934221003675
0.3724907040533893
0.37228220249594257
0.37207383843016967
0.3718656127363731
0.3716575262826418
0.37144957992481203
0.37124177450642803
0.3710341108587021
0.3708265898004782
0.3706192121381924
0.3704119786658366
0.3702048901649222
0.36999794740444425
0.3697911511408453
0.36958450211798194
0.36937800106708907
0.36917164870674796
0.3689654457428517
0.3687593928685743
0.3685534907643366
0.36834774009777704
0.36814214152371955
0.36793669568414306
0.367731403208153
0.36752626471195027
0.3673212807988042
0.3671164520590229
0.36691177906992584
0.3667072623958177
0.3665029025879598
0.3662987001845457
0.3660946557106737
0.3658907696783228
0.36568704258632756
0.3654834749203529
0.36528006715287153
0.36507681974313955
0.3648737331371738
0.3646708077677291
0.36446804405427624
0.3642654424029806
0.3640630032066799
0.36386072684486437
0.36365861368365626
0.3634566640757884
0.36325487836058623
0.3630532568639476
0.3628517998983246
0.3626505077627039
0.3624493807425896
0.36224841910998523
0.362047623123376
0.3618469930277124
0.3616465290543925
0.3614462314212466
0.3612461003325208
0.3610461359788607
0.36084633853729675
0.3606467081712291
0.36044724503041264
0.3602479492509421
0.36004882095523855
0.35984986025203564
0.35965106723636453
0.3594524419895422
0.3592539845791577
0.3590556950590591
0.35885757346934144
0.35865961983633393
0.35846183417258803
0.3582642164768654
0.358066766734127
0.3578694849155205
0.3576723709783701
0.35747542486616535
0.3572786465085496
0.3570820358213106
0.356885592706369
0.3566893170517686
0.3564932087316668
0.3562972676063234
0.35610149352209247
0.3559058863114113
0.3557104457927923
0.35551517177081204
0.3553200640361045
0.35512512236534965
0.3549303465212658
0.35473573625260085
0.35454129129412326
0.3543470113666133
0.35415289617685497
0.35395894541762835
0.3537651587676993
0.35357153589181306
0.3533780764406852
0.3531847800509946
0.3529916463453733
0.3527986749324013
0.35260586540659633
0.3524132173484072
0.35222073032420614
0.3520284038862796
0.3518362375728226
0.3516442309079285
0.351452383401584
0.3512606945496591
0.35106916383389986
0.3508777907219225
0.35068657466720266
0.3504955151090708
0.35030461147270125
0.3501138631691074
0.34992326959513165
0.3497328301334388
0.34954254415250813
0.34935241100662384
0.34916243003586966
0.3489726005661189
0.3487829219090268
0.34859339336202294
0.348404014208302
0.34821478371681597
0.348025701142266
0.34783676572509403
0.3476479766914733
0.3474593332533002
0.3472708346081861
0.34708247993944724
0.34689426841609705
0.34670619919283674
0.34651827141004504
0.3463304841937705
0.34614283665572076
0.3459553278932539
0.345767956989368
0.3455807230126922
0.3453936250174756
0.3452066620435785
0.3450198331164611
0.344833137247173
0.34464657343234395
0.3444601406541717
0.3442738378804118
0.3440876640643671
0.34390161814487524
0.3437156990462982
0.3435299056785107
0.34334423693688865
0.34315869170229685
0.34297326884107704
0.34278796720503557
0.3426027856314315
0.3424177229429636
0.34223277794775736
0.3420479494393522
0.3418632361966889
0.3416786369840948
0.34149415055127164
0.3413097756332811
0.3411255109505309
0.34094135520876057
0.3407573070990273
0.3405733652976911
0.34038952846639986
0.34020579525207545
0.34002216428689674
0.3398386341882855
0.33965520355889006
0.33947187098657006
0.33928863504437984
0.3391054942905525
0.33892244726848336
0.3387394925067125
0.33855662851890933
0.3383738538038544
0.3381911668454213
0.3380085661125617
0.337826050059284
0.3376436171246384
0.3374612657326972
0.33727899429253594
0.33709680119821595
0.33691468482876424
0.3367326435481556
0.33655067570529207
0.3363687796339843
0.33618695365293116
0.33600519606570034
0.33582350516070736
0.33564187921119604
0.3354603164752178
0.3352788151956094
0.3350973735999743
0.3349159899006593
0.3347346622947338
0.3345533889639688
0.3343721680748143
0.33419099777837713
0.3340098762103989
0.33382880149123395
0.3336477717258262
0.33346678500368576
0.3332858393988672
0.3331049329699453
0.3329240637599918
0.332743229796552
0.3325624290916206
0.33238165964161803
0.3322009194273661
0.3320202064140637
0.3318395185512622
0.331658853772841
0.33147820999698197
0.3312975851261454
0.33111697704704407
0.3309363836306179
0.3307558027320092
0.330575232190536
0.33039466982966653
0.330214113456994
0.3300335608642089
0.32985300982707466
0.32967245810539964
0.3294919034430115
0.3293113435677302
0.3291307761913411
0.3289501990095687
0.3287696097020485
0.3285890059323008
0.3284083853477029
0.328227745579462
0.3280470842425877
0.32786639893586444
0.32768568724182306
0.3275049467267146
0.32732417494048044
0.32714336941672645
0.3269625276726931
0.32678164720922853
0.32660072551076
0.3264197600452651
0.32623874826424476
0.326057687602693
0.3258765754790706
0.32569540929527474
0.3255141864366113
0.3253329042717667
0.325151560152778
0.3249701514150055
0.3247886753771034
0.32460712934099123
0.3244255105918248
0.32424381639796784
0.3240620440109633
0.3238801906655038
0.3236982535794035
0.3235162299535694
0.32333411697197195
0.3231519118016165
0.3229696115925148
0.3227872134776556
0.3226047145729765
0.32242211197733545
0.3222394027724805
0.32205658402302306
0.32187365277640834
0.3216906060628863
0.3215074408954845
0.32132415426997785
0.32114074316486163
0.3209572045413227
0.3207735353432103
0.32058973249700917
0.3204057929118107
0.3202217134792847
0.32003749107365115
0.31985312255165316
0.319668604752529
0.31948393449798296
0.3192991085921598
0.31911412382161547
0.31892897695529043
0.3187436647444828
0.3185581839228201
0.3183725312062328
0.31818670329292775
0.31800069686336013
0.3178145085802088
0.3176281350883475
0.3174415730148201
0.31725481896881413
0.31706786954163396
0.31688072130667555
0.31669337081940163
0.31650581461731375
0.3163180492199297
0.3161300711287566
0.31594187682726693
0.31575346278087274
0.31556482543690256
0.31537596122457623
0.3151868665549804
0.3149975378210466
0.31480797139752537
0.3146181636409643
0.3144281108896853
0.314237809463761
0.3140472556649921
0.3138564457768865
0.3136653760646359
0.3134740427750959
0.3132824421367631
0.313090570359755
0.3128984236357899
0.3127059981381659
0.3125132900217418
0.31232029542291717
0.3121270104596138
0.3119334312312566
0.3117395538187563
0.3115453742844912
0.3113508886722897
0.31115609300741437
0.31096098329654515
0.31076555552776364
0.31056980567053877
0.310373729675711
0.3101773234754796
0.30998058298338804
0.30978350409431243
0.3095860826844491
0.3093883146113024
0.30919019571367545
0.3089917218116588
0.30879288870662264
0.30859369218120764
0.30839412799931737
0.3081941919061125
0.3079938796280035
0.3077931868726476
0.3075921093289442
0.30739064266703153
0.30718878253828563
0.30698652457531966
0.3067838643919836
0.30658079758336687
0.30637731972580046
0.3061734263768615
0.30596911307537855
0.3057643753414381
0.3055592086763934
0.30535360856287425
0.3051475704647974
0.30494108982738033
0.30473416207715526
0.3045267826219855
0.3043189468510836
0.3041106501350315
0.303901887825801
0.30369265525677935
0.30348294774279405
0.30327276058014085
0.303062089046614
0.30285092840153904
0.30263927388580747
0.30242712072191386
0.30221446411399616
0.3020012992478775
0.3017876212911129
0.30157342539303533
0.30135870668480874
0.30114346027947997
0.30092768127203806
0.30071136473947346
0.3004945057408416
0.30027709931733026
0.3000591404923314
0.2998406242715137
0.2996215456429028
0.2994018995769613
0.2991816810266772
0.2989608849276527
0.2987395061981998
0.29851753973943856
0.2982949804354022
0.2980718231531443
0.29784806274285247
0.29762369403796707
0.29739871185530414
0.2971731109951847
0.2969468862415685
0.2967200323621944
0.2964925441087252
0.29626441621690036
0.2960356434066927
0.2958062203824726
0.2955761418331787
0.29534540243249463
0.2951139968390326
0.2948819196965248
0.2946491656340209
0.2944157292660926
0.29418160519304787
0.29394678800115015
0.29371127226284727
0.2934750525370078
0.29323812336916566
0.2930004792917731
0.2927621148244631
0.2925230244743199
0.29228320273615854
0.2920426440928142
0.2918013430154405
0.2915592939638182
0.29131649138667326
0.2910729297220045
0.29082860339742317
0.29058350683050116
0.29033763442913135
0.29009098059189836
0.28984353970845994
0.2895953061599417
0.2893462743193401
0.2890964385519405
0.28884579321574577
0.2885943326619164
0.28834205123522505
0.2880889432745213
0.2878350031132114
0.28758022507975034
0.2873246034981457
0.2870681326884782
0.28681080696743266
0.2865526206488441
0.2862935680442595
0.2860336434635104
0.2857728412153032
0.2855111556078227
0.2852485809493499
0.28498511154889655
0.2847207417168526
0.28445546576565134
0.28418927801044835
0.2839221727698176
0.2836541443664618
0.28338518712794025
0.28311529538741165
0.28284446348439496
0.2825726857655441
0.2822999565854425
0.2820262703074104
0.28175162130433395
0.2814760039595063
0.2811994126674884
0.28092184183498814
0.28064328588175264
0.2803637392414821
0.2800831963627592
0.27980165170999505
0.2795190997643946
0.27923553502493786
0.2789509520093806
0.27866534525527
0.2783787093209813
0.27809103878676894
0.27780232825583634
0.27751257235542526
0.2772217657379197
0.2769299030819682
0.27663697909362567
0.27634298850750977
0.2760479260879762
0.2757517866303107
0.27545456496193865
0.27515625594365084
0.2748568544708477
0.2745563554747971
0.27425475392391296
0.2739520448250466
0.27364822322479565
0.27334328421083004
0.27303722291323185
0.272730034505852
0.2724217142076809
0.27211225728423594
0.27180165904896203
0.27148991486464746
0.2711770201448538
0.27086297035535933
0.2705477610156158
0.27023138770021876
0.26991384604039054
0.2695951317254747
0.26927524050444357
0.26895416818741663
0.2686319106471894
0.26830846382077433
0.267983823710951
0.26765798638782506
0.26733094799039797
0.26700270472814375
0.2666732528825954
0.2663425888089374
0.2660107089376052
0.2656776097758928
0.2653432879095637
0.2650077400044687
0.26467096280816665
0.26433295315155125
0.26399370795047894
0.26365322420740084
0.26331149901299433
0.26296852954779953
0.262624313083852
0.26227884698631787
0.26193212871512767
0.26158415582660655
0.2612349259751045
0.260884436914621
0.26053268650042766
0.26017967269068343
0.2598253935480469
0.2594698472412799
0.2591130320468442
0.2587549463504918
0.25839558864884254
0.25803495755095646
0.2576730517798913
0.2573098701742505
0.25694541168971935
0.25657967540058557
0.2562126605012477
0.255844366307708
0.2554747922590481
0.25510393791889013
0.2547318029768373
0.2543583872498988
0.2539836906838933
0.2536077133548319
0.25323045547028084
0.25285191737070245
0.25247209953077143
0.2520910025606674
0.2517086272073449
0.2513249743557751
0.25094004503016204
0.25055384039513184
0.25016636175689244
0.24977761056436618
0.24938758841029093
0.24899629703228998
0.24860373831391308
0.24820991428564176
0.2478148271258634
0.24741847916181142
0.24702087287047064
0.24662201087944524
0.2462218959677938
0.2458205310668251
0.2454179192608565
0.24501406378793467
0.24460896804051732
0.24420263556611382
0.24379507006788834
0.24338627540521812
0.24297625559421385
0.24256501480819626
0.2421525573781289
0.24173888779301062
0.2413240107002208
0.2409079309058238
0.24049065337482614
0.24007218323138851
0.23965252575899448
0.2392316864005711
0.23880967075856338
0.23838648459496237
0.2379621338312865
0.2375366245485157
0.23710996298697545
0.23668215554617705
0.23625320878460637
0.23582312941946582
0.23539192432636658
0.2349596005389752
0.2345261652486076
0.2340916258037763
0.23365598970968918
0.23321926462769849
0.2327814583747008
0.2323425789224886
0.231902634397053
0.23146163307783751
0.23101958339694395
0.23057649393828783
0.2301323734367085
0.2296872307770283
0.22924107499306523
0.22879391526659884
0.22834576092628656
0.2278966214465343
0.2274465064463212
0.2269954256879754
0.2265433890759076
0.226090406655295
0.22563648861072297
0.22518164526478174
0.22472588707661753
0.22426922464044144
0.2238116686839945
0.22335323006697078
0.22289391977939824
0.222433748939978
0.22197272879438315
0.22151087071351805
0.22104818619173766
0.22058468684502758
0.22012038440914847
0.21965529073773987
0.21918941780039158
0.21872277768067439
0.21825538257414243
0.21778724478629458
0.21731837673050808
0.21684879092593617
0.21637849999537706
0.21590751666310928
0.21543585375270047
0.21496352418478498
0.21449054097481401
0.21401691723077967
0.21354266615091258
0.21306780102135334
0.21259233521380153
0.21211628218314066
0.21163965546504074
0.21116246867354
0.2106847354986073
0.21020646970368329
0.20972768512320555
0.20924839566011497
0.2087686152833475
0.20828835802530887
0.20780763797933766
0.2073264692971527
0.20684486618629105
0.20636284290753282
0.2058804137723175
0.20539759314015005
0.20491439541600148
0.20443083504769918
0.20394692652331486
0.20346268436854545
0.20297812314409078
0.20249325744302893
0.20200810188819024
0.20152267112952887
0.2010369798414966
0.20055104272041735
0.2000648744818626
0.19957848985803261
0.1990919035951407
0.19860513045080036
0.1981181851914237
0.1976310825896229
0.19714383742162028
0.19665646446466956
0.1961689784944844
0.1956813942826799
0.19519372659422402
0.19470599018490298
0.19421819979880012
0.19373037016578748
0.19324251599903525
0.19275465199253428
0.19226679281863798
0.19177895312562054
0.1912911475352535
0.19080339064040217
0.19031569700264173
0.18982808114989405
0.18934055757408524
0.1888531407288275
0.1883658450271205
0.18787868483907932
0.18739167448968544
0.1869048282565606
0.18641816036777065
0.18593168499965101
0.18544541627465966
0.18495936825926035
0.18447355496182968
0.18398799033059474
0.18350268825159868
0.1830176625466961
0.18253292697157758
0.1820484952138255
0.18156438089099916
0.18108059754875216
0.18059715865898107
0.18011407761800513
0.17963136774477978
0.17914904227914127
0.17866711438008567
0.17818559712407994
0.17770450350340655
0.17722384642454372
0.17674363870657744
0.17626389307964932
0.17578462218343854
0.17530583856567858
0.17482755468070899
0.17434978288806238
0.17387253545108589
0.17339582453559954
0.17291966220858893
0.17244406043693383
0.17196903108617276
0.1714945859193029
0.17102073659561665
0.1705474946695722
0.17007487158970278
0.16960287869755908
0.1691315272266888
0.1686608283016522
0.1681907929370723
0.1677214320367229
0.16725275639264886
0.1667847766843258
0.16631750347785146
0.16585094722517596
0.16538511826336355
0.164920026813893
0.16445568298198937
0.16399209675599355
0.163529278006764
0.1630672364871134
0.1626059818312804
0.1621455235544331
0.16168587105220872
0.16122703360028423
0.16076902035398088
0.16031184034790266
0.15985550249560523
0.15940001558929917
0.15894538829958302
0.15849162917520968
0.15803874664288342
0.15758674900708758
0.1571356444499433
0.1566854410310985
0.15623614668764602
0.1557877692340727
0.1553403163622365
0.15489379564137243
0.15444821451812807
0.15400358031662476
0.15355990023854957
0.15311718136327168
0.15267543064798722
0.15223465492788954
0.15179486091636626
0.151356055205221
0.15091824426492137
0.15048143444487033
0.1500456319737025
0.1496108429596048
0.14917707339065917
0.1487443291352089
0.14831261594224815
0.1478819394418319
0.14745230514550867
0.14702371844677403
0.14659618462154497
0.1461697088286533
0.14574429611036094
0.14531995139289203
0.14489667948698606
0.14447448508846805
0.14405337277883634
0.14363334702586936
0.14321441218424802
0.14279657249619487
0.14237983209212945
0.14196419499134
0.14154966510266864
0.1411362462252128
0.1407239420490401
0.1403127561559175
0.13990269202005334
0.1394937530088521
0.1390859423836826
0.1386792633006577
0.1382737188114251
0.13786931186396956
0.1374660453034266
0.1370639218729057
0.13666294421432323
0.13626311486924564
0.135864436279741
0.1354669107892395
0.1350705406434019
0.1346753279909964
0.1342812748847821
0.13388838328239994
0.13349665504727093
0.13310609194949902
0.13271669566678107
0.13232846778532276
0.13194140980075786
0.13155552311907392
0.13117080905754208
0.13078726884564962
0.13040490362603868
0.13002371445544536
0.12964370230564443
0.1292648680643955
0.12888721253639174
0.12851073644421013
0.1281354404292654
0.12776132505276205
0.12738839079665087
0.1270166380645846
0.12664606718287372
0.1262766784014438
0.1259084718947916
0.12554144776294193
0.1251756060324028
0.12481094665712084
0.12444746951943508
0.12408517443102843
0.12372406113387985
0.12336412930121274
0.12300537853844148
0.12264780838411665
0.12229141831086733
0.1219362077263394
0.12158217597413282
0.1212293223347347
0.12087764602644935
0.12052714620632426
0.12017782197107241
0.11982967235799212
0.1194826963458803
0.11913689285594359
0.11879226075270383
0.11844879884489976
0.11810650588638258
0.11776538057700872
0.11742542156352559
0.11708662744045292
0.11674899675095923
0.1164125279877322
0.11607721959384296
0.11574306996360657
0.11541007744343432
0.11507824033268177
0.11474755688449043
0.1144180253066221
0.11408964376228906
0.11376241037097601
0.11343632320925659
0.11311138031160353
0.11278757967119127
0.11246491924069288
0.11214339693306982
0.11182301062235495
0.1115037581444284
0.11118563729778748
0.11086864584430839
0.11055278151000111
0.11023804198575846
0.10992442492809693
0.10961192795988939
0.10930054867109347
0.1089902846194698
0.10868113333129416
0.10837309230206325
0.10806615899719159
0.10776033085270151
0.10745560527590665
0.10715197964608682
0.10684945131515652
0.10654801760832573
0.10624767582475253
0.10594842323818976
0.10565025709762324
0.1053531746279027
0.10505717303036577
0.10476224948345397
0.10446840114332198
0.1041756251444387
0.10388391860018184
0.10359327860342464
0.10330370222711535
0.10301518652484917
0.10272772853143354
0.10244132526344565
0.10215597371978241
0.10187167088220431
0.1015884137158708
0.10130619916986945
0.10102502417773773
0.10074488565797687
0.1004657805145605
0.10018770563743426
0.09991065790300954
0.09963463417465067
0.09935963130315341
0.09908564612721893
0.09881267547391887
0.09854071615915515
0.09826976498811207
0.09799981875570206
0.09773087424700497
0.09746292823770052
0.09719597749449425
0.09693001877553642
0.0966650488308361
0.09640106440266694
0.09613806222596749
0.0958760390287355
0.09561499153241478
0.09535491645227791
0.09509581049780043
0.09483767037303062
0.0945804927769531
0.09432427440384507
0.0940690119436283
0.09381470208221458
0.09356134150184514
0.0933089268814244
0.09305745489684857
0.09280692222132764
0.09255732552570253
0.09230866147875685
0.09206092674752223
0.09181411799757909
0.09156823189335189
0.09132326509839866
0.09107921427569607
0.0908360760879187
0.09059384719771285
0.09035252426796618
0.09011210396207225
0.08987258294418911
0.08963395787949369
0.08939622543443207
0.08915938227696335
0.08892342507680005
0.08868835050564333
0.08845415523741385
0.08822083594847767
0.08798838931786818
0.08775681202750318
0.08752610076239795
0.08729625221087278
0.08706726306475891
0.08683913001959694
0.08661184977483356
0.08638541903401277
0.08615983450496406
0.08593509289998533
0.08571119093602352
0.08548812533484995
0.08526589282323191
0.08504449013310164
0.08482391400171992
0.08460416117183797
0.08438522839185324
0.08416711241596392
0.08394981000431878
0.08373331792316302
0.08351763294498248
0.08330275184864262
0.08308867141952486
0.0828753884496601
0.08266289973785816
0.08245120208983504
0.08224029231833571
0.08203016724325524
0.08182082369175539
0.08161225849838018
0.08140446850516611
0.08119745056175164
0.08099120152548209
0.08078571826151335
0.080580997642911
0.08037703655074839
0.08017383187420106
0.07997138051063862
0.0797696793657146
0.07956872535345248
0.07936851539633101
0.07916904642536522
0.07897031538018646
0.07877231920911897
0.07857505486925456
0.07837851932652548
0.07818270955577358
0.07798762254081913
0.07779325527452552
0.07759960475886327
0.07740666800497091
0.07721444203321466
0.07702292387324511
0.07683211056405286
0.07664199915402105
0.0764525867009769
0.07626387027224109
0.07607584694467473
0.07588851380472553
0.07570186794847043
0.07551590648165878
0.07533062651975161
0.0751460251879604
0.07496209962128363
0.07477884696454244
0.07459626437241325
0.0744143490094601
0.07423309805016484
0.07405250867895602
0.07387257809023573
0.07369330348840579
0.07351468208789162
0.07333671111316552
0.07315938779876766
0.07298270938932641
0.07280667313957731
0.07263127631437968
0.07245651618873386
0.07228239004779492
0.07210889518688689
0.0719360289115151
0.07176378853737703
0.07159217139037295
0.07142117480661357
0.07125079613242924
0.07108103272437527
0.07091188194923816
0.07074334118404002
0.0705754078160418
0.07040807924274572
0.07024135287189677
0.07007522612148316
0.06990969641973578
0.06974476120512675
0.0695804179263668
0.06941666404240254
0.06925349702241204
0.06909091434579967
0.06892891350219058
0.06876749199142398
0.06860664732354545
0.06844637701879878
0.06828667860761777
0.06812754963061492
0.06796898763857252
0.06781099019243016
0.06765355486327404
0.06749667923232347
0.06734036089091805
0.06718459744050358
0.0670293864926179
0.06687472566887515
0.06672061260095048
0.06656704493056376
0.06641402030946225
0.06626153639940346
0.0661095908721368
0.06595818140938531
0.06580730570282642
0.06565696145407261
0.06550714637465077
0.06535785818598196
0.06520909461936056
0.06506085341593232
0.06491313232667255
0.0647659291123642
0.06461924154357422
0.0644730674006309
0.0643274044736
0.06418225056226114
0.06403760347608273
0.06389346103419788
0.06374982106537878
0.06360668140801153
0.06346403991007032
0.06332189442909106
0.0631802428321453
0.0630390829958132
0.06289841280615652
0.0627582301586914
0.06261853295836074
0.062479319119505994
0.06234058656583952
0.06220233323041592
0.06206455705560321
0.061927255993054334
0.06179042800367737
0.06165407105760728
0.06151818313417533
0.06138276222187984
0.06124780631835601
0.06111331343034611
0.06097928157366859
0.060845708773188206
0.06071259306278484
0.06057993248532298
0.06044772509262053
0.06031596894541798
0.06018466211334639
0.0600538026748969
0.05992338871738849
0.0597934183369367
0.05966388963842151
0.05953480073545572
0.05940614975035271
0.05927793481409446
0.059150154066299254
0.05902280565518929
0.05889588773755868
0.05876939847874029
0.05864333605257385
0.05851769864137308
0.05839248443589277
0.05826769163529644
0.05814331844712325
0.058019363087255166
0.05789582377988442
0.05777269875747988
0.05764998626075465
0.057527684538632974
0.05740579184821645
0.05728430645475249
0.05716322663159959
0.05704255066019499
0.05692227683002166
0.05680240343857494
0.05668292879132894
0.05656385120170446
0.05644516899103463
0.056326880488532766
0.05620898403125822
0.05609147796408423
0.05597436063966424
0.05585763041839866
0.055741285668401974
0.05562532476546986
0.05550974609304575
0.055394548042188074
0.055279729011536896
0.055165287407281424
0.05505122164312687
0.05493753014026123
0.054824211327322986
0.05471126364036787
0.054598685522836136
0.054486475425520195
0.05437463180653127
0.05426315313126731
0.054152037872380474
0.054041284509743846
0.053930891530419856
0.05382085742862741
0.0537111807057097
0.05360185987010166
0.05349289343729806
0.053384279929821254
0.053276017877188886
0.05316810581588216
0.053060542289313575
0.05295332584779566
0.052846455048508156
0.052739928455467364
0.05263374463949387
0.05252790217818083
0.0524223996558631
0.05231723566358543
0.05221240879907093
0.05210791766669051
0.05200376087743081
0.05189993704886385
0.051796444805116054
0.05169328277683641
0.05159044960116699
0.05148794392171129
0.05138576438850401
0.05128390965798019
0.051182378392945316
0.05108116926254445
0.05098028094223206
0.05087971211374215
0.05077946146505807
0.05067952769038238
0.05057990949010694
0.05048060557078393
0.05038161464509488
0.05028293543182228
0.050184566655819385
0.05008650704798114
0.04998875534521529
