1.9715710941844993
2.5543725331784617
2.3890620511614005
2.200777578496449
2.0813836186983137
2.020569140128178
1.9903549346114995
1.9724031228970142
1.959115747628441
1.9479069381017706
1.937913344329382
1.9288170433612657
1.9204826297681699
1.9128430519213775
1.905858921425129
1.8995017395028384
1.8937463093931313
1.8885672090762893
1.8839371896872699
1.8798265040520301
1.8762026831470515
1.8730305280637258
1.870272207721078
1.867887411438077
1.8658335327261681
1.864065872789406
1.8625378574532454
1.861201263516721
1.8600064516194406
1.8589026033942522
1.8578379612382694
1.8567600695858244
1.855616017136386
1.854352680078967
1.852916966948973
1.8512560663330384
1.8493176991745568
1.8470503778937515
1.8444036748823913
1.8413285031220155
1.8377774116608676
1.83370489842426
1.8290677422843657
1.8238253554442234
1.8179401559741
1.8113779587702548
1.8041083813031145
1.79610525832953
1.787347057342108
1.7778172840368023
1.767504864657782
1.7564044899241307
1.7445169035849726
1.7318491177325692
1.7184145370658521
1.7042329755448562
1.6893305514485668
1.673739450784569
1.6574975542107655
1.6406479288843818
1.6232381935727336
1.605319772439145
1.5869470595685922
1.5681765219123673
1.549065772353672
1.5296726465986048
1.5100543173418974
1.4902664766354072
1.4703626128267056
1.450393402269353
1.4304062288197459
1.4104448365839934
1.390549114107803
1.3707550017726222
1.35109450899076
1.3315958241283106
1.31228349800038
1.2931786811969077
1.2742993962083848
1.2556608270521215
1.2372756115408807
1.2191541241801276
1.2013047406528843
1.183734077726683
1.1664472050274515
1.1494478273603108
1.1327384380597434
1.1163204452081812
1.1001942734933214
1.0843594450248701
1.0688146426598628
1.0535577593576944
1.038585936867329
1.0238955967014405
1.0094824659295896
0.9953415998702799
0.9814674033151978
0.9678536515042665
0.954493511704742
0.9413795659413381
0.9285038351812964
0.915857805097552
0.903432453410767
0.8912182787406269
0.8792053308711103
0.867383242345533
0.8557412613472349
0.8442682858834347
0.8329528993662572
0.8217834077700559
0.8107478786323855
0.799834182252212
0.7890300355184545
0.7783230488701313
0.7677007769416736
0.7571507734786554
0.746660651115465
0.7362181465821896
0.7258111918481299
0.7154279916087607
0.7050571073770131
0.6946875482445818
0.684308868132081
0.6739112690479412
0.663485709527237
0.6530240170292911
0.642519002647039
0.6319645760370884
0.6213558580374232
0.6106892880252017
0.5999627227098437
0.5891755227893387
0.5783286237541627
0.5674245871354002
0.5564676286885821
0.5454636204009106
0.5344200638135476
0.5233460329543209
0.5122520861549098
0.5011501471388402
0.4900533569556436
0.47897589953377273
0.4679328047550567
0.4569397339411814
0.44601275341932334
0.4351681023447326
0.42442196116696584
0.41379022702076584
0.40328830191344484
0.39293089890182215
0.3827318705559817
0.3727040629601468
0.362859197375195
0.35320778055481217
0.34375904363359633
0.3345209085449199
0.32549998011893705
0.31670156138110556
0.3081296891279844
0.29978718659547327
0.2916757299397767
0.28379592530041153
0.27614739338007144
0.2687288587291863
0.26153824123531116
0.254572747663376
0.24782896145026637
0.24130292930840624
0.2349902435244953
0.22888611914197787
0.22298546548346246
0.21728295169947337
0.21177306622234515
0.20645017016023282
0.2013085447888635
0.19634243339128857
0.19154607776232926
0.18691374973864788
0.1824397781411707
0.17811857152750735
0.17394463715125125
0.16991259651535062
0.16601719789053307
0.16225332614900764
0.15861601024000524
0.15510042860843148
0.15170191283203438
0.14841594972679223
0.1452381821452751
0.14216440866894553
0.13919058237299256
0.1363128088215005
0.13352734343163916
0.13083058832811423
0.1282190887933205
0.12568952940444483
0.12323872993605045
0.12086364109538075
0.11856134014762156
0.1163290264795332
0.11416401714214235
0.11206374240641277
0.11002574135993201
0.10804765756754371
0.10612723481444719
0.10426231294648575
0.10245082381909391
0.10069078736359263
0.09898030777716325
0.09731756984083165
0.09570083536811283
0.09412843978556633
0.09259878884533831
0.09111035546881123
0.08966167671969474
0.08825135090425719
0.08687803479589681
0.08554044098085849
0.08423733532159976
0.0829675345340966
0.0817299038752226
0.0805233549362411
0.07934684353839919
0.07819936772660606
0.07707996585718897
0.07598771477578502
0.07492172808147438
0.07388115447336224
0.0728651761759036
0.07187300743937858
0.07090389311203828
0.06995710728055836
0.06903195197556679
0.06812775593913116
0.06724387345121688
0.066379683212256
0.06553458727908236
0.06470801005161729
0.06389939730780231
0.06310821528439287
0.06233394980133966
0.06157610542758905
0.06083420468624239
0.06010778729711184
0.05939640945480571
0.05869964314057379
0.05801707546622474
0.05734830804851964
0.056692956412518786
0.05605064942244536
0.05542102873869308
0.05480374829968364
0.05419847382733973
0.05360488235500793
0.053022661776722206
0.05245151041675805
0.05189113661847989
0.05134125835153776
0.050801602836517204
0.05027190618619109
0.04975191306256852
