0.49165579698307305
0.5306055909026745
0.5203581104796301
0.5245120716839323
0.5274336658412844
0.5221221321352728
0.5170965268483229
0.5168457347055524
0.5175183197007417
0.517217882524116
0.5173218271716936
0.5177791767831219
0.517466467729823
0.5165255814419789
0.5158294115074906
0.5155965202198469
0.5155480361228505
0.515538959572521
0.5155219299241992
0.5153909164875929
0.5151089800825104
0.5147765757422524
0.5145023814721137
0.5143087036363071
0.514162878011265
0.514025447098235
0.5138640440569527
0.5136637252161818
0.5134355342070349
0.5132046480307357
0.5129890641244906
0.5127908090174994
0.512601059175472
0.5124085787963901
0.5122059731325987
0.5119926106992494
0.5117732910382462
0.5115538741319186
0.5113374555825683
0.5111234496891267
0.5109090820301153
0.5106915594471
0.5104695789594607
0.5102435980626088
0.5100150351855633
0.5097851398616584
0.5095542962288128
0.5093220357736821
0.5090875250811059
0.5088501062902112
0.5086095767457393
0.5083661290876482
0.5081200830949943
0.5078716228773642
0.5076206885654355
0.5073670376463412
0.507110389521049
0.5068505465036732
0.5065874299723996
0.5063210362270402
0.5060513607761556
0.5057783435322345
0.505501859916769
0.505221749164509
0.504937852515708
0.5046500365230596
0.5043581925305745
0.5040622196084192
0.5037620055366578
0.5034574172420898
0.5031483032994124
0.5028345034165501
0.5025158573249524
0.502192208079838
0.501863399460443
0.5015292706447219
0.501189651967922
0.50084436382791
0.5004932183763612
0.5001360221312956
0.49977257766088073
0.49940268356739465
0.49902613320860895
0.4986427131944832
0.49825220251897934
0.49785437256013415
0.4974489876010552
0.49703580531442487
0.4966145768279681
0.4961850463342736
0.49574695047372186
0.495300017772195
0.4948439682862312
0.4943785134255809
0.4939033558095974
0.49341818901644163
0.49292269716786963
0.4924165543847751
0.4918994241928001
0.49137095894117333
0.4908307992486399
0.4902785734470002
0.4897138969798515
0.48913637173108504
0.4885455852863675
0.48794111015127106
0.4873225029525592
0.48668930363827634
0.48604103467877047
0.48537720026417663
0.4846972854969443
0.48400075558685823
0.48328705506442926
0.4825556070322887
0.4818058124731445
0.48103704962977967
0.4802486734707994
0.47944001525697
0.4786103822264255
0.4777590574209116
0.4768852996779798
0.4759883438151745
0.475067401032419
0.4741216595590433
0.47315028557281313
0.47215242441985544
0.47112720216590975
0.4700737275102185
0.4689910940932414
0.4678783832282868
0.4667346670852679
0.46555901235225744
0.46435048439719595
0.46310815194773036
0.4618310923013838
0.4605183970708888
0.4591691784604992
0.45778257605849976
0.45635776411905743
0.45489395929310933
0.4533904287532333
0.4518464986415807
0.45026156275322793
0.4486350913501386
0.4469666399838478
0.4452558581885787
0.4435024978914492
0.44170642137336635
0.43986760860387586
0.4379861637663091
0.4360623207867404
0.4340964476821445
0.43208904955018457
0.4300407700355907
0.4279523911261649
0.425824831154922
0.42365914091334717
0.42145649781351363
0.4192181980729716
0.41694564693469904
0.41464034697368174
0.41230388458039446
0.40993791474806257
0.4075441443236453
0.40512431391061454
0.4026801786336681
0.4002134879906002
0.39772596502408314
0.39521928504586157
0.3926950541379456
0.39015478764031386
0.3875998888132149
0.38503162783546696
0.38245112126955727
0.3798593120912846
0.3772569503477978
0.37464457447476907
0.3720224932727588
0.3693907685161808
0.36674919814720475
0.3640972999929452
0.36143429593882476
0.35875909649548876
0.35607028571251637
0.35336610642084465
0.3506444458287967
0.3479028215553667
0.3451383682604542
0.3423478251264598
0.33952752456015384
0.33667338261871627
0.33378089181915693
0.3308451171646473
0.327860696411564
0.3248218458018929
0.3217223726886783
0.31855569667543077
0.31531488105762545
0.31199267647497
0.30858157873198955
0.305073902693123
0.30146187397641966
0.2977377398271651
0.2938939000235993
0.28992305793414413
0.2858183909054376
0.2815737380273228
0.277183802030847
0.2726443606880606
0.2679524816807547
0.2631067335913501
0.2581073845580446
0.2529565793473528
0.24765848524365772
0.24221939733408115
0.23664779454732188
0.23095433921940572
0.2251518149936435
0.21925500044933416
0.21328047886980359
0.20724638782580532
0.20117211553960695
0.19507795405409878
0.18898472180235598
0.1829133700247726
0.17688458843736002
0.17091842552000938
0.1650339377654164
0.1592488803015148
0.15357944865069742
0.1480400782580339
0.14264330508122822
0.13739968726103605
0.13231778492698645
0.12740419273130854
0.12266361786804705
0.11809899517616693
0.11371163042914476
0.10950136300801552
0.10546673973064606
0.10160519253770614
0.09791321388291672
0.09438652491979066
0.0910202328171491
0.0878089746936602
0.08474704668529622
0.08182851752007637
0.0790473266621763
0.07639736760763968
0.07387255728161947
0.07146689272322829
0.06917449637202408
0.06698965131310736
0.06490682781724223
0.06292070244708474
0.06102617090613017
0.059218355695848435
0.05749260952819666
0.0558445153222704
0.05426988350010096
0.05276474719065182
0.05132535585469768
0.04994816775728193
