0.49107028630502636
0.5350302650513772
0.5321751028054124
0.5298983115321192
0.5282438913826158
0.527049072524578
0.526189275037987
0.5255717041826049
0.5251282163165178
0.5248092798390493
0.5245791579732049
0.5244122061276307
0.5242900951041284
0.5241997632836221
0.5241319239134922
0.5240799859199757
0.5240392782367038
0.5240064946307719
0.5239792975651574
0.5239560361818373
0.5239355458739974
0.5239170060328897
0.5238998391920939
0.5238836395863182
0.5238681225862553
0.5238530889358565
0.5238383994773661
0.5238239573020947
0.5238096951556416
0.5237955665589085
0.5237815395551939
0.5237675923120012
0.5237537100318244
0.523739882785999
0.5237261039988674
0.5237123693895988
0.5236986762356669
0.5236850228620595
0.5236714082886014
0.5236578319877976
0.5236442937197137
0.523630793420385
0.5236173311272723
0.5236039069302274
0.5235905209399204
0.5235771732681235
0.5235638640159643
0.5235505932674691
0.5235373610865472
0.5235241675161676
0.5235110125788712
0.5234978962780574
0.5234848185996669
0.5234717795140224
0.5234587789776775
0.5234458169351822
0.523432893320717
0.5234200080595709
0.5234071610694595
0.5233943522616838
0.5233815815421419
0.5233688488122034
0.523356153969464
0.5233434969083911
0.5233308775208754
0.5233182956967002
0.52330575132394
0.5232932442892981
0.523280774478393
0.5232683417759976
0.5232559460662443
0.5232435872327956
0.5232312651589874
0.5232189797279512
0.5232067308227146
0.5231945183262868
0.5231823421217303
0.5231702020922202
0.5231580981210938
0.5231460300918932
0.5231339978883984
0.5231220013946575
0.5231100404950105
0.5230981150741081
0.5230862250169288
0.5230743702087924
0.5230625505353707
0.5230507658826964
0.5230390161371705
0.5230273011855678
0.5230156209150421
0.5230039752131284
0.5229923639677474
0.5229807870672061
0.5229692444001998
0.5229577358558124
0.5229462613235181
0.5229348206931794
0.5229234138550498
0.5229120406997705
0.5229007011183717
0.5228893950022715
0.5228781222432733
0.5228668827335674
0.5228556763657279
0.5228445030327127
0.5228333626278604
0.5228222550448912
0.5228111801779043
0.5228001379213758
0.522789128170159
0.5227781508194814
0.522767205764944
0.5227562929025188
0.522745412128549
0.5227345633397456
0.522723746433187
0.5227129613063172
0.5227022078569437
0.522691485983237
0.522680795583728
0.5226701365573071
0.5226595088032221
0.5226489122210773
0.5226383467108318
0.522627812172797
0.5226173085076365
0.5226068356163641
0.5225963934003411
0.522585981761277
0.5225756006012254
0.5225652498225851
0.5225549293280963
0.5225446390208406
0.5225343788042388
0.5225241485820499
0.5225139482583685
0.5225037777376256
0.5224936369245843
0.5224835257243399
0.522473444042319
0.5224633917842765
0.5224533688562953
0.5224433751647845
0.5224334106164774
0.5224234751184313
0.522413568578025
0.5224036909029578
0.5223938420012479
0.5223840217812318
0.522374230151561
0.5223644670212029
0.5223547322994377
0.5223450258958581
0.5223353477203672
0.5223256976831769
0.5223160756948084
0.5223064816660878
0.5222969155081475
0.522287377132423
0.5222778664506532
0.5222683833748776
0.522258927817435
0.5222494996909635
0.5222400989083981
0.5222307253829696
0.5222213790282031
0.5222120597579173
0.5222027674862226
0.5221935021275201
0.5221842635965
0.5221750518081409
0.5221658666777079
0.5221567081207517
0.5221475760531069
0.5221384703908916
0.522129391050505
0.522120337948627
0.5221113110022169
0.5221023101285117
0.522093335245025
0.5220843862695458
0.5220754631201379
0.5220665657151375
0.5220576939731527
0.5220488478130627
0.5220400271540153
0.522031231915427
0.5220224620169812
0.5220137173786269
0.522004997920578
0.5219963035633114
0.5219876342275664
0.521978989834344
0.5219703703049039
0.5219617755607655
0.5219532055237054
0.5219446601157565
0.5219361392592075
0.5219276428766007
0.5219191708907316
0.5219107232246478
0.5219022998016469
0.5218939005452773
0.5218855253793349
0.5218771742278632
0.521868847015152
0.5218605436657371
0.521852264104397
0.5218440082561538
0.5218357760462718
0.5218275674002559
0.5218193822438503
0.5218112205030383
0.5218030821040409
0.5217949669733153
0.521786875037554
0.5217788062236844
0.521770760458867
0.5217627376704942
0.5217547377861903
0.5217467607338094
0.521738806441435
0.5217308748373786
0.5217229658501786
0.5217150794086
0.5217072154416325
0.5216993738784899
0.5216915546486092
0.5216837576816495
0.5216759829074905
0.5216682302562325
0.5216604996581948
0.5216527910439143
0.5216451043441453
0.5216374394898587
0.5216297964122394
0.5216221750426878
0.5216145753128163
0.5216069971544504
0.5215994404996264
0.5215919052805912
0.5215843914298011
0.5215768988799205
0.5215694275638217
0.5215619774145834
0.5215545483654898
0.52154714035003
0.5215397533018967
0.5215323871549857
0.5215250418433943
0.5215177173014214
0.5215104134635656
0.5215031302645249
0.5214958676391954
0.5214886255226707
0.5214814038502413
0.5214742025573929
0.5214670215798056
0.5214598608533542
0.521452720314106
0.5214455998983207
0.5214384995424487
0.5214314191831313
0.5214243587571991
0.5214173182016714
0.5214102974537551
0.5214032964508447
0.52139631513052
0.521389353430546
0.5213824112888732
0.5213754886436346
0.5213685854331462
0.5213617015959066
0.5213548370705942
0.5213479917960688
0.5213411657113691
0.5213343587557129
0.5213275708684951
0.5213208019892884
0.5213140520578409
0.5213073210140767
0.5213006087980945
0.5212939153501666
0.5212872406107383
0.5212805845204274
0.5212739470200227
0.5212673280504845
0.5212607275529421
0.5212541454686944
0.5212475817392086
0.5212410363061195
0.5212345091112287
0.5212280000965038
0.5212215092040777
0.5212150363762481
0.5212085815554763
0.521202144684387
0.5211957257057662
0.521189324562563
0.5211829411978859
0.5211765755550047
0.5211702275773479
0.5211638972085025
0.5211575843922142
0.5211512890723851
0.5211450111930742
0.5211387506984962
0.5211325075330211
0.5211262816411726
0.5211200729676286
0.5211138814572202
0.5211077070549297
0.5211015497058922
0.5210954093553927
0.5210892859488669
0.5210831794318999
0.5210770897502253
0.5210710168497252
0.521064960676429
0.5210589211765126
0.5210528982962987
0.5210468919822546
0.5210409021809927
0.5210349288392697
0.5210289719039853
0.5210230313221824
0.5210171070410459
0.521011199007902
0.5210053071702178
0.5209994314756005
0.5209935718717971
0.5209877283066934
0.5209819007283131
0.5209760890848181
0.5209702933245066
0.5209645133958137
0.52095874924731
0.5209530008277014
0.520947268085828
0.5209415509706641
0.5209358494313168
0.5209301634170262
0.5209244928771644
0.5209188377612346
0.5209131980188711
0.5209075735998385
0.5209019644540308
0.520896370531471
0.5208907917823106
0.5208852281568288
0.5208796796054327
0.5208741460786547
0.5208686275271545
0.5208631239017166
0.5208576351532509
0.5208521612327912
0.5208467020914953
0.520841257680644
0.5208358279516409
0.5208304128560113
0.5208250123454025
0.5208196263715822
0.5208142548864388
0.5208088978419804
0.5208035551903342
0.5207982268837466
0.520792912874581
0.5207876131153197
0.5207823275585612
0.5207770561570212
0.5207717988635306
0.5207665556310361
0.5207613264125994
0.5207561111613964
0.5207509098307167
0.5207457223739635
0.5207405487446524
0.5207353888964115
0.5207302427829806
0.5207251103582108
0.5207199915760635
0.5207148863906106
0.5207097947560334
0.5207047166266228
0.5206996519567777
0.5206946007010056
0.5206895628139215
0.5206845382502476
0.520679526964812
0.5206745289125501
0.5206695440485021
0.5206645723278138
0.5206596137057349
0.5206546681376201
0.5206497355789272
0.5206448159852175
0.5206399093121549
0.5206350155155051
0.5206301345511362
0.5206252663750168
0.5206204109432172
0.5206155682119071
0.5206107381373566
0.5206059206759349
0.5206011157841102
0.5205963234184489
0.5205915435356157
0.5205867760923722
0.520582021045578
0.5205772783521885
0.5205725479692556
0.5205678298539262
0.5205631239634435
0.5205584302551447
0.5205537486864613
0.5205490792149192
0.5205444217981371
0.5205397763938273
0.5205351429597941
0.520530521453934
0.5205259118342354
0.5205213140587781
0.5205167280857319
0.5205121538733577
0.5205075913800062
0.5205030405641171
0.5204985013842198
0.5204939737989323
0.5204894577669604
0.5204849532470979
0.520480460198226
0.5204759785793132
0.5204715083494138
0.5204670494676691
0.5204626018933053
0.5204581655856346
0.5204537405040536
0.5204493266080437
0.5204449238571701
0.5204405322110821
0.5204361516295122
0.5204317820722749
0.5204274234992685
0.5204230758704727
0.5204187391459487
0.5204144132858397
0.5204100982503688
0.5204057939998403
0.5204015004946384
0.5203972176952274
0.5203929455621501
0.5203886840560292
0.5203844331375652
0.5203801927675371
0.5203759629068017
0.5203717435162933
0.5203675345570231
0.5203633359900793
0.5203591477766255
0.5203549698779022
0.5203508022552252
0.520346644869985
0.5203424976836476
0.520338360657753
0.520334233753915
0.5203301169338218
0.5203260101592346
0.5203219133919872
0.5203178265939871
0.5203137497272128
0.5203096827537155
0.5203056256356176
0.5203015783351128
0.5202975408144658
0.5202935130360113
0.5202894949621546
0.5202854865553708
0.5202814877782039
0.5202774985932679
0.5202735189632444
0.5202695488508843
0.5202655882190061
0.5202616370304962
0.5202576952483084
0.5202537628354635
0.5202498397550487
0.5202459259702179
0.5202420214441908
0.5202381261402533
0.5202342400217558
0.5202303630521145
0.5202264951948096
0.5202226364133865
0.5202187866714538
0.5202149459326841
0.5202111141608138
0.5202072913196418
0.5202034773730299
0.5201996722849022
0.5201958760192451
0.520192088540107
0.5201883098115971
0.5201845397978864
0.520180778463206
0.5201770257718481
0.5201732816881647
0.5201695461765681
0.5201658192015295
0.5201621007275803
0.5201583907193101
0.5201546891413671
0.5201509959584583
0.5201473111353483
0.5201436346368594
0.5201399664278723
0.5201363064733231
0.5201326547382059
0.520129011187571
0.5201253757865251
0.5201217485002301
0.5201181292939044
0.5201145181328213
0.5201109149823091
0.5201073198077506
0.5201037325745834
0.5201001532482992
0.5200965817944432
0.5200930181786145
0.5200894623664652
0.5200859143237007
0.5200823740160785
0.5200788414094093
0.5200753164695551
0.5200717991624302
0.5200682894540001
0.5200647873102822
0.520061292697344
0.5200578055813043
0.5200543259283323
0.5200508537046469
0.5200473888765172
0.5200439314102617
0.5200404812722484
0.5200370384288938
0.5200336028466641
0.5200301744920729
0.5200267533316827
0.5200233393321038
0.5200199324599937
0.5200165326820578
0.5200131399650486
0.520009754275765
0.5200063755810531
0.5200030038478045
0.5199996390429579
0.5199962811334966
0.5199929300864501
0.5199895858688931
0.5199862484479452
0.5199829177907704
0.5199795938645778
0.5199762766366203
0.5199729660741945
0.5199696621446411
0.5199663648153441
0.5199630740537307
0.5199597898272706
0.5199565121034766
0.5199532408499038
0.5199499760341493
0.5199467176238521
0.519943465586693
0.5199402198903936
0.5199369805027176
0.5199337473914686
0.5199305205244915
0.5199272998696709
0.5199240853949322
0.5199208770682403
0.5199176748575995
0.5199144787310545
0.5199112886566875
0.5199081046026207
0.519904926537015
0.5199017544280691
0.5198985882440201
0.5198954279531431
0.5198922735237508
0.5198891249241933
0.5198859821228576
0.519882845088168
0.5198797137885856
0.5198765881926075
0.5198734682687673
0.5198703539856347
0.5198672453118148
0.5198641422159486
0.5198610446667117
0.5198579526328155
0.5198548660830056
0.5198517849860629
0.5198487093108014
0.5198456390260705
0.5198425741007527
0.5198395145037643
0.519836460204055
0.519833411170608
0.5198303673724386
0.5198273287785957
0.5198242953581599
0.5198212670802446
0.5198182439139953
0.5198152258285886
0.5198122127932332
0.5198092047771691
0.5198062017496672
0.5198032036800294
0.5198002105375883
0.5197972222917069
0.5197942389117782
0.5197912603672256
0.5197882866275018
0.5197853176620892
0.5197823534404998
0.5197793939322743
0.5197764391069823
0.5197734889342224
0.5197705433836213
0.5197676024248336
0.5197646660275426
0.519761734161459
0.519758806796321
0.5197558839018942
0.5197529654479713
0.5197500514043721
0.5197471417409426
0.5197442364275555
0.5197413354341098
0.5197384387305307
0.5197355462867689
0.5197326580728007
0.5197297740586277
0.5197268942142775
0.5197240185098013
0.519721146915276
0.5197182794008026
0.5197154159365067
0.5197125564925379
0.5197097010390697
0.5197068495462989
0.5197040019844466
0.5197011583237559
0.5196983185344943
0.5196954825869513
0.5196926504514393
0.5196898220982928
0.5196869974978692
0.519684176620547
0.5196813594367273
0.5196785459168322
0.5196757360313053
0.5196729297506115
0.5196701270452369
0.5196673278856876
0.5196645322424909
0.5196617400861941
0.5196589513873648
0.5196561661165908
0.5196533842444788
0.5196506057416559
0.5196478305787675
0.5196450587264795
0.5196422901554755
0.5196395248364581
0.5196367627401488
0.519634003837287
0.5196312480986303
0.5196284954949539
0.5196257459970514
0.5196229995757328
0.5196202562018266
0.5196175158461775
0.5196147784796472
0.5196120440731146
0.5196093125974743
0.5196065840236377
0.5196038583225321
0.5196011354651007
0.5195984154223023
0.5195956981651112
0.5195929836645172
0.5195902718915246
0.5195875628171532
0.5195848564124372
0.519582152648425
0.5195794514961797
0.5195767529267784
0.5195740569113119
0.5195713634208846
0.5195686724266148
0.5195659838996336
0.5195632978110856
0.5195606141321278
0.5195579328339305
0.519555253887676
0.5195525772645591
0.5195499029357866
0.5195472308725774
0.519544561046162
0.519541893427782
0.5195392279886911
0.5195365647001535
0.5195339035334448
0.5195312444598508
0.5195285874506681
0.5195259324772038
0.5195232795107746
0.5195206285227081
0.5195179794843405
0.5195153323670185
0.5195126871420975
0.5195100437809425
0.5195074022549273
0.5195047625354343
0.519502124593855
0.5194994884015887
0.5194968539300432
0.5194942211506344
0.5194915900347858
0.5194889605539285
0.5194863326795012
0.5194837063829496
0.5194810816357266
0.519478458409292
0.5194758366751121
0.5194732164046596
0.5194705975694136
0.5194679801408592
0.5194653640904875
0.519462749389795
0.5194601360102842
0.5194575239234621
0.5194549131008415
0.51945230351394
0.5194496951342795
0.5194470879333867
0.519444481882793
0.5194418769540334
0.519439273118647
0.5194366703481766
0.5194340686141689
0.5194314678881734
0.5194288681417432
0.5194262693464343
0.5194236714738057
0.5194210744954186
0.5194184783828365
0.5194158831076259
0.5194132886413543
0.5194106949555921
0.5194081020219103
0.5194055098118822
0.5194029182970816
0.5194003274490844
0.519397737239466
0.5193951476398038
0.5193925586216747
0.5193899701566563
0.5193873822163266
0.5193847947722633
0.5193822077960432
0.5193796212592433
0.5193770351334401
0.5193744493902087
0.5193718640011232
0.5193692789377571
0.5193666941716816
0.5193641096744668
0.5193615254176807
0.5193589413728896
0.5193563575116575
0.5193537738055458
0.5193511902261135
0.5193486067449166
0.5193460233335085
0.5193434399634391
0.5193408566062551
0.5193382732334992
0.5193356898167114
0.5193331063274269
0.5193305227371767
0.5193279390174881
0.5193253551398833
0.5193227710758801
0.5193201867969913
0.5193176022747243
0.5193150174805822
0.5193124323860614
0.5193098469626533
0.5193072611818432
0.5193046750151107
0.5193020884339283
0.519299501409763
0.5192969139140748
0.5192943259183166
0.5192917373939343
0.5192891483123673
0.5192865586450464
0.5192839683633954
0.5192813774388306
0.5192787858427599
0.5192761935465826
0.5192736005216906
0.5192710067394664
0.5192684121712838
0.5192658167885078
0.5192632205624943
0.5192606234645897
0.5192580254661306
0.5192554265384443
0.5192528266528479
0.5192502257806481
0.5192476238931414
0.5192450209616142
0.5192424169573413
0.5192398118515871
0.5192372056156049
0.5192345982206366
0.519231989637912
0.5192293798386499
0.519226768794057
0.5192241564753277
0.5192215428536441
0.5192189279001755
0.5192163115860792
0.5192136938824989
0.5192110747605654
0.5192084541913966
0.5192058321460957
0.5192032085957534
0.519200583511446
0.5191979568642358
0.5191953286251705
0.5191926987652834
0.5191900672555934
0.5191874340671041
0.519184799170804
0.5191821625376665
0.5191795241386493
0.5191768839446944
0.5191742419267281
0.5191715980556605
0.5191689523023848
0.5191663046377784
0.5191636550327017
0.5191610034579981
0.5191583498844943
0.5191556942829987
0.5191530366243033
0.5191503768791819
0.5191477150183896
0.5191450510126647
0.5191423848327261
0.5191397164492749
0.5191370458329927
0.5191343729545428
0.5191316977845689
0.5191290202936953
0.5191263404525271
0.5191236582316496
0.5191209736016276
0.5191182865330062
0.5191155969963097
0.5191129049620424
0.519110210400687
0.5191075132827061
0.5191048135785401
0.5191021112586085
0.5190994062933094
0.5190966986530186
0.5190939883080897
0.519091275228855
0.519088559385623
0.5190858407486809
0.5190831192882915
0.5190803949746958
0.519077667778111
0.5190749376687307
0.5190722046167251
0.5190694685922396
0.5190667295653967
0.5190639875062938
0.5190612423850036
0.5190584941715747
0.5190557428360302
0.5190529883483677
0.5190502306785603
0.5190474697965547
0.519044705672272
0.5190419382756075
0.5190391675764301
0.5190363935445816
0.5190336161498782
0.5190308353621084
0.5190280511510339
0.5190252634863892
0.5190224723378807
0.5190196776751876
0.519016879467961
0.5190140776858236
0.5190112722983699
0.5190084632751657
0.519005650585748
0.5190028341996247
0.5190000140862744
0.5189971902151462
0.5189943625556598
0.5189915310772042
0.5189886957491394
0.5189858565407941
0.5189830134214669
0.518980166360425
0.5189773153269055
0.5189744602901136
0.5189716012192231
0.5189687380833763
0.5189658708516837
0.5189629994932234
0.5189601239770412
0.5189572442721505
0.5189543603475318
0.5189514721721324
0.5189485797148671
0.5189456829446163
0.5189427818302272
0.5189398763405134
0.5189369664442536
0.5189340521101928
0.5189311333070411
0.5189282100034741
0.518925282168132
0.5189223497696203
0.518919412776508
0.5189164711573299
0.5189135248805835
0.5189105739147308
0.5189076182281974
0.5189046577893722
0.5189016925666072
0.5188987225282177
0.518895747642481
0.5188927678776376
0.5188897832018897
0.5188867935834022
0.518883798990301
0.5188807993906741
0.5188777947525705
0.5188747850440008
0.5188717702329356
0.5188687502873072
0.5188657251750075
0.5188626948638891
0.5188596593217638
0.5188566185164043
0.5188535724155414
0.5188505209868663
0.5188474641980285
0.5188444020166364
0.5188413344102575
0.5188382613464166
0.5188351827925974
0.5188320987162411
0.5188290090847467
0.5188259138654703
0.5188228130257251
0.5188197065327813
0.5188165943538662
0.5188134764561625
0.51881035280681
0.518807223372904
0.5188040881214956
0.5188009470195912
0.5187978000341529
0.5187946471320972
0.5187914882802956
0.5187883234455741
0.5187851525947131
0.5187819756944463
0.5187787927114622
0.5187756036124024
0.5187724083638614
0.5187692069323873
0.5187659992844809
0.5187627853865948
0.5187595652051353
0.5187563387064595
0.5187531058568774
0.5187498666226498
0.5187466209699887
0.5187433688650578
0.5187401102739715
0.518736845162795
0.5187335734975429
0.5187302952441807
0.5187270103686238
0.5187237188367371
0.5187204206143345
0.5187171156671795
0.518713803960984
0.518710485461409
0.5187071601340636
0.5187038279445049
0.5187004888582378
0.5186971428407156
0.5186937898573379
0.5186904298734518
0.5186870628543517
0.5186836887652779
0.5186803075714178
0.5186769192379042
0.5186735237298158
0.5186701210121774
0.5186667110499589
0.5186632938080749
0.5186598692513856
0.5186564373446951
0.5186529980527522
0.5186495513402494
0.5186460971718232
0.518642635512054
0.5186391663254648
0.5186356895765222
0.5186322052296354
0.5186287132491559
0.5186252135993776
0.5186217062445366
0.5186181911488106
0.5186146682763187
0.5186111375911214
0.5186075990572198
0.5186040526385561
0.5186004982990129
0.5185969360024127
0.5185933657125181
0.5185897873930314
0.5185862010075941
0.5185826065197873
0.5185790038931299
0.5185753930910811
0.5185717740770368
0.5185681468143316
0.5185645112662385
0.5185608673959669
0.5185572151666644
0.5185535545414153
0.5185498854832404
0.5185462079550974
0.5185425219198803
0.5185388273404182
0.518535124179477
0.5185314123997571
0.5185276919638946
0.5185239628344605
0.5185202249739598
0.5185164783448324
0.5185127229094523
0.5185089586301271
0.5185051854690979
0.518501403388539
0.5184976123505579
0.5184938123171947
0.5184900032504223
0.518486185112145
0.5184823578641996
0.5184785214683545
0.5184746758863095
0.5184708210796948
0.5184669570100725
0.5184630836389343
0.5184592009277029
0.5184553088377305
0.5184514073302992
0.5184474963666204
0.5184435759078349
0.5184396459150123
0.5184357063491506
0.5184317571711766
0.5184277983419447
0.5184238298222374
0.5184198515727647
0.5184158635541634
0.5184118657269976
0.5184078580517586
0.5184038404888632
0.5183998129986545
0.518395775541402
0.5183917280773003
0.5183876705664692
0.5183836029689539
0.5183795252447241
0.5183754373536738
0.5183713392556213
0.5183672309103093
0.5183631122774031
0.5183589833164921
0.5183548439870884
0.518350694248627
0.5183465340604652
0.5183423633818829
0.5183381821720814
0.518333990390184
0.5183297879952351
0.5183255749462006
0.5183213512019664
0.5183171167213396
0.5183128714630476
0.5183086153857368
0.5183043484479744
0.5183000706082462
0.5182957818249572
0.5182914820564315
0.5182871712609116
0.5182828493965579
0.518278516421449
0.518274172293581
0.5182698169708677
0.5182654504111399
0.5182610725721448
0.5182566834115465
0.5182522828869249
0.5182478709557764
0.5182434475755128
0.5182390127034611
0.5182345662968634
0.5182301083128767
0.5182256387085725
0.5182211574409368
0.5182166644668685
0.5182121597431814
0.5182076432266018
0.5182031148737694
0.5181985746412365
0.5181940224854679
0.518189458362841
0.5181848822296444
0.5181802940420785
0.5181756937562557
0.5181710813281984
0.5181664567138404
0.5181618198690259
0.5181571707495087
0.5181525093109536
0.518147835508934
0.5181431492989325
0.5181384506363412
0.5181337394764614
0.5181290157745013
0.5181242794855786
0.5181195305647185
0.5181147689668533
0.5181099946468231
0.5181052075593744
0.5181004076591609
0.5180955949007424
0.518090769238585
0.5180859306270605
0.5180810790204458
0.5180762143729237
0.5180713366385815
0.5180664457714115
0.5180615417253098
0.5180566244540767
0.5180516939114168
0.5180467500509377
0.5180417928261499
0.5180368221904675
0.5180318380972067
0.5180268404995864
0.5180218293507266
0.5180168046036502
0.5180117662112811
0.5180067141264438
0.5180016483018645
0.517996568690169
0.5179914752438843
0.5179863679154373
0.5179812466571537
0.5179761114212595
0.5179709621598795
0.5179657988250371
0.5179606213686546
0.5179554297425519
0.5179502238984479
0.5179450037879583
0.5179397693625962
0.5179345205737723
0.5179292573727935
0.5179239797108636
0.5179186875390824
0.5179133808084457
0.5179080594698449
0.5179027234740665
0.5178973727717926
0.5178920073135999
0.5178866270499588
0.517881231931235
0.5178758219076874
0.5178703969294685
0.5178649569466247
0.5178595019090948
0.5178540317667107
0.5178485464691969
0.5178430459661689
0.5178375302071362
0.5178319991414977
0.5178264527185451
0.5178208908874607
0.5178153135973173
0.5178097207970783
0.5178041124355975
0.5177984884616184
0.517792848823774
0.5177871934705867
0.5177815223504677
0.5177758354117178
0.5177701326025252
0.5177644138709672
0.5177586791650082
0.5177529284325008
0.5177471616211845
0.5177413786786864
0.51773557955252
0.5177297641900854
0.5177239325386689
0.5177180845454425
0.5177122201574647
0.5177063393216782
0.5177004419849118
0.5176945280938787
0.5176885975951764
0.5176826504352872
0.5176766865605772
0.5176707059172962
0.5176647084515775
0.5176586941094373
0.517652662836775
0.5176466145793726
0.5176405492828945
0.517634466892887
0.5176283673547782
0.5176222506138781
0.5176161166153772
0.5176099653043481
0.5176037966257433
0.5175976105243958
0.5175914069450194
0.5175851858322068
0.5175789471304315
0.5175726907840456
0.5175664167372807
0.5175601249342471
0.5175538153189335
0.5175474878352077
0.5175411424268146
0.5175347790373774
0.5175283976103967
0.5175219980892509
0.5175155804171945
0.5175091445373594
0.517502690392754
0.5174962179262625
0.5174897270806457
0.5174832177985397
0.5174766900224562
0.5174701436947821
0.5174635787577793
0.5174569951535845
0.5174503928242086
0.5174437717115372
0.5174371317573291
0.5174304729032176
0.517423795090709
0.517417098261183
0.5174103823558922
0.517403647315962
0.51739689308239
0.5173901195960464
0.5173833267976733
0.5173765146278844
0.5173696830271648
0.5173628319358713
0.5173559612942312
0.5173490710423434
0.5173421611201765
0.5173352314675697
0.5173282820242322
0.5173213127297434
0.5173143235235522
0.5173073143449765
0.5173002851332035
0.5172932358272898
0.5172861663661601
0.5172790766886076
0.5172719667332945
0.5172648364387498
0.5172576857433713
0.517250514585424
0.5172433229030401
0.5172361106342191
0.5172288777168272
0.517221624088598
0.5172143496871303
0.5172070544498905
0.5171997383142101
0.5171924012172866
0.5171850430961835
0.5171776638878295
0.5171702635290183
0.5171628419564087
0.5171553991065245
0.5171479349157542
0.5171404493203495
0.517132942256428
0.5171254136599701
0.5171178634668203
0.5171102916126866
0.5171026980331405
0.5170950826636163
0.5170874454394122
0.5170797862956883
0.5170721051674674
0.5170644019896352
0.5170566766969392
0.5170489292239892
0.5170411595052564
0.5170333674750743
0.5170255530676375
0.5170177162170022
0.5170098568570853
0.5170019749216648
0.5169940703443795
0.516986143058729
0.5169781929980735
0.5169702200956329
0.5169622242844872
0.5169542054975766
0.5169461636677013
0.516938098727521
0.5169300106095541
0.516921899246179
0.5169137645696334
0.5169056065120134
0.5168974250052737
0.5168892199812287
0.5168809913715502
0.5168727391077689
0.5168644631212738
0.5168561633433115
0.5168478397049867
0.5168394921372621
0.5168311205709579
0.5168227249367515
0.5168143051651781
0.5168058611866297
0.5167973929313557
0.5167889003294625
0.5167803833109126
0.5167718418055263
0.5167632757429794
0.5167546850528051
0.5167460696643923
0.5167374295069862
0.5167287645096883
0.5167200746014557
0.5167113597111017
0.5167026197672955
0.5166938546985613
0.5166850644332794
0.516676248899685
0.5166674080258694
0.5166585417397782
0.5166496499692131
0.5166407326418297
0.5166317896851397
0.5166228210265085
0.5166138265931574
0.5166048063121613
0.5165957601104503
0.5165866879148088
0.5165775896518756
0.516568465248144
0.5165593146299612
0.5165501377235289
0.5165409344549027
0.5165317047499924
0.5165224485345615
0.5165131657342278
0.5165038562744623
0.5164945200805904
0.5164851570777912
0.5164757671910969
0.5164663503453938
0.5164569064654213
0.5164474354757729
0.516437937300895
0.5164284118650877
0.5164188590925043
0.5164092789071516
0.5163996712328894
0.5163900359934311
0.5163803731123431
0.516370682513045
0.5163609641188096
0.5163512178527625
0.516341443637883
0.5163316413970034
0.5163218110528084
0.5163119525278361
0.5163020657444783
0.5162921506249787
0.5162822070914346
0.5162722350657966
0.5162622344698674
0.5162522052253036
0.5162421472536145
0.5162320604761621
0.5162219448141617
0.5162118001886817
0.5162016265206433
0.5161914237308208
0.5161811917398416
0.5161709304681861
0.5161606398361878
0.5161503197640334
0.5161399701717626
0.5161295909792686
0.5161191821062976
0.5161087434724485
0.5160982749971743
0.5160877765997811
0.5160772481994282
0.5160666897151278
0.516056101065747
0.5160454821700045
0.516034832946474
0.516024153313582
0.5160134431896091
0.5160027024926893
0.5159919311408105
0.5159811290518144
0.5159702961433966
0.5159594323331067
0.5159485375383484
0.515937611676379
0.5159266546643111
0.51591566641911
0.5159046468575971
0.5158935958964467
0.5158825134521883
0.5158713994412064
0.5158602537797393
0.5158490763838808
0.5158378671695792
0.515826626052638
0.5158153529487154
0.5158040477733258
0.5157927104418373
0.5157813408694749
0.5157699389713183
0.515758504662303
0.5157470378572204
0.5157355384707173
0.5157240064172975
0.5157124416113197
0.5157008439669992
0.5156892133984085
0.5156775498194753
0.5156658531439848
0.5156541232855788
0.5156423601577557
0.5156305636738711
0.5156187337471381
0.5156068702906265
0.515594973217264
0.5155830424398358
0.5155710778709851
0.5155590794232127
0.5155470470088774
0.5155349805401965
0.5155228799292456
0.5155107450879591
0.5154985759281296
0.5154863723614092
0.5154741342993082
0.5154618616531972
0.5154495543343053
0.5154372122537216
0.515424835322395
0.515412423451134
0.5153999765506079
0.5153874945313449
0.5153749773037354
0.5153624247780293
0.5153498368643377
0.5153372134726328
0.5153245545127478
0.5153118598943778
0.5152991295270788
0.5152863633202692
0.5152735611832293
0.5152607230251015
0.5152478487548905
0.515234938281464
0.5152219915135523
0.5152090083597486
0.5151959887285098
0.5151829325281557
0.5151698396668698
0.5151567100527004
0.5151435435935583
0.5151303401972203
0.5151170997713262
0.5151038222233818
0.5150905074607571
0.5150771553906873
0.5150637659202735
0.515050338956482
0.5150368744061451
0.5150233721759611
0.5150098321724946
0.5149962543021769
0.5149826384713058
0.5149689845860462
0.5149552925524304
0.5149415622763579
0.5149277936635959
0.5149139866197796
0.5149001410504119
0.514886256860865
0.514872333956379
0.5148583722420627
0.5148443716228946
0.514830332003722
0.5148162532892618
0.5148021353841009
0.5147879781926961
0.5147737816193744
0.5147595455683334
0.5147452699436411
0.5147309546492367
0.5147165995889308
0.5147022046664051
0.5146877697852128
0.5146732948487793
0.5146587797604025
0.5146442244232513
0.5146296287403689
0.5146149926146703
0.5146003159489435
0.5145855986458503
0.5145708406079259
0.5145560417375787
0.514541201937092
0.5145263211086224
0.5145113991542016
0.5144964359757356
0.5144814314750055
0.5144663855536667
0.5144512981132516
0.5144361690551668
0.5144209982806947
0.5144057856909943
0.5143905311871007
0.5143752346699247
0.5143598960402546
0.5143445151987551
0.5143290920459681
0.5143136264823127
0.5142981184080855
0.5142825677234606
0.51426697432849
0.514251338123104
0.5142356590071107
0.5142199368801974
0.5142041716419292
0.5141883631917503
0.5141725114289845
0.5141566162528338
0.5141406775623801
0.514124695256585
0.5141086692342892
0.514092599394214
0.5140764856349602
0.5140603278550092
0.5140441259527224
0.5140278798263421
0.5140115893739909
0.5139952544936723
0.513978875083271
0.5139624510405525
0.5139459822631637
0.5139294686486326
0.513912910094369
0.5138963064976642
0.5138796577556912
0.5138629637655048
0.5138462244240416
0.5138294396281204
0.5138126092744422
0.5137957332595899
0.5137788114800291
0.5137618438321073
0.5137448302120551
0.5137277705159848
0.5137106646398921
0.5136935124796547
0.5136763139310333
0.5136590688896714
0.5136417772510948
0.5136244389107127
0.5136070537638165
0.5135896217055811
0.5135721426310638
0.5135546164352047
0.5135370430128271
0.5135194222586366
0.5135017540672221
0.5134840383330552
0.5134662749504901
0.5134484638137635
0.5134306048169952
0.5134126978541874
0.5133947428192246
0.5133767396058742
0.5133586881077857
0.5133405882184908
0.5133224398314037
0.5133042428398201
0.5132859971369181
0.5132677026157577
0.5132493591692802
0.5132309666903083
0.5132125250715467
0.5131940342055812
0.5131754939848778
0.5131569043017843
0.5131382650485286
0.513119576117219
0.5131008373998445
0.5130820487882737
0.5130632101742548
0.5130443214494158
0.5130253825052637
0.5130063932331845
0.5129873535244431
0.5129682632701823
0.5129491223614234
0.5129299306890649
0.5129106881438832
0.5128913946165318
0.51287204999754
0.5128526541773146
0.5128332070461376
0.5128137084941664
0.5127941584114342
0.5127745566878481
0.5127549032131901
0.5127351978771155
0.5127154405691534
0.5126956311787054
0.5126757695950455
0.5126558557073193
0.5126358894045446
0.5126158705756092
0.5125957991092712
0.5125756748941585
0.5125554978187681
0.5125352677714652
0.5125149846404834
0.5124946483139231
0.5124742586797514
0.5124538156258013
0.5124333190397707
0.5124127688092233
0.5123921648215847
0.5123715069641451
0.5123507951240566
0.5123300291883326
0.5123092090438477
0.5122883345773366
0.5122674056753923
0.5122464222244674
0.5122253841108712
0.5122042912207698
0.512183143440185
0.5121619406549935
0.5121406827509258
0.5121193696135659
0.5120980011283489
0.5120765771805613
0.5120550976553402
0.5120335624376705
0.5120119714123857
0.5119903244641665
0.5119686214775384
0.5119468623368725
0.5119250469263832
0.511903175130127
0.5118812468320018
0.5118592619157457
0.5118372202649354
0.5118151217629853
0.5117929662931462
0.5117707537385037
0.5117484839819774
0.5117261569063196
0.511703772394113
0.5116813303277707
0.511658830589534
0.5116362730614705
0.5116136576254746
0.5115909841632633
0.5115682525563771
0.5115454626861772
0.5115226144338445
0.5114997076803776
0.5114767423065918
0.511453718193117
0.5114306352203964
0.5114074932686845
0.5113842922180458
0.5113610319483528
0.5113377123392845
0.5113143332703246
0.5112908946207595
0.5112673962696769
0.5112438380959632
0.511220219978303
0.5111965417951758
0.511172803424855
0.5111490047454053
0.5111251456346813
0.5111012259703256
0.5110772456297654
0.5110532044902134
0.5110291024286618
0.511004939321884
0.5109807150464293
0.5109564294786232
0.5109320824945638
0.51090767397012
0.5108832037809296
0.510858671802396
0.5108340779096869
0.5108094219777322
0.5107847038812202
0.5107599234945969
0.5107350806920621
0.5107101753475682
0.5106852073348171
0.5106601765272576
0.5106350827980835
0.5106099260202299
0.5105847060663719
0.5105594228089213
0.5105340761200239
0.5105086658715566
0.5104831919351261
0.5104576541820643
0.5104320524834265
0.5104063867099882
0.510380656732243
0.5103548624203988
0.5103290036443756
0.510303080273802
0.5102770921780132
0.5102510392260464
0.5102249212866397
0.510198738228227
0.510172489918937
0.5101461762265888
0.5101197970186886
0.5100933521624271
0.5100668415246765
0.5100402649719865
0.5100136223705816
0.5099869135863574
0.5099601384848775
0.5099332969313704
0.5099063887907249
0.5098794139274887
0.5098523722058624
0.5098252634896986
0.5097980876424965
0.5097708445273987
0.5097435340071883
0.5097161559442842
0.509688710200739
0.509661196638233
0.5096336151180725
0.5096059655011855
0.5095782476481173
0.5095504614190268
0.5095226066736839
0.5094946832714631
0.5094666910713425
0.5094386299318971
0.5094104997112969
0.5093823002673019
0.509354031457258
0.5093256931380932
0.5092972851663128
0.5092688073979966
0.5092402596887932
0.5092116418939164
0.5091829538681415
0.5091541954657999
0.5091253665407756
0.5090964669465003
0.5090674965359494
0.5090384551616374
0.509009342675613
0.5089801589294557
0.5089509037742703
0.5089215770606824
0.5088921786388342
0.5088627083583798
0.5088331660684802
0.5088035516177991
0.5087738648544975
0.50874410562623
0.5087142737801382
0.5086843691628484
0.5086543916204646
0.5086243409985637
0.5085942171421929
0.5085640198958614
0.5085337491035382
0.5085034046086455
0.5084729862540542
0.5084424938820787
0.508411927334472
0.5083812864524203
0.5083505710765377
0.5083197810468614
0.5082889162028462
0.5082579763833595
0.5082269614266753
0.5081958711704698
0.5081647054518156
0.5081334641071762
0.5081021469724005
0.508070753882718
0.5080392846727326
0.5080077391764174
0.5079761172271091
0.5079444186575026
0.5079126432996451
0.5078807909849309
0.5078488615440954
0.5078168548072093
0.5077847706036736
0.5077526087622127
0.5077203691108706
0.5076880514770025
0.5076556556872707
0.507623181567639
0.5075906289433654
0.507557997638998
0.5075252874783671
0.507492498284581
0.507459629880019
0.5074266820863259
0.5073936547244058
0.5073605476144156
0.5073273605757603
0.5072940934270849
0.5072607459862705
0.5072273180704261
0.5071938094958846
0.5071602200781937
0.5071265496321133
0.5070927979716059
0.5070589649098327
0.5070250502591462
0.5069910538310841
0.5069569754363633
0.5069228148848735
0.5068885719856701
0.506854246546969
0.5068198383761398
0.5067853472796984
0.5067507730633022
0.5067161155317428
0.5066813744889394
0.5066465497379327
0.5066116410808781
0.50657664831904
0.5065415712527835
0.5065064096815699
0.5064711634039492
0.5064358322175532
0.5064004159190896
0.5063649143043347
0.506329327168128
0.5062936543043639
0.5062578955059867
0.5062220505649826
0.5061861192723736
0.5061501014182119
0.506113996791571
0.5060778051805409
0.5060415263722206
0.5060051601527114
0.5059687063071105
0.505932164619504
0.5058955348729601
0.5058588168495229
0.5058220103302051
0.5057851150949816
0.5057481309227824
0.505711057591486
0.5056738948779128
0.5056366425578186
0.505599300405887
0.5055618681957228
0.5055243456998464
0.5054867326896857
0.5054490289355696
0.5054112342067216
0.5053733482712531
0.505335370896156
0.5052973018472963
0.5052591408894076
0.505220887786084
0.5051825422997731
0.5051441041917701
0.5051055732222104
0.5050669491500623
0.5050282317331218
0.5049894207280047
0.5049505158901398
0.5049115169737629
0.50487242373191
0.5048332359164095
0.5047939532778773
0.5047545755657086
0.5047151025280714
0.5046755339119016
0.5046358694628937
0.5045961089254959
0.5045562520429029
0.5045162985570498
0.5044762482086048
0.5044361007369629
0.5043958558802397
0.5043555133752645
0.5043150729575736
0.504274534361404
0.5042338973196875
0.5041931615640431
0.5041523268247712
0.5041113928308476
0.5040703593099156
0.5040292259882818
0.5039879925909077
0.5039466588414047
0.5039052244620267
0.5038636891736653
0.5038220526958419
0.5037803147467026
0.5037384750430116
0.503696533300145
0.5036544892320846
0.5036123425514122
0.5035700929693028
0.5035277401955188
0.5034852839384049
0.5034427239048807
0.5034000598004353
0.5033572913291218
0.5033144181935507
0.5032714400948844
0.5032283567328318
0.5031851678056416
0.5031418730100969
0.5030984720415101
0.5030549645937165
0.503011350359069
0.5029676290284323
0.5029238002911774
0.5028798638351765
0.5028358193467969
0.5027916665108959
0.5027474050108159
0.5027030345283778
0.502658554743877
0.5026139653360775
0.502569265982207
0.5025244563579512
0.5024795361374497
0.5024345049932897
0.5023893625965025
0.5023441086165569
0.5022987427213553
0.502253264577229
0.5022076738489331
0.5021619701996409
0.5021161532909414
0.5020702227828322
0.502024178333716
0.5019780196003972
0.5019317462380756
0.5018853579003426
0.5018388542391771
0.5017922349049413
0.5017454995463766
0.5016986478105983
0.5016516793430928
0.5016045937877128
0.501557390786674
0.5015100699805504
0.5014626310082706
0.5014150735071145
0.501367397112709
0.5013196014590247
0.5012716861783721
0.5012236509013984
0.5011754952570835
0.5011272188727366
0.5010788213739936
0.501030302384813
0.5009816615274734
0.5009328984225698
0.5008840126890107
0.5008350039440153
0.5007858718031105
0.5007366158801279
0.5006872357872014
0.5006377311347638
0.5005881015315451
0.5005383465845692
0.500488465899152
0.500438459078898
0.5003883257256992
0.5003380654397327
0.5002876778194569
0.5002371624616122
0.5001865189612159
0.500135746911563
0.5000848459042221
0.5000338155290354
0.4999826553741155
0.49993136502584495
0.499879944068874
0.4998283920861195
0.499776708658763
0.49972489336625003
0.4996729457862883
0.4996208654948472
0.4995686520661562
0.49951630507270395
0.49946382408523726
0.4994112086727612
0.49935845840253645
0.4993055728400807
0.4992525515491667
0.4991993940918221
0.49914610002832976
0.4990926689172257
0.49903910031530085
0.49898539377759954
0.4989315488574195
0.4988775651063128
0.49882344207408463
0.4987691793087944
0.49871477635675554
0.4986602327625361
0.498605548068959
0.498550721817102
0.4984957535462995
0.4984406427941418
0.4983853890964769
0.49832999198741024
0.4982744509993074
0.4982187656627928
0.4981629355067524
0.49810696005833416
0.49805083884294926
0.4979945713842738
0.4979381572042497
0.49788159582308644
0.4978248867592625
0.4977680295295269
0.497711023648901
0.4976538686306805
0.4975965639864365
0.4975391092260185
0.4974815038575555
0.49742374738745854
0.497365839320423
0.4973077791594301
0.49724956640575
0.4971912005589438
0.49713268111686587
0.4970740075756669
0.49701517942979606
0.4969561961720032
0.4968970572933429
0.496837762283176
0.4967783106291731
0.4967187018173175
0.49665893533190825
0.49659901065556233
0.4965389272692194
0.49647868465214356
0.4964182822819275
0.4963577196344954
0.496296996184106
0.49623611140335744
0.4961750647631888
0.4961138557328858
0.4960524837800819
0.49599094837076474
0.49592924896927754
0.4958673850383245
0.4958053560389738
0.49574316143066166
0.4956808006711966
0.49561827321676244
0.4955555785219238
0.4954927160396292
0.4954296852212153
0.4953664855164114
0.49530311637334334
0.4952395772385378
0.49517586755692666
0.4951119867718512
0.4950479343250668
0.4949837096567469
0.49491931220548746
0.49485474140831187
0.49478999670067525
0.494725077516468
0.4946599832880223
0.49459471344611466
0.4945292674199714
0.4944636446372737
0.4943978445241616
0.4943318665052384
0.4942657100035756
0.4941993744407179
0.49413285923668765
0.49406616380998897
0.49399928757761324
0.49393222995504327
0.49386499035625786
0.49379756819373744
0.49372996287846715
0.4936621738199431
0.49359420042617586
0.4935260421036959
0.4934576982575577
0.4933891682913447
0.4933204516071737
0.4932515476056995
0.4931824556861195
0.4931131752461788
0.4930437056821735
0.49297404638895587
0.49290419675993913
0.4928341561871018
0.4927639240609911
0.4926934997707287
0.49262288270401394
0.4925520722471292
0.49248106778494255
0.49240986870091363
0.49233847437709666
0.492266884194145
0.49219509753131485
0.49212311376646967
0.49205093227608315
0.49197855243524463
0.4919059736176613
0.4918331951956624
0.49176021654020363
0.49168703702086936
0.4916136560058775
0.49154007286208135
0.49146628695497435
0.4913922976486927
0.49131810430601813
0.4912437062883822
0.49116910295586713
0.49109429366721136
0.4910192777798097
0.4909440546497179
0.49086862363165434
0.4907929840790023
0.49071713534381334
0.4906410767768086
0.4905648077273805
0.49048832754359667
0.49041163557219947
0.4903347311586094
0.49025761364692616
0.49018028237993005
0.4901027366990838
0.4900249759445329
0.48994699945510806
0.4898688065683248
0.4897903966203855
0.48971176894617896
0.489632922879282
0.4895538577519589
0.4894745728951622
0.48939506763853297
0.4893153413104001
0.4892353932377807
0.48915522274637935
0.4890748291605873
0.488994211803483
0.4889133699968292
0.4888323030610742
0.48875101031534846
0.48866949107746493
0.4885877446639164
0.4885057703898744
0.48842356756918676
0.48834113551437586
0.4882584735366362
0.48817558094583224
0.488092457050495
0.4880091011578201
0.4879255125736639
0.4878416906025411
0.4877576345476205
0.4876733437107218
0.48758881739231164
0.4875040548915002
0.48741905550603587
0.48733381853230134
0.48724834326530964
0.48716262899869817
0.4870766750247242
0.48699048063425987
0.4869040451167865
0.4868173677603889
0.48673044785174935
0.48664328467614204
0.4865558775174259
0.48646822565803954
0.48638032837899287
0.48629218495986126
0.4862037946787781
0.4861151568124278
0.4860262706360372
0.48593713542336936
0.4858477504467138
0.48575811497688
0.48566822828318773
0.4855780896334592
0.4854876982940095
0.48539705352963847
0.4853061546036206
0.48521500077769586
0.4851235913120603
0.4850319254653557
0.48494000249465974
0.4848478216554754
0.48475538220172093
0.48466268338571894
0.48456972445818447
0.484476504668216
0.4843830232632821
0.48428927948921097
0.48419527259017836
0.48410100180869514
0.4840064663855965
0.48391166556002857
0.48381659856943604
0.48372126464954984
0.48362566303437365
0.4835297929561717
0.48343365364545476
0.483337244330967
0.48324056423967243
0.4831436125967411
0.4830463886255351
0.48294889154759457
0.48285112058262347
0.4827530749484747
0.4826547538611358
0.48255615653471523
0.4824572821814255
0.48235813001156935
0.4822586992335248
0.4821589890537292
0.4820589986766641
0.48195872730483963
0.48185817413877885
0.481757338377002
0.4816562192160103
0.4815548158502704
0.48145312747219765
0.4813511532721406
0.48124889243836433
0.4811463441570333
0.4810435076121964
0.48094038198576905
0.4808369664575175
0.48073326020504137
0.48062926240375736
0.48052497222688195
0.48042038884541544
0.48031551142812423
0.4802103391415242
0.48010487114986367
0.4799991066151065
0.479893044696915
0.4797866845526332
0.4796800253372693
0.47957306620347906
0.4794658063015492
0.4793582447793796
0.47925038078246673
0.4791422134538871
0.47903374193428006
0.4789249653618309
0.4788158828722544
0.47870649359877804
0.4785967966721256
0.4784867912205001
0.47837647636956804
0.4782658512424429
0.47815491495966844
0.4780436666392033
0.47793210539640485
0.4778202303440128
0.47770804059213473
0.47759553524822934
0.4774827134170914
0.4773695742008372
0.477256116698889
0.47714234000795996
0.4770282432220396
0.4769138254323808
0.47679908572748286
0.4766840231930799
0.4765686369121263
0.47645292596478317
0.47633688942840474
0.4762205263775261
0.4761038358838502
0.4759868170162351
0.4758694688406827
0.4757517904203258
0.4756337808154175
0.4755154390833198
0.4753967642784923
0.4752777554524825
0.4751584116539149
0.47503873192848184
0.4749187153189334
0.4747983608650691
0.4746776676037287
0.4745566345687846
0.4744352607911334
0.474313545298689
0.4741914871163752
0.47406908526611946
0.4739463387668474
0.4738232466344757
0.4736998078819092
0.47357602151903405
0.47345188655271536
0.47332740198679235
0.4732025668220762
0.47307738005634703
0.4729518406843516
0.4728259476978026
0.47269970008537765
0.4725730968327173
0.47244613692242826
0.47231881933408154
0.4721911430442155
0.4720631070263367
0.4719347102509237
0.4718059516854299
0.4716768302942865
0.4715473450389094
0.47141749487770146
0.47128727876606114
0.4711566956563873
0.471025744498087
0.47089442423758343
0.4707627338183255
0.470630672180795
0.4704982382625193
0.4703654309980799
0.4702322493191261
0.47009869215438577
0.4699647584296785
0.4698304470679309
0.4696957569891903
0.4695606871106389
0.4694252363466128
0.4692894036086167
0.46915318780534243
0.4690165878426882
0.46887960262377754
0.4687422310489793
0.46860447201592953
0.46846632441955305
0.4683277871520868
0.4681888591031028
0.46804953915953373
0.4679098262056972
0.46776971912332366
0.4676292167915825
0.46748831808711067
0.4673470218840415
0.4672053270540354
0.46706323246631043
0.46692073698767356
0.466777839482554
0.4666345388130375
0.4664908338389001
0.46634672341764394
0.46620220640453425
0.46605728165263655
0.4659119480128556
0.4657662043339738
0.4656200494626933
0.46547348224367613
0.465326501519587
0.465179106131137
0.46503129491712764
0.4648830667144963
0.4647344203583634
0.4645853546820782
0.4644358685172689
0.4642859606938911
0.46413563004027875
0.4639848753831948
0.4638336955478849
0.46368208935813016
0.4635300556363013
0.4633775932034153
0.463224700879191
0.4630713774821071
0.46291762182946067
0.46276343273742737
0.4626088090211213
0.4624537494946572
0.4622982529712131
0.46214231826309426
0.4619859441817978
0.4618291295380788
0.4616718731420172
0.4615141738030849
0.4613560303302163
0.4611974415318769
0.4610384062161347
0.46087892319073265
0.46071899126316124
0.4605586092407331
0.460397775930657
0.46023649014011553
0.46007475067634157
0.4599125563466953
0.45974990595874565
0.45958679832034843
0.4594232322397284
0.4592592065255618
0.45909471998705853
0.45892977143404756
0.45876435967706003
0.45859848352741817
0.45843214179731984
0.45826533329992836
0.4580980568494605
0.45793031126127637
0.45776209535197165
0.4575934079394682
0.4574242478431071
0.4572546138837427
0.45708450488383706
0.4569139196675561
0.4567428570608651
0.4565713158916268
0.4563992949896998
0.45622679318703696
0.4560538093177864
0.45588034221839174
0.45570639072769425
0.4555319536870352
0.4553570299403594
0.4551816183343199
0.4550057177183821
0.4548293269449307
0.4546524448693759
0.454475070350261
0.45429720224937054
0.4541188394318395
0.4539399807662629
0.45376062512480647
0.4535807713833176
0.4534004184214377
0.45321956512271455
0.45303821037471576
0.4528563530691425
0.45267399210194464
0.45249112637343547
0.4523077547884081
0.4521238762562519
0.45193948969106923
0.45175459401179374
0.45156918814230845
0.45138327101156434
0.45119684155370005
0.45100989870816166
0.4508224414198232
0.45063446863910717
0.45044597932210634
0.4502569724307054
0.45006744693270295
0.4498774018019344
0.44968683601839554
0.44949574856836455
0.4493041384445273
0.44911200464610057
0.44891934617895696
0.4487261620557492
0.4485324512960356
0.44833821292640513
0.4481434459806034
0.4479481494996573
0.44775232253200226
0.4475559641336073
0.4473590733681027
0.44716164930690483
0.4469636910293435
0.44676519762278866
0.4465661681827769
0.4463666018131383
0.4461664976261229
0.44596585474252803
0.4457646722918245
0.44556294941228325
0.44536068525110284
0.44515787896453485
0.44495452971801086
0.44475063668626874
0.4445461990534786
0.44434121601336835
0.44413568676935006
0.4439296105346452
0.44372298653240905
0.4435158139958566
0.4433080921683864
0.44309982030370487
0.44289099766595
0.4426816235298152
0.442471697180672
0.44226121791469186
0.4420501850389697
0.4418385978716438
0.44162645574201786
0.44141375799068105
0.4412005039696274
0.4409866930423756
0.44077232458408744
0.44055739798168503
0.44034191263396877
0.44012586795173314
0.4399092633578824
0.4396920982875455
0.4394743721881905
0.4392560845197367
0.43903723475466794
0.43881782237814315
0.4385978468881074
0.4383773077954005
0.4381562046238665
0.4379345369104603
0.437712304205354
0.43748950607204257
0.4372661420874472
0.4370422118420192
0.4368177149398412
0.43659265099872796
0.4363670196503253
0.43614082054020864
0.4359140533279793
0.43568671768736017
0.43545881330629005
0.43523033988701537
0.43500129714618274
0.43477168481492734
0.4345415026389624
0.4343107503786653
0.4340794278091629
0.4338475347204158
0.43361507091729923
0.433382036219685
0.43314843046251883
0.4329142534958983
0.4326795051851482
0.4324441854108942
0.4322082940691339
0.431971831071308
0.4317347963443676
0.43149718983084173
0.4312590114889
0.43102026129241716
0.43078093923103183
0.43054104531020687
0.4303005795512852
0.4300595419915437
0.42981793268424695
0.4295757516986971
0.4293329991202823
0.4290896750505233
0.42884577960711684
0.428601312923978
0.42835627515127983
0.42811066645549073
0.42786448701940955
0.42761773704219924
0.4273704167394154
0.4271225263430379
0.42687406610149325
0.42662503627968024
0.4263754371589912
0.42612526903732934
0.4258745322291266
0.4256232270653557
0.42537135389354375
0.4251189130777785
0.4248659049987175
0.4246123300535891
0.42435818865619535
0.4241034812369108
0.42384820824267744
0.4235923701369985
0.42333596739993007
0.42307900052806835
0.42282147003453546
0.4225633764489622
0.4223047203174686
0.4220455022026403
0.42178572268350456
0.4215253823555018
0.42126448183045406
0.4210030217365325
0.4207410027182206
0.42047842543627567
0.42021529056768603
0.419951598805627
0.419687350859414
0.4194225474544513
0.41915718933217927
0.418891277250019
0.41862481198131263
0.4183577943152631
0.4180902250568683
0.4178221050268552
0.41755343506160897
0.41728421601310023
0.4170144487488086
0.4167441341516461
0.41647327311987326
0.41620186656701647
0.4159299154217797
0.41565742062795535
0.41538438314433107
0.4151108039445937
0.41483668401723106
0.41456202436543094
0.4142868260069761
0.4140110899741375
0.41373481731356476
0.41345800908617375
0.41318066636703016
0.4129027902452323
0.4126243818237891
0.4123454422194975
0.41206597256281496
0.41178597399773076
0.4115054476816338
0.4112243947851775
0.4109428164921435
0.4106607139993
0.41037808851626045
0.41009494126533724
0.40981127348139434
0.4095270864116959
0.4092423813157531
0.40895715946516925
0.4086714221434802
0.4083851706459938
0.40809840627962707
0.40781113036273947
0.40752334422496483
0.40723504920704096
0.4069462466606353
0.4066569379481706
0.406367124442646
0.406076807527457
0.40578598859621284
0.40549466905255194
0.4052028503099538
0.40491053379155095
0.40461772092993564
0.4043244131669678
0.4040306119535785
0.40373631874957183
0.4034415350234247
0.4031462622520863
0.40285050192077154
0.40255425552275725
0.4022575245591733
0.40196031053879355
0.40166261497782296
0.40136443939968547
0.4010657853348081
0.4007666543204038
0.40046704790025367
0.4001669676244857
0.3998664150493536
0.39956539173701344
0.3992638992552975
0.3989619391774893
0.3986595130820943
0.3983566225526116
0.3980532691773028
0.3977494545489597
0.39744518026467157
0.3971404479255902
0.3968352591366948
0.3965296155065541
0.39622351864708916
0.3959169701733344
0.39560997170319767
0.3953025248572182
0.39499463125832684
0.39468629253160115
0.39437751030402335
0.39406828620423534
0.39375862186229393
0.3934485189094251
0.3931379789777777
0.39282700370017687
0.39251559470987574
0.39220375364030874
0.3918914821248427
0.3915787817965283
0.39126565428785026
0.39095210123048024
0.39063812425502453
0.39032372499077694
0.39000890506546715
0.3896936661050121
0.38937800973326486
0.3890619375717663
0.3887454512394943
0.38842855235261387
0.3881112425242284
0.3877935233641303
0.38747539647855134
0.38715686346991485
0.38683792593658706
0.38651858547262896
0.3861988436675499
0.38587870210605957
0.38555816236782253
0.38523722602721233
0.3849158946530663
0.3845941698084424
0.38427205305037465
0.38394954592963015
0.38362664999046925
0.3833033667704028
0.3829796977999532
0.3826556446024158
0.38233120869362025
0.3820063915816946
0.38168119476683005
0.3813556197410455
0.3810296679879561
0.38070334098254016
0.38037664019090967
0.3800495670700813
0.37972212306774844
0.3793943096220552
0.37906612816137275
0.37873758010407543
0.3784086668583199
0.37807938982182565
0.37774975038165637
0.37741974991400523
0.377089389783979
0.37675867134538615
0.3764275959405263
0.3760961648999816
0.3757643795424092
0.37543224117433754
0.37509975108996263
0.37476691057094824
0.3744337208862265
0.3741001832918022
0.3737662990305587
0.3734320693320649
0.37309749541238674
0.3727625784738993
0.37242731970510135
0.37209172028043364
0.3717557813600978
0.37141950408987817
0.3710828896009679
0.3707459390097946
0.37040865341785056
0.3700710339115253
0.3697330815619394
0.36939479742478354
0.36905618254015715
0.36871723793241196
0.3683779646099969
0.3680383635653073
0.3676984357745349
0.3673581821975228
0.3670176037776207
0.36667670144154574
0.36633547609924355
0.3659939286437544
0.3656520599510813
0.36530987088006067
0.3649673622722363
0.36462453495173747
0.36428138972515656
0.36393792738143493
0.3635941486917476
0.3632500544093913
0.3629056452696786
0.36256092198983236
0.36221588526888354
0.3618705357875734
0.3615248742082577
0.36117890117481494
0.3608326173125562
0.3604860232281403
0.3601391195094907
0.35979190672571565
0.3594443854270317
0.3590965561446915
0.3587484193909124
0.35839997565881065
0.358051225422338
0.3577021691362207
0.3573528072359029
0.357003140137493
0.3566531682377124
0.35630289191384945
0.3559523115237141
0.35560142740559764
0.35525023987823545
0.3548987492407722
0.3545469557727312
0.35419485973398673
0.3538424613647387
0.3534897608854928
0.35313675849704085
0.3527834543804477
0.3524298486970382
0.3520759415883897
0.35172173317632693
0.35136722356292016
0.3510124128304864
0.3506573010415939
0.35030188823906994
0.3499461744460126
0.3495901596658034
0.3492338438821259
0.3488772270589853
0.3485203091407329
0.3481630900520921
0.34780556969818843
0.347447747964583
0.3470896247173082
0.34673119980290634
0.3463724730484733
0.3460134442617022
0.3456541132309326
0.3452944797252017
0.344934543494299
0.34457430426882196
0.3442137617602392
0.3438529156609508
0.3434917656443563
0.3431303113649228
0.34276855245825744
0.34240648854118194
0.342044119211811
0.34168144404963074
0.34131846261558524
0.34095517445215945
0.3405915790834698
0.34022767601535575
0.3398634647354738
0.3394989447133941
0.3391341154007011
0.3387689762310948
0.3384035266204967
0.33803776596715734
0.33767169365176547
0.33730530903756206
0.33693861147045484
0.33657160027913585
0.336204274775203
0.33583663425328114
0.33546867799114893
0.33510040524986484
0.33473181527389834
0.3343629072912621
0.3339936805136461
0.3336241341365553
0.33325426733944913
0.33288407928588226
0.33251356912364977
0.3321427359849322
0.3317715789864442
0.3314000972295857
0.3310282898005935
0.33065615577069746
0.330283694196276
0.3299109041190167
0.32953778456607585
0.32916433455024385
0.32879055307010785
0.328416439110221
0.3280419916412719
0.32766720962025403
0.32729209199064074
0.32691663768256024
0.32654084561297164
0.32616471468584607
0.3257882437923451
0.325411431811006
0.32503427760792536
0.32465678003694537
0.3242789379398436
0.3239007501465219
0.3235222154751995
0.32314333273260687
0.32276410071418116
0.32238451820426384
0.3220045839763005
0.3216242967930419
0.32124365540674654
0.3208626585593858
0.3204813049828505
0.3200995933991584
0.3197175225206661
0.31933509105027846
0.318952297681664
0.31856914109946977
0.3181856199795383
0.31780173298912656
0.3174174787871264
0.317032856024288
0.3166478633434431
0.3162624993797315
0.31587676276082877
0.31549065210717625
0.31510416603221203
0.3147173031426053
0.31433006203849
0.31394244131370314
0.31355443955602325
0.3131660553474112
0.31277728726425325
0.3123881338776053
0.31199859375343914
0.31160866545289234
0.31121834753251737
0.31082763854453477
0.31043653703708796
0.3100450415544993
0.3096531506375291
0.3092608628236366
0.3088681766472423
0.3084750906399938
0.30808160333103246
0.3076877132472628
0.30729341891362527
0.3068987188533683
0.30650361158832695
0.3061080956391989
0.305712169525828
0.3053158317674856
0.304919080883157
0.3045219153918302
0.30412433381278586
0.30372633466589116
0.30332791647189494
0.30292907775272654
0.30252981703179704
0.3021301328343026
0.3017300236875306
0.30132948812116933
0.30092852466762
0.3005271318623107
0.3001253082440147
0.29972305235517005
0.29932036274220436
0.2989172379558597
0.2985136765515221
0.2981096770895543
0.29770523813563166
0.29730035826107853
0.2968950360432122
0.29648927006568593
0.29608305891883746
0.2956764012000403
0.29526929551405706
0.29486174047339875
0.2944537346986836
0.2940452768190028
0.29363636547228744
0.29322699930567914
0.29281717697590537
0.2924068971496556
0.29199615850396404
0.2915849597265931
0.29117329951642235
0.2907611765838385
0.29034858965113264
0.2899355374528973
0.2895220187364285
0.28910803226213244
0.28869357680393337
0.28827865114968676
0.28786325410159597
0.287447384476631
0.28703104110695293
0.2866142228403396
0.2861969285406165
0.2857791570880906
0.28536090737998754
0.2849421783308921
0.2845229688731938
0.2841032779575326
0.2836831045532515
0.2832624476488505
0.2828413062524447
0.2824196793922254
0.28199756611692456
0.2815749654962824
0.281151876621519
0.28072829860580784
0.2803042305847531
0.27987967171687017
0.2794546211840691
0.2790290781921411
0.2786030419712466
0.2781765117764092
0.27774948688800843
0.27732196661227915
0.27689395028181
0.27646543725604766
0.27603642692180036
0.27560691869374654
0.27517691201494415
0.27474640635734326
0.2743154012222988
0.2738838961410883
0.27345189067542797
0.2730193844179946
0.27258637699294525
0.2721528680564409
0.27171885729717105
0.2712843444368791
0.2708493292308896
0.2704138114686363
0.2699777909741906
0.2695412676067925
0.26910424126137933
0.2686667118691186
0.2682286793979378
0.26779014385305694
0.26735110527751976
0.26691156375272557
0.2664715193989604
0.26603097237592793
0.2655899228832802
0.265148371161147
0.2647063174906648
0.26426376219450387
0.263820705637396
0.263377148226658
0.2629330904127163
0.2624885326896273
0.26204347559559865
0.2615979197135051
0.26115186567140436
0.2607053141430497
0.26025826584839895
0.2598107215541221
0.2593626820741043
0.2589141482699464
0.2584651210514618
0.25801560137716817
0.2575655902547786
0.25711508874168365
0.25666409794543354
0.2562126190242127
0.255760653187311
0.2553082016955897
0.25485526586194074
0.2544018470517436
0.2539479466833124
0.25349356622834085
0.2530387072123381
0.25258337121506036
0.2521275598709345
0.2516712748694753
0.2512145179556969
0.250757290930513
0.25029959565113563
0.24984143403146028
0.24938280804244706
0.24892371971249197
0.2484641711277901
0.24800416443269102
0.24754370183004265
0.24708278558153057
0.2466214180080038
0.24615960148979382
0.2456973384670223
0.24523463143990007
0.24477148296901527
0.2443078956756117
0.2438438722418561
0.2433794154110956
0.24291452798810279
0.24244921283931153
0.24198347289303926
0.24151731113970037
0.2410507306320051
0.2405837344851498
0.24011632587699147
0.2396485080482127
0.2391802843024733
0.23871165800654967
0.2382426325904609
0.23777321154758163
0.2373033984347431
0.23683319687232068
0.23636261054430566
0.2358916431983673
0.2354202986458982
0.23494858076204755
0.23447649348573896
0.23400404081967546
0.23353122683032942
0.2330580556479197
0.23258453146637154
0.23211065854326424
0.23163644119976357
0.23116188382053926
0.2306869908536673
0.23021176681051825
0.22973621626562882
0.22926034385656135
0.2287841542837441
0.22830765231030012
0.22783084276185833
0.22735373052635055
0.2268763205537923
0.22639861785604878
0.22592062750658592
0.22544235464020404
0.22496380445275843
0.22448498220086255
0.2240058932015768
0.22352654283208184
0.223046936529335
0.22256707978971327
0.22208697816863976
0.22160663728019414
0.2211260627967089
0.22064526044835053
0.22016423602268273
0.21968299536421876
0.219201544373954
0.2187198890088869
0.21823803528152338
0.21775598925936676
0.21727375706439178
0.21679134487250584
0.21630875891299414
0.2158260054679501
0.21534309087169312
0.2148600215101698
0.21437680382034266
0.21389344428956447
0.21340994945493835
0.2129263259026638
0.21244258026737078
0.21195871923143902
0.21147474952430378
0.21099067792175008
0.21050651124519304
0.21002225636094526
0.20953792017947315
0.2090535096546387
0.20856903178293162
0.2080844936026885
0.20759990219329932
0.20711526467440433
0.20663058820507893
0.20614587998300732
0.20566114724364568
0.20517639725937512
0.20469163733864418
0.20420687482510053
0.2037221170967149
0.20323737156489344
0.2027526456735818
0.20226794689836136
0.20178328274553348
0.20129866075119995
0.20081408848033083
0.20032957352582814
0.199845123507579
0.1993607460715043
0.19887644888859773
0.1983922396539603
0.1979081260858263
0.19742411592458659
0.1969402169318014
0.19645643688921238
0.19597278359774584
0.1954892648765137
0.19500588856180778
0.1945226625060919
0.19403959457698772
0.19355669265625983
0.19307396463879445
0.1925914184315773
0.19210906195266847
0.19162690313017378
0.1911449499012155
0.19066321021090035
0.19018169201128707
0.18970040326035134
0.18921935192095163
0.18873854595979345
0.18825799334639381
0.1877777020520463
0.1872976800487849
0.1868179353083511
0.1863384758011603
0.1858593094952705
0.1853804443553512
0.18490188834165622
0.18442364940899814
0.18394573550572496
0.18346815457269947
0.18299091454228306
0.1825140233373212
0.18203748887013427
0.18156131904151163
0.1810855217397105
0.1806101048394589
0.18013507620096367
0.1796604436689239
0.1791862150715498
0.17871239821958748
0.17823900090534822
0.17776603090174606
0.17729349596134086
0.17682140381538755
0.17634976217289375
0.17587857871968332
0.17540786111746787
0.1749376170029263
0.17446785398679127
0.17399857965294568
0.17352980155752512
0.17306152722803075
0.17259376416245004
0.17212651982838723
0.17165980166220213
0.17119361706815905
0.17072797341758453
0.17026287804803636
0.16979833826248095
0.16933436132848087
0.16887095447739428
0.16840812490358364
0.167945879763634
0.1674842261755853
0.16702317121817203
0.16656272193007618
0.16610288530919068
0.1656436683118944
0.16518507785233794
0.16472712080174248
0.1642698039877089
0.163813134193539
0.16335711815757004
0.1629017625725188
0.16244707408484038
0.16199305929409719
0.161539724752342
0.1610870769635115
0.16063512238283392
0.16018386741624843
0.15973331841983718
0.15928348169927029
0.15883436350926305
0.15838597005304644
0.1579383074818498
0.15749138189439718
0.15704519933641553
0.1565997658001575
0.15615508722393406
0.1557111694916642
0.15526801843243343
0.15482563982006892
0.15438403937272407
0.15394322275247982
0.15350319556495542
0.15306396335893416
0.1526255316260015
0.15218790580019675
0.15175109125767608
0.15131509331638987
0.15087991723577232
0.15044556821644378
0.15001205139992643
0.14957937186837136
0.14914753464429956
0.14871654469035553
0.14828640690907202
0.14785712614264898
0.14742870717274417
0.14700115472027606
0.1465744734452383
0.14614866794652867
0.14572374276178757
0.1452997023672499
0.1448765511776096
0.14445429354589354
0.14403293376335052
0.14361247605934926
0.14319292460128932
0.14277428349452323
0.14235655678229023
0.14193974844566065
0.14152386240349296
0.14110890251239933
0.14069487256672536
0.14028177629853797
0.1398696173776254
0.13945839941150828
0.1390481259454592
0.13863880046253513
0.13823042638361824
0.137823007067468
0.13741654581078253
0.13701104584827048
0.13660651035273205
0.13620294243515038
0.13580034514479158
0.13539872146931475
0.1349980743348908
0.13459840660633104
0.1341997210872239
0.13380202052008086
0.13340530758649116
0.13300958490728462
0.13261485504270323
0.13222112049258158
0.13182838369653324
0.1314366470341483
0.13104591282519581
0.13065618332983525
0.13026746074883586
0.12987974722380277
0.12949304483741061
0.12910735561364312
0.12872268151804225
0.12833902445796164
0.12795638628282768
0.1275747687844074
0.1271941736970824
0.12681460269812853
0.12643605740800262
0.12605853939063566
0.1256820501537284
0.1253065911490575
0.12493216377278347
0.12455876936576542
0.12418640921388126
0.12381508454835238
0.1234447965460736
0.12307554632994777
0.12270733496922531
0.12234016347984802
0.12197403282479732
0.12160894391444727
0.12124489760692064
0.12088189470845
0.12051993597374225
0.12015902210634709
0.11979915375902833
0.1194403315341398
0.11908255598400415
0.11872582761129387
0.11837014686941762
0.11801551416290651
0.11766192984780674
0.11730939423207166
0.11695790757595774
0.11660747009242481
0.11625808194753448
0.11590974326085535
0.11556245410586675
0.11521621451036682
0.11487102445688124
0.11452688388307347
0.11418379268215825
0.11384175070331501
0.11350075775210336
0.11316081359087984
0.11282191793921598
0.11248407047431726
0.11214727083144341
0.11181151860432931
0.11147681334560636
0.11114315456722604
0.11081054174088194
0.1104789742984339
0.1101484516323323
0.1098189730960422
0.10949053800446758
0.10916314563437679
0.108836795224827
0.10851148597758939
0.10818721705757325
0.10786398759325104
0.10754179667708205
0.10722064336593705
0.10690052668152097
0.10658144561079619
0.10626339910640498
0.10594638608709053
0.10563040543811889
0.10531545601169785
0.10500153662739756
0.10468864607256743
0.10437678310275435
0.10406594644211861
0.10375613478384892
0.10344734679057596
0.10313958109478553
0.10283283629922926
0.10252711097733487
0.10222240367361424
0.10191871290407052
0.10161603715660329
0.10131437489141255
0.10101372454140077
0.10071408451257322
0.10041545318443634
0.10011782891039506
0.09982121001814724
0.09952559481007761
0.09923098156364774
0.09893736853178592
0.09864475394327456
0.09835313600313449
0.09806251289300875
0.09777288277154282
0.09748424377476336
0.09719659401645553
0.09690993158853589
0.0966242545614257
0.0963395609844195
0.09605584888605315
0.09577311627446852
0.09549136113777601
0.09521058144441535
0.09493077514351217
0.09465194016523473
0.0943740744211452
0.09409717580455115
0.09382124219085274
0.09354627143788802
0.0932722613862756
0.09299920985975445
0.09272711466552196
0.09245597359456793
0.0921857844220072
0.09191654490740961
0.09164825279512581
0.09138090581461247
0.09111450168075291
0.09084903809417666
0.09058451274157521
0.09032092329601524
0.0900582674172494
0.08979654275202431
0.0895357469343856
0.08927587758598027
0.08901693231635661
0.08875890872326073
0.088501804392931
0.08824561690038916
0.08799034380972962
0.08773598267440365
0.08748253103750488
0.08722998643204717
0.08697834638124388
0.08672760839878169
0.08647776998909303
0.08622882864762496
0.08598078186110582
0.08573362710780895
0.08548736185781339
0.0852419835732626
0.08499748970861912
0.08475387771091791
0.08451114502001572
0.08426928906883893
0.0840283072836277
0.08378819708417776
0.08354895588407923
0.08331058109095382
0.08307307010668731
0.08283642032766161
0.08260062914498212
0.08236569394470446
0.08213161210805636
0.08189838101165872
0.08166599802774326
0.08143446052436669
0.08120376586562503
0.08097391141186172
0.08074489451987543
0.08051671254312537
0.08028936283193269
0.08006284273368046
0.07983714959301055
0.07961228075201834
0.07938823355044458
0.07916500532586511
0.07894259341387766
0.07872099514828666
0.07850020786128536
0.07828022888363542
0.078061055544844
0.0778426851733393
0.07762511509664219
0.077408342641537
0.0771923651342388
0.07697717990055919
0.07676278426606895
0.07654917555625894
0.07633635109669933
0.07612430821319421
0.07591304423193701
0.07570255647966162
0.07549284228379123
0.07528389897258672
0.07507572387529128
0.07486831432227288
0.07466166764516512
0.07445578117700626
0.07425065225237543
0.0740462782075266
0.07384265638052157
0.0736397841113594
0.07343765874210506
0.07323627761701515
0.07303563808266246
0.07283573748805751
0.07263657318476902
0.07243814252704181
0.07224044287191297
0.07204347157932643
0.07184722601224475
0.07165170353675998
0.07145690152220223
0.07126281734124597
0.07106944837001533
0.07087679198818705
0.0706848455790913
0.0704936065298117
0.07030307223128264
0.07011324007838521
0.06992410747004164
0.06973567180930751
0.06954793050346253
0.06936088096409972
0.06917452060721267
0.06898884685328162
0.06880385712735732
0.06861954885914381
0.06843591948307856
0.06825296643841337
0.06807068716929052
0.06788907912481992
0.06770813975915366
0.06752786653155916
0.0673482569064909
0.06716930835366067
0.06699101834810621
0.0668133843702588
0.06663640390600895
0.06646007444677084
0.06628439348954578
0.06610935853698338
0.06593496709744247
0.06576121668504958
0.06558810481975692
0.06541562902739885
0.06524378683974635
0.06507257579456176
0.06490199343565048
0.06473203731291252
0.06456270498239243
0.06439399400632811
0.06422590195319879
0.0640584263977708
0.06389156492114334
0.06372531511079198
0.06355967456061208
0.06339464087096049
0.063230211648696
0.06306638450721912
0.06290315706651038
0.06274052695316781
0.06257849180044339
0.062417049248278095
0.0622561969433365
0.06209593253903976
0.06193625369559767
0.061777158080040584
0.061618643366248935
0.06146070723498296
0.06130334737391089
0.06114656147763665
0.06099034724772579
0.06083470239273175
0.060679624628219866
0.06052511167679167
0.060371161268107404
0.06021777113890843
0.06006493903303839
0.0599126627014633
0.05976093990229091
0.05960976840079048
0.05945914596940936
0.05930907038779107
0.059159539442791204
0.05901055092849313
0.05886210264622285
0.05871419240456304
0.05856681801936644
0.05841997731376858
0.05827366811819941
0.05812788827039494
0.057982635615407084
0.057837908005614426
0.05769370330073075
0.05755001936781373
0.05740685408127295
0.057264205322876974
0.057122070981759795
0.05698044895442735
0.0568393371447624
0.0566987334640297
0.056558635830879854
0.05641904217135307
0.05627995041888246
0.056141358514296205
0.056003264405819486
0.05586566604907629
0.0557285614070898
0.05559194845028308
0.05545582515647858
0.05532018951089786
0.055185039506160015
0.05505037314228056
0.05491618842666848
0.05478248337412438
0.05464925600683716
0.054516504354380116
0.054384226453707676
0.05425242034915015
0.05412108409240968
0.053990215742554463
0.05385981336601304
0.05372987503656863
0.05360039883535209
0.05347138285083537
0.05334282517882426
0.053214723922450385
0.05308707719216348
0.05295988310572297
0.05283313978818912
0.05270684537191392
0.05258099799653147
0.052455595808948825
0.05233063696333503
0.0522061196211112
0.05208204195093967
0.05195840212871283
0.051835198337541785
0.0517124287677445
0.05159009161683443
0.05146818508950739
0.05134670739762942
0.05122565676022434
0.051105031403459934
0.05098482956063522
0.0508650494721663
0.05074568938557297
0.05062674755546418
0.050508222243524276
0.05039011171849757
0.05027241425617417
0.05015512813937465
0.05003825165793491
0.04992178310869064
