0.5360726901675046
0.5673360513510937
0.5215931614290059
0.5336347566395419
0.5454636037008873
0.5296674268376349
0.5129977737149704
0.5133637076382047
0.5163762181255417
0.5140148024266782
0.512866355039538
0.5142650340701818
0.5138875598064638
0.511474610602089
0.5098170400984346
0.5095216540055775
0.5094670410247139
0.5093267936710815
0.5092561396772217
0.5090127250250409
0.5084079544745381
0.5076844008200948
0.507122029971604
0.5067371441184427
0.5064265427802432
0.5061169478790963
0.505753808386063
0.5053042407289305
0.5047927310341267
0.5042779575316807
0.5037962790191659
0.5033447550254659
0.5029008407120297
0.5024415203077204
0.5019532050047241
0.5014366407187858
0.5009036330274121
0.5003665930774311
0.4998303246765302
0.4992915742903293
0.4987434892452933
0.49818033734885203
0.49760017279936
0.4970047751629685
0.4963974361148352
0.49578041211164453
0.49515375428128106
0.49451581430533814
0.493864566725575
0.4931987375143878
0.4925181785301583
0.49182348870812
0.49111530427415706
0.490393771182934
0.48965846216044684
0.48890865375209813
0.4881436923398337
0.48736321045239933
0.4865671110118685
0.4857553941792067
0.4849279729272138
0.4840845892675085
0.4832248509845639
0.4823483312457485
0.48145465310520996
0.48054351244595594
0.4796146425639483
0.4786677573626845
0.477702512509713
0.47671850204903243
0.475715281749235
0.47469239695763726
0.47364939643718706
0.47258582746612504
0.4715012202647967
0.4703950741694102
0.4692668535881933
0.46811599373085455
0.4669419103240506
0.46574400691912976
0.4645216768986353
0.463274301610312
0.4620012483147282
0.4607018709961291
0.4593755147406594
0.4580215222556087
0.45663924045435605
0.45522802586027533
0.4537872489604379
0.4523162985444876
0.4508145870472466
0.4492815572298566
0.4477166897920468
0.4461195111887559
0.4444896011093594
0.44282659950372205
0.4411302133592305
0.43940022346211394
0.4376364911685923
0.43583896496100427
0.4340076864424094
0.4321427954732351
0.4302445342962233
0.42831325061472375
0.4263493996171673
0.4243535448908946
0.42232635810514746
0.4202686173239216
0.4181812038493587
0.41606509756835286
0.4139213708390037
0.4117511809863794
0.409555761483052
0.4073364118899186
0.4050944866450335
0.4028313828157658
0.40054852696207377
0.39824736128235244
0.39592932922107416
0.3935958607118372
0.39124835721802614
0.3888881767222813
0.3865166188063845
0.38413490995191407
0.3817441891756215
0.37934549409102974
0.37693974746157116
0.37452774428410956
0.3721101394175582
0.3696874357501627
0.3672599728802397
0.36482791626814337
0.36239124680224044
0.3599497507098801
0.35750300973708476
0.3550503915188807
0.35259104006609515
0.35012386630410486
0.3476475386146199
0.3451604733537528
0.34266082534938735
0.3401464784193046
0.3376150359996983
0.3350638120324624
0.3324898223297291
0.3298897767162697
0.3272600723450043
0.3245967886880258
0.32189568482435166
0.31915219977399933
0.3163614567621622
0.3135182724315131
0.31061717214678336
0.3076524126429302
0.3046180133426387
0.301507797694162
0.29831544583795266
0.2950345597806467
0.2916587420190891
0.2881816882000452
0.28459729391426924
0.28089977510769915
0.27708380086128326
0.2731446364725858
0.26907829391005855
0.26488168586102834
0.26055277882197575
0.25609074005169413
0.2514960727858008
0.24677073394286533
0.24191822866710322
0.23694367645749098
0.23185384431534056
0.22665714327317454
0.22136358580913051
0.21598470296133584
0.2105334213932763
0.20502390218024844
0.19947134463895275
0.1938917600464256
0.1883017215148072
0.18271809751402746
0.17715777746587702
0.1716373983744191
0.16617308153302351
0.1607801879165737
0.15547309993468117
0.15026503584549955
0.1451679014144254
0.140192181486481
0.13534687218074415
0.13063945256131648
0.12607589302158362
0.12166069633133834
0.11739696639225944
0.11328649923699904
0.10932989066530763
0.10552665508486633
0.10187535054629618
0.09837370555677605
0.09501874395308262
0.09180690484956744
0.08873415539867445
0.08579609477346076
0.08298804837847547
0.08030515180376704
0.07774242445232274
0.0752948330962754
0.07295734585875327
0.0707249772861043
0.06859282528052257
0.0665561007171933
0.06461015058377095
0.06275047546312577
0.06097274214138925
0.05927279206958033
0.05764664634437088
0.05609050780645626
0.05460076078705375
0.053173968966813215
0.05180687174868347
0.050496379488154046
0.04923956787144758
