0.4940795683762841
0.5323651901672422
0.5306469509391158
0.5292707516902502
0.5282895333608928
0.5275894024021985
0.5270876420555652
0.5267253068208126
0.5264607104606847
0.5262645250904382
0.5261161892943732
0.5260013204341902
0.5259098718225321
0.5258348306128102
0.5257713026579013
0.5257158716704192
0.5256661515628258
0.5256204742359067
0.5255776720513022
0.5255369263575165
0.5254976620340959
0.5254594740684361
0.5254220764192296
0.5253852663826053
0.525348899742266
0.5253128734228454
0.5252771133659057
0.5252415660432964
0.5252061925057365
0.5251709642001698
0.5251358600226316
0.5251008642354099
0.5250659649898708
0.5250311532745973
0.524996422162936
0.5249617662719203
0.5249271813709275
0.5248926640968142
0.5248582117451065
0.524823822115786
0.5247894933984941
0.5247552240863664
0.5247210129108097
0.524686858791712
0.5246527607991067
0.5246187181234211
0.5245847300521982
0.5245507959517524
0.5245169152526132
0.5244830874379016
0.5244493120339948
0.5244155886029919
0.5243819167366047
0.5243482960511849
0.5243147261836618
0.5242812067882143
0.5242477375335372
0.5242143181005903
0.5241809481807422
0.5241476274742364
0.524114355688921
0.5240811325391981
0.5240479577451502
0.524014831031817
0.5239817521285919
0.5239487207687212
0.523915736688887
0.5238827996288595
0.5238499093312058
0.5238170655410478
0.5237842680058596
0.5237515164752967
0.5237188107010543
0.5236861504367468
0.5236535354378073
0.5236209654614027
0.5235884402663602
0.5235559596131076
0.5235235232636213
0.5234911309813799
0.5234587825313279
0.5234264776798412
0.523394216194699
0.5233619978450591
0.5233298224014349
0.5232976896356766
0.5232655993209533
0.5232335512317374
0.5232015451437912
0.5231695808341525
0.5231376580811243
0.5231057766642623
0.5230739363643656
0.5230421369634665
0.5230103782448214
0.5229786599929023
0.5229469819933876
0.5229153440331555
0.5228837459002752
0.522852187383999
0.522820668274756
0.5227891883641445
0.5227577474449245
0.5227263453110111
0.5226949817574689
0.5226636565805028
0.5226323695774544
0.5226011205467931
0.5225699092881109
0.522538735602116
0.5225075992906261
0.5224765001565629
0.5224454380039454
0.5224144126378836
0.5223834238645738
0.5223524714912902
0.5223215553263821
0.5222906751792653
0.5222598308604178
0.5222290221813732
0.5221982489547157
0.522167510994074
0.522136808114115
0.5221061401305401
0.5220755068600771
0.5220449081204763
0.5220143437305053
0.5219838135099418
0.5219533172795698
0.5219228548611737
0.5218924260775328
0.5218620307524159
0.5218316687105765
0.521801339777747
0.5217710437806337
0.5217407805469121
0.521710549905221
0.5216803516851579
0.5216501857172735
0.5216200518330675
0.5215899498649827
0.5215598796464005
0.5215298410116354
0.5214998337959313
0.5214698578354557
0.5214399129672946
0.5214099990294485
0.5213801158608278
0.5213502633012462
0.5213204411914186
0.5212906493729546
0.5212608876883549
0.5212311559810056
0.5212014540951744
0.5211717818760061
0.5211421391695177
0.521112525822594
0.5210829416829833
0.5210533865992929
0.5210238604209843
0.5209943629983695
0.5209648941826062
0.5209354538256937
0.5209060417804685
0.5208766579005994
0.5208473020405852
0.5208179740557476
0.52078867380223
0.5207594011369907
0.5207301559178013
0.5207009380032401
0.5206717472526898
0.5206425835263329
0.5206134466851475
0.5205843365909035
0.5205552531061585
0.5205261960942535
0.5204971654193107
0.5204681609462265
0.5204391825406706
0.5204102300690805
0.5203813033986585
0.520352402397367
0.5203235269339255
0.5202946768778067
0.5202658520992323
0.5202370524691698
0.5202082778593289
0.5201795281421571
0.5201508031908367
0.5201221028792812
0.5200934270821314
0.5200647756747518
0.5200361485332272
0.5200075455343594
0.5199789665556632
0.5199504114753632
0.5199218801723906
0.5198933725263786
0.5198648884176605
0.5198364277272657
0.5198079903369158
0.5197795761290215
0.5197511849866799
0.5197228167936707
0.5196944714344522
0.5196661487941596
0.5196378487585998
0.5196095712142501
0.5195813160482534
0.5195530831484161
0.5195248724032041
0.5194966837017401
0.5194685169338004
0.5194403719898114
0.5194122487608472
0.519384147138626
0.5193560670155065
0.5193280082844862
0.5192999708391974
0.519271954573904
0.5192439593834988
0.5192159851635014
0.5191880318100536
0.5191600992199175
0.5191321872904721
0.5191042959197107
0.519076425006238
0.5190485744492669
0.5190207441486157
0.5189929340047055
0.518965143918557
0.518937373791788
0.5189096235266105
0.5188818930258277
0.5188541821928313
0.5188264909315989
0.5187988191466917
0.5187711667432499
0.5187435336269923
0.5187159197042127
0.5186883248817766
0.5186607490671193
0.5186331921682427
0.5186056540937131
0.5185781347526582
0.5185506340547652
0.518523151910277
0.5184956882299907
0.5184682429252545
0.5184408159079649
0.518413407090565
0.5183860163860411
0.5183586437079208
0.5183312889702699
0.5183039520876902
0.5182766329753176
0.5182493315488181
0.5182220477243872
0.5181947814187461
0.5181675325491398
0.5181403010333347
0.5181130867896159
0.5180858897367852
0.5180587097941582
0.5180315468815628
0.5180044009193359
0.5179772718283211
0.5179501595298674
0.5179230639458261
0.5178959849985477
0.5178689226108816
0.5178418767061719
0.517814847208256
0.5177878340414628
0.5177608371306092
0.5177338564009986
0.5177068917784186
0.5176799431891395
0.5176530105599101
0.5176260938179578
0.5175991928909847
0.5175723077071661
0.517545438195149
0.5175185842840484
0.5174917459034463
0.5174649229833894
0.5174381154543867
0.5174113232474071
0.5173845462938784
0.517357784525684
0.5173310378751617
0.5173043062751002
0.5172775896587392
0.5172508879597657
0.5172242011123124
0.5171975290509553
0.517170871710713
0.5171442290270425
0.5171176009358394
0.5170909873734342
0.5170643882765917
0.5170378035825072
0.5170112332288066
0.5169846771535428
0.5169581352951949
0.5169316075926651
0.516905093985278
0.5168785944127773
0.5168521088153253
0.5168256371334996
0.5167991793082923
0.5167727352811077
0.51674630499376
0.5167198883884718
0.5166934854078722
0.516667095994995
0.5166407200932768
0.5166143576465545
0.5165880085990647
0.516561672895441
0.5165353504807115
0.5165090413002991
0.5164827453000175
0.5164564624260702
0.5164301926250494
0.516403935843933
0.5163776920300833
0.5163514611312454
0.5163252430955455
0.5162990378714885
0.5162728454079571
0.516246665654209
0.516220498559876
0.516194344074962
0.516168202149841
0.5161420727352563
0.516115955782317
0.5160898512424982
0.516063759067638
0.5160376792099365
0.5160116116219534
0.515985556256607
0.5159595130671724
0.5159334820072794
0.5159074630309112
0.5158814560924021
0.5158554611464374
0.5158294781480497
0.5158035070526186
0.5157775478158687
0.5157516003938677
0.5157256647430255
0.5156997408200914
0.5156738285821536
0.515647927986637
0.5156220389913014
0.515596161554241
0.5155702956338815
0.5155444411889781
0.5155185981786164
0.5154927665622084
0.5154669462994921
0.5154411373505284
0.5154153396757022
0.5153895532357187
0.5153637779916022
0.5153380139046949
0.5153122609366558
0.5152865190494577
0.5152607882053872
0.5152350683670426
0.5152093594973317
0.5151836615594714
0.5151579745169853
0.5151322983337026
0.5151066329737566
0.5150809784015833
0.5150553345819193
0.5150297014798007
0.5150040790605619
0.5149784672898339
0.5149528661335419
0.5149272755579057
0.5149016955294367
0.5148761260149366
0.5148505669814968
0.5148250183964959
0.514799480227599
0.5147739524427557
0.5147484350101991
0.5147229278984438
0.5146974310762854
0.5146719445127981
0.5146464681773334
0.5146210020395192
0.5145955460692581
0.514570100236726
0.5145446645123699
0.5145192388669082
0.5144938232713279
0.5144684176968835
0.5144430221150955
0.5144176364977497
0.5143922608168949
0.5143668950448419
0.5143415391541624
0.514316193117687
0.5142908569085042
0.514265530499959
0.5142402138656517
0.5142149069794357
0.5141896098154177
0.5141643223479542
0.514139044551652
0.5141137764013668
0.5140885178721996
0.5140632689394982
0.5140380295788541
0.514012799766102
0.5139875794773178
0.5139623686888178
0.5139371673771569
0.5139119755191276
0.5138867930917589
0.5138616200723141
0.5138364564382905
0.5138113021674175
0.5137861572376553
0.5137610216271936
0.513735895314451
0.5137107782780723
0.5136856704969285
0.5136605719501143
0.5136354826169486
0.5136104024769711
0.5135853315099422
0.5135602696958421
0.5135352170148679
0.5135101734474343
0.513485138974171
0.5134601135759214
0.5134350972337423
0.5134100899289016
0.5133850916428779
0.5133601023573582
0.5133351220542379
0.5133101507156185
0.5132851883238065
0.5132602348613131
0.5132352903108515
0.5132103546553367
0.5131854278778838
0.513160509961807
0.5131356008906183
0.513110700648026
0.5130858092179333
0.5130609265844386
0.513036052731832
0.5130111876445953
0.5129863313074013
0.5129614837051113
0.5129366448227746
0.5129118146456274
0.5128869931590911
0.5128621803487716
0.5128373762004578
0.5128125807001203
0.5127877938339106
0.5127630155881588
0.5127382459493746
0.5127134849042435
0.5126887324396274
0.512663988542563
0.5126392532002599
0.5126145264001004
0.5125898081296375
0.5125650983765946
0.5125403971288632
0.5125157043745028
0.5124910201017392
0.512466344298963
0.5124416769547286
0.5124170180577547
0.51239236759692
0.5123677255612644
0.512343091939987
0.5123184667224452
0.5122938498981532
0.5122692414567812
0.5122446413881541
0.5122200496822502
0.5121954663292005
0.5121708913192868
0.5121463246429414
0.5121217662907454
0.5120972162534274
0.5120726745218632
0.5120481410870739
0.5120236159402248
0.5119990990726249
0.5119745904757247
0.5119500901411164
0.5119255980605317
0.5119011142258412
0.5118766386290525
0.511852171262311
0.5118277121178959
0.5118032611882218
0.5117788184658363
0.5117543839434188
0.5117299576137795
0.5117055394698585
0.511681129504725
0.5116567277115754
0.5116323340837328
0.5116079486146452
0.5115835712978858
0.5115592021271502
0.5115348410962564
0.5115104881991437
0.5114861434298708
0.5114618067826154
0.5114374782516734
0.5114131578314567
0.511388845516493
0.5113645413014248
0.5113402451810074
0.5113159571501092
0.5112916772037093
0.511267405336897
0.5112431415448708
0.5112188858229376
0.5111946381665107
0.5111703985711096
0.5111461670323586
0.5111219435459857
0.511097728107822
0.5110735207137995
0.5110493213599514
0.5110251300424106
0.5110009467574077
0.5109767715012713
0.5109526042704264
0.5109284450613931
0.5109042938707862
0.5108801506953129
0.5108560155317736
0.5108318883770592
0.510807769228151
0.5107836580821192
0.5107595549361221
0.5107354597874052
0.5107113726332995
0.5106872934712218
0.5106632222986719
0.5106391591132329
0.5106151039125696
0.510591056694428
0.5105670174566335
0.5105429861970907
0.5105189629137816
0.5104949476047649
0.5104709402681757
0.510446940902223
0.51042294950519
0.5103989660754322
0.5103749906113777
0.5103510231115242
0.5103270635744396
0.5103031119987606
0.5102791683831913
0.5102552327265025
0.5102313050275311
0.510207385285178
0.5101834734984082
0.5101595696662493
0.5101356737877909
0.5101117858621826
0.5100879058886343
0.5100640338664146
0.5100401697948496
0.5100163136733222
0.5099924655012713
0.5099686252781904
0.5099447930036269
0.5099209686771807
0.5098971522985044
0.5098733438673003
0.5098495433833218
0.5098257508463705
0.509801966256296
0.5097781896129954
0.5097544209164113
0.5097306601665315
0.5097069073633883
0.5096831625070564
0.5096594255976534
0.5096356966353378
0.5096119756203085
0.5095882625528032
0.5095645574330986
0.5095408602615087
0.5095171710383837
0.5094934897641092
0.5094698164391057
0.5094461510638273
0.5094224936387604
0.5093988441644233
0.5093752026413649
0.5093515690701645
0.5093279434514298
0.5093043257857962
0.5092807160739268
0.50925711431651
0.5092335205142601
0.5092099346679151
0.5091863567782363
0.5091627868460076
0.509139224872034
0.5091156708571413
0.5090921248021747
0.5090685867079977
0.5090450565754923
0.5090215344055564
0.5089980201991045
0.5089745139570655
0.5089510156803828
0.5089275253700124
0.5089040430269229
0.508880568652094
0.5088571022465158
0.5088336438111878
0.508810193347118
0.5087867508553224
0.5087633163368233
0.5087398897926491
0.5087164712238326
0.5086930606314113
0.5086696580164256
0.5086462633799179
0.5086228767229319
0.5085994980465119
0.5085761273517017
0.5085527646395435
0.5085294099110773
0.50850606316734
0.5084827244093646
0.5084593936381789
0.5084360708548046
0.508412756060257
0.5083894492555439
0.5083661504416642
0.5083428596196075
0.5083195767903531
0.5082963019548696
0.5082730351141126
0.5082497762690256
0.5082265254205377
0.5082032825695637
0.5081800477170028
0.5081568208637373
0.5081336020106325
0.5081103911585354
0.5080871883082743
0.5080639934606567
0.5080408066164701
0.5080176277764797
0.5079944569414286
0.507971294112036
0.5079481392889972
0.507924992472982
0.507901853664634
0.5078787228645705
0.5078556000733806
0.5078324852916247
0.507809378519834
0.5077862797585088
0.5077631890081187
0.5077401062691008
0.5077170315418597
0.507693964826766
0.5076709061241552
0.5076478554343279
0.507624812757548
0.5076017780940422
0.5075787514439989
0.5075557328075682
0.5075327221848596
0.5075097195759423
0.5074867249808441
0.5074637383995503
0.5074407598320032
0.5074177892781007
0.507394826737696
0.5073718722105965
0.507348925696563
0.507325987195309
0.5073030567064994
0.5072801342297502
0.5072572197646272
0.5072343133106457
0.5072114148672693
0.5071885244339085
0.5071656420099212
0.5071427675946106
0.5071199011872252
0.5070970427869572
0.5070741923929425
0.507051350004259
0.507028515619927
0.5070056892389064
0.5069828708600983
0.5069600604823414
0.5069372581044141
0.5069144637250316
0.5068916773428451
0.5068688989564425
0.5068461285643462
0.5068233661650126
0.5068006117568313
0.5067778653381247
0.506755126907146
0.5067323964620797
0.5067096740010403
0.5066869595220709
0.5066642530231432
0.5066415545021561
0.5066188639569351
0.5065961813852315
0.5065735067847216
0.5065508401530054
0.5065281814876063
0.5065055307859703
0.5064828880454648
0.5064602532633781
0.5064376264369181
0.5064150075632121
0.5063923966393055
0.506369793662161
0.5063471986286582
0.5063246115355923
0.5063020323796734
0.5062794611575258
0.5062568978656865
0.506234342500606
0.5062117950586456
0.5061892555360776
0.5061667239290842
0.5061442002337571
0.5061216844460955
0.5060991765620066
0.5060766765773046
0.5060541844877084
0.5060317002888429
0.5060092239762365
0.5059867555453212
0.5059642949914316
0.5059418423098032
0.5059193974955734
0.5058969605437785
0.5058745314493549
0.5058521102071367
0.5058296968118555
0.5058072912581397
0.5057848935405137
0.5057625036533964
0.5057401215911012
0.5057177473478345
0.5056953809176956
0.5056730222946754
0.5056506714726549
0.5056283284454057
0.5056059932065886
0.5055836657497523
0.505561346068333
0.505539034155654
0.5055167300049239
0.505494433609236
0.5054721449615684
0.505449864054782
0.5054275908816204
0.5054053254347082
0.5053830677065511
0.5053608176895348
0.5053385753759242
0.5053163407578619
0.505294113827368
0.5052718945763393
0.5052496829965482
0.5052274790796416
0.5052052828171409
0.5051830942004403
0.5051609132208061
0.5051387398693764
0.5051165741371597
0.5050944160150342
0.5050722654937467
0.5050501225639127
0.505027987216014
0.5050058594403994
0.5049837392272828
0.5049616265667423
0.5049395214487207
0.5049174238630227
0.5048953337993157
0.5048732512471277
0.5048511761958474
0.5048291086347225
0.5048070485528597
0.504784995939223
0.5047629507826332
0.5047409130717675
0.5047188827951576
0.5046968599411898
0.5046748444981036
0.5046528364539908
0.504630835796795
0.5046088425143105
0.504586856594181
0.5045648780239
0.5045429067908082
0.5045209428820937
0.5044989862847914
0.5044770369857811
0.5044550949717871
0.5044331602293777
0.5044112327449636
0.5043893125047978
0.5043673994949737
0.5043454937014251
0.5043235951099252
0.5043017037060851
0.504279819475353
0.5042579424030147
0.5042360724741903
0.5042142096738356
0.5041923539867393
0.5041705053975238
0.5041486638906427
0.5041268294503813
0.5041050020608547
0.5040831817060072
0.5040613683696114
0.5040395620352673
0.5040177626864017
0.5039959703062666
0.5039741848779384
0.5039524063843178
0.503930634808128
0.5039088701319139
0.5038871123380414
0.5038653614086964
0.5038436173258842
0.5038218800714274
0.5038001496269665
0.5037784259739577
0.5037567090936731
0.5037349989671985
0.5037132955754334
0.50369159889909
0.5036699089186911
0.5036482256145712
0.5036265489668735
0.5036048789555501
0.5035832155603608
0.5035615587608723
0.5035399085364565
0.5035182648662904
0.5034966277293547
0.503474997104433
0.5034533729701105
0.5034317553047736
0.5034101440866086
0.5033885392936001
0.5033669409035312
0.5033453488939819
0.5033237632423274
0.5033021839257389
0.5032806109211808
0.5032590442054109
0.5032374837549785
0.5032159295462241
0.5031943815552781
0.5031728397580595
0.5031513041302759
0.503129774647421
0.5031082512847751
0.5030867340174026
0.5030652228201525
0.503043717667656
0.5030222185343263
0.5030007253943573
0.5029792382217226
0.5029577569901746
0.5029362816732432
0.5029148122442346
0.502893348676231
0.5028718909420891
0.5028504390144384
0.5028289928656813
0.5028075524679915
0.5027861177933124
0.5027646888133572
0.5027432654996071
0.5027218478233102
0.5027004357554803
0.5026790292668964
0.5026576283281015
0.5026362329094005
0.5026148429808606
0.5025934585123095
0.5025720794733343
0.5025507058332797
0.5025293375612486
0.5025079746260995
0.5024866169964459
0.5024652646406554
0.5024439175268481
0.5024225756228958
0.5024012388964212
0.5023799073147954
0.5023585808451393
0.5023372594543193
0.5023159431089484
0.5022946317753851
0.5022733254197306
0.5022520240078292
0.502230727505266
0.5022094358773669
0.5021881490891967
0.5021668671055579
0.5021455898909899
0.5021243174097673
0.5021030496258992
0.5020817865031284
0.5020605280049284
0.5020392740945051
0.5020180247347925
0.5019967798884538
0.5019755395178794
0.5019543035851852
0.501933072052212
0.5019118448805246
0.5018906220314096
0.5018694034658744
0.5018481891446469
0.5018269790281735
0.5018057730766178
0.5017845712498592
0.5017633735074929
0.5017421798088264
0.5017209901128808
0.5016998043783878
0.5016786225637885
0.5016574446272334
0.5016362705265794
0.5016151002193902
0.5015939336629334
0.5015727708141808
0.5015516116298058
0.5015304560661827
0.5015093040793854
0.5014881556251859
0.5014670106590532
0.5014458691361516
0.5014247310113398
0.5014035962391693
0.5013824647738835
0.5013613365694154
0.5013402115793874
0.501319089757109
0.501297971055576
0.5012768554274694
0.5012557428251527
0.5012346332006721
0.5012135265057545
0.5011924226918059
0.5011713217099099
0.501150223510827
0.5011291280449927
0.5011080352625157
0.501086945113178
0.5010658575464312
0.5010447725113971
0.5010236899568654
0.5010026098312922
0.5009815320827986
0.5009604566591694
0.500939383507852
0.500918312575954
0.5008972438102426
0.5008761771571425
0.500855112562735
0.500834049972756
0.5008129893325952
0.5007919305872937
0.5007708736815429
0.5007498185596836
0.5007287651657032
0.5007077134432351
0.5006866633355574
0.5006656147855907
0.5006445677358965
0.5006235221286761
0.5006024779057691
0.5005814350086517
0.5005603933784343
0.5005393529558617
0.5005183136813096
0.5004972754947848
0.5004762383359219
0.500455202143983
0.5004341668578557
0.5004131324160509
0.5003920987567021
0.5003710658175632
0.5003500335360067
0.5003290018490232
0.5003079706932181
0.5002869400048109
0.5002659097196337
0.5002448797731289
0.5002238501003481
0.50020282063595
0.5001817913141988
0.5001607620689626
0.5001397328337117
0.5001187035415168
0.500097674125047
0.500076644516569
0.5000556146479441
0.5000345844506274
0.5000135538556656
0.49999252279369544
0.4999714911949418
0.4999504589892159
0.4999294261059135
0.4999083924740135
0.4998873580220754
0.4998663226782382
0.4998452863702183
0.4998242490253072
0.4998032105703708
0.4997821709318462
0.49976113003574074
0.4997400878076304
0.49971904417265656
0.49969799905552564
0.4996769523805062
0.49965590407142785
0.4996348540516782
0.49961380224420243
0.49959274857149993
0.4995716929556235
0.49955063531817645
0.4995295755803117
0.4995085136627288
0.4994874494856724
0.49946638296893064
0.49944531403183234
0.49942424259324597
0.4994031685715767
0.4993820918847647
0.4993610124502837
0.49933993018513845
0.4993188450058622
0.49929775682851585
0.4992766655686845
0.4992555711414764
0.49923447346152083
0.49921337244296504
0.49919226799947336
0.49917116004422424
0.49915004848990835
0.499128933248727
0.4991078142323889
0.499086691352109
0.49906556451860584
0.4990444336420996
0.49902329863230943
0.49900215939845183
0.4989810158492383
0.4989598678928729
0.4989387154370502
0.49891755838895285
0.4988963966552499
0.4988752301420937
0.498854058755118
0.498832882399436
0.4988117009796374
0.49879051439978705
0.4987693225634213
0.4987481253735468
0.49872692273263786
0.49870571454263324
0.49868450070493575
0.4986632811204078
0.49864205568936965
0.49862082431159815
0.4985995868863225
0.49857834331222334
0.49855709348742944
0.49853583730951523
0.4985145746754992
0.49849330548184045
0.49847202962443676
0.4984507469986217
0.49842945749916256
0.4984081610202574
0.49838685745553324
0.4983655466980421
0.4983442286402603
0.498322903174084
0.49830157019082805
0.4982802295812227
0.4982588812354115
0.49823752504294777
0.49821616089279264
0.49819478867331257
0.4981734082722759
0.49815201957685085
0.49813062247360274
0.4981092168484909
0.49808780258686636
0.4980663795734689
0.498044947692424
0.49802350682724095
0.4980020568608093
0.4979805976753959
0.49795912915264323
0.4979376511735649
0.4979161636185448
0.49789466636733226
0.4978731592990405
0.49785164229214324
0.49783011522447196
0.49780857797321293
0.49778703041490413
0.4977654724254326
0.49774390388003154
0.4977223246532765
0.4977007346190835
0.4976791336507054
0.49765752162072907
0.49763589840107225
0.49761426386298047
0.4975926178770239
0.49757096031309517
0.49754929104040424
0.4975276099274778
0.4975059168421539
0.49748421165158024
0.4974624942222106
0.49744076441980134
0.49741902210940875
0.497397267155385
0.49737549942137593
0.49735371877031687
0.49733192506443036
0.4973101181652215
0.49728829793347606
0.49726646422925647
0.49724461691189803
0.4972227558400064
0.49720088087145403
0.49717899186337644
0.49715708867216873
0.4971351711534825
0.49711323916222244
0.4970912925525429
0.4970693311778436
0.4970473548907669
0.4970253635431945
0.49700335698624315
0.49698133507026127
0.49695929764482605
0.4969372445587387
0.49691517566002186
0.49689309079591554
0.496870989812873
0.49684887255655796
0.4968267388718406
0.4968045886027931
0.49678242159268704
0.49676023768398897
0.49673803671835626
0.4967158185366346
0.49669358297885285
0.49667132988422
0.49664905909112056
0.4966267704371118
0.4966044637589183
0.4965821388924295
0.49655979567269537
0.4965374339339214
0.496515053509466
0.49649265423183586
0.4964702359326818
0.4964477984427948
0.496425341592102
0.4964028652096629
0.49638036912366457
0.49635785316141784
0.4963353171493532
0.4963127609130167
0.4962901842770654
0.4962675870652631
0.4962449691004767
0.496222330204671
0.4961996701989053
0.49617698890332856
0.49615428613717477
0.4961315617187594
0.49610881546547425
0.49608604719378324
0.49606325671921814
0.49604044385637375
0.49601760841890385
0.4959947502195164
0.49597186906996876
0.4959489647810637
0.4959260371626442
0.4959030860235888
0.49588011117180797
0.49585711241423824
0.49583408955683783
0.4958110424045823
0.4957879707614594
0.4957648744304642
0.4957417532135949
0.4957186069118475
0.4956954353252108
0.4956722382526617
0.4956490154921608
0.4956257668406463
0.4956024920940303
0.4955791910471928
0.4955558634939774
0.4955325092271859
0.495509128038573
0.4954857197188415
0.4954622840576374
0.49543882084354435
0.49541532986407827
0.4953918109056826
0.4953682637537231
0.49534468819248223
0.4953210840051535
0.49529745097383726
0.49527378887953427
0.49525009750214105
0.49522637662044366
0.4952026260121128
0.49517884545369856
0.49515503472062433
0.49513119358718155
0.4951073218265237
0.49508341921066196
0.4950594855104581
0.49503552049561916
0.4950115239346925
0.4949874955950597
0.49496343524293007
0.49493934264333606
0.4949152175601266
0.4948910597559615
0.49486686899230553
0.4948426450294229
0.49481838762637015
0.49479409654099193
0.4947697715299136
0.4947454123485355
0.49472101875102725
0.4946965904903211
0.49467212731810634
0.49464762898482273
0.49462309523965453
0.4945985258305239
0.49457392050408483
0.49454927900571743
0.49452460107952034
0.4944998864683052
0.49447513491359063
0.4944503461555943
0.49442551993322814
0.49440065598409033
0.4943757540444603
0.4943508138492908
0.4943258351322015
0.49430081762547357
0.49427576106004106
0.49425066516548566
0.49422552967002953
0.49420035430052783
0.4941751387824633
0.4941498828399375
0.494124586195666
0.4940992485709697
0.4940738696857688
0.4940484492585751
0.49402298700648634
0.49399748264517696
0.49397193588889277
0.49394634645044305
0.4939207140411936
0.49389503837105875
0.4938693191484953
0.4938435560804946
0.49381774887257446
0.4937918972287732
0.4937660008516413
0.493740059442234
0.4937140727001036
0.49368804032329294
0.4936619620083264
0.49363583745020345
0.49360966634239
0.4935834483768118
0.4935571832438455
0.4935308706323117
0.49350451022946695
0.49347810172099577
0.4934516447910025
0.49342513912200414
0.4933985843949215
0.49337198028907175
0.49334532648215984
0.4933186226502712
0.4932918684678625
0.49326506360775435
0.49323820774112315
0.4932113005374916
0.49318434166472197
0.4931573307890067
0.4931302675748602
0.49310315168511093
0.49307598278089215
0.49304876052163377
0.49302148456505424
0.492994154567151
0.4929667701821924
0.49293933106270915
0.4929118368594852
0.4928842872215492
0.49285668179616593
0.4928290202288265
0.4928013021632408
0.49277352724132717
0.49274569510320465
0.492717805387183
0.49268985772975415
0.4926618517655832
0.4926337871274987
0.4926056634464835
0.49257748035166665
0.49254923747031215
0.4925209344278116
0.49249257084767323
0.4924641463515134
0.492435660559047
0.4924071130880777
0.4923785035544886
0.4923498315722323
0.4923210967533218
0.49229229870782065
0.49226343704383263
0.49223451136749274
0.49220552128295697
0.4921764663923928
0.49214734629596874
0.4921181605918447
0.4920889088761623
0.49205959074303407
0.49203020578453394
0.49200075359068723
0.49197123374945995
0.49194164584674854
0.49191198946637066
0.4918822641900539
0.4918524695974249
0.49182260526600086
0.49179267077117694
0.4917626656862174
0.4917325895822444
0.49170244202822716
0.491672222590972
0.49164193083511115
0.4916115663230919
0.49158112861516723
0.4915506172693826
0.49152003184156723
0.49148937188532266
0.49145863695201053
0.49142782659074424
0.491396940348375
0.49136597776948243
0.4913349383963641
0.491303821769022
0.49127262742515354
0.4912413549001398
0.4912100037270336
0.4911785734365487
0.49114706355704807
0.4911154736145329
0.49108380313263117
0.4910520516325855
0.49102021863324247
0.49098830365104007
0.4909563061999973
0.4909242257917013
0.4908920619352961
0.49085981413747165
0.49082748190245007
0.4907950647319762
0.4907625621253039
0.49072997357918485
0.4906972985878568
0.49066453664303084
0.4906316872338803
0.4905987498470277
0.49056572396653325
0.49053260907388274
0.4904994046479748
0.490466110165109
0.49043272509897384
0.4903992489206338
0.4903656810985172
0.49033202109840435
0.49029826838341406
0.49026442241399243
0.49023048264789915
0.49019644854019534
0.4901623195432314
0.49012809510663413
0.4900937746772938
0.4900593576993515
0.49002484361418663
0.4899902318604044
0.48995552187382213
0.4899207130874571
0.48988580493151374
0.4898507968333703
0.48981568821756605
0.4897804785057884
0.48974516711686006
0.4897097534667254
0.4896742369684382
0.4896386170321479
0.48960289306508625
0.48956706447155557
0.48953113065291365
0.48949509100756206
0.48945894493093156
0.4894226918154705
0.4893863310506298
0.48934986202285047
0.48931328411555075
0.48927659670911133
0.48923979918086324
0.4892028909050736
0.48916587125293304
0.4891287395925409
0.48909149528889295
0.4890541377038674
0.4890166661962112
0.48897908012152685
0.4889413788322582
0.4889035616776772
0.488865628003871
0.48882757715372693
0.4887894084669199
0.48875112127989806
0.4887127149258698
0.48867418873478913
0.48863554203334286
0.4885967741449364
0.48855788438968006
0.48851887208437533
0.48847973654250126
0.4884404770742007
0.4884010929862659
0.4883615835821257
0.4883219481618308
0.48828218602204077
0.48824229645601
0.48820227875357347
0.4881621322011331
0.48812185608164477
0.4880814496746032
0.48804091225602897
0.48800024309845474
0.4879594414709111
0.4879185066389128
0.4878774378644454
0.48783623440595075
0.487794895518314
0.4877534204528493
0.48771180845728634
0.4876700587757561
0.4876281706487782
0.4875861433132458
0.4875439760024127
0.48750166794588023
0.48745921836958195
0.48741662649577155
0.4873738915430087
0.4873310127261449
0.48728798925631117
0.48724482034090283
0.4872015051835677
0.48715804298419124
0.487114432938884
0.48707067423996786
0.4870267660759624
0.4869827076315716
0.4869384980876714
0.48689413662129505
0.48684962240562085
0.48680495460995843
0.48676013239973603
0.486715154936487
0.4866700213778369
0.4866247308774908
0.4865792825852194
0.48653367564684724
0.4864879092042393
0.4864419823952884
0.4863958943539016
0.48634964420998944
0.48630323108945095
0.4862566541141632
0.48620991240196754
0.4861630050666577
0.4861159312179673
0.4860686899615577
0.48602128039900605
0.4859737016277922
0.485925952741288
0.4858780328287448
0.4858299409752811
0.48578167626187163
0.4857332377653349
0.4856846245583227
0.4856358357093069
0.4855868702825701
0.4855377273381928
0.48548840593204284
0.48543890511576415
0.485389223936766
0.4853393614382123
0.48528931665900976
0.48523908863379894
0.485188676392942
0.4851380789625144
0.48508729536429207
0.4850363246157437
0.484985165730019
0.4849338177159399
0.4848822795779901
0.4848305503163063
0.4847786289266677
0.48472651440048764
0.484674205724804
0.48462170188227005
0.48456900185114604
0.4845161046052902
0.4844630091141503
0.4844097143427556
0.4843562192517078
0.48430252279717406
0.4842486239308785
0.4841945216000947
0.4841402147476383
0.4840857023118596
0.4840309832266365
0.4839760564213678
0.48392092082096594
0.48386557534585123
0.48381001891194464
0.4837542504306627
0.48369826880891087
0.483642072949078
0.48358566174903134
0.4835290341021109
0.4834721888971242
0.4834151250183421
0.4833578413454941
0.4833003367537637
0.4832426101137849
0.48318466029163787
0.48312648614884546
0.48306808654237066
0.48300946032461295
0.48295060634340503
0.4828915234420117
0.4828322104591262
0.4827726662288692
0.4827128895807875
0.4826528793398509
0.4825926343264534
0.4825321533564108
0.48247143524096076
0.48241047878676296
0.48234928279589867
0.48228784606587155
0.48222616738960883
0.48216424555546145
0.4821020793472062
0.4820396675440478
0.4819770089206199
0.48191410224698894
0.481850946288656
0.48178753980656047
0.48172388155708323
0.4816599702920508
0.48159580475874
0.4815313836998815
0.4814667058536665
0.4814017699537507
0.48133657472926095
0.48127111890480107
0.48120540120045885
0.48113942033181334
0.4810731750099412
0.4810066639414256
0.48093988582836505
0.48087283936838027
0.48080552325462556
0.48073793617579624
0.48067007681614127
0.48060194385547167
0.4805335359691724
0.4804648518282142
0.4803958900991649
0.480326649444202
0.48025712852112584
0.48018732598337327
0.48011724048003107
0.4800468706558504
0.479976215151262
0.4799052726023918
0.47983404164107646
0.4797625208948806
0.4796907089871125
0.47961860453684385
0.4795462061589258
0.47947351246400893
0.4794005220585623
0.47932723354489304
0.47925364552116656
0.47917975658142875
0.4791055653156261
0.479031070309629
0.4789562701452539
0.478881163400287
0.47880574864850833
0.478730024459716
0.47865398939975246
0.4785776420305289
0.47850098091005316
0.4784240045924568
0.47834671162802184
0.47826910056321054
0.4781911699406943
0.4781129182993832
0.4780343441744567
0.47795544609739526
0.47787622259601187
0.47779667219448474
0.4777167934133911
0.4776365847697407
0.4775560447770113
0.47747517194518324
0.4773939647807772
0.47731242178689
0.4772305414632324
0.47714832230616877
0.4770657628087553
0.4769828614607803
0.47689961674880565
0.4768160271562081
0.47673209116322135
0.47664780724697997
0.4765631738815632
0.4764781895380398
0.47639285268451315
0.4763071617861698
0.4762211153053237
0.47613471170146776
0.4760479494313203
0.47596082694887626
0.475873342705458
0.4757854951497659
0.4756972827279329
0.47560870388357523
0.47551975705784927
0.4754304406895048
0.47534075321494246
0.47525069306826984
0.4751602586813598
0.47506944848390953
0.4749782609034995
0.47488669436565517
0.4747947472939077
0.47470241810985764
0.474609705233237
0.4745166070819746
0.47442312207226234
0.47432924861861964
0.4742349851339628
0.4741403300296715
0.47404528171566007
0.4739498386004465
0.4738539990912243
0.4737577615939345
0.47366112451333964
0.4735640862530977
0.47346664521583726
0.4733687998032345
0.4732705484160902
0.4731718894544084
0.47307282131747574
0.47297334240394195
0.4728734511119023
0.47277314583897884
0.4726724249824047
0.4725712869391095
0.4724697301058046
0.4723677528790694
0.4722653536554404
0.47216253083149945
0.47205928280396414
0.4719556079697792
0.471851504726208
0.47174697147092687
0.4716420066021187
0.4715366085185691
0.47143077561976277
0.4713245063059812
0.4712177989784013
0.4711106520391956
0.4710030638916333
0.4708950329401823
0.4707865575906124
0.47067763625009934
0.47056826732733115
0.4704584492326135
0.4703481803779784
0.47023745917729215
0.47012628404636575
0.47001465340306625
0.4699025656674276
0.4697900192617649
0.46967701261078876
0.4695635441417196
0.4694496122844059
0.4693352154714403
0.469220352138279
0.4691050207233621
0.46898921966823337
0.4688729474176632
0.468756202419772
0.4686389831261528
0.4685212879919987
0.46840311547622826
0.468284464041612
0.4681653321549034
0.4680457182869661
0.467925620912906
0.4678050385122031
0.4676839695688436
0.46756241257145426
0.4674403660134372
0.4673178283931061
0.4671947982138236
0.46707127398413795
0.4669472542179238
0.46682273743452174
0.4666977221588785
0.4665722069216909
0.46644619025954737
0.46631967071507263
0.4661926468370732
0.4660651171806831
0.46593708030751074
0.4658085347857869
0.4656794791905142
0.46554991210361674
0.4654198321140902
0.46528923781815446
0.46515812781940546
0.46502650072896967
0.46489435516565697
0.4647616897561172
0.4646285031349955
0.4644947939450895
0.46436056083750676
0.4642258024718238
0.46409051751624447
0.4639547046477617
0.46381836255231595
0.4636814899249595
0.4635440854700169
0.4634061479012486
0.46326767594201523
0.46312866832544053
0.462989123794579
0.46284904110257885
0.4627084190128504
0.46256725629923234
0.46242555174615907
0.4622833041488294
0.4621405123133752
0.4619971750570302
0.4618532912083001
0.46170885960713304
0.46156387910508984
0.46141834856551533
0.4612722668637104
0.4611256328871035
0.460978445535423
0.4608307037208701
0.46068240636829205
0.46053355241535576
0.4603841408127203
0.4602341705242123
0.46008364052699935
0.4599325498117641
0.45978089738287964
0.4596286822585838
0.4594759034711536
0.45932256006708083
0.4591686511072467
0.4590141756670969
0.4588591328368171
0.4587035217215073
0.4585473414413573
0.4583905911318219
0.4582332699437951
0.45807537704378537
0.4579169116140897
0.45775787285296865
0.45759825997481995
0.45743807221035215
0.4572773088067593
0.4571159690278926
0.456954052154435
0.45679155748407274
0.4566284843316671
0.45646483202942734
0.4563005999270809
0.45613578739204375
0.45597039380959137
0.4558044185830279
0.45563786113385474
0.4554707209019386
0.45530299734567964
0.45513468994217765
0.45496579818739813
0.45479632159633776
0.45462625970318793
0.4544556120614991
0.4542843782443426
0.4541125578444722
0.4539401504744851
0.4537671557669813
0.4535935733747213
0.4534194029707843
0.4532446442487236
0.4530692969227225
0.45289336072774666
0.4527168354196976
0.45253972077556354
0.4523620165935688
0.45218372269332263
0.45200483891596577
0.4518253651243165
0.4516453012030137
0.45146464705866
0.451283402619962
0.4511015678378701
0.45091914268571526
0.4507361271593452
0.4505525212772583
0.45036832508073577
0.450183538633972
0.44999816202420334
0.44981219536183403
0.4496256387805612
0.4494384924374979
0.44925075651329294
0.4490624312122494
0.44887351676244125
0.44868401341582803
0.4484939214483655
0.4483032411601169
0.44811197287535903
0.447920116942688
0.4477276737351227
0.44753464365020357
0.44734102711009177
0.44714682456166405
0.44695203647660586
0.4467566633515015
0.44656070570792183
0.44636416409250995
0.4461670390770626
0.44596933125861105
0.4457710412594966
0.4455721697274462
0.44537271733564276
0.44517268478279454
0.4449720727931996
0.4447708821168093
0.44456911352928813
0.44436676783206885
0.4441638458524082
0.44396034844343635
0.443756276484204
0.4435516308797275
0.44334641256102975
0.44314062248517766
0.4429342616353171
0.44272733102070505
0.44251983167673603
0.44231176466496913
0.44210313107314747
0.4418939320152172
0.44168416863134213
0.44147384208791385
0.4412629535775617
0.4410515043191542
0.44083949555780244
0.4406269285648547
0.4404138046378918
0.4402001251007167
0.43998589130333987
0.4397711046219634
0.439555766458959
0.4393398782428438
0.4391234414282518
0.43890645749590224
0.4386889279525627
0.43847085433101074
0.4382522381899895
0.43803308111416156
0.4378133847140566
0.4375931506260184
0.4373723805121435
0.4371510760602221
0.43692923898366837
0.4367068710214524
0.4364839739380255
0.43626054952324095
0.4360365995922743
0.4358121259855351
0.43558713056857873
0.435361615232012
0.43513558189139606
0.4349090324871434
0.43468196898441397
0.43445439337300473
0.4342263076672366
0.433997713905836
0.433768614151816
0.4335390104923481
0.4333089050386347
0.4330782999257759
0.4328471973126317
0.4326155993816816
0.43238350833887923
0.4321509264135039
0.43191785585800707
0.4316842989478571
0.43145025798137693
0.4312157352795812
0.4309807331860065
0.4307452540665408
0.43050930030924617
0.43027287432417965
0.4300359785432095
0.4297986154198272
0.42956078742895776
0.42932249706676295
0.42908374685044404
0.4288445393180389
0.428604877028216
0.4283647625600647
0.4281241985128819
0.42788318750595494
0.4276417321783412
0.42739983518864433
0.4271574992147858
0.42691472695377375
0.42667152112146967
0.4264278844523488
0.42618381969925945
0.4259393296331773
0.4256944170429584
0.4254490847350868
0.42520333553341944
0.4249571722789287
0.42471059782944165
0.4244636150593737
0.4242162268594628
0.4239684361364982
0.4237202458130464
0.42347165882717475
0.4232226781321719
0.42297330669626443
0.42272354750233243
0.4224734035476201
0.42222287784344503
0.4219719734149047
0.4217206933005792
0.4214690405522321
0.42121701823450863
0.42096462942463203
0.4207118772120948
0.42045876469835114
0.4202052949965044
0.4199514712309918
0.41969729653727006
0.4194427740614955
0.41918790696020214
0.4189326983999803
0.4186771515571506
0.4184212696174359
0.4181650557756337
0.4179085132352836
0.41765164520833475
0.4173944549148103
0.4171369455824718
0.4168791204464799
0.41662098274905424
0.41636253573913273
0.4161037826720271
0.41584472680907897
0.4155853714173132
0.41532571976909105
0.4150657751417603
0.4148055408173065
0.4145450200820008
0.41428421622604683
0.41402313254322953
0.41376177233055816
0.4135001388879116
0.413238235517683
0.4129760655244213
0.4127136322144734
0.41245093889562623
0.41218798887674635
0.4119247854674204
0.4116613319775948
0.41139763171721455
0.41113368799586136
0.4108695041223925
0.41060508340457813
0.4103404291487393
0.41007554465938534
0.40981043323885114
0.4095450981869339
0.4092795428005316
0.4090137703732786
0.4087477841951846
0.4084815875522715
0.40821518372621063
0.40794857599396217
0.40768176762741176
0.40741476189301074
0.40714756205141495
0.4068801713571241
0.4066125930581222
0.4063448303955184
0.4060768866031892
0.40580876490741935
0.40554046852654657
0.4052720006706039
0.4050033645409651
0.404734563329991
0.4044656002206746
0.4041964783862903
0.40392720099004226
0.40365777118471347
0.4033881921123179
0.40311846690375247
0.40284859867845046
0.4025785905440371
0.4023084455959854
0.4020381669172731
0.40176775757804445
0.4014972206352679
0.40122655913240035
0.4009557760990503
0.4006848745506441
0.4004138574880919
0.40014272789745803
0.3998714887496307
0.39960014299999524
0.3993286935881078
0.3990571434373726
0.3987854954547191
0.3985137525302828
0.398241917537087
0.3979699933307279
0.3976979827490594
0.39742588861188294
0.397153713720637
0.3968814608580904
0.3966091327880368
0.3963367322549918
0.39606426198389266
0.39579172467980006
0.39551912302760134
0.3952464596917173
0.3949737373158113
0.39470095852249953
0.3944281259130652
0.3941552420671742
0.39388230954259373
0.39360933087491234
0.39333630857726554
0.3930632451400588
0.3927901430306991
0.3925170046933236
0.3922438325485344
0.39197062899313556
0.39169739639987033
0.39142413711716406
0.39115085346886774
0.39087754775400557
0.3906042222465238
0.3903308791950434
0.390057520822615
0.3897841493264763
0.38951076687781355
0.3892373756215224
0.38896397767597674
0.3886905751327952
0.3884171700566135
0.3881437644848584
0.3878703604275241
0.3875969598669534
0.3873235647576183
0.38705017702590716
0.38677679856991115
0.38650343125921616
0.38623007693469597
0.38595673740830877
0.38568341446289595
0.3854101098519848
0.3851368252995929
0.3848635625000351
0.384590323117735
0.3843171087870365
0.38404392111202124
0.38377076166632573
0.38349763199296405
0.38322453360415043
0.382951467981127
0.38267843657399364
0.38240544080153893
0.3821324820510767
0.3818595616782821
0.3815866810070335
0.3813138413292543
0.38104104390475874
0.3807682899611015
0.3804955806934271
0.38022291726432444
0.37995030080368264
0.37967773240854985
0.3794052131429953
0.3791327440379724
0.3788603260911856
0.3785879602669598
0.3783156474961119
0.37804338867582415
0.3777711846695218
0.37749903630675147
0.377226944383063
0.37695490965989287
0.37668293286445165
0.3764110146896115
0.3761391557937989
0.37586735680088557
0.3755956183000877
0.37532394084586107
0.3750523249578039
0.37478077112055763
0.3745092797837133
0.37423785136171783
0.373966486233785
0.37369518474380464
0.3734239472002589
0.37315277387613704
0.3728816650088536
0.37261062080016844
0.3723396414161096
0.37206872698689797
0.371797877606872
0.3715270933344181
0.37125637419189955
0.3709857201655904
0.37071513120560834
0.3704446072258521
0.37017414810393845
0.36990375368114364
0.3696334237623448
0.36936315811596326
0.3690929564739105
0.36882281853153576
0.36855274394757526
0.3682827323441021
0.3680127833064806
0.36774289638331925
0.36747307108642746
0.367203306890773
0.36693360323444174
0.3666639595185985
0.36639437510744866
0.3661248493282043
0.3658553814710484
0.3655859707891026
0.36531661649839625
0.36504731777783594
0.36477807376917876
0.364508883577004
0.3642397462686886
0.36397066087438323
0.36370162638699033
0.3634326417621421
0.3631637059181819
0.36289481773614407
0.36262597605974
0.3623571796953397
0.3620884274119585
0.36181971794124446
0.361551049977466
0.36128242217750156
0.36101383316083074
0.36074528150952523
0.3604767657682439
0.3602082844442256
0.35993983600728524
0.35967141888981125
0.35940303148676267
0.35913467215566935
0.35886633921663147
0.35859803095232173
0.3583297456079875
0.35806148139145466
0.3577932364731329
0.3575250089860216
0.35725679702571694
0.35698859865042004
0.3567204118809465
0.3564522347007373
0.3561840650558696
0.35591590085506997
0.355647739969728
0.3553795802339109
0.35511141944438074
0.35484325536060984
0.3545750857047993
0.35430690816189914
0.3540387203796284
0.35377051996849546
0.35350230450182263
0.35323407151576747
0.3529658185093496
0.3526975429444755
0.3524292422459662
0.352160913801585
0.3518925549620666
0.35162416304114863
0.35135573531560244
0.351087269025266
0.35081876137307866
0.3505502095251154
0.3502816106106239
0.35001296172206275
0.34974425991513935
0.3494755022088506
0.3492066855855249
0.34893780699086485
0.3486688633339905
0.3483998514874861
0.3481307682874464
0.3478616105335254
0.3475923749889848
0.34732305838074706
0.34705365739944666
0.3467841686994848
0.3465145888990848
0.34624491458034984
0.3459751422893203
0.34570526853603634
0.34543528979459853
0.3451652025032318
0.34489500306435134
0.3446246878446292
0.3443542531750636
0.34408369535105027
0.34381301063245456
0.3435421952436857
0.34327124537377424
0.34300015717645044
0.3427289267702242
0.342457550238468
0.342186023629502
0.3419143429566807
0.34164250419848236
0.34137050329859986
0.341098336166035
0.3408259986751941
0.34055348666598706
0.3402807959439278
0.3400079222802382
0.3397348614119539
0.33946160904203326
0.33918816083946823
0.3389145124393993
0.33864065944323124
0.3383665974187555
0.3380923219002694
0.33781782838870467
0.3375431123517557
0.33726816922401043
0.3369929944070863
0.33671758326976947
0.3364419311481552
0.33616603334579365
0.3358898851338384
0.33561348175119876
0.3353368184046953
0.33505989026922
0.3347826924878985
0.3345052201722581
0.3342274684023979
0.33394943222716517
0.3336711066643325
0.3333924867007833
0.3331135672926975
0.33283434336574386
0.33255480981527696
0.33227496150653735
0.3319947932748565
0.3317142999258668
0.33143347623571723
0.3311523169512921
0.33087081679043623
0.3305889704421827
0.3303067725669899
0.33002421779697955
0.32974130073618263
0.3294580159607894
0.329174358019406
0.32889032143331526
0.3286059006967447
0.32832109027713885
0.32803588461543826
0.3277502781263642
0.32746426519871086
0.32717784019563967
0.326890997454985
0.3266037312895634
0.326316035987488
0.32602790581249363
0.3257393350042641
0.3254503177787695
0.32516084832860864
0.3248709208233591
0.32458052940993337
0.324289668212945
0.3239983313350776
0.3237065128574651
0.3234142068400776
0.32312140732211536
0.3228281083224099
0.3225343038398335
0.32223998785371677
0.321945154324273
0.3216497971930323
0.321353910383282
0.3210574878005181
0.3207605233329014
0.3204630108517255
0.32016494421189146
0.31986631725239245
0.3195671237968057
0.3192673576537942
0.31896701261761806
0.31866608246865336
0.31836456097392246
0.31806244188762955
0.31775971895171196
0.31745638589639386
0.31715243644075486
0.3168478642933056
0.31654266315257384
0.3162368267077009
0.3159303486390465
0.3156232226188048
0.31531544231163156
0.3150070013752785
0.3146978934612405
0.31438811221541185
0.31407765127875437
0.3137665042879735
0.3134546648762074
0.3131421266737253
0.31282888330863723
0.3125149284076141
0.3122002555966183
0.31188485850164627
0.3115687307494816
0.31125186596845733
0.31093425778923267
0.31061589984557797
0.31029678577517206
0.3099769092204111
0.3096562638292272
0.3093348432559202
0.30901264116199906
0.3086896512170356
0.30836586709952996
0.3080412824977854
0.30771589111079733
0.3073896866491512
0.30706266283593364
0.3067348134076537
0.30640613211517687
0.30607661272466885
0.3057462490185523
0.30541503479647425
0.30508296387628436
0.30475003009502605
0.30441622730993767
0.3040815493994653
0.3037459902642863
0.3034095438283465
0.30307220403990426
0.30273396487259024
0.3023948203264747
0.30205476442914847
0.3017137912368117
0.30137189483537746
0.30102906934158236
0.30068530890411027
0.30034060770472554
0.2999949599594173
0.29964835991955274
0.299300801873043
0.2989522801455168
0.29860278910150595
0.29825232314563943
0.2979008767238476
0.29754844432457606
0.29719502048000934
0.2968405997673027
0.296485176809824
0.29612874627840446
0.29577130289259734
0.2954128414219457
0.29505335668725835
0.2946928435618942
0.2943312969730538
0.2939687119030792
0.2936050833907608
0.29324040653265143
0.29287467648438753
0.2925078884620175
0.2921400377433345
0.29177111966921787
0.2914011296449789
0.29103006314171204
0.2906579156976524
0.2902846829195375
0.2899103604839727
0.2895349441388037
0.2891584297044892
0.2887808130754806
0.28840209022160296
0.28802225718943913
0.2876413101037173
0.2872592451687004
0.2868760586695751
0.28649174697384594
0.28610630653272767
0.28571973388253946
0.2853320256460977
0.2849431785341107
0.28455318934657114
0.2841620549741476
0.28376977239957435
0.2833763386990402
0.28298175104357265
0.28258600670042144
0.28218910303443634
0.2817910375094431
0.28139180768961236
0.2809914112408265
0.2805898459320384
0.2801871096366253
0.2797832003337367
0.27937811610963387
0.2789718551590219
0.2785644157863752
0.2781557964072511
0.27774599554959856
0.2773350118550525
0.2769228440802205
0.27650949109795764
0.27609495189862976
0.27567922559136515
0.27526231140529195
0.27484420869076404
0.2744249169205719
0.27400443569113914
0.273582764723704
0.2731599038654847
0.2727358530908292
0.2723106125023469
0.2718841823320243
0.2714565629423203
0.27102775482724467
0.2705977586134161
0.2701665750611001
0.2697342050652269
0.2693006496563871
0.2688659100018065
0.2684299874062968
0.267992883313186
0.2675545993052201
0.2671151371054468
0.26667449857806885
0.2662326857292744
0.26578970070803964
0.2653455458069077
0.26490022346273556
0.2644537362574168
0.2640060869185735
0.2635572783202208
0.2631073134833996
0.2626561955767805
0.2622039279172373
0.26175051397038585
0.2612959573510962
0.26084026182396697
0.26038343130377006
0.2599254698558604
0.2594663816965524
0.25900617119346037
0.25854484286580626
0.25808240138468896
0.25761885157332065
0.25715419840722387
0.25668844701439353
0.2562216026754208
0.2557536708235805
0.25528465704487713
0.2548145670780566
0.2543434068145764
0.2538711822985363
0.2533978997265718
0.2529235654477049
0.25244818596315594
0.2519717679261161
0.2514943181414757
0.25101584356551626
0.25053635130555657
0.25005584861956
0.24957434291569988
0.24909184175188204
0.24860835283522653
0.24812388402150562
0.24763844331454113
0.24715203886555825
0.246664678972498
0.24617637207928544
0.24568712677505758
0.24519695179334625
0.2447058560112212
0.24421384844838773
0.24372093826624444
0.24322713476689717
0.2427324473921307
0.24223688572233876
0.24174045947541212
0.2412431785055844
0.24074505280223601
0.24024609248865803
0.2397463078207728
0.23924570918581597
0.23874430710097513
0.2382421122119912
0.2377391352917172
0.23723538723863857
0.23673087907535523
0.2362256219470219
0.23571962711975303
0.23521290597898814
0.23470547002781975
0.23419733088528438
0.23368850028461835
0.23317899007147472
0.232668812202108
0.23215797874152214
0.23164650186158378
0.2311343938391047
0.23062166705388837
0.23010833398674502
0.22959440721747665
0.22907989942282808
0.22856482337441203
0.22804919193660042
0.2275330180643896
0.22701631480123705
0.22649909527687098
0.2259813727050738
0.22546316038143904
0.22494447168110568
0.2244253200564665
0.2239057190348555
0.2233856822162111
0.22286522327072114
0.22234435593644453
0.22182309401691533
0.2213014513787297
0.22077944194911137
0.22025707971346578
0.21973437871291476
0.21921135304181896
0.21868801684528474
0.2181643843166614
0.21764046969502376
0.21711628726264634
0.21659185134246728
0.21606717629554315
0.2155422765184973
0.2150171664409618
0.2144918605230115
0.21396637325259737
0.21344071914297347
0.21291491273012286
0.2123889685701818
0.21186290123686347
0.21133672531888215
0.21081045541737956
0.21028410614335377
0.20975769211509185
0.2092312279556063
0.2087047282900784
0.20817820774330764
0.2076516809371683
0.20712516248807644
0.20659866700446367
0.206072209084264
0.20554580331241135
0.2050194642583485
0.20449320647355104
0.20396704448906494
0.20344099281305783
0.20291506592838954
0.20238927829019654
0.2018636443234953
0.20133817842080542
0.20081289493979015
0.2002878082009187
0.19976293248514973
0.19923828203163502
0.1987138710354483
0.19818971364533572
0.1976658239614909
0.19714221603335552
0.19661890385744352
0.19609590137519534
0.1955732224708539
0.19505088096937284
0.19452889063435058
0.19400726516599298
0.19348601819910694
0.19296516330112162
0.1924447139701426
0.19192468363303583
0.1914050856435419
0.1908859332804249
0.19036723974565123
0.18984901816260275
0.18933128157432255
0.18881404294179502
0.18829731514225806
0.1877811109675531
0.18726544312250623
0.18675032422334706
0.18623576679615989
0.18572178327537528
0.18520838600229164
0.18469558722363671
0.18418339909016457
0.18367183365528886
0.1831609028737508
0.18265061860032747
0.18214099258857328
0.18163203648960147
0.18112376185090023
0.1806161801151876
0.18010930261930094
0.17960314059312713
0.17909770515856732
0.1785930073285385
0.1780890580060145
0.17758586798310094
0.17708344794014985
0.1765818084449085
0.17608095995170842
0.17558091280068605
0.17508167721704526
0.17458326331035112
0.1740856810738639
0.17358894038390632
0.17309305099926758
0.17259802256064247
0.17210386459010552
0.17161058649062075
0.17111819754558635
0.17062670691841203
0.17013612365213193
0.16964645666905187
0.1691577147704285
0.16866990663618314
0.16818304082464658
0.16769712577233872
0.16721216979377862
0.16672818108132662
0.16624516770505837
0.16576313761266934
0.1652820986294098
0.16480205845805074
0.16432302467887802
0.16384500474971786
0.16336800600598966
0.16289203566078791
0.16241710080499167
0.16194320840740245
0.1614703653149083
0.16099857825267522
0.16052785382436396
0.1600581985123737
0.1595896186781097
0.15912212056227668
0.158655710285196
0.15819039384714634
0.15772617712872905
0.15726306589125436
0.15680106577715114
0.15634018231039917
0.1558804208969802
0.1554217868253537
0.15496428526694822
0.1545079212766778
0.1540526997934732
0.15359862564083468
0.15314570352740314
0.15269393804754733
0.15224333368197007
0.15179389479833097
0.1513456256518857
0.15089853038614043
0.15045261303352297
0.15000787751606798
0.14956432764611707
0.14912196712703207
0.14868079955392405
0.14824082841439262
0.14780205708927982
0.14736448885343556
0.14692812687649445
0.14649297422366456
0.1460590338565265
0.14562630863384288
0.14519480131237755
0.14476451454772551
0.14433545089514985
0.14390761281042896
0.14348100265071084
0.14305562267537736
0.14263147504691187
0.14220856183177866
0.1417868850013047
0.141366446432571
0.14094724790930707
0.14052929112279258
0.14011257767276344
0.13969710906832278
0.13928288672885536
0.13886991198494805
0.13845818607931085
0.1380477101677046
0.1376384853198688
0.13723051252045343
0.13682379266995304
0.13641832658564235
0.13601411500251376
0.13561115857421577
0.13520945787399344
0.13480901339562829
0.13440982555438047
0.1340118946879282
0.13361522105731063
0.13321980484786705
0.13282564617017836
0.13243274506100547
0.1320411014842274
0.13165071533177874
0.1312615864245836
0.1308737145134893
0.13048709928019886
0.1301017403381971
0.1297176372336797
0.12933478944647508
0.12895319639096622
0.12857285741700777
0.1281937718108401
0.12781593879600064
0.12743935753423075
0.12706402712637907
0.1266899466133008
0.12631711497675263
0.12594553114028445
0.1255751939701242
0.12520610227606055
0.12483825481231983
0.12447165027843742
0.12410628732012531
0.12374216453013356
0.12337928044910709
0.12301763356643686
0.12265722232110485
0.12229804510252468
0.12194010025137658
0.12158338606043353
0.12122790077538675
0.12087364259565983
0.12052060967522082
0.1201688001233858
0.11981821200561699
0.1194688433443144
0.11912069211960194
0.11877375627010564
0.11842803369372595
0.11808352224840425
0.11774021975288171
0.11739812398745199
0.1170572326947069
0.11671754358027592
0.116379054313558
0.11604176252844758
0.115705665824053
0.11537076176540839
0.11503704788417796
0.11470452167935473
0.11437318061795071
0.11404302213568138
0.11371404363764254
0.11338624249897988
0.1130596160655522
0.11273416165458769
0.11240987655533224
0.11208675802969137
0.11176480331286515
0.1114440096139763
0.1111243741166906
0.11080589397983057
0.11048856633798242
0.11017238830209598
0.10985735696007667
0.10954346937737278
0.10923072259755272
0.10891911364287762
0.10860863951486663
0.10829929719485451
0.10799108364454307
0.10768399580654543
0.107378030604924
0.10707318494572049
0.10676945571748102
0.10646683979177202
0.10616533402369208
0.10586493525237504
0.10556564030148788
0.10526744597972082
0.10497034908127163
0.10467434638632378
0.1043794346615167
0.10408561066041114
0.10379287112394658
0.10350121278089416
0.10321063234830206
0.1029211265319338
0.10263269202670275
0.10234532551709766
0.10205902367760461
0.10177378317312061
0.10148960065936295
0.10120647278327104
0.1009243961834039
0.10064336749032979
0.10036338332701214
0.10008444030918781
0.09980653504574058
0.09952966413906839
0.09925382418544582
0.09897901177537993
0.09870522349396084
0.09843245592120724
0.09816070563240566
0.09788996919844527
0.0976202431861464
0.0973515241585841
0.09708380867540693
0.09681709329314972
0.09655137456554173
0.09628664904380944
0.09602291327697443
0.09576016381214625
0.09549839719481026
0.09523760996911057
0.0949777986781284
0.0947189598641553
0.09446109006896147
0.09420418583406012
0.09394824370096691
0.09369326021145391
0.09343923190780036
0.0931861553330382
0.09293402703119358
0.0926828435475233
0.09243260142874757
0.0921832972232784
0.09193492748144326
0.09168748875570573
0.09144097760088021
0.09119539057434461
0.09095072423624699
0.09070697514971007
0.09046413988103041
0.09022221499987462
0.08998119707947125
0.08974108269679874
0.0895018684327704
0.08926355087241492
0.08902612660505364
0.08878959222447398
0.08855394432909973
0.08831917952215744
0.0880852944118394
0.08785228561146351
0.08762014973962945
0.08738888342037147
0.08715848328330872
0.08692894596379103
0.08670026810304277
0.08647244634830253
0.08624547735296033
0.08601935777669231
0.08579408428559043
0.08556965355229143
0.08534606225610186
0.08512330708311985
0.08490138472635482
0.08468029188584417
0.08446002526876648
0.08424058158955332
0.08402195756999696
0.08380414993935666
0.08358715543446132
0.0833709707998106
0.08315559278767264
0.08294101815817917
0.08272724367941947
0.08251426612753032
0.0823020822867849
0.08209068894967782
0.08188008291700999
0.0816702609979687
0.08146122001020772
0.08125295677992372
0.08104546814193103
0.08083875093973418
0.08063280202559892
0.08042761826061987
0.08022319651478763
0.0800195336670524
0.07981662660538709
0.07961447222684745
0.07941306743763074
0.07921240915313224
0.07901249429800009
0.07881331980618836
0.07861488262100867
0.07841717969517875
0.07822020799087079
0.07802396447975767
0.07782844614305659
0.07763364997157216
0.07743957296573777
0.07724621213565469
0.07705356450112975
0.07686162709171243
0.07667039694672924
0.07647987111531745
0.07629004665645654
0.07610092063899893
0.07591249014169944
0.07572475225324228
0.07553770407226824
0.07535134270739877
0.07516566527726029
0.07498066891050661
0.0747963507458397
0.07461270793202976
0.0744297376279339
0.0742474370025138
0.07406580323485154
0.07388483351416514
0.07370452503982232
0.07352487502135377
0.07334588067846425
0.07316753924104422
0.07298984794917857
0.07281280405315578
0.07263640481347586
0.07246064750085583
0.072285529396237
0.07211104779078799
0.0719371999859098
0.07176398329323773
0.07159139503464405
0.07141943254223862
0.07124809315836891
0.07107737423561981
0.07090727313681192
0.07073778723499896
0.0705689139134651
0.0704006505657208
0.07023299459549798
0.07006594341674513
0.06989949445362056
0.06973364514048595
0.06956839292189838
0.06940373525260243
0.06923966959752095
0.06907619343174552
0.06891330424052632
0.06875099951926054
0.06858927677348221
0.06842813351884859
0.06826756728112837
0.06810757559618788
0.06794815600997763
0.06778930607851733
0.06763102336788143
0.06747330545418329
0.06731614992355918
0.06715955437215183
0.06700351640609328
0.06684803364148736
0.06669310370439178
0.06653872423079964
0.06638489286662044
0.06623160726766081
0.06607886509960463
0.06592666403799281
0.06577500176820301
0.06562387598542799
0.06547328439465473
0.06532322471064271
0.06517369465790107
0.06502469197066693
0.06487621439288199
0.06472825967816945
0.06458082558981068
0.06443390990072084
0.06428751039342562
0.0641416248600353
0.06399625110222146
0.0638513869311911
0.06370703016766148
0.06356317864183444
0.06341983019337033
0.06327698267136216
0.06313463393430918
0.06299278185008973
0.06285142429593524
0.06271055915840203
0.06257018433334485
0.06243029772588892
0.06229089725040236
0.06215198083046781
0.06201354639885464
0.061875591897490756
0.06173811527743342
0.06160111449884137
0.061464587530945025
0.061328532352018246
0.06119294694934875
0.06105782931920886
0.060923177466825656
0.06078898940635205
0.060655263160836255
0.06052199676219236
0.06038918825117005
0.0602568356773248
0.06012493709898699
0.059993490583232084
0.059862494205850075
0.05973194605131472
0.059601844212752844
0.05947218679191363
0.05934297189913801
0.059214197653327444
0.059085862181912904
0.05895796362082428
0.0588305001144582
0.05870346981564804
0.058576870885631835
0.0584507014940212
0.05832495981876988
0.05819964404614271
0.05807475237068328
0.05795028299518352
0.05782623413065103
0.057702603996278606
0.05757939081941174
0.05745659283551747
0.057334208288152305
0.05721223542893117
0.05709067251749507
0.05696951782147967
0.05684876961648373
0.05672842618603707
0.0566084858215688
0.05648894682237598
0.056369807495591354
0.05625106615615226
0.056132721126768315
0.05601477073788984
0.05589721332767637
0.055780047241964836
0.05566327083423788
0.05554688246559208
0.05543088050470671
0.05531526332781152
0.05520002931865584
0.05508517686847633
0.05497070437596623
0.054856610247243164
0.05474289289581784
0.05462955074256333
0.05451658221568245
0.0544039857506776
0.05429175979031864
0.05417990278461232
0.05406841319077018
0.053957289473178724
0.05384653010336689
0.05373613355997583
0.05362609832872782
0.053516422902395104
0.053407105780769265
0.05329814547063006
0.05318954048571492
0.05308128934668839
0.05297339058111103
0.05286584272340904
0.052758644314843936
0.05265179390348182
0.052545290044163126
0.05243913129847241
0.052333316234707924
0.052227843427851535
0.052122711459538625
0.05201791891802787
0.05191346439817196
0.0518093465013868
0.05170556383562239
0.05160211501533283
0.051498998661446714
0.05139621340133771
0.051293757868795066
0.05119163070399366
0.05108983055346583
0.05098835607007096
0.05088720591296715
0.05078637874758171
0.05068587324558255
0.05058568808484884
0.05048582194944275
0.050386273529580174
0.0502870415216026
0.05018812462794845
0.05008952155712443
0.049991231023677425
