0.5071554811488754
0.5419788380038466
0.528515539400633
0.5382275860168988
0.539037364660541
0.5281835195533371
0.5231770106324075
0.5246880867174712
0.5243564423274545
0.5235803142959932
0.5245079950417391
0.5245340836067593
0.5228531651632845
0.5214389956789859
0.5210213781265103
0.520908955634352
0.520856175434437
0.5208446029649849
0.5205843873695766
0.5200121596971267
0.5194195242627146
0.5190064671219445
0.5187409393205104
0.5185345939262869
0.5183115720154734
0.5180104254202043
0.5176322474962791
0.517239168661463
0.5168853793649387
0.5165787458793342
0.5162963906933175
0.5160093831211666
0.5156992224325104
0.515367118953586
0.5150291837836665
0.5147009864229215
0.5143870132423659
0.5140815669546726
0.5137756109892966
0.5134632371727674
0.513144537807243
0.5128239556210348
0.5125061198141648
0.512192750187616
0.5118824517504864
0.5115725638626518
0.5112612330793082
0.5109483799347
0.5106352604887183
0.510323281175979
0.5100130589333723
0.5097042755699567
0.5093961787559662
0.5090882119813612
0.508780334936794
0.5084729189706461
0.5081664061943812
0.50786102176772
0.5075567109285589
0.5072532749332581
0.5069505591546742
0.5066485568110451
0.5063473859578199
0.506047191280938
0.5057480560642419
0.5054499783072021
0.5051529075133054
0.5048568003959737
0.5045616537925484
0.5042675000084719
0.5039743784283214
0.5036823085896088
0.5033912816274454
0.5031012701378974
0.5028122445442987
0.5025241833171015
0.502237072077655
0.5019508952798089
0.501665627908716
0.5013812324582675
0.5010976614829847
0.5008148623081493
0.5005327800726184
0.500251357476269
0.49997053222124316
0.4996902343484755
0.4994103850965792
0.49913089744149963
0.49885167732936847
0.4985726244454094
0.49829363199603804
0.4980145857725789
0.49773536315117095
0.4974558325293759
0.4971758532626537
0.4968952758112601
0.49661394174659523
0.49633168345188183
0.49604832359216267
0.49576367454991177
0.4954775379797184
0.4951897045039325
0.4948999534629045
0.49460805261304974
0.49431375772169406
0.4940168120809971
0.4937169460008774
0.49341387632820094
0.4931073059993668
0.49279692360022775
0.492482402901068
0.49216340235159106
0.49183956454347666
0.49151051565956155
0.49117586492463133
0.49083520406035597
0.4904881067367437
0.49013412801083067
0.4897728037488783
0.48940365003546216
0.4890261625763521
0.48863981610076224
0.4882440637647476
0.48783833655462316
0.4874220426891601
0.48699456702148397
0.4865552704442016
0.48610348930276426
0.4856385348220904
0.4851596925508714
0.48466622182784763
0.48415735527523057
0.48363229832614824
0.48309022879489627
0.48253029650040125
0.48195162295458477
0.48135330112855423
0.48073439531108947
0.480093941075872
0.479430945376223
0.4787443867885267
0.4780332159278542
0.47729635606153115
0.47653270394856756
0.4757411309350582
0.47492048433781664
0.47406958915051367
0.4731872501082692
0.47227225414784696
0.4713233733012108
0.47033936806010807
0.46931899124845344
0.4682609924373996
0.4671641229349506
0.46602714137754453
0.46484881994507254
0.4636279512130989
0.46236335564651276
0.461053889727335
0.45969845469586645
0.45829600586875163
0.4568455624799
0.4553462179706768
0.45379715063460735
0.45219763449937295
0.45054705030560677
0.44884489641852593
0.4470907994854838
0.44528452463096424
0.44342598496130026
0.44151525013551457
0.43955255374720104
0.4375382992563028
0.4354730642099449
0.43335760249890565
0.4311928444114326
0.42897989426917343
0.426720025460924
0.4244146727281936
0.42206542160136756
0.419673994935194
0.4172422365457254
0.41477209200575843
0.4122655867099536
0.4097248013719734
0.40715184516179914
0.404548826729919
0.40191782339455706
0.3992608487873739
0.39657981926149144
0.3938765193634204
0.3911525666583485
0.38840937617798055
0.38564812473415727
0.3828697153130625
0.38007474173790423
0.3772634537670964
0.37443572278536447
0.371591008252408
0.3687283251037212
0.3658462123569197
0.3629427032702528
0.36001529753312295
0.3570609361452875
0.3540759798636831
0.35105619236177
0.3479967295491512
0.34489213682528813
0.34173635636776756
0.33852274684935213
0.33524411819371164
0.33189278406059347
0.3284606346322687
0.32493923188744767
0.32131992883877813
0.3175940131418644
0.31375287406605956
0.30978819011818626
0.3056921327689944
0.30145757995766487
0.297078331601193
0.29254931848094273
0.28786679583553715
0.28302851385960276
0.2780338590264305
0.27288396246898156
0.26758177416362844
0.26213210388741703
0.2565416314261605
0.25081888901645427
0.24497421846494608
0.2390197040141041
0.232969080235361
0.22683761255651086
0.220641946984172
0.21439992554783702
0.20813036514489935
0.20185279974266712
0.19558718901034158
0.1893535999650695
0.18317187159428075
0.17706127514331962
0.17104018440774185
0.16512577067796813
0.15933373588244537
0.15367809509904526
0.14817101626105933
0.14282272099659332
0.13764144657139799
0.13263346528320005
0.127803154712883
0.12315311017561215
0.11868428959583256
0.11439618079520981
0.11028698168517867
0.10635378490048113
0.10259275979002794
0.09899932620687764
0.09556831605553107
0.09229411995038882
0.08917081754485678
0.08619229107369322
0.08335232240764565
0.08064467446465196
0.07806315818292346
0.07560168647033033
0.07325431663452248
0.07101528279962756
0.06887901975460209
0.0668401795771622
0.06489364225279881
0.0630345213735515
0.06125816586521304
0.05956015856073105
0.05793631231570099
0.05638266425122852
0.05489546861099765
0.0534711886331979
0.052106487763526825
0.05079822047193511
0.049543422882088975
