0.48578631274655815
0.5275848424953145
0.5260536223060094
0.5248345830310298
0.5240147429785182
0.523466766496121
0.5231020804164911
0.5228603507179457
0.5227007951663457
0.5225959944099706
0.52252758419237
0.5224833005000187
0.5224549722194006
0.5224371662736639
0.522426277182381
0.5224199171503761
0.5224165083972385
0.5224150111331993
0.5224147423032086
0.5224152549652025
0.5224162581191193
0.5224175634919028
0.5224190502675898
0.5224206417517745
0.5224222899645067
0.5224239654939447
0.5224256508357166
0.5224273360379228
0.522429015868043
0.522430687981838
0.5224323517498313
0.5224340075136004
0.5224356561215681
0.5224372986453497
0.5224389362117449
0.5224405699079524
0.5224422007324465
0.5224438295736997
0.5224454572053667
0.5224470842907155
0.5224487113918184
0.5224503389807649
0.5224519674512896
0.5224535971299091
0.5224552282861082
0.5224568611413845
0.522458495877115
0.5224601326413012
0.5224617715542866
0.5224634127135668
0.5224650561978091
0.5224667020701967
0.5224683503811974
0.522470001170853
0.5224716544706629
0.522473310305136
0.5224749686930629
0.5224766296485595
0.5224782931819227
0.52247995930033
0.5224816280084117
0.5224832993087196
0.5224849732021087
0.5224866496880499
0.5224883287648845
0.5224900104300334
0.5224916946801663
0.5224933815113397
0.5224950709191116
0.5224967628986328
0.5224984574447216
0.5225001545519266
0.5225018542145755
0.522503556426817
0.5225052611826531
0.5225069684759667
0.5225086783005434
0.5225103906500905
0.5225121055182506
0.5225138228986133
0.5225155427847269
0.5225172651701042
0.5225189900482301
0.5225207174125664
0.5225224472565566
0.5225241795736294
0.5225259143572005
0.522527651600676
0.5225293912974542
0.5225311334409267
0.5225328780244798
0.5225346250414956
0.5225363744853527
0.5225381263494266
0.5225398806270913
0.5225416373117183
0.5225433963966779
0.5225451578753391
0.5225469217410698
0.5225486879872372
0.522550456607208
0.522552227594348
0.5225540009420229
0.5225557766435973
0.5225575546924361
0.5225593350819037
0.522561117805364
0.5225629028561806
0.5225646902277168
0.5225664799133358
0.5225682719064001
0.5225700662002721
0.5225718627883142
0.5225736616638877
0.5225754628203543
0.5225772662510747
0.5225790719494094
0.5225808799087188
0.5225826901223625
0.5225845025836995
0.5225863172860887
0.5225881342228883
0.5225899533874561
0.5225917747731488
0.5225935983733232
0.5225954241813354
0.5225972521905404
0.522599082394293
0.5226009147859468
0.5226027493588554
0.5226045861063711
0.5226064250218458
0.52260826609863
0.5226101093300743
0.522611954709528
0.5226138022303395
0.5226156518858561
0.5226175036694249
0.5226193575743914
0.5226212135941004
0.5226230717218957
0.5226249319511201
0.5226267942751156
0.5226286586872226
0.522630525180781
0.5226323937491293
0.5226342643856047
0.5226361370835437
0.5226380118362814
0.5226398886371517
0.5226417674794873
0.5226436483566196
0.5226455312618786
0.5226474161885936
0.5226493031300918
0.5226511920796996
0.5226530830307418
0.5226549759765419
0.5226568709104219
0.5226587678257024
0.5226606667157028
0.5226625675737406
0.5226644703931318
0.5226663751671916
0.5226682818892325
0.5226701905525664
0.5226721011505031
0.5226740136763508
0.5226759281234165
0.5226778444850047
0.5226797627544189
0.5226816829249606
0.5226836049899299
0.5226855289426245
0.522687454776341
0.5226893824843737
0.5226913120600154
0.5226932434965567
0.5226951767872866
0.522697111925492
0.5226990489044583
0.5227009877174682
0.5227029283578032
0.5227048708187423
0.522706815093563
0.5227087611755399
0.5227107090579466
0.5227126587340535
0.5227146101971301
0.5227165634404426
0.5227185184572559
0.5227204752408326
0.5227224337844324
0.5227243940813138
0.5227263561247323
0.5227283199079416
0.5227302854241926
0.5227322526667346
0.5227342216288141
0.522736192303675
0.5227381646845595
0.5227401387647067
0.5227421145373541
0.522744091995736
0.5227460711330847
0.5227480519426297
0.5227500344175982
0.5227520185512147
0.5227540043367015
0.5227559917672777
0.5227579808361605
0.5227599715365641
0.5227619638616998
0.5227639578047771
0.5227659533590019
0.5227679505175777
0.5227699492737055
0.5227719496205835
0.5227739515514069
0.522775955059368
0.5227779601376568
0.5227799667794599
0.5227819749779615
0.5227839847263427
0.5227859960177818
0.5227880088454537
0.5227900232025311
0.5227920390821831
0.5227940564775765
0.5227960753818742
0.5227980957882369
0.5228001176898215
0.5228021410797825
0.5228041659512709
0.5228061922974346
0.5228082201114189
0.5228102493863646
0.522812280115411
0.5228143122916928
0.5228163459083426
0.5228183809584888
0.522820417435257
0.5228224553317694
0.5228244946411451
0.5228265353564994
0.5228285774709447
0.52283062097759
0.5228326658695406
0.5228347121398984
0.5228367597817623
0.5228388087882269
0.5228408591523841
0.5228429108673223
0.5228449639261258
0.5228470183218757
0.5228490740476495
0.5228511310965209
0.5228531894615605
0.5228552491358345
0.5228573101124061
0.5228593723843347
0.5228614359446758
0.5228635007864814
0.5228655669027993
0.522867634286674
0.5228697029311462
0.5228717728292526
0.522873843974026
0.5228759163584958
0.5228779899756871
0.5228800648186211
0.5228821408803154
0.5228842181537835
0.5228862966320347
0.5228883763080747
0.5228904571749051
0.5228925392255235
0.5228946224529233
0.522896706850094
0.5228987924100209
0.5229008791256853
0.5229029669900642
0.5229050559961308
0.5229071461368537
0.5229092374051977
0.5229113297941231
0.5229134232965864
0.522915517905539
0.5229176136139291
0.5229197104146996
0.52292180830079
0.5229239072651347
0.5229260073006641
0.5229281084003043
0.522930210556977
0.5229323137635988
0.522934418013083
0.5229365232983376
0.5229386296122664
0.5229407369477687
0.5229428452977392
0.522944954655068
0.5229470650126409
0.5229491763633385
0.5229512887000377
0.5229534020156101
0.5229555163029227
0.5229576315548382
0.5229597477642141
0.5229618649239034
0.5229639830267545
0.5229661020656109
0.5229682220333114
0.5229703429226898
0.5229724647265753
0.5229745874377921
0.5229767110491597
0.5229788355534926
0.5229809609435999
0.5229830872122869
0.5229852143523532
0.5229873423565933
0.522989471217797
0.5229916009287492
0.5229937314822293
0.522995862871012
0.5229979950878669
0.5230001281255583
0.5230022619768455
0.5230043966344828
0.5230065320912194
0.5230086683397985
0.5230108053729592
0.5230129431834346
0.523015081763953
0.5230172211072369
0.5230193612060039
0.5230215020529665
0.5230236436408312
0.5230257859622999
0.5230279290100683
0.5230300727768274
0.5230322172552624
0.5230343624380532
0.5230365083178738
0.5230386548873939
0.5230408021392761
0.5230429500661782
0.5230450986607531
0.5230472479156472
0.5230493978235011
0.523051548376951
0.5230536995686264
0.5230558513911513
0.5230580038371445
0.5230601568992185
0.5230623105699804
0.5230644648420315
0.5230666197079673
0.5230687751603775
0.5230709311918458
0.5230730877949505
0.5230752449622635
0.5230774026863517
0.5230795609597748
0.5230817197750873
0.523083879124838
0.5230860390015694
0.5230881993978178
0.5230903603061139
0.5230925217189819
0.5230946836289406
0.5230968460285021
0.5230990089101726
0.5231011722664523
0.5231033360898348
0.5231055003728083
0.5231076651078541
0.5231098302874475
0.5231119959040577
0.5231141619501476
0.5231163284181736
0.5231184953005859
0.5231206625898286
0.5231228302783391
0.5231249983585484
0.5231271668228817
0.523129335663757
0.5231315048735865
0.5231336744447753
0.5231358443697226
0.5231380146408208
0.5231401852504556
0.5231423561910065
0.5231445274548464
0.5231466990343412
0.5231488709218504
0.523151043109727
0.5231532155903172
0.5231553883559606
0.5231575613989897
0.5231597347117307
0.5231619082865031
0.523164082115619
0.5231662561913843
0.5231684305060976
0.5231706050520513
0.5231727798215301
0.5231749548068123
0.5231771300001693
0.5231793053938651
0.5231814809801576
0.5231836567512964
0.5231858326995256
0.5231880088170806
0.5231901850961914
0.5231923615290797
0.5231945381079605
0.5231967148250417
0.5231988916725238
0.5232010686426007
0.5232032457274582
0.5232054229192759
0.5232076002102248
0.5232097775924702
0.5232119550581689
0.5232141325994709
0.5232163102085186
0.5232184878774471
0.523220665598384
0.5232228433634499
0.5232250211647576
0.5232271989944122
0.5232293768445118
0.5232315547071467
0.5232337325743995
0.5232359104383456
0.5232380882910526
0.5232402661245803
0.5232424439309815
0.5232446217023006
0.5232467994305741
0.5232489771078319
0.5232511547260952
0.5232533322773779
0.523255509753686
0.523257687147017
0.5232598644493619
0.5232620416527027
0.5232642187490142
0.5232663957302626
0.523268572588407
0.5232707493153974
0.5232729259031769
0.5232751023436802
0.5232772786288338
0.5232794547505557
0.5232816307007573
0.52328380647134
0.5232859820541985
0.5232881574412186
0.523290332624278
0.5232925075952463
0.5232946823459848
0.5232968568683465
0.5232990311541761
0.5233012051953098
0.5233033789835759
0.5233055525107937
0.5233077257687748
0.5233098987493219
0.5233120714442292
0.5233142438452826
0.5233164159442594
0.5233185877329284
0.5233207592030499
0.5233229303463754
0.5233251011546481
0.5233272716196021
0.5233294417329637
0.523331611486449
0.523333780871767
0.5233359498806169
0.5233381185046894
0.5233402867356663
0.5233424545652213
0.5233446219850181
0.5233467889867123
0.52334895556195
0.5233511217023692
0.5233532873995981
0.5233554526452562
0.523357617430954
0.523359781748293
0.5233619455888657
0.5233641089442553
0.5233662718060357
0.5233684341657723
0.5233705960150203
0.5233727573453268
0.5233749181482289
0.5233770784152544
0.5233792381379224
0.523381397307742
0.5233835559162137
0.5233857139548275
0.5233878714150652
0.5233900282883982
0.5233921845662891
0.5233943402401904
0.5233964953015457
0.5233986497417886
0.5234008035523432
0.5234029567246242
0.5234051092500362
0.5234072611199747
0.5234094123258252
0.523411562858963
0.5234137127107547
0.523415861872556
0.5234180103357138
0.5234201580915643
0.5234223051314342
0.5234244514466403
0.5234265970284894
0.5234287418682786
0.5234308859572943
0.5234330292868135
0.5234351718481031
0.5234373136324195
0.5234394546310096
0.5234415948351095
0.5234437342359457
0.523445872824734
0.5234480105926802
0.5234501475309798
0.5234522836308181
0.52345441888337
0.5234565532797997
0.5234586868112616
0.5234608194688994
0.5234629512438463
0.5234650821272251
0.5234672121101476
0.5234693411837161
0.5234714693390213
0.5234735965671437
0.5234757228591533
0.5234778482061093
0.5234799725990599
0.523482096029043
0.5234842184870857
0.5234863399642039
0.523488460451403
0.5234905799396773
0.5234926984200106
0.5234948158833754
0.5234969323207334
0.5234990477230351
0.5235011620812201
0.5235032753862172
0.5235053876289438
0.5235074988003061
0.5235096088911995
0.5235117178925078
0.5235138257951039
0.5235159325898493
0.5235180382675937
0.5235201428191768
0.5235222462354256
0.5235243485071565
0.5235264496251738
0.5235285495802712
0.5235306483632302
0.5235327459648209
0.5235348423758023
0.5235369375869212
0.523539031588913
0.5235411243725016
0.523543215928399
0.5235453062473054
0.5235473953199095
0.5235494831368881
0.5235515696889058
0.5235536549666159
0.5235557389606593
0.5235578216616656
0.5235599030602516
0.5235619831470225
0.5235640619125714
0.5235661393474796
0.523568215442316
0.5235702901876371
0.5235723635739875
0.5235744355918994
0.5235765062318936
0.523578575484477
0.5235806433401453
0.5235827097893818
0.5235847748226568
0.5235868384304285
0.5235889006031429
0.523590961331233
0.5235930206051194
0.5235950784152099
0.5235971347519004
0.5235991896055732
0.5236012429665984
0.5236032948253332
0.5236053451721222
0.5236073939972968
0.5236094412911763
0.523611487044066
0.5236135312462592
0.5236155738880357
0.5236176149596625
0.5236196544513937
0.5236216923534698
0.5236237286561187
0.523625763349555
0.5236277964239797
0.5236298278695812
0.5236318576765341
0.5236338858349999
0.5236359123351265
0.523637937167049
0.5236399603208882
0.5236419817867519
0.5236440015547348
0.5236460196149172
0.5236480359573661
0.523650050572135
0.5236520634492637
0.5236540745787781
0.5236560839506906
0.5236580915549996
0.5236600973816894
0.523662101420731
0.5236641036620809
0.5236661040956824
0.5236681027114637
0.5236700994993397
0.523672094449211
0.5236740875509642
0.5236760787944716
0.5236780681695912
0.5236800556661667
0.5236820412740275
0.5236840249829892
0.5236860067828524
0.5236879866634029
0.523689964614413
0.5236919406256401
0.5236939146868267
0.5236958867877011
0.5236978569179764
0.5236998250673517
0.523701791225511
0.5237037553821234
0.5237057175268436
0.5237076776493109
0.52370963573915
0.5237115917859706
0.5237135457793672
0.5237154977089196
0.5237174475641919
0.5237193953347341
0.5237213410100798
0.5237232845797481
0.5237252260332427
0.5237271653600519
0.5237291025496484
0.5237310375914904
0.5237329704750192
0.5237349011896617
0.5237368297248292
0.5237387560699164
0.5237406802143035
0.5237426021473544
0.5237445218584175
0.5237464393368252
0.5237483545718942
0.5237502675529251
0.523752178269203
0.5237540867099967
0.5237559928645588
0.5237578967221262
0.5237597982719194
0.523761697503143
0.5237635944049852
0.5237654889666178
0.5237673811771962
0.5237692710258599
0.5237711585017316
0.5237730435939179
0.523774926291508
0.5237768065835755
0.5237786844591771
0.5237805599073523
0.5237824329171248
0.5237843034775007
0.5237861715774695
0.5237880372060044
0.5237899003520605
0.5237917610045772
0.523793619152476
0.5237954747846616
0.5237973278900216
0.5237991784574263
0.5238010264757288
0.523802871933765
0.5238047148203533
0.5238065551242947
0.5238083928343731
0.5238102279393544
0.5238120604279872
0.5238138902890026
0.5238157175111136
0.5238175420830158
0.5238193639933872
0.5238211832308877
0.5238229997841592
0.5238248136418261
0.5238266247924943
0.5238284332247519
0.523830238927169
0.5238320418882975
0.5238338420966709
0.5238356395408044
0.523837434209195
0.5238392260903217
0.5238410151726445
0.5238428014446048
0.5238445848946263
0.5238463655111129
0.5238481432824508
0.5238499181970071
0.52385169024313
0.5238534594091494
0.5238552256833753
0.5238569890540998
0.5238587495095952
0.5238605070381155
0.5238622616278945
0.5238640132671478
0.5238657619440714
0.5238675076468418
0.523869250363616
0.5238709900825324
0.5238727267917089
0.5238744604792445
0.5238761911332184
0.5238779187416899
0.5238796432926986
0.5238813647742653
0.5238830831743888
0.5238847984810504
0.5238865106822097
0.5238882197658071
0.5238899257197623
0.5238916285319757
0.5238933281903262
0.5238950246826735
0.5238967179968566
0.523898408120694
0.5239000950419834
0.523901778748503
0.523903459228009
0.5239051364682376
0.5239068104569045
0.5239084811817042
0.5239101486303105
0.523911812790376
0.5239134736495328
0.5239151311953911
0.523916785415541
0.5239184362975502
0.5239200838289664
0.523921727997315
0.5239233687901003
0.5239250061948051
0.5239266401988907
0.5239282707897968
0.5239298979549413
0.5239315216817206
0.523933141957509
0.5239347587696587
0.5239363721055007
0.5239379819523433
0.5239395882974729
0.5239411911281537
0.5239427904316281
0.5239443861951151
0.5239459784058124
0.5239475670508948
0.5239491521175148
0.523950733592802
0.5239523114638632
0.523953885717783
0.5239554563416229
0.5239570233224213
0.5239585866471941
0.5239601463029336
0.5239617022766097
0.5239632545551683
0.5239648031255328
0.5239663479746028
0.5239678890892545
0.523969426456341
0.5239709600626913
0.5239724898951111
0.5239740159403827
0.5239755381852638
0.5239770566164887
0.5239785712207681
0.5239800819847881
0.5239815888952108
0.5239830919386748
0.5239845911017933
0.5239860863711561
0.523987577733328
0.5239890651748499
0.5239905486822377
0.5239920282419828
0.5239935038405518
0.5239949754643867
0.523996443099904
0.5239979067334962
0.5239993663515299
0.524000821940347
0.5240022734862642
0.5240037209755727
0.5240051643945384
0.5240066037294017
0.5240080389663776
0.5240094700916552
0.5240108970913984
0.5240123199517446
0.524013738658806
0.5240151531986681
0.5240165635573913
0.524017969721009
0.5240193716755288
0.5240207694069319
0.524022162901173
0.5240235521441805
0.5240249371218564
0.5240263178200752
0.5240276942246859
0.5240290663215095
0.524030434096341
0.5240317975349476
0.5240331566230702
0.5240345113464215
0.5240358616906882
0.5240372076415284
0.5240385491845735
0.5240398863054271
0.524041218989665
0.5240425472228359
0.5240438709904599
0.5240451902780294
0.5240465050710089
0.5240478153548349
0.5240491211149154
0.5240504223366304
0.5240517190053312
0.524053011106341
0.5240542986249541
0.5240555815464361
0.524056859856024
0.524058133538926
0.5240594025803212
0.5240606669653597
0.524061926679162
0.5240631817068201
0.5240644320333963
0.5240656776439231
0.524066918523404
0.5240681546568126
0.5240693860290924
0.5240706126251578
0.5240718344298924
0.5240730514281505
0.524074263604756
0.5240754709445018
0.5240766734321518
0.5240778710524382
0.5240790637900632
0.5240802516296986
0.5240814345559845
0.5240826125535312
0.524083785606917
0.5240849537006899
0.5240861168193663
0.5240872749474312
0.5240884280693389
0.5240895761695109
0.5240907192323381
0.5240918572421795
0.524092990183362
0.5240941180401806
0.5240952407968982
0.5240963584377458
0.5240974709469215
0.5240985783085919
0.5240996805068904
0.5241007775259179
0.5241018693497426
0.5241029559623998
0.5241040373478922
0.5241051134901888
0.5241061843732261
0.5241072499809066
0.5241083102971001
0.5241093653056421
0.5241104149903351
0.5241114593349472
0.524112498323213
0.5241135319388335
0.5241145601654749
0.5241155829867691
0.5241166003863142
0.5241176123476735
0.5241186188543757
0.5241196198899147
0.52412061543775
0.5241216054813055
0.5241225900039703
0.5241235689890984
0.5241245424200079
0.5241255102799828
0.52412647255227
0.5241274292200813
0.5241283802665926
0.5241293256749441
0.5241302654282395
0.5241311995095467
0.5241321279018969
0.5241330505882851
0.5241339675516693
0.5241348787749711
0.5241357842410755
0.5241366839328299
0.5241375778330448
0.5241384659244935
0.524139348189912
0.5241402246119987
0.5241410951734145
0.5241419598567818
0.5241428186446861
0.5241436715196741
0.5241445184642548
0.5241453594608982
0.5241461944920369
0.5241470235400639
0.5241478465873338
0.5241486636161622
0.5241494746088261
0.524150279547563
0.5241510784145711
0.524151871192009
0.5241526578619957
0.5241534384066117
0.5241542128078956
0.5241549810478475
0.5241557431084265
0.5241564989715519
0.5241572486191025
0.5241579920329162
0.5241587291947903
0.5241594600864815
0.5241601846897047
0.5241609029861345
0.5241616149574038
0.5241623205851037
0.5241630198507841
0.5241637127359527
0.5241643992220761
0.5241650792905774
0.5241657529228387
0.5241664201001993
0.5241670808039556
0.5241677350153618
0.5241683827156286
0.5241690238859243
0.524169658507374
0.5241702865610588
0.5241709080280169
0.5241715228892425
0.5241721311256861
0.5241727327182546
0.5241733276478098
0.5241739158951699
0.5241744974411088
0.5241750722663552
0.5241756403515929
0.5241762016774616
0.5241767562245548
0.5241773039734215
0.524177844904565
0.5241783789984424
0.5241789062354658
0.524179426596001
0.5241799400603673
0.5241804466088382
0.5241809462216406
0.5241814388789543
0.5241819245609125
0.5241824032476018
0.5241828749190608
0.5241833395552813
0.5241837971362076
0.5241842476417355
0.5241846910517143
0.5241851273459431
0.5241855565041751
0.5241859785061131
0.5241863933314127
0.5241868009596797
0.5241872013704711
0.5241875945432951
0.5241879804576101
0.524188359092825
0.5241887304282993
0.524189094443342
0.5241894511172126
0.5241898004291196
0.5241901423582216
0.5241904768836259
0.5241908039843893
0.5241911236395178
0.5241914358279653
0.5241917405286348
0.5241920377203775
0.5241923273819927
0.5241926094922276
0.5241928840297772
0.524193150973284
0.5241934103013377
0.524193661992475
0.5241939060251801
0.5241941423778835
0.5241943710289622
0.5241945919567397
0.5241948051394849
0.5241950105554137
0.5241952081826871
0.5241953979994112
0.5241955799836382
0.5241957541133646
0.5241959203665322
0.524196078721027
0.5241962291546801
0.5241963716452659
0.5241965061705034
0.5241966327080552
0.5241967512355274
0.5241968617304693
0.5241969641703735
0.5241970585326756
0.5241971447947531
0.5241972229339269
0.5241972929274594
0.5241973547525556
0.5241974083863615
0.5241974538059652
0.5241974909883957
0.5241975199106235
0.5241975405495594
0.5241975528820553
0.5241975568849029
0.5241975525348346
0.5241975398085222
0.5241975186825778
0.524197489133552
0.5241974511379354
0.5241974046721569
0.5241973497125846
0.5241972862355249
0.5241972142172218
0.5241971336338584
0.5241970444615547
0.5241969466763681
0.5241968402542938
0.5241967251712635
0.5241966014031458
0.5241964689257455
0.5241963277148038
0.5241961777459985
0.5241960189949415
0.5241958514371817
0.5241956750482024
0.5241954898034221
0.5241952956781936
0.5241950926478043
0.5241948806874761
0.5241946597723642
0.5241944298775578
0.5241941909780792
0.5241939430488837
0.5241936860648596
0.5241934200008275
0.5241931448315408
0.5241928605316839
0.524192567075874
0.524192264438659
0.5241919525945178
0.524191631517861
0.5241913011830289
0.5241909615642928
0.5241906126358532
0.5241902543718415
0.5241898867463174
0.5241895097332704
0.5241891233066187
0.5241887274402091
0.5241883221078165
0.5241879072831441
0.524187482939823
0.5241870490514108
0.524186605591393
0.5241861525331819
0.5241856898501157
0.5241852175154594
0.5241847355024039
0.5241842437840649
0.5241837423334845
0.5241832311236292
0.5241827101273902
0.5241821793175828
0.5241816386669467
0.5241810881481455
0.5241805277337658
0.5241799573963176
0.5241793771082335
0.5241787868418684
0.5241781865694997
0.5241775762633267
0.5241769558954698
0.5241763254379703
0.5241756848627914
0.5241750341418158
0.5241743732468469
0.5241737021496073
0.5241730208217401
0.5241723292348068
0.5241716273602881
0.5241709151695829
0.5241701926340083
0.5241694597247996
0.524168716413109
0.5241679626700061
0.5241671984664772
0.5241664237734251
0.5241656385616685
0.5241648428019424
0.5241640364648961
0.5241632195210945
0.524162391941017
0.5241615536950579
0.5241607047535244
0.5241598450866377
0.5241589746645325
0.5241580934572557
0.5241572014347671
0.5241562985669385
0.5241553848235532
0.5241544601743058
0.5241535245888023
0.5241525780365587
0.5241516204870016
0.5241506519094671
0.5241496722732008
0.5241486815473576
0.5241476797010005
0.5241466667031014
0.5241456425225395
0.5241446071281017
0.5241435604884821
0.524142502572281
0.5241414333480056
0.5241403527840683
0.5241392608487875
0.5241381575103864
0.524137042736993
0.5241359164966393
0.5241347787572611
0.524133629486698
0.5241324686526919
0.5241312962228883
0.5241301121648337
0.5241289164459771
0.5241277090336685
0.5241264898951585
0.5241252589975991
0.524124016308041
0.5241227617934353
0.5241214954206324
0.5241202171563808
0.5241189269673274
0.5241176248200172
0.5241163106808922
0.5241149845162918
0.5241136462924512
0.5241122959755024
0.5241109335314722
0.524109558926283
0.5241081721257518
0.5241067730955892
0.5241053618014009
0.5241039382086842
0.5241025022828302
0.5241010539891219
0.5240995932927347
0.5240981201587345
0.524096634552079
0.5240951364376154
0.5240936257800817
0.5240921025441047
0.5240905666942004
0.5240890181947735
0.5240874570101159
0.5240858831044077
0.5240842964417161
0.524082696985994
0.5240810847010808
0.5240794595507015
0.5240778214984654
0.5240761705078669
0.5240745065422843
0.5240728295649788
0.5240711395390948
0.5240694364276592
0.5240677201935808
0.5240659907996493
0.5240642482085357
0.5240624923827909
0.5240607232848458
0.52405894087701
0.5240571451214727
0.5240553359803002
0.5240535134154365
0.5240516773887036
0.5240498278617989
0.5240479647962961
0.5240460881536442
0.5240441978951669
0.5240422939820628
0.5240403763754029
0.5240384450361324
0.5240364999250686
0.5240345410029006
0.5240325682301896
0.5240305815673663
0.5240285809747329
0.5240265664124605
0.5240245378405896
0.5240224952190287
0.5240204385075544
0.5240183676658108
0.5240162826533082
0.5240141834294232
0.5240120699533978
0.5240099421843388
0.5240078000812174
0.5240056436028677
0.5240034727079879
0.5240012873551374
0.5239990875027383
0.523996873109073
0.5239946441322847
0.5239924005303767
0.523990142261211
0.5239878692825084
0.5239855815518476
0.5239832790266643
0.523980961664251
0.5239786294217564
0.523976282256184
0.5239739201243919
0.5239715429830925
0.5239691507888515
0.5239667434980868
0.5239643210670686
0.523961883451918
0.523959430608607
0.5239569624929572
0.5239544790606396
0.5239519802671735
0.5239494660679263
0.523946936418112
0.5239443912727914
0.5239418305868706
0.5239392543151015
0.5239366624120789
0.5239340548322423
0.5239314315298734
0.5239287924590961
0.5239261375738758
0.5239234668280183
0.5239207801751693
0.5239180775688138
0.5239153589622748
0.5239126243087134
0.5239098735611275
0.5239071066723504
0.523904323595052
0.5239015242817356
0.523898708684739
0.5238958767562328
0.5238930284482199
0.523890163712535
0.5238872825008428
0.5238843847646388
0.5238814704552467
0.523878539523819
0.5238755919213358
0.5238726275986035
0.5238696465062551
0.5238666485947479
0.5238636338143637
0.5238606021152081
0.5238575534472086
0.5238544877601156
0.5238514050034991
0.5238483051267502
0.5238451880790786
0.523842053809513
0.5238389022668991
0.5238357333998998
0.5238325471569933
0.5238293434864733
0.5238261223364471
0.5238228836548355
0.5238196273893717
0.5238163534875998
0.5238130618968754
0.5238097525643628
0.5238064254370356
0.5238030804616756
0.5237997175848703
0.5237963367530145
0.5237929379123079
0.5237895210087535
0.5237860859881588
0.5237826327961328
0.5237791613780862
0.5237756716792301
0.523772163644575
0.5237686372189304
0.5237650923469027
0.5237615289728956
0.523757947041108
0.5237543464955338
0.5237507272799603
0.5237470893379683
0.5237434326129291
0.5237397570480059
0.5237360625861511
0.5237323491701058
0.5237286167423995
0.5237248652453476
0.5237210946210518
0.5237173048113981
0.5237134957580565
0.5237096674024795
0.5237058196859014
0.5237019525493365
0.5236980659335789
0.5236941597792015
0.5236902340265545
0.5236862886157636
0.5236823234867307
0.5236783385791314
0.5236743338324144
0.5236703091858006
0.5236662645782819
0.5236621999486193
0.5236581152353434
0.5236540103767515
0.5236498853109083
0.5236457399756429
0.5236415743085495
0.5236373882469845
0.5236331817280668
0.5236289546886763
0.5236247070654516
0.5236204387947907
0.5236161498128487
0.5236118400555363
0.5236075094585197
0.5236031579572189
0.523598785486806
0.5235943919822053
0.5235899773780902
0.5235855416088842
0.5235810846087579
0.5235766063116285
0.5235721066511586
0.5235675855607552
0.5235630429735675
0.5235584788224869
0.5235538930401449
0.5235492855589119
0.5235446563108964
0.5235400052279435
0.5235353322416335
0.5235306372832806
0.5235259202839316
0.523521181174365
0.5235164198850892
0.5235116363463412
0.523506830488086
0.5235020022400144
0.5234971515315417
0.5234922782918073
0.5234873824496724
0.523482463933719
0.5234775226722483
0.5234725585932798
0.5234675716245495
0.5234625616935089
0.5234575287273231
0.5234524726528702
0.5234473933967388
0.5234422908852274
0.523437165044343
0.5234320157997991
0.5234268430770149
0.5234216468011131
0.5234164268969199
0.5234111832889612
0.5234059159014637
0.5234006246583515
0.523395309483246
0.5233899702994631
0.5233846070300128
0.523379219597597
0.523373807924609
0.5233683719331301
0.5233629115449302
0.5233574266814649
0.5233519172638744
0.5233463832129821
0.5233408244492926
0.5233352408929904
0.5233296324639386
0.523323999081677
0.5233183406654203
0.5233126571340572
0.5233069484061478
0.5233012143999232
0.5232954550332826
0.5232896702237927
0.5232838598886859
0.5232780239448577
0.5232721623088664
0.5232662748969306
0.5232603616249277
0.5232544224083924
0.5232484571625144
0.5232424658021383
0.5232364482417593
0.5232304043955242
0.5232243341772276
0.5232182375003115
0.5232121142778628
0.5232059644226121
0.5231997878469314
0.5231935844628328
0.523187354181966
0.5231810969156179
0.5231748125747091
0.5231685010697936
0.523162162311056
0.5231557962083098
0.523149402670996
0.5231429816081815
0.5231365329285558
0.5231300565404309
0.5231235523517381
0.5231170202700275
0.5231104602024643
0.5231038720558285
0.5230972557365123
0.5230906111505182
0.5230839382034573
0.5230772368005467
0.5230705068466087
0.523063748246068
0.5230569609029496
0.5230501447208777
0.5230432996030728
0.5230364254523503
0.5230295221711183
0.5230225896613754
0.5230156278247089
0.5230086365622926
0.5230016157748851
0.5229945653628273
0.5229874852260408
0.5229803752640252
0.5229732353758567
0.5229660654601853
0.5229588654152336
0.5229516351387937
0.5229443745282257
0.5229370834804554
0.5229297618919718
0.5229224096588259
0.5229150266766271
0.5229076128405425
0.5229001680452937
0.522892692185155
0.5228851851539511
0.5228776468450544
0.5228700771513841
0.5228624759654023
0.522854843179113
0.5228471786840587
0.52283948237132
0.5228317541315107
0.5228239938547776
0.5228162014307971
0.5228083767487737
0.5228005196974365
0.5227926301650381
0.5227847080393512
0.5227767532076671
0.5227687655567926
0.5227607449730478
0.522752691342264
0.5227446045497811
0.522736484480445
0.5227283310186048
0.522720144048112
0.5227119234523158
0.5227036691140619
0.5226953809156899
0.5226870587390305
0.5226787024654034
0.5226703119756141
0.5226618871499524
0.5226534278681882
0.5226449340095707
0.5226364054528252
0.5226278420761495
0.522619243757213
0.5226106103731526
0.522601941800571
0.5225932379155339
0.5225844985935666
0.5225757237096524
0.5225669131382297
0.522558066753188
0.5225491844278675
0.5225402660350539
0.5225313114469776
0.5225223205353101
0.5225132931711611
0.5225042292250762
0.522495128567034
0.5224859910664426
0.5224768165921377
0.5224676050123799
0.5224583561948506
0.5224490700066503
0.5224397463142952
0.5224303849837151
0.5224209858802484
0.5224115488686425
0.5224020738130477
0.522392560577016
0.5223830090234977
0.5223734190148387
0.5223637904127769
0.5223541230784401
0.5223444168723416
0.5223346716543791
0.52232488728383
0.5223150636193488
0.5223052005189647
0.5222952978400779
0.5222853554394562
0.5222753731732327
0.522265350896902
0.522255288465318
0.5222451857326889
0.5222350425525761
0.5222248587778902
0.5222146342608871
0.5222043688531657
0.5221940624056646
0.5221837147686584
0.5221733257917547
0.522162895323891
0.5221524232133307
0.5221419093076611
0.5221313534537886
0.5221207554979361
0.5221101152856404
0.5220994326617471
0.5220887074704084
0.5220779395550802
0.5220671287585167
0.5220562749227693
0.5220453778891815
0.5220344374983863
0.5220234535903023
0.5220124260041306
0.5220013545783508
0.5219902391507177
0.5219790795582585
0.5219678756372672
0.5219566272233038
0.5219453341511886
0.5219339962549994
0.5219226133680677
0.5219111853229751
0.5218997119515504
0.5218881930848641
0.5218766285532269
0.5218650181861845
0.5218533618125142
0.5218416592602217
0.5218299103565368
0.5218181149279097
0.5218062728000078
0.5217943837977108
0.5217824477451081
0.5217704644654941
0.5217584337813649
0.521746355514414
0.5217342294855285
0.5217220555147858
0.5217098334214489
0.5216975630239631
0.5216852441399513
0.5216728765862106
0.521660460178709
0.5216479947325796
0.5216354800621178
0.5216229159807779
0.5216103023011673
0.5215976388350438
0.5215849253933114
0.5215721617860154
0.5215593478223389
0.5215464833105992
0.5215335680582418
0.5215206018718389
0.5215075845570826
0.5214945159187829
0.5214813957608617
0.5214682238863496
0.5214550000973818
0.5214417241951927
0.521428395980113
0.5214150152515644
0.5214015818080558
0.5213880954471788
0.5213745559656031
0.521360963159073
0.5213473168224018
0.5213336167494682
0.5213198627332117
0.5213060545656283
0.5212921920377658
0.5212782749397191
0.5212643030606264
0.5212502761886644
0.5212361941110433
0.5212220566140031
0.5212078634828086
0.521193614501744
0.5211793094541104
0.5211649481222188
0.5211505302873874
0.5211360557299359
0.5211215242291811
0.521106935563432
0.5210922895099857
0.5210775858451219
0.5210628243440989
0.5210480047811484
0.5210331269294711
0.5210181905612312
0.5210031954475528
0.5209881413585135
0.520973028063141
0.5209578553294077
0.5209426229242259
0.5209273306134423
0.5209119781618341
0.5208965653331037
0.5208810918898733
0.5208655575936807
0.5208499622049735
0.5208343054831054
0.5208185871863293
0.5208028070717947
0.5207869648955401
0.5207710604124894
0.5207550933764472
0.5207390635400929
0.5207229706549754
0.5207068144715088
0.5206905947389671
0.5206743112054777
0.5206579636180187
0.5206415517224119
0.5206250752633177
0.5206085339842308
0.5205919276274736
0.5205752559341931
0.5205585186443528
0.52054171549673
0.520524846228909
0.5205079105772769
0.520490908277016
0.5204738390621019
0.5204567026652951
0.5204394988181372
0.5204222272509452
0.5204048876928061
0.5203874798715709
0.5203700035138509
0.5203524583450095
0.520334844089159
0.5203171604691547
0.5202994072065885
0.5202815840217847
0.5202636906337931
0.5202457267603843
0.5202276921180444
0.5202095864219685
0.5201914093860559
0.5201731607229044
0.5201548401438041
0.5201364473587327
0.5201179820763494
0.520099444003989
0.5200808328476565
0.5200621483120216
0.5200433901004126
0.5200245579148114
0.520005651455847
0.5199866704227901
0.5199676145135476
0.5199484834246564
0.5199292768512782
0.519909994487193
0.5198906360247941
0.5198712011550817
0.5198516895676575
0.5198321009507186
0.5198124349910519
0.519792691374028
0.5197728697835958
0.5197529699022758
0.5197329914111559
0.5197129339898832
0.5196927973166596
0.5196725810682365
0.5196522849199069
0.5196319085455012
0.5196114516173805
0.5195909138064313
0.5195702947820582
0.5195495942121799
0.5195288117632216
0.5195079471001097
0.519486999886266
0.5194659697836014
0.5194448564525098
0.5194236595518628
0.5194023787390026
0.5193810136697372
0.5193595639983336
0.519338029377512
0.5193164094584397
0.5192947038907254
0.5192729123224122
0.5192510343999737
0.5192290697683047
0.5192070180707186
0.5191848789489393
0.5191626520430948
0.519140336991713
0.5191179334317142
0.5190954409984054
0.5190728593254744
0.5190501880449836
0.5190274267873637
0.5190045751814083
0.5189816328542672
0.5189585994314408
0.5189354745367737
0.5189122577924483
0.5188889488189801
0.5188655472352097
0.5188420526582987
0.5188184647037223
0.5187947829852634
0.5187710071150071
0.5187471367033348
0.5187231713589167
0.5186991106887073
0.5186749542979392
0.5186507017901162
0.5186263527670079
0.5186019068286438
0.5185773635733066
0.5185527225975273
0.5185279834960779
0.5185031458619663
0.5184782092864301
0.5184531733589306
0.5184280376671466
0.5184028017969693
0.5183774653324951
0.5183520278560204
0.5183264889480357
0.5183008481872198
0.5182751051504328
0.5182492594127124
0.5182233105472651
0.5181972581254635
0.5181711017168376
0.518144840889071
0.5181184752079939
0.5180920042375784
0.518065427539931
0.5180387446752888
0.5180119552020124
0.5179850586765804
0.5179580546535845
0.5179309426857227
0.517903722323794
0.5178763931166933
0.5178489546114047
0.5178214063529976
0.5177937478846186
0.5177659787474884
0.5177380984808948
0.5177101066221877
0.5176820027067732
0.5176537862681091
0.5176254568376981
0.5175970139450832
0.5175684571178427
0.5175397858815834
0.5175109997599376
0.5174820982745552
0.5174530809450998
0.5174239472892437
0.5173946968226623
0.5173653290590283
0.517335843510008
0.5173062396852548
0.5172765170924052
0.5172466752370726
0.5172167136228435
0.517186631751272
0.5171564291218747
0.5171261052321258
0.5170956595774532
0.5170650916512323
0.5170344009447823
0.5170035869473605
0.516972649146159
0.5169415870262986
0.5169104000708253
0.5168790877607051
0.5168476495748198
0.5168160849899626
0.5167843934808335
0.516752574520035
0.5167206275780676
0.5166885521233262
0.5166563476220953
0.5166240135385453
0.5165915493347274
0.5165589544705709
0.5165262284038784
0.5164933705903219
0.5164603804834393
0.5164272575346307
0.5163940011931534
0.51636061090612
0.5163270861184931
0.5162934262730835
0.5162596308105446
0.5162256991693707
0.5161916307858931
0.5161574250942758
0.5161230815265141
0.5160885995124297
0.5160539784796683
0.5160192178536969
0.5159843170578002
0.5159492755130778
0.515914092638442
0.5158787678506143
0.5158433005641225
0.5158076901912996
0.515771936142279
0.5157360378249943
0.5156999946451755
0.5156638060063469
0.5156274713098252
0.5155909899547175
0.5155543613379189
0.5155175848541104
0.5154806598957575
0.5154435858531082
0.5154063621141911
0.5153689880648138
0.5153314630885619
0.5152937865667969
0.5152559578786555
0.515217976401047
0.5151798415086545
0.5151415525739312
0.5151031089671017
0.5150645100561593
0.5150257552068664
0.5149868437827535
0.5149477751451186
0.5149085486530266
0.5148691636633089
0.5148296195305639
0.5147899156071555
0.5147500512432142
0.5147100257866366
0.5146698385830859
0.5146294889759919
0.5145889763065512
0.5145482999137283
0.5145074591342557
0.5144664533026344
0.5144252817511362
0.5143839438098027
0.5143424388064474
0.5143007660666569
0.514258924913792
0.514216914668989
0.5141747346511621
0.5141323841770038
0.5140898625609874
0.5140471691153691
0.5140043031501897
0.513961263973277
0.5139180508902479
0.5138746632045108
0.5138311002172687
0.5137873612275214
0.5137434455320684
0.5136993524255116
0.5136550812002596
0.5136106311465293
0.5135660015523504
0.5135211917035688
0.5134762008838495
0.5134310283746817
0.5133856734553811
0.5133401354030959
0.5132944134928091
0.513248506997344
0.5132024151873694
0.5131561373314022
0.5131096726958138
0.513063020544835
0.5130161801405603
0.5129691507429536
0.5129219316098544
0.5128745219969817
0.5128269211579413
0.5127791283442305
0.5127311428052451
0.512682963788285
0.5126345905385605
0.5125860222991994
0.5125372583112527
0.5124882978137025
0.5124391400434687
0.5123897842354148
0.5123402296223576
0.5122904754350724
0.5122405209023027
0.512190365250766
0.5121400077051632
0.5120894474881861
0.512038683820526
0.5119877159208819
0.5119365430059692
0.511885164290529
0.5118335789873358
0.5117817863072087
0.5117297854590186
0.5116775756496987
0.5116251560842546
0.5115725259657732
0.5115196844954331
0.5114666308725149
0.5114133642944119
0.5113598839566396
0.5113061890528471
0.5112522787748283
0.5111981523125322
0.5111438088540752
0.5110892475857507
0.5110344676920426
0.5109794683556361
0.51092424875743
0.5108688080765484
0.5108131454903537
0.5107572601744583
0.5107011513027379
0.5106448180473436
0.5105882595787163
0.5105314750655984
0.5104744636750477
0.5104172245724514
0.5103597569215395
0.5103020598843986
0.5102441326214866
0.5101859742916457
0.5101275840521184
0.5100689610585614
0.5100101044650598
0.5099510134241437
0.5098916870868022
0.5098321246024984
0.5097723251191866
0.5097122877833261
0.5096520117398983
0.5095914961324227
0.5095307401029731
0.5094697427921928
0.5094085033393134
0.5093470208821701
0.5092852945572186
0.5092233234995538
0.5091611068429245
0.5090986437197531
0.5090359332611527
0.5089729745969446
0.5089097668556763
0.5088463091646402
0.5087826006498908
0.508718640436265
0.5086544276473993
0.5085899614057492
0.5085252408326082
0.5084602650481271
0.5083950331713332
0.5083295443201497
0.5082637976114156
0.5081977921609058
0.5081315270833504
0.5080650014924557
0.5079982145009236
0.5079311652204734
0.5078638527618609
0.5077962762349003
0.5077284347484848
0.5076603274106081
0.5075919533283844
0.5075233116080716
0.5074544013550917
0.5073852216740529
0.5073157716687708
0.5072460504422919
0.5071760570969142
0.50710579073421
0.507035250455049
0.5069644353596199
0.5068933445474535
0.5068219771174456
0.5067503321678798
0.5066784087964512
0.5066062061002887
0.5065337231759789
0.5064609591195895
0.5063879130266933
0.506314583992391
0.5062409711113363
0.5061670734777581
0.506092890185487
0.5060184203279773
0.5059436629983324
0.5058686172893295
0.5057932822934432
0.505717657102871
0.505641740809557
0.5055655325052185
0.505489031281369
0.5054122362293444
0.5053351464403284
0.5052577610053763
0.5051800790154424
0.5051020995614028
0.5050238217340842
0.5049452446242861
0.5048663673228092
0.5047871889204791
0.5047077085081739
0.5046279251768482
0.5045478380175612
0.5044674461215014
0.5043867485800124
0.5043057444846204
0.5042244329270594
0.5041428129992976
0.504060883793565
0.5039786444023772
0.503896093918565
0.5038132314352983
0.5037300560461148
0.5036465668449448
0.5035627629261392
0.5034786433844952
0.5033942073152842
0.503309453814277
0.5032243819777722
0.5031389909026225
0.5030532796862608
0.5029672474267284
0.5028808932227006
0.5027942161735148
0.5027072153791968
0.5026198899404883
0.5025322389588733
0.5024442615366053
0.5023559567767345
0.5022673237831347
0.5021783616605304
0.5020890695145241
0.5019994464516228
0.5019094915792651
0.5018192040058488
0.5017285828407573
0.5016376271943872
0.5015463361781747
0.5014547089046227
0.5013627444873288
0.5012704420410106
0.5011778006815342
0.5010848195259396
0.5009914976924693
0.5008978343005941
0.5008038284710401
0.5007094793258156
0.5006147859882379
0.5005197475829605
0.5004243632359989
0.5003286320747584
0.50023255322806
0.5001361258261672
0.5000393490008126
0.49994222188522514
0.499844743614155
0.49974691332390203
0.4996487301523407
0.4995501932389468
0.49945130172482427
0.4993520547527316
0.49925245146710673
0.49915249101409437
0.4990521725415726
0.4989514951991774
0.4988504581383299
0.4987490605122623
0.49864730147604264
0.4985451801866023
0.49844269580276046
0.49833984748525084
0.4982366343967465
0.49813305570188626
0.49802911056729965
0.49792479816163326
0.4978201176555748
0.4977150682218804
0.4976096490353982
0.49750385927309443
0.49739769811407897
0.4972911647396297
0.49718425833321866
0.4970769780805359
0.49696932316951525
0.4968612927903593
0.4967528861355638
0.4966441023999431
0.4965349407806548
0.49642540047722367
0.4963154806915674
0.4962051806280207
0.49609449949335993
0.49598343649682775
0.49587199085015754
0.4957601617675974
0.49564794846593563
0.49553535016452355
0.49542236608530144
0.49530899545282103
0.4951952374942715
0.49508109143950246
0.4949665565210482
0.49485163197415244
0.4947363170367919
0.49462061094970006
0.4945045129563923
0.4943880223031885
0.49427113823923774
0.4941538600165427
0.49403618688998246
0.49391811811733743
0.4937996529593125
0.4936807906795613
0.4935615305447103
0.4934418718243825
0.4933218137912207
0.4932013557209121
0.4930804968922125
0.49295923658696916
0.49283757409014517
0.4927155086898439
0.49259303967733137
0.49247016634706264
0.4923468879967034
0.4922232039271551
0.49209911344257895
0.4919746158504198
0.49184971046143033
0.49172439658969525
0.49159867355265485
0.4914725406711301
0.4913459972693469
0.4912190426749595
0.4910916762190759
0.4909638972362816
0.4908357050646646
0.4907070990458399
0.49057807852497404
0.49044864285081013
0.4903187913756922
0.4901885234555907
0.49005783845012735
0.48992673572259987
0.4897952146400078
0.4896632745730777
0.48953091489628836
0.4893981349878963
0.48926493422996187
0.48913131200837506
0.4889972677128808
0.4888628007371056
0.4887279104785836
0.48859259633878316
0.4884568577231328
0.4883206940410486
0.4881841047059602
0.48804708913533806
0.48790964675072135
0.48777177697774393
0.4876334792461629
0.4874947529898857
0.4873555976469982
0.4872160126597925
0.48707599747479513
0.4869355515427961
0.4867946743188766
0.48665336526243813
0.4865116238372322
0.4863694495113885
0.48622684175744496
0.48608380005237783
0.4859403238776304
0.4857964127191441
0.4856520660673889
0.48550728341739324
0.4853620642687757
0.4852164081257753
0.4850703144972834
0.4849237828968753
0.48477681284284185
0.4846294038582216
0.48448155547083355
0.48433326721330916
0.48418453862312627
0.48403536924264096
0.4838857586191224
0.48373570630478613
0.48358521185682746
0.48343427483745693
0.483282894813934
0.4831310713586029
0.4829788040489267
0.4828260924675245
0.48267293620220525
0.48251933484600584
0.4823652879972259
0.482210795259466
0.4820558562416639
0.48190047055813184
0.4817446378285949
0.48158835767822866
0.4814316297376972
0.481274453643193
0.4811168290364741
0.4809587555649049
0.48080023288149576
0.48064126064494217
0.4804818385196654
0.48032196617585365
0.4801616432895022
0.48000086954245563
0.47983964462244855
0.47967796822314823
0.479515840044197
0.47935325979125387
0.4791902271760391
0.4790267419163759
0.4788628037362356
0.4786984123657802
0.4785335675414079
0.47836826900579676
0.4782025165079505
0.47803630980324324
0.47786964865346504
0.4777025328268689
0.4775349620982155
0.47736693624882104
0.47719845506660347
0.4770295183461303
0.4768601258886655
0.4766902775022178
0.4765199730015893
0.47634921220842263
0.4761779949512515
0.47600632106554847
0.4758341903937748
0.47566160278543024
0.4754885580971029
0.4753150561925203
0.47514109694259815
0.4749666802254931
0.474791805926653
0.4746164739388682
0.4744406841623235
0.4742644365046503
0.47408773088097805
0.4739105672139877
0.47373294543396355
0.47355486547884645
0.47337632729428747
0.4731973308337004
0.4730178760583161
0.4728379629372359
0.4726575914474861
0.47247676157407187
0.47229547331003197
0.47211372665649276
0.4719315216227241
0.4717488582261937
0.4715657364926221
0.4713821564560382
0.4711981181588353
0.471013621651826
0.4708286669942979
0.4706432542540704
0.4704573835075496
0.47027105483978526
0.47008426834452677
0.4698970241242789
0.4697093222903593
0.46952116296295376
0.4693325462711737
0.4691434723531124
0.4689539413559012
0.46876395343576693
0.4685735087580878
0.46838260749745086
0.4681912498377079
0.467999435972033
0.4678071661029777
0.46761444044252987
0.4674212592121678
0.4672276226429187
0.4670335309754138
0.4668389844599455
0.46664398335652324
0.46644852793492975
0.4662526184747772
0.46605625526556277
0.4658594386067249
0.46566216880769834
0.4654644461879702
0.46526627107713453
0.4650676438149477
0.46486856475138366
0.4646690342466877
0.4644690526714313
0.4642686204065662
0.46406773784347854
0.4638664053840419
0.4636646234406707
0.4634623924363736
0.463259712804806
0.4630565849903214
0.462853009448025
0.4626489866438242
0.46244451705447975
0.4622396011676573
0.4620342394819771
0.461828432507064
0.46162218076359757
0.4614154847833606
0.4612083451092876
0.46100076229551396
0.4607927369074212
0.46058426952168713
0.46037536072632984
0.4601660111207548
0.4599562213158001
0.45974599193378135
0.4595353236085352
0.45932421698546466
0.4591126727215795
0.45890069148554075
0.45868827395770134
0.4584754208301473
0.45826213280673755
0.4580484106031444
0.45783425494689134
0.45761966657739167
0.45740464624598565
0.45718919471597663
0.4569733127626679
0.45675700117339624
0.4565402607475663
0.4563230922966843
0.45610549664439065
0.45588747462648993
0.4556690270909831
0.455450154898096
0.45523085892030896
0.4550111400423841
0.4547909991613919
0.4545704371867378
0.4543494550401862
0.4541280536558853
0.453906233980389
0.4536839969726791
0.4534613436041858
0.4532382748588079
0.45301479173293085
0.45279089523544436
0.45256658638775893
0.45234186622382044
0.45211673579012535
0.4518911961457328
0.4516652483622762
0.45143889352397454
0.45121213272764105
0.45098496708269187
0.4507573977111524
0.4505294257476633
0.4503010523394848
0.4500722786465
0.44984310584121684
0.44961353510876756
0.44938356764690957
0.4491532046660217
0.4489224473891023
0.44869129705176325
0.44845975490222445
0.4482278222013066
0.4479955002224211
0.44776279025156096
0.4475296935872888
0.4472962115407232
0.4470623454355249
0.44682809660788037
0.44659346640648456
0.4463584561925218
0.4461230673396458
0.44588730123395776
0.4456511592739827
0.4454146428706451
0.44517775344724214
0.44494049243941663
0.4447028612951268
0.4444648614746166
0.44422649445038165
0.443987761707137
0.4437486647417811
0.44350920506335806
0.4432693841930203
0.44302920366398774
0.4427886650215062
0.4425477698228044
0.4423065196370487
0.44206491604529713
0.4418229606404515
0.44158065502720745
0.44133800082200336
0.44109499965296795
0.4408516531598658
0.4406079629940415
0.44036393081836217
0.4401195583071577
0.43987484714616143
0.43962979903244714
0.43938441567436476
0.4391386987914754
0.43889265011448436
0.43864627138517287
0.43839956435632654
0.4381525307916653
0.4379051724657686
0.4376574911640012
0.4374094886824369
0.4371611668277791
0.4369125274172832
0.43666357227867314
0.4364143032500607
0.4361647221798595
0.43591483092670047
0.4356646313593435
0.43541412535658885
0.4351633148071871
0.4349122016097464
0.4346607876726398
0.4344090749139099
0.43415706526117215
0.43390476065151745
0.43365216303141285
0.43339927435660014
0.4331460965919941
0.43289263171157827
0.43263888169829984
0.4323848485439644
0.43213053424912623
0.43187594082297953
0.43162107028324814
0.4313659246560738
0.43111050597590134
0.4308548162853653
0.4305988576351735
0.4303426320839891
0.43008614169831294
0.4298293885523629
0.42957237472795323
0.4293151023143722
0.4290575734082577
0.42879979011347336
0.42854175454098226
0.42828346880872
0.42802493504146566
0.42776615537071316
0.4275071319345408
0.4272478668774788
0.42698836235037724
0.4267286205102728
0.4264686435202528
0.42620843354932014
0.42594799277225676
0.4256873233694854
0.42542642752693133
0.42516530743588243
0.4249039652928488
0.4246424032994219
0.4243806236621312
0.4241186285923024
0.4238564203059126
0.42359400102344613
0.4233313729697491
0.423068538373883
0.42280549946897794
0.42254225849208515
0.422278817684029
0.4220151792892573
0.4217513455556927
0.42148731873458223
0.4212231010803465
0.4209586948504291
0.4206941023051434
0.4204293257075226
0.4201643673231653
0.4198992294200825
0.4196339142685448
0.4193684241409284
0.41910276131156016
0.41883692805656325
0.41857092665370305
0.4183047593822301
0.4180384285227266
0.4177719363569493
0.41750528516767405
0.4172384772385401
0.41697151485389283
0.4167044002986284
0.41643713585803677
0.41616972381764517
0.41590216646306116
0.41563446607981686
0.41536662495321125
0.41509864536815466
0.4148305296090111
0.41456227995944284
0.4142938987022532
0.4140253881192309
0.4137567504909939
0.41348798809683285
0.41321910321455696
0.41295009812033656
0.41268097508855
0.4124117363916269
0.4121423842998952
0.4118729210814257
0.411603349001879
0.41133367032435153
0.41106388730922333
0.41079400221400386
0.41052401729318183
0.41025393479807193
0.4099837569766645
0.4097134860734748
0.40944312432939267
0.40917267398153345
0.40890213726308916
0.4086315164031793
0.4083608136267047
0.4080900311541995
0.40781917120168576
0.4075482359805268
0.4072772276972838
0.40700614855357115
0.4067350007459126
0.40646378646560033
0.40619250789855155
0.40592116722516947
0.4056497666202021
0.40537830825260446
0.40510679428539853
0.40483522687553875
0.404563608173773
0.4042919403245098
0.40402022546568195
0.40374846572861406
0.40347666323789133
0.40320482011122566
0.402932938459328
0.4026610203857777
0.4023890679868953
0.40211708335161434
0.4018450685613565
0.4015730256899067
0.4013009568032888
0.4010288639596437
0.40075674920910825
0.40048461459369417
0.40021246214716977
0.39994029389494246
0.3996681118539414
0.39939591803250296
0.39912371443025607
0.39885150303800987
0.39857928583764185
0.3983070648019875
0.39803484189473193
0.3977626190703016
0.39749039827375754
0.3972181814406917
0.3969459704971212
0.396673767359388
0.39640157393405573
0.3961293921178117
0.39585722379736676
0.39558507084936023
0.39531293514026267
0.39504081852628115
0.39476872285326836
0.3944966499566292
0.3942246016612308
0.3939525797813143
0.3936805861204075
0.3934086224712376
0.39313669061564777
0.39286479232451343
0.3925929293576603
0.3923211034637841
0.39204931638037166
0.39177756983362266
0.39150586553837374
0.3912342051980239
0.3909625905044606
0.39069102313798804
0.390419504767256
0.39014803704919165
0.3898766216289301
0.38960526013974967
0.38933395420300554
0.3890627054280663
0.3887915154122526
0.3885203857407752
0.3882493179866757
0.38797831371076863
0.38770737446158465
0.38743650177531475
0.3871656971757571
0.3868949621742632
0.3866242982696873
0.38635370694833626
0.3860831896839214
0.38581274793750975
0.3855423831574798
0.3852720967794754
0.385001890226363
0.38473176490819044
0.38446172222214414
0.38419176355251167
0.38392189027064216
0.38365210373491027
0.3833824052906796
0.38311279627026873
0.3828432779929185
0.3825738517647593
0.38230451887878036
0.38203528061480063
0.3817661382394403
0.38149709300609286
0.38122814615490064
0.38095929891272834
0.3806905524931403
0.3804219080963782
0.3801533669093386
0.37988493010555324
0.37961659884516974
0.37934837427493395
0.37908025752817187
0.37881224972477445
0.3785443519711825
0.3782765653603723
0.3780088909718438
0.37774132987160713
0.3774738831121733
0.37720655173254347
0.37693933675819946
0.3766722392010972
0.37640526005965835
0.3761384003187644
0.3758716609497518
0.3756050429104079
0.37533854714496606
0.37507217458410447
0.37480592614494346
0.37453980273104504
0.37427380523241216
0.37400793452549
0.37374219147316706
0.3734765769247774
0.37321109171610256
0.3729457366693774
0.3726805125932923
0.37241542028299957
0.37215046052011785
0.3718856340727405
0.37162094169544035
0.37135638412927896
0.37109196210181455
0.37082767632711033
0.37056352750574406
0.37029951632481956
0.37003564345797463
0.3697719095653941
0.3695083152938211
0.36924486127656875
0.3689815481335329
0.36871837647120503
0.3684553468826861
0.3681924599477
0.3679297162326079
0.3676671162904235
0.36740466066082733
0.36714234987018285
0.36688018443155157
0.3666181648447096
0.36635629159616395
0.36609456515916905
0.36583298599374414
0.36557155454668955
0.3653102712516053
0.3650491365289079
0.36478815078584864
0.36452731441653163
0.36426662780193175
0.36400609130991285
0.3637457052952472
0.363485470099633
0.36322538605171395
0.36296545346709763
0.362705672648374
0.36244604388513507
0.3621865674539939
0.36192724361860273
0.3616680726296726
0.3614090547249922
0.36115019012944677
0.3608914790550369
0.3606329217008974
0.3603745182533161
0.3601162688857523
0.35985817375885587
0.3596002330204845
0.3593424468057229
0.35908481523690083
0.3588273384236104
0.3585700164627246
0.3583128494384138
0.3580558374221641
0.35779898047279357
0.3575422786364693
0.35728573194672386
0.35702934042447193
0.3567731040780247
0.35651702290310794
0.3562610968828751
0.3560053259879231
0.3557497101763069
0.3554942493935536
0.3552389435726757
0.35498379263418556
0.354728796486107
0.3544739550239886
0.35421926813091575
0.35396473567752196
0.35371035752199975
0.3534561335101119
0.35320206347520045
0.3529481472381977
0.3526943846076338
0.35244077537964585
0.35218731933798575
0.351934016254027
0.3516808658867724
0.35142786798285897
0.3511750222765644
0.3509223284898103
0.35066978633216855
0.35041739550086276
0.35016515568077194
0.34991306654443277
0.3496611277520401
0.34940933895144866
0.34915769977817196
0.348906209855382
0.34865486879390784
0.348403676192232
0.3481526316364886
0.34790173470045926
0.34765098494556673
0.34740038192087075
0.3471499251630612
0.34689961419644977
0.34664944853296303
0.34639942767213244
0.34614955110108386
0.3458998182945275
0.3456502287147454
0.3454007818115785
0.34515147702241283
0.34490231377216485
0.3446532914732653
0.34440440952564283
0.34415566731670505
0.34390706422132156
0.34365859960180134
0.3434102728078746
0.3431620831766684
0.3429140300326848
0.34266611268777597
0.3424183304411189
0.3421706825791894
0.3419231683757332
0.3416757870917384
0.34142853797540484
0.3411814202621126
0.3409344331743904
0.3406875759218809
0.3404408477013071
0.3401942476964352
0.3399477750780369
0.3397014290038527
0.33945520861854933
0.3392091130536801
0.3389631414276423
0.33871729284563246
0.33847156639960163
0.33822596116820824
0.33798047621677046
0.3377351105972163
0.33748986334803355
0.33724473349421663
0.3369997200472121
0.33675482200486545
0.33651003835136284
0.33626536805717294
0.33602081007898754
0.3357763633596601
0.3355320268281428
0.33528779939942177
0.335043679974452
0.3347996674400888
0.3345557606690187
0.33431195851968826
0.3340682598362322
0.33382466344839856
0.33358116817147293
0.33333777280620075
0.3330944761387071
0.3328512769404167
0.3326081739679703
0.33236516596313964
0.33212225165274123
0.3318794297485479
0.331636698947198
0.33139405793010385
0.3311515053633572
0.3309090398976329
0.3306666601680917
0.33042436479428033
0.3301821523800281
0.3299400215133445
0.32969797076631313
0.3294559986949824
0.32921410383925664
0.32897228472278334
0.32873053985283907
0.32848886772021235
0.32824726679908567
0.3280057355469142
0.3277642724043033
0.3275228757948816
0.3272815441251755
0.3270402757844772
0.32679906914471435
0.3265579225603134
0.32631683436806463
0.32607580288698157
0.32583482641815864
0.3255939032446284
0.32535303163121415
0.32511220982437994
0.32487143605207947
0.32463070852360143
0.3243900254294132
0.32414938494099993
0.3239087852107032
0.3236682243715561
0.3234277005371152
0.3231872118012897
0.32294675623816965
0.32270633190184855
0.3224659368262452
0.3222255690249217
0.3219852264908996
0.3217449071964711
0.32150460909300954
0.3212643301107762
0.3210240681587225
0.3207838211242917
0.3205435868732155
0.3203033632493094
0.32006314807426184
0.31982293914742393
0.319582734245594
0.3193425311227971
0.31910232751006573
0.31886212111521295
0.3186219096226044
0.31838169069292666
0.3181414619629509
0.31790122104529556
0.3176609655281827
0.3174206929751932
0.3171804009250163
0.3169400868911975
0.31669974836188197
0.3164593827995537
0.3162189876407716
0.31597856029590204
0.3157380981488475
0.31549759855677073
0.31525705884981625
0.31501647633082674
0.3147758482750566
0.31453517192988045
0.31429444451449917
0.3140536632196406
0.31381282520725623
0.3135719276102147
0.3133309675319904
0.31308994204634866
0.31284884819702596
0.31260768299740666
0.3123664434301942
0.31212512644708
0.3118837289684061
0.31164224788282546
0.3114006800469558
0.3111590222850298
0.3109172713885424
0.31067542411589105
0.3104334771920135
0.31019142730802
0.30994927112082143
0.3097070052527525
0.3094646262911913
0.3092221307881732
0.30897951525999934
0.30873677618684375
0.30849391001235227
0.3082509131432381
0.308007781948873
0.3077645127608743
0.30752110187268444
0.3072775455391498
0.30703383997609096
0.30678998135987107
0.306545965826957
0.30630178947347797
0.30605744835477855
0.3058129384849652
0.30556825583645153
0.30532339633949496
0.305078355881731
0.3048331303077032
0.30458771541838525
0.304342106970702
0.30409630067704363
0.30385029220477516
0.3036040771757421
0.30335765116577046
0.303111009704164
0.3028641482731933
0.3026170623075847
0.302369747194001
0.3021221982705194
0.3018744108261058
0.3016263801000813
0.3013781012815888
0.3011295695090526
0.30088077986963363
0.3006317273986817
0.3003824070791836
0.30013281384120605
0.29988294256133585
0.2996327880621159
0.29938234511147743
0.29913160842216824
0.2988805726511777
0.2986292323991595
0.2983775822098483
0.29812561656947656
0.2978733299061852
0.29762071658943445
0.297367770929409
0.2971144871764233
0.29686085952032176
0.29660688208987934
0.29635254895219854
0.29609785411210415
0.2958427915115379
0.29558735502895095
0.2953315384786935
0.29507533561040733
0.294818740108413
0.2945617455911004
0.29430434561031643
0.29404653365075395
0.29378830312934107
0.29352964739463056
0.29327055972619065
0.29301103333399686
0.2927510613578257
0.29249063686664933
0.2922297528580346
0.29196840225754184
0.29170657791813
0.29144427261956285
0.2911814790678201
0.2909181898945115
0.29065439765629975
0.29039009483432277
0.29012527383362713
0.28985992698260377
0.2895940465324336
0.28932762465653816
0.2890606534500395
0.2887931249292278
0.28852503103103866
0.2882563636125396
0.287987114450427
0.2877172752405348
0.28744683759735296
0.2871757930535605
0.2869041330595702
0.28663184898308786
0.28635893210868546
0.28608537363739006
0.28581116468629003
0.28553629628815574
0.2852607593910804
0.2849845448581392
0.2847076434670673
0.28443004590995896
0.2841517427929895
0.28387272463615687
0.2835929818730495
0.28331250485063875
0.2830312838290937
0.2827493089816277
0.28246657039436857
0.28218305806626026
0.28189876190899327
0.28161367174696805
0.2813277773172892
0.28104106826979497
0.280753534167121
0.28046516448480113
0.2801759486114054
0.27988587584871794
0.27959493541195507
0.2793031164300241
0.27901040794582815
0.27871679891661294
0.27842227821436283
0.2781268346262416
0.2778304568550852
0.2775331335199439
0.2772348531566782
0.2769356042186074
0.2766353750772159
0.27633415402291484
0.2760319292658645
0.27572868893685687
0.2754244210882615
0.27511911369503333
0.2748127546557903
0.27450533179395553
0.27419683285897023
0.27388724552757937
0.273576557405187
0.2732647560272914
0.27295182886099245
0.27263776330658046
0.27232254669920514
0.2720061663106261
0.27168860935104705
0.2713698629710386
0.27104991426354597
0.27072875026598653
0.27040635796244233
0.27008272428594066
0.2697578361208333
0.26943168030527176
0.26910424363377916
0.26877551285992646
0.26844547469910424
0.2681141158314054
0.2677814229046068
0.26744738253726114
0.26711198132189584
0.266775205828322
0.26643704260705375
0.26609747819284135
0.2657564991083171
0.2654140918677573
0.26507024298095794
0.2647249389572327
0.26437816630952254
0.2640299115586309
0.26368016123757543
0.26332890189606095
0.262976120105075
0.2626218024616047
0.262265935593476
0.2619085061643159
0.26154950087863815
0.2611889064870514
0.26082670979159006
0.2604628976511683
0.2600974569871569
0.2597303747890814
0.2593616381204411
0.2589912341246502
0.2586191500310963
0.2582453731613187
0.25786989093530277
0.2574926908778904
0.2571137606253037
0.2567330879317815
0.256350660676324
0.25596646686954716
0.2555804946606394
0.25519273234442347
0.2548031683685155
0.254411791340582
0.25401859003568783
0.2536235534037359
0.25322667057699
0.25282793087768274
0.2524273238256953
0.2520248391463162
0.2516204667780633
0.25121419688057184
0.2508060198425391
0.25039592628972157
0.24998390709298124
0.2495699533763684
0.24915405652524508
0.24873620819443232
0.24831640031638136
0.2478946251093617
0.247470875085654
0.24704514305974662
0.24661742215652532
0.24618770581944818
0.24575598781869956
0.24532226225931378
0.2448865235892622
0.24444876660749015
0.24400898647190486
0.24356717870729494
0.2431233392131803
0.2426774642715789
0.24222955055468537
0.2417795951324487
0.24132759548004182
0.2408735494852128
0.24041745545550863
0.23995931212536303
0.239499118663037
0.23903687467740314
0.2385725802245658
0.2381062358143049
0.23763784241633842
0.23716740146638612
0.23669491487203492
0.23622038501838977
0.23574381477350265
0.23526520749357227
0.23478456702790326
0.23430189772361787
0.23381720443011
0.2333304925032353
0.23284176780922688
0.2323510367283298
0.23185830615814781
0.23136358351669278
0.23086687674513115
0.2303681943102188
0.22986754520642277
0.22936493895771576
0.22886038561904565
0.22835389577746856
0.227845480552945
0.22733515159879042
0.22682292110178046
0.22630880178190166
0.22579280689174977
0.22527495021557042
0.22475524606793723
0.22423370929207087
0.22371035525779392
0.22318519985911953
0.22265825951147789
0.22212955114857721
0.22159909221889942
0.22106690068183393
0.22053299500345047
0.21999739415191094
0.21946011759252565
0.21892118528245608
0.21838061766506645
0.2178384356639314
0.21729466067650013
0.21674931456742655
0.2162024196615669
0.21565399873665442
0.21510407501565654
0.2145526721588182
0.2139998142554047
0.21344552581514858
0.21288983175940607
0.21233275741203797
0.21177432849002048
0.21121457109379294
0.21065351169735735
0.21009117713813655
0.20952759460660209
0.2089627916356816
0.2083967960899592
0.2078296361546756
0.20726134032454457
0.206691937392393
0.20612145643763763
0.20554992681461204
0.20497737814075337
0.20440384028466269
0.2038293433540488
0.20325391768357184
0.20267759382259531
0.20210040252285932
0.20152237472609028
0.20094354155155383
0.2003639342835707
0.19978358435899987
0.19920252335470673
0.1986207829750251
0.19803839503922782
0.19745539146901275
0.1968718042760219
0.19628766554939872
0.1957030074434009
0.19511786216507335
0.19453226196199697
0.19394623911012154
0.19335982590169104
0.19277305463327593
0.19218595759391705
0.19159856705339387
0.19101091525062402
0.19042303438220348
0.1898349565910958
0.1892467139554781
0.18865833847775237
0.1880698620737265
0.1874813165619766
0.1868927336533925
0.186304144940916
0.18571558188947535
0.18512707582612375
0.18453865793038515
0.1839503592248117
0.1833622105657609
0.18277424263439135
0.18218648592788433
0.1815989707508931
0.18101172720722472
0.1804247851917537
0.17983817438257266
0.1792519242333811
0.17866606396611318
0.17808062256380774
0.17749562876371847
0.17691111105066826
0.17632709765064564
0.1757436165246454
0.17516069536275045
0.17457836157845824
0.17399664230324774
0.17341556438138706
0.17283515436498162
0.17225543850926017
0.17167644276809663
0.17109819278976748
0.1705207139129407
0.16994403116289683
0.1693681692479744
0.16879315255624405
0.1682190051524028
0.1676457507748875
0.16707341283320618
0.16650201440548018
0.1659315782361973
0.1653621267341703
0.16479368197069744
0.16422626567792287
0.16365989924739072
0.16309460372879006
0.16253039982888837
0.1619673079106458
0.16140534799251074
0.16084453974788732
0.16028490250477595
0.15972645524557932
0.15916921660706929
0.1586132048805135
0.15805843801195418
0.15750493360263754
0.15695270890958576
0.15640178084631207
0.15585216598367063
0.15530388055083963
0.15475694043643123
0.15421136118972534
0.15366715802202302
0.15312434580811515
0.15258293908786238
0.1520429520678807
0.15150439862333226
0.15096729229981237
0.1504316463153347
0.14989747356240404
0.14936478661017938
0.1488335977067182
0.14830391878130145
0.14777576144683466
0.14724913700232037
0.14672405643540168
0.14620053042496772
0.1456785693438244
0.14515818326142182
0.14463938194663772
0.14412217487061255
0.14360657120963424
0.14309257984806847
0.14258020938133112
0.14206946811890264
0.14156036408737743
0.1410529050335493
0.1405470984275271
0.1400429514658808
0.13954047107481304
0.13903966391335498
0.1385405363765837
0.1380430945988592
0.13754734445707723
0.13705329157393828
0.13656094132122792
0.13607029882310814
0.13558136895941764
0.13509415636897745
0.13460866545290265
0.13412490037791566
0.13364286507966144
0.13316256326602172
0.13268399842042783
0.13220717380516778
0.13173209246469064
0.13125875722890207
0.13078717071645277
0.1303173353380171
0.1298492532995613
0.12938292660559908
0.1289183570624347
0.12845554628139133
0.12799449568202415
0.12753520649531722
0.12707767976686252
0.1266219163600214
0.12616791695906587
0.12571568207230052
0.12526521203516344
0.12481650701330543
0.12436956700564684
0.12392439184741133
0.1234809812131361
0.1230393346196578
0.12259945142907358
0.12216133085167652
0.12172497194886586
0.12129037363602968
0.12085753468540217
0.12042645372889221
0.11999712926088629
0.11956955964102149
0.11914374309693126
0.11871967772696282
0.11829736150286504
0.11787679227244846
0.1174579677622143
0.11704088557995582
0.11662554321732913
0.11621193805239366
0.11580006735212481
0.115389928274894
0.11498151787292081
0.11457483309469356
0.11416987078736021
0.11376662769908973
0.11336510048140172
0.11296528569146705
0.11256717979437814
0.11217077916538797
0.11177608009212099
0.11138307877675148
0.11099177133815437
0.11060215381402383
0.11021422216296423
0.10982797226654956
0.10944339993135425
0.10906050089095456
0.10867927080790007
0.1082997052756568
0.10792179982052012
0.10754554990350024
0.10717095092217808
0.10679799821253286
0.10642668705074157
0.10605701265495028
0.10568897018701698
0.10532255475422782
0.10495776141098523
0.10459458516046834
0.10423302095626746
0.1038730637039906
0.10351470826284445
0.10315794944718815
0.10280278202806166
0.1024492007346876
0.10209720025594834
0.10174677524183667
0.10139792030488227
0.10105063002155343
0.10070489893363278
0.10036072154957046
0.10001809234581205
0.0996770057681034
0.09933745623277125
0.09899943812798107
0.09866294581497181
0.09832797362926762
0.09799451588186742
0.0976625668604124
0.097332120830331
0.09700317203596232
0.09667571470165906
0.09634974303286785
0.09602525121719026
0.09570223342542176
0.09538068381257109
0.09506059651885979
0.0947419656707015
0.09442478538166162
0.09410904975339807
0.09379475287658313
0.09348188883180567
0.09317045169045607
0.09286043551559202
0.0925518343627866
0.0922446422809591
0.09193885331318737
0.09163446149750397
0.09133146086767488
0.09102984545396144
0.09072960928386582
0.09043074638286094
0.09013325077510322
0.08983711648413026
0.08954233753354371
0.08924890794767551
0.08895682175223985
0.08866607297497028
0.08837665564624247
0.08808856379968241
0.08780179147275995
0.08751633270736991
0.08723218155039794
0.08694933205427385
0.08666777827751193
0.08638751428523736
0.0861085341497006
0.08583083195077879
0.08555440177646567
0.08527923772334747
0.08500533389706882
0.08473268441278603
0.08446128339560889
0.08419112498103068
0.08392220331534804
0.08365451255606914
0.08338804687231105
0.08312280044518673
0.08285876746818194
0.08259594214752097
0.08233431870252378
0.08207389136595178
0.08181465438434475
0.08155660201834859
0.08129972854303225
0.08104402824819792
0.08078949543867905
0.08053612443463305
0.08028390957182246
0.08003284520188891
0.07978292569261879
0.07953414542820006
0.0792864988094719
0.07903998025416568
0.07879458419713854
0.07855030509059951
0.07830713740432782
0.07806507562588381
0.07782411426081388
0.07758424783284647
0.077345470884083
0.07710777797518066
0.07687116368552957
0.07663562261342265
0.07640114937621996
0.07616773861050594
0.07593538497224135
0.07570408313690863
0.07547382779965153
0.07524461367540958
0.07501643549904564
0.0747892880254693
0.07456316602975412
0.0743380643072498
0.0741139776736893
0.07389090096529023
0.07366882903885262
0.07344775677185011
0.07322767906251781
0.07300859082993465
0.0727904870141019
0.07257336257601635
0.07235721249774013
0.07214203178246503
0.07192781545457412
0.07171455855969791
0.07150225616476774
0.07129090335806379
0.07108049524926126
0.07087102696947067
0.07066249367127636
0.07045489052877005
0.07024821273758164
0.07004245551490686
0.06983761409953045
0.06963368375184739
0.06943065975388035
0.06922853740929388
0.06902731204340586
0.06882697900319605
0.06862753365731147
0.06842897139606913
0.0682312876314562
0.06803447779712721
0.06783853734839855
0.0676434617622408
0.06744924653726855
0.06725588719372722
0.06706337927347822
0.06687171833998118
0.0666808999782749
0.06649091979495458
0.06630177341814883
0.0661134564974923
0.06592596470409888
0.06573929373053086
0.06555343929076679
0.06536839712016837
0.06518416297544388
0.06500073263461126
0.06481810189695891
0.0646362665830045
0.06445522253445284
0.06427496561415169
0.06409549170604614
0.06391679671513167
0.06373887656740515
0.06356172720981582
0.06338534461021274
0.06320972475729338
0.063034863660549
0.06286075735020948
0.06268740187718712
0.06251479331301925
0.06234292774980928
0.062171801300166904
0.06200141009714759
0.06183175029419026
0.0616628180650548
0.06149460960375798
0.061327121124508666
0.06116034886164254
0.06099428906955506
0.0608289380226344
0.06066429201519317
0.060500347361399476
0.06033710039520723
0.06017454747028572
0.06001268495994845
0.059851509257081256
0.05969101677407021
0.0595312039427279
0.059372067214220586
0.05921360305899346
0.059055807966696044
0.05889867844610687
0.058742211025057556
0.05858640225035701
0.05843124868771413
0.05827674692166117
0.05812289355547581
0.057969685211103385
0.05781711852907882
0.05766519016844733
0.05751389680668621
0.05736323513962466
0.05721320188136508
0.05706379376420255
0.05691500753854484
0.05676683997283241
0.05661928785345716
0.05647234798468202
0.05632601718856007
0.0561802923048529
0.05603517019094959
0.0558906477217852
0.05574672178975923
0.05560338930465336
0.05546064719355021
0.05531849240075098
0.05517692188769382
0.05503593263287142
0.05489552163174874
0.054755685896681436
0.054616422456832875
0.0544777283580925
0.054339600662993315
0.054202036450629605
0.05406503281657499
0.0539285868727999
0.053792695747589575
0.05365735658546203
0.05352256654708574
0.053388322809198085
0.05325462256452299
0.05312146302168913
0.052988841405148535
0.052856754955094586
0.05272520092738079
0.05259417659343884
0.052463679240197944
0.05233370617000339
0.052204254700535274
0.052075322164728
0.05194690591068939
0.05181900330162007
0.05169161171573314
0.05156472854617394
0.051438351200940105
0.051312477102801124
0.051187103689219825
0.05106222841227146
0.05093784873856574
0.05081396214916686
0.050690566139515
0.05056765821934783
0.0504452359126217
0.05032329675743367
0.050201838305943686
0.050080858124296544
0.049960353792544814
