0.6137576485965174
0.6713510310189486
0.6491492346382095
0.6275162773059777
0.6071623485219422
0.5887302850822185
0.5726821226010969
0.5592339253952125
0.5483548344731294
0.5398214694667951
0.5332982384618518
0.5284132603137451
0.5248125321519441
0.5221892870797379
0.5202939028657954
0.5189319077867809
0.5179563433044553
0.5172585071919583
0.5167591915535172
0.5164012797056151
0.5161438798013813
0.5159578572738432
0.515822519285033
0.5157231961776492
0.515649497732182
0.5155940659166295
0.5155516875813919
0.5155186655170567
0.5154923737062598
0.5154709432867893
0.5154530409833346
0.515437712819548
0.515424273856907
0.5154122303622402
0.515401224817031
0.5153909970172306
0.5153813565122783
0.5153721630404745
0.5153633126087298
0.5153547275614253
0.5153463494728546
0.5153381340419507
0.5153300474100139
0.5153220634923579
0.5153141620345651
0.515306327188381
0.5152985464617343
0.5152908099393242
0.5152831096998582
0.515275439377024
0.5152677938261491
0.5152601688690976
0.5152525610974864
0.515244967719702
0.5152373864410671
0.5152298153692961
0.515222252939393
0.5152146978536198
0.515207149033234
0.5151996055794813
0.5151920667419259
0.5151845318926267
0.5151770005050064
0.5151694721365019
0.5151619464142847
0.5151544230234731
0.5151469016973884
0.5151393822094805
0.5151318643666315
0.5151243480035911
0.5151168329783509
0.5151093191682918
0.5151018064669788
0.5150942947814845
0.5150867840301613
0.5150792741407788
0.5150717650489722
0.5150642566969453
0.5150567490323867
0.5150492420075661
0.5150417355785772
0.5150342297047072
0.5150267243479079
0.5150192194723545
0.5150117150440774
0.5150042110306526
0.5149967074009452
0.5149892041248924
0.5149817011733248
0.514974198517814
0.5149666961305487
0.514959193984227
0.5149516920519703
0.5149441903072484
0.5149366887238185
0.514929187275674
0.5149216859370005
0.5149141846821409
0.5149066834855645
0.5148991823218425
0.5148916811656268
0.5148841799916323
0.5148766787746224
0.5148691774893971
0.5148616761107824
0.5148541746136215
0.5148466729727682
0.5148391711630813
0.5148316691594192
0.5148241669366356
0.5148166644695761
0.5148091617330766
0.514801658701959
0.5147941553510309
0.5147866516550834
0.5147791475888895
0.5147716431272039
0.5147641382447611
0.5147566329162752
0.5147491271164397
0.5147416208199262
0.5147341140013855
0.5147266066354451
0.5147190986967116
0.5147115901597684
0.514704080999177
0.5146965711894764
0.5146890607051828
0.5146815495207908
0.5146740376107719
0.5146665249495759
0.5146590115116296
0.5146514972713387
0.5146439822030867
0.5146364662812347
0.5146289494801228
0.5146214317740694
0.5146139131373713
0.5146063935443039
0.5145988729691225
0.5145913513860605
0.5145838287693311
0.5145763050931268
0.5145687803316197
0.514561254458962
0.514553727449286
0.5145461992767038
0.5145386699153081
0.514531139339172
0.5145236075223504
0.5145160744388776
0.5145085400627701
0.5145010043680258
0.5144934673286242
0.5144859289185262
0.5144783891116749
0.5144708478819957
0.5144633052033964
0.5144557610497675
0.5144482153949822
0.5144406682128968
0.514433119477351
0.5144255691621675
0.5144180172411535
0.5144104636880995
0.5144029084767802
0.5143953515809548
0.5143877929743669
0.5143802326307451
0.5143726705238025
0.5143651066272381
0.5143575409147356
0.5143499733599652
0.5143424039365823
0.5143348326182284
0.5143272593785317
0.5143196841911066
0.5143121070295548
0.5143045278674641
0.5142969466784102
0.5142893634359562
0.5142817781136526
0.5142741906850379
0.5142666011236386
0.51425900940297
0.5142514154965353
0.5142438193778269
0.5142362210203263
0.5142286203975042
0.5142210174828202
0.5142134122497249
0.5142058046716573
0.5141981947220478
0.5141905823743166
0.5141829676018745
0.5141753503781238
0.5141677306764569
0.5141601084702583
0.5141524837329039
0.5141448564377609
0.5141372265581893
0.5141295940675408
0.5141219589391592
0.5141143211463827
0.5141066806625403
0.5140990374609553
0.5140913915149445
0.5140837427978179
0.5140760912828796
0.5140684369434275
0.5140607797527543
0.514053119684147
0.5140454567108872
0.5140377908062518
0.5140301219435129
0.5140224500959377
0.5140147752367896
0.5140070973393281
0.513999416376808
0.5139917323224812
0.5139840451495962
0.5139763548313976
0.5139686613411281
0.5139609646520273
0.5139532647373319
0.5139455615702769
0.5139378551240953
0.513930145372018
0.513922432287274
0.513914715843092
0.5139069960126987
0.5138992727693205
0.5138915460861825
0.5138838159365098
0.5138760822935272
0.5138683451304594
0.5138606044205314
0.5138528601369687
0.5138451122529976
0.5138373607418446
0.5138296055767382
0.5138218467309076
0.513814084177584
0.51380631789
0.51379854784139
0.5137907740049913
0.5137829963540431
0.5137752148617871
0.5137674295014684
0.5137596402463345
0.5137518470696368
0.5137440499446296
0.5137362488445715
0.513728443742724
0.5137206346123538
0.5137128214267317
0.5137050041591321
0.5136971827828356
0.5136893572711265
0.5136815275972948
0.513673693734636
0.5136658556564506
0.5136580133360454
0.513650166746733
0.5136423158618318
0.5136344606546672
0.5136266010985708
0.5136187371668809
0.5136108688329428
0.5136029960701092
0.5135951188517399
0.5135872371512022
0.5135793509418716
0.5135714601971307
0.5135635648903714
0.5135556649949925
0.5135477604844023
0.513539851332018
0.5135319375112645
0.513524018995577
0.5135160957583992
0.5135081677731846
0.5135002350133964
0.5134922974525071
0.5134843550639997
0.5134764078213669
0.5134684556981125
0.51346049866775
0.5134525367038042
0.5134445697798105
0.513436597869315
0.5134286209458758
0.5134206389830621
0.5134126519544544
0.5134046598336451
0.5133966625942388
0.5133886602098516
0.5133806526541123
0.513372639900662
0.5133646219231541
0.5133565986952552
0.5133485701906446
0.5133405363830147
0.5133324972460709
0.5133244527535321
0.5133164028791306
0.5133083475966129
0.5133002868797387
0.5132922207022823
0.5132841490380313
0.5132760718607887
0.5132679891443708
0.5132599008626093
0.5132518069893504
0.513243707498455
0.5132356023637994
0.5132274915592748
0.5132193750587875
0.5132112528362598
0.5132031248656292
0.5131949911208492
0.5131868515758886
0.5131787062047329
0.5131705549813831
0.513162397879857
0.5131542348741884
0.5131460659384279
0.5131378910466425
0.5131297101729161
0.5131215232913493
0.5131133303760599
0.5131051314011832
0.5130969263408711
0.513088715169293
0.5130804978606363
0.5130722743891052
0.5130640447289226
0.5130558088543284
0.513047566739581
0.5130393183589563
0.513031063686749
0.5130228026972719
0.5130145353648558
0.5130062616638502
0.5129979815686235
0.5129896950535626
0.5129814020930727
0.5129731026615791
0.5129647967335246
0.5129564842833721
0.5129481652856036
0.5129398397147198
0.5129315075452415
0.5129231687517082
0.5129148233086795
0.5129064711907347
0.5128981123724722
0.5128897468285107
0.5128813745334888
0.512872995462065
0.5128646095889176
0.5128562168887449
0.512847817336266
0.5128394109062203
0.5128309975733667
0.5128225773124852
0.512814150098376
0.5128057159058602
0.5127972747097792
0.5127888264849952
0.512780371206391
0.5127719088488705
0.5127634393873584
0.5127549627968002
0.5127464790521626
0.5127379881284329
0.5127294900006203
0.5127209846437546
0.5127124720328866
0.5127039521430891
0.5126954249494556
0.5126868904271015
0.5126783485511628
0.5126697992967978
0.5126612426391859
0.5126526785535279
0.5126441070150468
0.5126355279989863
0.5126269414806125
0.5126183474352128
0.5126097458380967
0.5126011366645951
0.5125925198900608
0.5125838954898683
0.5125752634394143
0.5125666237141169
0.5125579762894167
0.5125493211407756
0.5125406582436776
0.5125319875736289
0.5125233091061578
0.5125146228168138
0.5125059286811695
0.5124972266748187
0.5124885167733775
0.5124797989524839
0.5124710731877986
0.5124623394550034
0.512453597729803
0.5124448479879238
0.5124360902051139
0.5124273243571447
0.512418550419808
0.5124097683689193
0.5124009781803149
0.5123921798298541
0.5123833732934174
0.5123745585469084
0.5123657355662519
0.512356904327395
0.5123480648063068
0.5123392169789786
0.5123303608214234
0.5123214963096765
0.512312623419795
0.5123037421278578
0.5122948524099658
0.512285954242242
0.512277047600831
0.5122681324618995
0.5122592088016358
0.5122502765962501
0.5122413358219744
0.5122323864550621
0.5122234284717888
0.5122144618484514
0.5122054865613687
0.5121965025868804
0.5121875099013489
0.512178508481157
0.5121694983027094
0.5121604793424321
0.5121514515767732
0.5121424149822009
0.5121333695352055
0.5121243152122982
0.5121152519900112
0.5121061798448985
0.5120970987535343
0.5120880086925145
0.5120789096384555
0.5120698015679948
0.5120606844577905
0.512051558284522
0.5120424230248886
0.5120332786556105
0.5120241251534292
0.5120149624951054
0.5120057906574214
0.5119966096171791
0.511987419351201
0.5119782198363296
0.5119690110494277
0.5119597929673781
0.5119505655670838
0.5119413288254673
0.5119320827194709
0.5119228272260565
0.5119135623222065
0.511904287984922
0.5118950041912238
0.5118857109181519
0.5118764081427659
0.5118670958421447
0.5118577739933856
0.5118484425736054
0.5118391015599398
0.5118297509295432
0.5118203906595888
0.511811020727268
0.5118016411097914
0.5117922517843874
0.5117828527283025
0.5117734439188024
0.5117640253331696
0.5117545969487055
0.5117451587427289
0.5117357106925764
0.5117262527756021
0.511716784969178
0.511707307250693
0.5116978195975537
0.5116883219871832
0.5116788143970221
0.5116692968045282
0.5116597691871752
0.5116502315224539
0.511640683787872
0.5116311259609527
0.5116215580192365
0.5116119799402786
0.511602391701652
0.511592793280944
0.5115831846557581
0.5115735658037137
0.5115639367024456
0.511554297329603
0.5115446476628513
0.5115349876798705
0.5115253173583556
0.5115156366760159
0.5115059456105755
0.5114962441397731
0.5114865322413614
0.5114768098931074
0.5114670770727918
0.5114573337582093
0.5114475799271679
0.5114378155574899
0.5114280406270099
0.5114182551135762
0.51140845899505
0.5113986522493054
0.5113888348542288
0.5113790067877197
0.5113691680276897
0.5113593185520618
0.5113494583387721
0.5113395873657682
0.5113297056110089
0.5113198130524645
0.5113099096681173
0.5112999954359597
0.5112900703339958
0.5112801343402404
0.5112701874327178
0.5112602295894644
0.5112502607885252
0.511240281007956
0.5112302902258227
0.5112202884201997
0.5112102755691721
0.5112002516508333
0.5111902166432861
0.511180170524642
0.5111701132730215
0.511160044866553
0.5111499652833739
0.5111398745016286
0.5111297724994703
0.5111196592550594
0.5111095347465637
0.5110993989521584
0.5110892518500254
0.511079093418354
0.5110689236353394
0.5110587424791835
0.5110485499280943
0.5110383459602861
0.5110281305539781
0.5110179036873959
0.5110076653387701
0.5109974154863361
0.5109871541083344
0.51097688118301
0.5109665966886123
0.510956300603395
0.5109459929056158
0.5109356735735359
0.5109253425854198
0.5109149999195358
0.5109046455541548
0.5108942794675506
0.5108839016379996
0.5108735120437803
0.5108631106631736
0.5108526974744617
0.510842272455929
0.5108318355858608
0.5108213868425434
0.5108109262042647
0.510800453649312
0.5107899691559742
0.5107794727025392
0.5107689642672955
0.5107584438285311
0.5107479113645327
0.5107373668535868
0.5107268102739786
0.5107162416039912
0.510705660821907
0.5106950679060058
0.5106844628345654
0.5106738455858606
0.5106632161381643
0.5106525744697461
0.5106419205588714
0.5106312543838034
0.5106205759228006
0.510609885154118
0.5105991820560052
0.5105884666067082
0.5105777387844674
0.5105669985675185
0.5105562459340915
0.5105454808624103
0.5105347033306927
0.5105239133171509
0.51051311079999
0.5105022957574078
0.5104914681675956
0.5104806280087365
0.5104697752590067
0.5104589098965735
0.5104480318995961
0.510437141246225
0.5104262379146017
0.5104153218828589
0.5104043931291189
0.5103934516314945
0.5103824973680888
0.5103715303169939
0.5103605504562908
0.5103495577640502
0.510338552218331
0.5103275337971804
0.5103165024786335
0.5103054582407132
0.5102944010614296
0.5102833309187804
0.5102722477907491
0.5102611516553064
0.5102500424904085
0.5102389202739978
0.5102277849840018
0.5102166365983334
0.5102054750948902
0.5101943004515542
0.5101831126461918
0.5101719116566525
0.51016069746077
0.510149470036361
0.5101382293612249
0.5101269754131431
0.5101157081698802
0.510104427609182
0.5100931337087753
0.5100818264463688
0.5100705057996519
0.5100591717462936
0.510047824263944
0.5100364633302326
0.5100250889227679
0.5100137010191381
0.5100022995969093
0.509990884633627
0.5099794561068136
0.5099680139939698
0.5099565582725732
0.5099450889200787
0.5099336059139177
0.5099221092314972
0.509910598850201
0.5098990747473872
0.5098875369003901
0.5098759852865185
0.5098644198830549
0.5098528406672562
0.5098412476163536
0.5098296407075503
0.5098180199180233
0.5098063852249219
0.5097947366053673
0.5097830740364526
0.5097713974952424
0.509759706958772
0.5097480024040475
0.5097362838080453
0.5097245511477113
0.5097128043999614
0.5097010435416799
0.5096892685497203
0.509677479400904
0.5096656760720208
0.5096538585398271
0.5096420267810475
0.5096301807723724
0.5096183204904591
0.5096064459119304
0.5095945570133745
0.5095826537713453
0.5095707361623607
0.5095588041629036
0.5095468577494199
0.5095348968983195
0.5095229215859756
0.5095109317887234
0.5094989274828607
0.5094869086446472
0.5094748752503037
0.5094628272760119
0.5094507646979148
0.5094386874921145
0.5094265956346735
0.5094144891016136
0.509402367868915
0.5093902319125169
0.5093780812083155
0.5093659157321658
0.5093537354598794
0.5093415403672246
0.5093293304299257
0.5093171056236634
0.5093048659240733
0.5092926113067463
0.5092803417472277
0.5092680572210166
0.5092557577035662
0.5092434431702828
0.5092311135965251
0.509218768957604
0.509206409228783
0.5091940343852763
0.5091816444022491
0.5091692392548173
0.5091568189180468
0.5091443833669527
0.5091319325764997
0.5091194665216008
0.5091069851771173
0.5090944885178581
0.5090819765185796
0.5090694491539847
0.5090569063987226
0.5090443482273884
0.5090317746145229
0.5090191855346111
0.509006580962083
0.5089939608713122
0.5089813252366162
0.5089686740322547
0.5089560072324306
0.5089433248112883
0.5089306267429143
0.5089179130013356
0.5089051835605201
0.5088924383943753
0.5088796774767488
0.508866900781427
0.508854108282135
0.5088412999525356
0.5088284757662296
0.5088156356967549
0.5088027797175857
0.5087899078021323
0.5087770199237407
0.5087641160556922
0.508751196171202
0.5087382602434198
0.5087253082454288
0.5087123401502455
0.508699355930818
0.5086863555600276
0.5086733390106857
0.5086603062555358
0.5086472572672515
0.508634192018436
0.5086211104816221
0.5086080126292715
0.508594898433774
0.5085817678674477
0.5085686209025373
0.5085554575112148
0.5085422776655778
0.5085290813376502
0.5085158684993807
0.5085026391226423
0.5084893931792325
0.508476130640872
0.5084628514792049
0.5084495556657969
0.5084362431721363
0.5084229139696322
0.5084095680296149
0.5083962053233343
0.5083828258219604
0.5083694294965823
0.5083560163182073
0.5083425862577606
0.5083291392860855
0.5083156753739413
0.5083021944920041
0.5082886966108652
0.5082751817010316
0.5082616497329244
0.508248100676879
0.5082345345031439
0.5082209511818807
0.508207350683163
0.5081937329769761
0.508180098033217
0.5081664458216919
0.5081527763121183
0.5081390894741222
0.5081253852772383
0.5081116636909102
0.508097924684488
0.5080841682272297
0.5080703942882989
0.5080566028367656
0.5080427938416044
0.508028967271695
0.5080151230958204
0.5080012612826676
0.5079873818008263
0.5079734846187872
0.5079595697049443
0.507945637027591
0.5079316865549217
0.5079177182550305
0.5079037320959103
0.5078897280454525
0.5078757060714462
0.5078616661415779
0.5078476082234304
0.5078335322844827
0.507819438292109
0.5078053262135779
0.5077911960160522
0.5077770476665884
0.5077628811321353
0.5077486963795339
0.507734493375517
0.5077202720867076
0.5077060324796195
0.5076917745206556
0.507677498176108
0.5076632034121568
0.5076488901948696
0.5076345584902012
0.5076202082639925
0.5076058394819698
0.507591452109745
0.5075770461128134
0.5075626214565543
0.5075481781062303
0.5075337160269858
0.5075192351838469
0.5075047355417205
0.5074902170653939
0.5074756797195343
0.5074611234686872
0.5074465482772765
0.507431954109604
0.5074173409298477
0.5074027087020623
0.5073880573901778
0.5073733869579986
0.5073586973692037
0.5073439885873453
0.5073292605758482
0.5073145132980093
0.5072997467169967
0.507284960795849
0.5072701554974747
0.5072553307846518
0.5072404866200262
0.507225622966112
0.5072107397852901
0.5071958370398076
0.5071809146917776
0.5071659727031774
0.5071510110358493
0.5071360296514982
0.5071210285116923
0.5071060075778613
0.5070909668112966
0.5070759061731496
0.5070608256244319
0.5070457251260139
0.5070306046386243
0.5070154641228491
0.507000303539132
0.5069851228477715
0.5069699220089224
0.5069547009825935
0.5069394597286477
0.5069241982068006
0.5069089163766205
0.5068936141975269
0.5068782916287904
0.5068629486295313
0.5068475851587193
0.5068322011751726
0.5068167966375565
0.5068013715043844
0.5067859257340149
0.5067704592846521
0.5067549721143454
0.5067394641809869
0.5067239354423125
0.5067083858559005
0.5066928153791699
0.5066772239693808
0.5066616115836333
0.5066459781788664
0.5066303237118575
0.5066146481392212
0.5065989514174091
0.5065832335027084
0.5065674943512418
0.5065517339189658
0.5065359521616704
0.5065201490349788
0.5065043244943452
0.5064884784950554
0.5064726109922253
0.5064567219407996
0.5064408112955524
0.5064248790110848
0.5064089250418254
0.5063929493420284
0.5063769518657731
0.5063609325669638
0.5063448913993278
0.5063288283164151
0.506312743271598
0.5062966362180695
0.5062805071088424
0.5062643558967499
0.5062481825344425
0.5062319869743888
0.5062157691688741
0.5061995290699998
0.5061832666296818
0.506166981799651
0.5061506745314508
0.5061343447764372
0.5061179924857779
0.5061016176104515
0.5060852201012456
0.5060687999087577
0.5060523569833929
0.5060358912753633
0.5060194027346873
0.506002891311189
0.5059863569544969
0.5059697996140426
0.5059532192390611
0.5059366157785888
0.5059199891814632
0.5059033393963213
0.5058866663715997
0.5058699700555332
0.5058532503961537
0.5058365073412894
0.505819740838564
0.5058029508353956
0.505786137278996
0.5057693001163701
0.5057524392943138
0.505735554759414
0.5057186464580481
0.5057017143363817
0.5056847583403687
0.5056677784157504
0.5056507745080537
0.5056337465625909
0.5056166945244588
0.5055996183385371
0.5055825179494882
0.5055653933017554
0.5055482443395632
0.5055310710069149
0.5055138732475927
0.505496651005156
0.5054794042229411
0.5054621328440599
0.505444836811399
0.505427516067618
0.5054101705551503
0.5053928002162
0.5053754049927427
0.5053579848265232
0.5053405396590552
0.5053230694316204
0.505305574085267
0.5052880535608091
0.5052705077988254
0.5052529367396589
0.5052353403234147
0.5052177184899599
0.5052000711789226
0.5051823983296906
0.5051646998814099
0.505146975772985
0.5051292259430767
0.5051114503301013
0.50509364887223
0.5050758215073877
0.5050579681732517
0.5050400888072508
0.5050221833465645
0.5050042517281218
0.5049862938886001
0.5049683097644239
0.5049502992917646
0.5049322624065385
0.5049141990444064
0.504896109140772
0.5048779926307815
0.5048598494493218
0.5048416795310203
0.5048234828102429
0.5048052592210934
0.5047870086974127
0.5047687311727775
0.5047504265804986
0.504732094853621
0.504713735924922
0.5046953497269099
0.5046769361918241
0.5046584952516328
0.504640026838032
0.5046215308824452
0.5046030073160225
0.5045844560696371
0.5045658770738876
0.5045472702590946
0.5045286355552998
0.5045099728922662
0.5044912821994755
0.5044725634061276
0.5044538164411397
0.5044350412331449
0.5044162377104908
0.5043974058012393
0.504378545433164
0.5043596565337505
0.5043407390301946
0.5043217928494014
0.5043028179179835
0.5042838141622605
0.5042647815082582
0.504245719881706
0.5042266292080375
0.5042075094123885
0.504188360419595
0.5041691821541942
0.5041499745404208
0.5041307375022078
0.5041114709631844
0.5040921748466751
0.5040728490756982
0.5040534935729649
0.5040341082608787
0.5040146930615325
0.5039952478967094
0.50397577268788
0.5039562673562022
0.5039367318225195
0.5039171660073599
0.5038975698309349
0.5038779432131374
0.5038582860735419
0.5038385983314024
0.5038188799056514
0.5037991307148982
0.5037793506774285
0.503759539711203
0.5037396977338554
0.5037198246626923
0.5036999204146908
0.5036799849064982
0.5036600180544305
0.5036400197744709
0.5036199899822688
0.5035999285931383
0.5035798355220575
0.5035597106836666
0.5035395539922668
0.5035193653618195
0.5034991447059445
0.5034788919379185
0.5034586069706756
0.5034382897168028
0.5034179400885419
0.5033975579977867
0.5033771433560817
0.5033566960746213
0.5033362160642478
0.5033157032354514
0.5032951574983672
0.503274578762775
0.5032539669380987
0.5032333219334026
0.5032126436573926
0.5031919320184135
0.5031711869244482
0.5031504082831162
0.503129596001672
0.5031087499870045
0.503087870145635
0.5030669563837165
0.5030460086070315
0.5030250267209917
0.5030040106306357
0.5029829602406282
0.5029618754552587
0.5029407561784398
0.5029196023137064
0.5028984137642135
0.5028771904327355
0.5028559322216652
0.5028346390330112
0.5028133107683974
0.502791947329062
0.5027705486158549
0.5027491145292375
0.5027276449692807
0.5027061398356638
0.5026845990276727
0.502663022444199
0.5026414099837383
0.5026197615443894
0.5025980770238515
0.5025763563194243
0.5025545993280061
0.502532805946092
0.502510976069773
0.502489109594734
0.5024672064162533
0.5024452664292003
0.5024232895280341
0.5024012756068034
0.5023792245591425
0.502357136278273
0.5023350106569999
0.5023128475877108
0.5022906469623754
0.5022684086725432
0.5022461326093414
0.5022238186634753
0.5022014667252253
0.5021790766844455
0.5021566484305634
0.5021341818525773
0.5021116768390551
0.5020891332781334
0.5020665510575147
0.5020439300644676
0.502021270185824
0.5019985713079783
0.5019758333168858
0.5019530560980607
0.5019302395365753
0.5019073835170584
0.5018844879236931
0.501861552640216
0.5018385775499155
0.5018155625356303
0.5017925074797477
0.5017694122642021
0.501746276770474
0.5017231008795875
0.5016998844721097
0.5016766274281486
0.5016533296273515
0.5016299909489041
0.5016066112715286
0.5015831904734812
0.5015597284325521
0.5015362250260638
0.5015126801308675
0.5014890936233442
0.5014654653794012
0.5014417952744719
0.5014180831835132
0.5013943289810043
0.5013705325409451
0.5013466937368547
0.5013228124417697
0.5012988885282424
0.5012749218683397
0.501250912333641
0.5012268597952367
0.5012027641237269
0.5011786251892192
0.5011544428613279
0.5011302170091716
0.5011059475013715
0.5010816342060508
0.5010572769908316
0.5010328757228347
0.5010084302686773
0.5009839404944705
0.5009594062658191
0.5009348274478193
0.5009102039050567
0.5008855355016053
0.5008608221010251
0.5008360635663613
0.5008112597601416
0.500786410544375
0.5007615157805507
0.5007365753296351
0.5007115890520716
0.5006865568077774
0.5006614784561428
0.5006363538560291
0.5006111828657671
0.5005859653431551
0.5005607011454575
0.5005353901294023
0.5005100321511807
0.5004846270664439
0.5004591747303024
0.5004336749973239
0.5004081277215313
0.500382532756401
0.5003568899548618
0.5003311991692921
0.5003054602515187
0.5002796730528152
0.5002538374238993
0.5002279532149325
0.5002020202755167
0.5001760384546936
0.5001500076009421
0.5001239275621769
0.5000977981857464
0.5000716193184315
0.5000453908064428
0.5000191124954195
0.49999278423042737
0.49996640585595653
0.4999399772159202
0.4999134981536525
0.4998869685119065
0.4998603881328527
0.49983375685807657
0.49980707452857737
0.4997803409847654
0.4997535560664611
0.49972671961289267
0.49969983146269337
0.49967289145390137
0.49964589942395593
0.49961885520969707
0.4995917586473623
0.49956460957258597
0.4995374078203957
0.4995101532252124
0.4994828456208466
0.49945548484049734
0.49942807071674994
0.4994006030815741
0.49937308176632206
0.4993455066017262
0.4993178774178971
0.49929019404432223
0.49926245630986316
0.4992346640427534
0.4992068170705972
0.49917891522036667
0.49915095831840056
0.49912294619040115
0.4990948786614333
0.4990667555559215
0.4990385766976485
0.4990103419097523
0.49898205101472515
0.49895370383441073
0.49892530019000214
0.49889683990204003
0.49886832279041016
0.49883974867434144
0.4988111173724037
0.4987824287025057
0.4987536824818928
0.4987248785271448
0.498696016654174
0.4986670966782223
0.49863811841386013
0.4986090816749833
0.4985799862748111
0.49855083202588407
0.4985216187400619
0.4984923462285212
0.4984630143017526
0.49843362276955944
0.498404171441055
0.49837466012466003
0.4983450886281008
0.4983154567584067
0.4982857643219081
0.4982560111242334
0.49822619697030746
0.4981963216643493
0.4981663850098681
0.49813638680966366
0.4981063268658214
0.4980762049797112
0.49804602095198547
0.49801577458257523
0.497985465670689
0.4979550940148102
0.4979246594126938
0.4978941616613648
0.4978636005571158
0.49783297589550346
0.49780228747134714
0.49777153507872623
0.4977407185109768
0.49770983756069004
0.49767889201970916
0.49764788167912705
0.49761680632928396
0.4975856657597638
0.4975544597593932
0.4975231881162376
0.4974918506175992
0.49746044705001446
0.4974289771992508
0.49739744085030446
0.4973658377873982
0.4973341677939774
0.4973024306527083
0.4972706261454755
0.49723875405337825
0.49720681415672824
0.49717480623504734
0.49714273006706355
0.49711058543070996
0.4970783721031197
0.49704608986062576
0.4970137384787554
0.49698131773222953
0.49694882739495877
0.4969162672400407
0.49688363703975696
0.4968509365655702
0.49681816558812175
0.49678532387722785
0.4967524112018773
0.49671942733022806
0.49668637202960464
0.4966532450664945
0.49662004620654554
0.49658677521456307
0.4965534318545062
0.49652001588948513
0.4964865270817581
0.49645296519272825
0.49641932998294
0.4963856212120766
0.49635183863895604
0.496317982021529
0.4962840511168746
0.4962500456811979
0.4962159654698258
0.49618181023720487
0.4961475797368966
0.49611327372157565
0.49607889194302535
0.4960444341521348
0.49600990009889545
0.49597528953239767
0.495940602200827
0.4959058378514612
0.49587099623066666
0.49583607708389466
0.495801080155678
0.4957660051896276
0.49573085192842853
0.495695620113837
0.49566030948667605
0.4956249197868325
0.495589450753253
0.49555390212394074
0.49551827363595113
0.4954825650253883
0.4954467760274019
0.49541090637618235
0.49537495580495805
0.49533892404599056
0.4953028108305715
0.49526661588901827
0.4952303389506708
0.4951939797438863
0.4951575379960368
0.4951210134335042
0.49508440578167656
0.4950477147649442
0.49501094010669555
0.49497408152931277
0.4949371387541682
0.4949001115016197
0.494862999491007
0.4948258024406465
0.4947885200678288
0.4947511520888126
0.49471369821882155
0.4946761581720398
0.4946385316616069
0.4946008183996145
0.49456301809710135
0.4945251304640491
0.49448715520937764
0.4944490920409407
0.49441094066552144
0.4943727007888279
0.4943343721154882
0.494295954349046
0.49425744719195663
0.4942188503455808
0.4941801635101814
0.49414138638491845
0.4941025186678433
0.49406356005589563
0.49402451024489713
0.49398536892954714
0.493946135803418
0.49390681055894964
0.49386739288744513
0.49382788247906556
0.4937882790228248
0.49374858220658424
0.49370879171704873
0.49366890723976015
0.49362892845909323
0.4935888550582498
0.4935486867192539
0.4935084231229463
0.4934680639489796
0.49342760887581194
0.4933870575807029
0.4933464097397074
0.4933056650276699
0.4932648231182202
0.49322388368376624
0.4931828463954904
0.493141710923342
0.49310047693603354
0.4930591441010336
0.4930177120845617
0.49297618055158327
0.4929345491658023
0.49289281758965736
0.49285098548431405
0.49280905250966084
0.4927670183243015
0.49272488258555025
0.49268264494942554
0.4926403050706437
0.49259786260261385
0.49255531719742984
0.4925126685058666
0.49246991617737185
0.4924270598600614
0.492384099200712
0.49234103384475497
0.4922978634362712
0.49225458761798235
0.4922112060312478
0.4921677183160545
0.49212412411101303
0.49208042305335103
0.49203661477890465
0.49199269892211456
0.49194867511601714
0.4919045429922388
0.4918603021809896
0.4918159523110556
0.4917714930097927
0.4917269239031197
0.4916822446155109
0.49163745476999005
0.491592553988123
0.49154754189001054
0.49150241809428125
0.4914571822180854
0.4914118338770862
0.49136637268545447
0.4913207982558599
0.491275110199465
0.49122930812591686
0.4911833916433407
0.491137360358332
0.4910912138759489
0.49104495179970586
0.4909985737315648
0.49095207927192874
0.49090546801963325
0.49085873957194
0.4908118935245278
0.49076492947148687
0.49071784700530885
0.49067064571688046
0.490623325195476
0.49057588502874877
0.49052832480272285
0.4904806441017866
0.49043284250868374
0.4903849196045057
0.4903368749686831
0.4902887081789789
0.4902404188114792
0.4901920064405856
0.4901434706390071
0.4900948109777517
0.4900460270261185
0.48999711835168924
0.48994808452032024
0.48989892509613353
0.48984963964150935
0.48980022771707704
0.4897506888817068
0.48970102269250193
0.48965122870478905
0.4896013064721107
0.4895512555462164
0.489501075477054
0.4894507658127609
0.4894003260996561
0.4893497558822311
0.4892990547031408
0.4892482221031952
0.4891972576213509
0.48914616079470175
0.4890949311584707
0.4890435682459998
0.4889920715887429
0.4889404407162553
0.48888867515618606
0.48883677443426776
0.48878473807430906
0.4887325655981839
0.4886802565258243
0.48862781037520997
0.4885752266623597
0.48852250490132265
0.4884696446041685
0.488416645280979
0.4883635064398384
0.4883102275868243
0.4882568082259988
0.48820324785939856
0.4881495459870267
0.4880957021068427
0.4880417157147531
0.4879875863046027
0.48793331336816503
0.48787889639513304
0.48782433487311005
0.4877696282876
0.4877147761219984
0.48765977785758285
0.4876046329735038
0.4875493409467755
0.4874939012522653
0.4874383133626863
0.4873825767485864
0.48732669087833974
0.48727065521813673
0.48721446923197487
0.4871581323816496
0.487101644126745
0.4870450039246241
0.4869882112304192
0.4869312654970229
0.48687416617507906
0.4868169127129725
0.4867595045568208
0.4867019411504637
0.486644221935455
0.48658634635105197
0.4865283138342069
0.4864701238195578
0.4864117757394185
0.48635326902376985
0.4862946031002502
0.48623577739414675
0.486176791328385
0.48611764432352117
0.48605833579773206
0.4859988651668056
0.4859392318441329
0.48587943524069815
0.4858194747650695
0.48575934982339086
0.4856990598193718
0.48563860415427995
0.4855779822269305
0.4855171934336782
0.4854562371684086
0.4853951128225287
0.4853338197849582
0.4852723574421215
0.4852107251779375
0.48514892237381285
0.4850869484086319
0.4850248026587487
0.4849624844979779
0.4848999932975874
0.4848373284262892
0.4847744892502309
0.4847114751329881
0.48464828543555516
0.48458491951633825
0.4845213767311466
0.4844576564331836
0.4843937579730413
0.48432968069868965
0.4842654239554706
0.4842009870860897
0.48413636943060845
0.48407157032643655
0.4840065891083251
0.4839414251083581
0.48387607765594626
0.4838105460778187
0.48374482969801647
0.4836789278378853
0.4836128398160687
0.48354656494850073
0.4834801025483998
0.4834134519262614
0.4833466123898519
0.48327958324420234
0.4832123637916012
0.48314495333158886
0.48307735116095174
0.4830095565737151
0.4829415688611386
0.48287338731170915
0.4828050112111365
0.4827364398423468
0.4826676724854775
0.4825987084178725
0.48252954691407635
0.4824601872458294
0.4823906286820635
0.48232087048889666
0.48225091192962866
0.48218075226473694
0.4821103907518715
0.4820398266458523
0.48196905919866334
0.48189808765945075
0.48182691127451743
0.48175552928732124
0.48168394093847045
0.48161214546572106
0.481540142103974
0.481467930085272
0.4813955086387973
0.48132287699086906
0.481250034364941
0.48117697998159953
0.48110371305856225
0.4810302328106756
0.4809565384499138
0.4808826291853774
0.48080850422329247
0.4807341627670095
0.48065960401700303
0.48058482717087136
0.4805098314233358
0.48043461596624054
0.48035917998855415
0.480283522676369
0.4802076432129018
0.4801315407784955
0.48005521455061956
0.4799786637038717
0.47990188740998013
0.4798248848378043
0.4797476551533378
0.47967019751971096
0.47959251109719325
0.4795145950431957
0.4794364485122754
0.47935807065613756
0.47927946062364024
0.4792006175607978
0.47912154061078577
0.479042228913945
0.4789626816077868
0.47888289782699767
0.47880287670344535
0.47872261736618427
0.4786421189414619
0.4785613805527245
0.4784804013206245
0.4783991803630272
0.4783177167950181
0.47823600972891056
0.4781540582742539
0.4780718615378415
0.47798941862371924
0.4779067286331955
0.477823790664849
0.4777406038145391
0.47765716717541656
0.4775734798379328
0.4774895408898511
0.4774053494162577
0.4773209044995729
0.47723620521956356
0.47715125065335456
0.4770660398754419
0.47698057195770494
0.47689484596942094
0.47680886097727737
0.4767226160453871
0.47663611023530217
0.47654934260602944
0.47646231221404495
0.4763750181133108
0.47628745935529015
0.4761996349889647
0.4761115440608508
0.47602318561501766
0.47593455869310486
0.47584566233434045
0.47575649557555955
0.4756670574512241
0.475577346993442
0.4754873632319869
0.4753971051943196
0.4753065719056079
0.47521576238874874
0.4751246756643897
0.4750333107509518
0.47494166666465165
0.4748497424195256
0.4747575370274524
0.47466504949817895
0.4745722788393434
0.4744792240565019
0.4743858841531532
0.4742922581307655
0.4741983449888033
0.47410414372475435
0.47400965333415757
0.47391487281063094
0.47381980114590116
0.47372443732983255
0.4736287803504563
0.4735328291940026
0.47343658284492934
0.47334004028595533
0.47324320049809143
0.473146062460674
0.4730486251513969
0.47295088754634607
0.4728528486200331
0.47275450734543084
0.47265586269400833
0.47255691363576635
0.4724576591392745
0.4723580981717085
0.47225822969888687
0.4721580526853105
0.47205756609420063
0.47195676888753857
0.47185566002610513
0.47175423846952264
0.47165250317629515
0.47155045310384985
0.47144808720858095
0.4713454044458918
0.47124240377023846
0.47113908413517414
0.47103544449339463
0.47093148379678307
0.4708272009964569
0.470722595042814
0.47061766488558016
0.4705124094738574
0.4704068277561726
0.47030091868052704
0.47019468119444574
0.4700881142450288
0.46998121677900206
0.46987398774276945
0.4697664260824657
0.4696585307440088
0.4695503006731545
0.4694417348155509
0.4693328321167933
0.4692235915224801
0.46911401197826924
0.46900409242993635
0.4688938318234311
0.46878322910493686
0.46867228322092924
0.46856099311823624
0.4684493577440989
0.4683373760462324
0.46822504697288786
0.468112369472915
0.4679993424958254
0.46788596499185686
0.4677722359120364
0.467658154208248
0.46754371883329676
0.46742892874097597
0.46731378288613484
0.467198280224746
0.4670824197139749
0.4669662003122484
0.46684962097932503
0.46673268067636653
0.4666153783660084
0.46649771301243226
0.4663796835814385
0.4662612890405204
0.4661425283589377
0.4660234005077918
0.4659039044601009
0.4657840391908762
0.4656638036771996
0.46554319689830054
0.4654222178356341
0.4653008654729601
0.46517913879642364
0.46505703679463334
0.4649345584587442
0.46481170278253836
0.46468846876250686
0.4645648553979335
0.4644408616909782
0.4643164866467607
0.4641917292734457
0.4640665885823284
0.46394106358792153
0.46381515330804013
0.4636888567638915
0.46356217298016106
0.46343510098510243
0.46330763981062706
0.4631797884923925
0.463051546069895
0.4629229115865594
0.4627938840898316
0.4626644626312705
0.4625346462666419
0.4624044340560112
0.46227382506383824
0.4621428183590718
0.46201141301524506
0.4618796081105719
0.46174740272804304
0.4616147959555234
0.4614817868858496
0.4613483746169281
0.46121455825183444
0.46108033689891226
0.4609457096718726
0.4608106756898952
0.4606752340777288
0.46053938396579236
0.4604031244902781
0.46026645479325184
0.46012937402275744
0.45999188133292
0.45985397588404886
0.4597156568427426
0.45957692338199346
0.45943777468129227
0.45929820992673454
0.45915822831112585
0.45901782903408894
0.45887701130216957
0.4587357743289448
0.4585941173351301
0.4584520395486866
0.45830954020493064
0.4581666185466418
0.45802327382417146
0.4578795052955533
0.4577353122266116
0.4575906938910723
0.45744564957067213
0.4573001785552702
0.45715428014295834
0.45700795364017177
0.45686119836180084
0.4567140136313024
0.45656639878081146
0.45641835315125273
0.45626987609245395
0.4561209669632567
0.45597162513162925
0.45582184997478037
0.4556716408792701
0.45552099724112344
0.4553699184659439
0.45521840396902585
0.4550664531754674
0.4549140655202842
0.4547612404485222
0.45460797741537085
0.4544542758862767
0.4543001353370557
0.4541455552540079
0.4539905351340292
0.45383507448472515
0.4536791728245238
0.4535228296827886
0.45336604459993124
0.4532088171275245
0.4530511468284147
0.4528930332768339
0.4527344760585124
0.4525754747707908
0.45241602902273154
0.4522561384352306
0.4520958026411288
0.45193502128532304
0.4517737940248768
0.45161212052913086
0.45145000047981315
0.4512874335711484
0.4511244195099686
0.45096095801582037
0.4507970488210751
0.45063269167103603
0.45046788632404683
0.45030263255159825
0.45013693013843575
0.44997077888266457
0.44980417859585664
0.4496371291031551
0.4494696302433793
0.4493016818691288
0.44913328384688656
0.4489644360571222
0.4487951383943938
0.4486253907674496
0.4484551930993285
0.4482845453274608
0.4481134474037667
0.4479418992947555
0.44776990098162295
0.44759745246034893
0.4474245537417928
0.44725120485178893
0.447077405831242
0.44690315673621916
0.4467284576380439
0.44655330862338716
0.4463777097943582
0.4462016612685946
0.44602516317935054
0.4458482156755851
0.4456708189220488
0.44549297309936897
0.4453146784041351
0.4451359350489811
0.44495674326266876
0.4447771032901685
0.4445970153927389
0.4444164798480062
0.4442354969500417
0.4440540670094376
0.443872190353383
0.4436898673257367
0.4435070982871002
0.4433238836148887
0.44314022370340156
0.44295611896388953
0.44277156982462235
0.4425865767309551
0.4424011401453911
0.4422152605476456
0.4420289384347065
0.4418421743208948
0.44165496873792154
0.4414673222349462
0.4412792353786307
0.4410907087531931
0.4409017429604601
0.4407123386199165
0.4405224963687549
0.44033221686192237
0.4401415007721653
0.43995034879007433
0.43975876162412475
0.43956674000071816
0.4393742846642202
0.43918139637699716
0.43898807591945166
0.43879432409005487
0.4386001417053786
0.43840552960012413
0.4382104886271499
0.43801501965749823
0.43781912358041747
0.4376228013033852
0.4374260537521283
0.4372288818706396
0.43703128662119584
0.4368332689843704
0.43663482995904646
0.43643597056242645
0.43623669183004044
0.43603699481575237
0.43583688059176423
0.43563635024861735
0.4354354048951938
0.4352340456587127
0.4350322736847267
0.4348300901371162
0.43462749619807983
0.4344244930681252
0.43422108196605436
0.43401726412895125
0.43381304081216276
0.43360841328928046
0.43340338285211977
0.4331979508106953
0.4329921184931952
0.43278588724595485
0.4325792584334246
0.43237223343813913
0.4321648136606816
0.4319570005196478
0.431748795451607
0.43154019991105963
0.4313312153703956
0.43112184331984693
0.4309120852674404
0.4307019427389474
0.430491417277831
0.4302805104451919
0.43006922381971
0.4298575589975867
0.4296455175924818
0.42943310123545086
0.42922031157487833
0.4290071502764097
0.42879361902287916
0.4285797195142398
0.4283654534674849
0.4281508226165732
0.4279358287123472
0.42772047352245235
0.42750475883125194
0.42728868643974155
0.4270722581654593
0.4268554758423952
0.42663834132089795
0.42642085646757943
0.4262030231652172
0.4259848433126534
0.4257663188246942
0.4255474516320045
0.4253282436810012
0.42510869693374514
0.4248888133678293
0.42466859497626647
0.4244480437673733
0.42422716176465336
0.42400595100667704
0.42378441354696067
0.42356255145384186
0.4233403668103537
0.42311786171409727
0.4228950382771108
0.42267189862573845
0.42244844490049466
0.42222467925592944
0.42200060386048904
0.421776220896376
0.4215515325594073
0.42132654105886913
0.4211012486173713
0.4208756574706992
0.4206497698676638
0.4204235880699488
0.42019711435195783
0.4199703510006584
0.4197433003154239
0.4195159646078746
0.41928834620171695
0.419060447432579
0.41883227064784767
0.41860381820650067
0.41837509247893934
0.4181460958468176
0.4179168307028719
0.4176872994507463
0.4174575045048191
0.4172274482900256
0.41699713324167975
0.4167665618052953
0.41653573643640385
0.4163046596003732
0.41607333377222216
0.4158417614364357
0.41560994508677734
0.41537788722610136
0.41514559036616283
0.41491305702742565
0.41468028973887117
0.41444729103780403
0.4142140634696565
0.41398060958779315
0.4137469319533134
0.41351303313485116
0.41327891570837727
0.4130445822569969
0.4128100353707483
0.4125752776463992
0.41234031168724317
0.41210514010289373
0.41186976550907894
0.41163419052743405
0.411398417785293
0.4111624499154797
0.4109262895560992
0.41068993935032605
0.4104534019461926
0.4102166799963781
0.4099797761579951
0.4097426930923755
0.4095054334648569
0.40926799994456764
0.40903039520421053
0.4087926219198482
0.4085546827706846
0.40831658043884983
0.4080783176091802
0.40783989696900286
0.4076013212079148
0.40736259301756533
0.40712371509143663
0.4068846901246239
0.4066455208136152
0.40640620985607245
0.4061667599506097
0.40592717379657345
0.4056874540938217
0.40544760354250264
0.4052076248428345
0.4049675206948836
0.4047272937983442
0.40448694685231634
0.4042464825550858
0.40400590360390215
0.4037652126947586
0.4035244125221704
0.403283505778955
0.4030424951560105
0.4028013833420962
0.4025601730236122
0.40231886688437984
0.4020774676054213
0.4018359778647411
0.40159440033710775
0.4013527376938341
0.40111099260255995
0.4008691677270347
0.4006272657268994
0.40038528925747047
0.400143240969524
0.3999011235090796
0.3996589395171851
0.3994166916297038
0.39917438247709847
0.3989320146842193
0.39868959087009226
0.398447113647706
0.39820458562380157
0.3979620093986625
0.39771938756590447
0.39747672271226797
0.3972340174174094
0.3969912742536947
0.39674849578599325
0.3965056845714733
0.3962628431593963
0.3960199740909158
0.3957770798988738
0.3955341631075994
0.39529122623271007
0.3950482717809104
0.3948053022497961
0.3945623201276556
0.3943193278932747
0.394076328015742
0.393833322954255
0.3935903151579274
0.3933473070655989
0.3931043011056441
0.39286129969578376
0.3926183052428982
0.39237532014283977
0.39213234678024883
0.3918893875283693
0.391646444748867
0.3914035207916472
0.39116061799467666
0.39091773868380375
0.3906748851725822
0.3904320597620951
0.39018926474078075
0.38994650238426026
0.38970377495516506
0.3894610847029686
0.38921843386381544
0.38897582466035674
0.38873325930158337
0.3884907399826611
0.38824826888476943
0.3880058481749404
0.38776348000589733
0.38752116651589813
0.38727890982857954
0.3870367120527993
0.38679457528248584
0.386552501596484
0.38631049305840626
0.38606855171648313
0.3858266796034157
0.38558487873623065
0.38534315111613615
0.3851014987283788
0.38485992354210313
0.38461842751021247
0.38437701256923074
0.38413568063916703
0.38389443362338044
0.38365327340844785
0.3834122018640315
0.3831712208427511
0.3829303321800543
0.38268953769409064
0.38244883918558703
0.3822082384377239
0.3819677372160144
0.3817273372681834
0.38148704032405034
0.3812468480954109
0.3810067622759231
0.38076678454099305
0.38052691654766274
0.38028715993450063
0.38004751632149136
0.3798079873099294
0.3795685744823136
0.3793292794022427
0.3790901036143124
0.37885104864401475
0.3786121159976392
0.3783733071621742
0.378134623605211
0.37789606677484855
0.3776576380996005
0.3774193389883036
0.37718117083002817
0.3769431349939867
0.3767052328294501
0.3764674656656592
0.37622983481174216
0.3759923415566308
0.37575498716897937
0.37551777289708466
0.3752806999688077
0.37504376959149627
0.3748069829519097
0.3745703412161441
0.37433384552955984
0.3740974970167102
0.3738612967812704
0.3736252459059695
0.3733893454525229
0.3731535964615661
0.37291799995258884
0.3726825569238732
0.37244726835243047
0.37221213519393986
0.3719771583826893
0.37174233883151586
0.3715076774317502
0.3712731750531582
0.37103883254388814
0.37080465073041513
0.37057063041748917
0.37033677238808427
0.37010307740334736
0.3698695462025482
0.36963617950303324
0.3694029780001763
0.369169942367334
0.36893707325579983
0.36870437129476036
0.3684718370912522
0.3682394712301199
0.36800727427397495
0.3677752467631548
0.3675433892156845
0.36731170212723774
0.3670801859710999
0.36684884119813066
0.3666176682367285
0.36638666749279597
0.3661558393497049
0.3659251841682635
0.3656947022866836
0.36546439402054814
0.3652342596627812
0.36500429948361585
0.3647745137305656
0.3645449026283947
0.3643154663790898
0.3640862051618315
0.36385711913296775
0.36362820842598625
0.3633994731514889
0.3631709133971658
0.3629425292277702
0.3627143206850931
0.36248628778794
0.36225843053210677
0.3620307488903553
0.3618032428123922
0.36157591222484425
0.36134875703123787
0.361121777111976
0.3608949723243168
0.36066834250235225
0.3604418874569869
0.36021560697591753
0.3599895008236118
0.3597635687412879
0.359537810446895
0.35931222563509146
0.35908681397722686
0.35886157512132066
0.3586365086920422
0.35841161429069224
0.35818689149518135
0.357962339860012
0.3577379589162574
0.3575137481715426
0.3572897071100238
0.35706583519236873
0.3568421318557375
0.35661859651376016
0.35639522855651906
0.3561720273505261
0.35594899223870335
0.3557261225403617
0.3555034175511793
0.35528087654318075
0.35505849876471496
0.35483628344043305
0.35461422977126633
0.3543923369344032
0.3541706040832658
0.3539490303474875
0.3537276148328875
0.35350635662144775
0.3532852547712868
0.35306430831663566
0.3528435162678109
0.3526228776111889
0.3524023913091783
0.3521820563001931
0.35196187149862374
0.35174183579480833
0.3515219480550041
0.3513022071213559
0.3510826118118666
0.3508631609203646
0.3506438532164723
0.350424687445572
0.35020566232877365
0.3499867765628782
0.34976802882034425
0.3495494177492501
0.34933094197325715
0.34911260009157236
0.34889439067890793
0.34867631228544327
0.34845836343678216
0.34824054263391263
0.3480228483531629
0.3478052790461582
0.3475878331397762
0.3473705090360996
0.34715330511237147
0.3469362197209451
0.34671925118923624
0.34650239781967174
0.3462856578896386
0.3460690296514317
0.34585251133219963
0.34563610113388926
0.3454197972331904
0.3452035977814776
0.34498750090475216
0.3447715047035813
0.3445556072530375
0.34433980660263586
0.3441241007762697
0.3439084877721458
0.3436929655627179
0.3434775320946185
0.3432621852885892
0.3430469230394106
0.3428317432158293
0.34261664366048544
0.3424016221898362
0.3421866765940809
0.34197180463708154
0.3417570040562842
0.3415422725626381
0.3413276078405125
0.3411130075476132
0.3408984693148972
0.3406839907464852
0.3404695694195729
0.34025520288434175
0.3400408886638656
0.3398266242540192
0.33961240712338153
0.33939823471314057
0.33918410443699476
0.3389700136810531
0.3387559598037338
0.33854194013566175
0.3383279519795633
0.3381139926101605
0.3379000592740626
0.33768614918965784
0.3374722595470007
0.3372583875077001
0.33704453020480485
0.3368306847426874
0.3366168481969261
0.33640301761418595
0.33618919001209746
0.3359753623791344
0.3357615316744888
0.3355476948279461
0.33533384873975675
0.3351199902805073
0.3349061162909898
0.33469222358206985
0.3344783089345521
0.3342643690990447
0.3340504007958229
0.3338364007146898
0.3336223655148368
0.33340829182470166
0.33319417624182535
0.33298001533270716
0.3327658056326591
0.33255154364565853
0.33233722584419817
0.33212284866913677
0.33190840852954695
0.33169390180256236
0.3314793248332228
0.331264673934319
0.3310499453862358
0.33083513543679294
0.3306202403010874
0.33040525616133154
0.3301901791666921
0.32997500543312674
0.3297597310432215
0.3295443520460252
0.3293288644568842
0.32911326425727505
0.3288975473946382
0.3286817097822089
0.3284657472988488
0.32824965578887577
0.3280334310618942
0.3278170688926232
0.3276005650207262
0.32738391515063925
0.32716711495139733
0.3269501600564637
0.32673304606355585
0.3265157685344736
0.3262983229949251
0.3260807049343546
0.3258629098057693
0.3256449330255671
0.32542676997336273
0.3252084159918176
0.3249898663864669
0.3247711164255481
0.32455216133983145
0.32433299632245016
0.3241136165287307
0.32389401707602516
0.32367419304354555
0.32345413947219576
0.3232338513644093
0.32301332368398594
0.322792551355929
0.32257152926628796
0.3223502522619987
0.32212871515072844
0.321906912700722
0.32168483964064987
0.32146249065945975
0.32123986040622926
0.32101694349002335
0.32079373447975135
0.3205702279040315
0.3203464182510537
0.32012229996845054
0.319897867463168
0.319673115101342
0.3194480372081785
0.3192226280678372
0.3189968819233201
0.3187707929763647
0.3185443553873406
0.3183175632751533
0.31809041071715105
0.3178628917490387
0.31763500036479514
0.3174067305165985
0.31717807611475696
0.3169490310276445
0.316719589081645
0.3164897440611022
0.3162594897082761
0.31602881972330765
0.3157977277641907
0.3155662074467513
0.3153342523446353
0.3151018559893043
0.3148690118700407
0.3146357134339598
0.3144019540860338
0.314167727189123
0.3139330260640171
0.31369784398948836
0.3134621742023523
0.3132260098975406
0.3129893442281858
0.3127521703057146
0.3125144811999559
0.3122762699392578
0.3120375295106197
0.31179825285983354
0.31155843289164126
0.31131806246990373
0.3110771344177833
0.3108356415179399
0.31059357651274244
0.31035093210449427
0.3101077009556734
0.3098638756891875
0.30961944888864557
0.30937441309864483
0.3091287608250744
0.3088824845354343
0.30863557665917407
0.30838802958804606
0.3081398356764776
0.30789098724196157
0.30764147656546525
0.3073912958918568
0.3071404374303525
0.3068888933549831
0.3066366558050784
0.3063837168857746
0.3061300686685403
0.3058757031917243
0.30562061246112343
0.30536478845057347
0.305108223102561
0.30485090832885814
0.30459283601117837
0.30433399800185745
0.3040743861245552
0.30381399217498267
0.3035528079216516
0.303290825106649
0.30302803544643553
0.3027644306326682
0.3025000023330497
0.3022347421921997
0.3019686418325555
0.3017016928552946
0.3014338868412858
0.3011652153520656
0.30089566993083944
0.3006252421035125
0.30035392337974376
0.3000817052540304
0.2998085792068154
0.2995345367056259
0.2992595692062362
0.29898366815385946
0.2987068249843667
0.29842903112553276
0.2981502779983108
0.2978705570181338
0.29758985959624307
0.29730817714104685
0.29702550105950365
0.29674182275853467
0.29645713364646403
0.29617142513448597
0.29588468863815964
0.29559691557893064
0.2953080973856806
0.2950182254963031
0.29472729135930653
0.2944352864354435
0.2941422021993662
0.29384803014130934
0.29355276176879647
0.2932563886083735
0.292958902207367
0.29266029413566674
0.2923605559875345
0.2920596793834329
0.29175765597188263
0.29145447743133895
0.2911501354720933
0.2908446218381943
0.2905379283093936
0.29023004670311014
0.28992096887641544
0.2896106867280392
0.28929919220039324
0.288986477281614
0.28867253400762327
0.2883573544642062
0.28804093078910326
0.2877232551741203
0.28740431986725234
0.2870841171748214
0.2867626394636261
0.28643987916310526
0.2861158287675114
0.2857904808380951
0.2854638280052987
0.2851358629709585
0.2848065785105134
0.28447596747522264
0.2841440227943858
0.2838107374775686
0.28347610461683337
0.2831401173889698
0.28280276905772744
0.2824640529760501
0.28212396258830585
0.2817824914325192
0.28143963314259585
0.2810953814505476
0.28074973018870675
0.28040267329193946
0.28005420479984616
0.27970431885895713
0.27935300972491584
0.27900027176465136
0.2786460994585398
0.2782904874025501
0.2779334303103775
0.27757492301555897
0.27721496047357386
0.27685353776392463
0.2764906500921998
0.2761262927921162
0.2757604613275393
0.2753931512944813
0.27502435842307654
0.27465407857953156
0.2742823077680486
0.2739090421327241
0.27353427795941915
0.27315801167759973
0.2727802398621492
0.27240095923514973
0.27202016666763124
0.27163785918128824
0.2712540339501651
0.2708686883023052
0.2704818197213652
0.2700934258481948
0.26970350448237956
0.26931205358374605
0.2689190712738292
0.26852455583730195
0.2681285057233638
0.2677309195470922
0.2673317960907512
0.2669311343050606
0.26652893331042277
0.2661251923981084
0.26571991103139886
0.26531308884668836
0.26490472565453915
0.26449482144069675
0.2640833763670597
0.26367039077260573
0.26325586517427474
0.26283980026780496
0.2624221969285277
0.2620030562121153
0.26158237935528456
0.26116016777645656
0.2607364230763698
0.2603111470386506
0.2598843416303372
0.2594560090023586
0.2590261514899716
0.25859477161315003
0.258161872076931
0.2577274557717171
0.25729152577353454
0.2568540853442467
0.25641513793172516
0.25597468716997623
0.2555327368792265
0.25508929106596173
0.25464435392292867
0.25419792982908973
0.2537500233495398
0.25330063923537843
0.252849782423544
0.2523974580366049
0.25194367138251267
0.2514884279543125
0.25103173342981777
0.2505735936712428
0.25011401472479844
0.2496530028202498
0.24919056437043546
0.24872670597074983
0.2482614343985893
0.24779475661276135
0.2473266797528581
0.24685721113859455
0.24638635826911168
0.24591412882224487
0.2454405306537586
0.24496557179654824
0.2444892604598055
0.24401160502815508
0.24353261406075621
0.24305229629037256
0.2425706606224126
0.24208771613393448
0.24160347207262434
0.24111793785574184
0.24063112306903575
0.2401430374656302
0.23965369096488096
0.23916309365120292
0.2386712557728681
0.23817818774077604
0.23768390012719529
0.23718840366447647
0.23669170924373872
0.2361938279135273
0.23569477087844554
0.23519454949775778
0.23469317528396746
0.23419065990136745
0.2336870151645642
0.23318225303697543
0.2326763856293029
0.23216942519797826
0.23166138414358278
0.23115227500924382
0.23064211047900246
0.23013090337615993
0.2296186666615953
0.22910541343206053
0.2285911569184504
0.22807591048404616
0.2275596876227371
0.22704250195721568
0.22652436723714967
0.22600529733732933
0.22548530625579047
0.22496440811191504
0.22444261714450575
0.22391994770983828
0.22339641427969084
0.22287203143934772
0.2223468138855833
0.2218207764246195
0.22129393397006242
0.22076630154081497
0.2202378942589697
0.21970872734767494
0.2191788161289822
0.21864817602167116
0.21811682253905085
0.21758477128674228
0.21705203796043787
0.21651863834364074
0.21598458830538278
0.215449903797923
0.21491460085442546
0.21437869558661674
0.213842204182426
0.2133051429036039
0.2127675280833234
0.21222937612376347
0.21169070349367275
0.21115152672591836
0.21061186241501537
0.2100717272146408
0.20953113783513178
0.20899011104096768
0.20844866364823722
0.20790681252209187
0.2073645745741832
0.2068219667600899
0.20627900607673025
0.20573570955976064
0.20519209428096735
0.20464817734564264
0.20410397588995335
0.2035595070782994
0.20301478810066217
0.20246983616994754
0.20192466851931862
0.20137930239952265
0.2008337550762141
0.20028804382726936
0.19974218594009963
0.19919619870895908
0.1986500994322509
0.1981039054098308
0.1975576339403105
0.19701130231836
0.19646492783201158
0.19591852775996418
0.19537211936889137
0.19482571991075207
0.19427934662010576
0.19373301671143256
0.19318674737645913
0.1926405557814931
0.19209445906476305
0.19154847433376845
0.19100261866264037
0.1904569090895115
0.18991136261389718
0.18936599619409075
0.18882082674457162
0.18827587113342667
0.18773114617978842
0.1871866686512886
0.1866424552615291
0.18609852266757063
0.18555488746744023
0.18501156619765968
0.18446857533079328
0.18392593127301732
0.18338365036171278
0.1828417488630806
0.18230024296978248
0.18175914879860317
0.1812184823881433
0.18067825969653528
0.18013849659918751
0.17959920888655756
0.17906041226195338
0.17852212233936404
0.177984354641322
0.1774471245967956
0.17691044753911303
0.1763743387039195
0.17583881322716716
0.1753038861431397
0.17476957238250956
0.17423588677043128
0.17370284402467098
0.17317045875376982
0.1726387454552469
0.17210771851383685
0.17157739219976625
0.1710477806670685
0.17051889795193567
0.16999075797111085
0.16946337452032
0.16893676127274065
0.1684109317775153
0.16788589945830076
0.16736167761186144
0.16683827940670076
0.166315717881737
0.16579400594501703
0.16527315637247486
0.1647531818067297
0.16423409475592726
0.1637159075926223
0.1631986325527043
0.16268228173436455
0.16216686709710573
0.16165240046079463
0.16113889350475602
0.1606263577669097
0.16011480464294955
0.1596042453855654
0.15909469110370583
0.15858615276188487
0.15807864117952858
0.15757216703036545
0.15706674084185707
0.15656237299467066
0.156059073722193
0.15555685311008563
0.15505572109587978
0.15455568746861353
0.15405676186850745
0.1535589537866812
0.15306227256490978
0.15256672739541832
0.1520723273207168
0.15157908123347252
0.1510869978764206
0.15059608584231426
0.15010635357390892
0.14961780936398641
0.1491304613554147
0.14864431754124255
0.14815938576483123
0.14767567372002083
0.1471931889513311
0.14671193885419578
0.14623193067523219
0.14575317151254197
0.14527566831604546
0.14479942788784786
0.1443244568826373
0.14385076180811257
0.1433783490254421
0.14290722474975276
0.14243739505064776
0.14196886585275229
0.14150164293628825
0.14103573193767652
0.1405711383501644
0.1401078675244815
0.13964592466951914
0.13918531485303687
0.1387260430023911
0.13826811390528948
0.13781153221056724
0.13735630242898683
0.13690242893405874
0.13644991596288447
0.13599876761701946
0.13554898786335667
0.1351005805350296
0.13465354933233367
0.13420789782366624
0.13376362944648457
0.1333207475082805
0.13287925518757124
0.13243915553490665
0.1320004514738915
0.13156314580222228
0.13112724119273841
0.13069274019448618
0.13025964523379682
0.12982795861537577
0.12939768252340458
0.12896881902265284
0.12854137005960237
0.12811533746358045
0.1276907229479023
0.12726752811102351
0.12684575443770085
0.1264254033001597
0.12600647595927092
0.12558897356573284
0.1251728971612613
0.12475824767978383
0.12434502594864041
0.12393323268978956
0.1235228685210175
0.12311393395715257
0.12270642941128218
0.12230035519597399
0.1218957115244985
0.12149249851205499
0.12109071617699836
0.12069036444206771
0.12029144313561571
0.11989395199283921
0.11949789065700876
0.11910325868069857
0.11871005552701674
0.11831828057083267
0.11792793310000438
0.1175390123166042
0.11715151733814175
0.11676544719878473
0.11638080085057774
0.11599757716465713
0.11561577493246293
0.11523539286694717
0.11485642960377841
0.11447888370254196
0.11410275364793486
0.11372803785095818
0.11335473465010172
0.1129828423125254
0.11261235903523388
0.11224328294624665
0.11187561210576107
0.11150934450730955
0.11114447807891104
0.11078101068421412
0.11041894012363583
0.11005826413549114
0.10969898039711626
0.10934108652598495
0.10898458008081652
0.1086294585626767
0.10827571941606999
0.10792336003002514
0.10757237773917093
0.10722276982480561
0.10687453351595547
0.10652766599042753
0.10618216437585129
0.10583802575071367
0.10549524714538322
0.1051538255431268
0.10481375788111646
0.1044750410514276
0.10413767190202743
0.10380164723775452
0.10346696382128864
0.10313361837411196
0.10280160757745907
0.10247092807325964
0.1021415764650692
0.1018135493189926
0.10148684316459558
0.10116145449580824
0.10083737977181764
0.10051461541795129
0.1001931578265507
0.09987300335783508
0.09955414834075459
0.09923658907383467
0.09892032182601034
0.09860534283744961
0.09829164832036827
0.09797923445983442
0.09766809741456269
0.0973582333176992
0.09704963827759633
0.09674230837857767
0.09643623968169363
0.09613142822546633
0.0958278700266258
0.09552556108083572
0.09522449736340981
0.09492467483001832
0.09462608941738528
0.0943287370439756
0.09403261361067303
0.09373771500144859
0.09344403708401963
0.09315157571049872
0.09286032671803425
0.09257028592944118
0.0922814491538222
0.0919938121871809
0.09170737081302383
0.09142212080295538
0.09113805791726245
0.09085517790549072
0.09057347650701152
0.09029294945158053
0.09001359245988705
0.0897354012440949
0.08945837150837418
0.08918249894942555
0.08890777925699475
0.08863420811437916
0.08836178119892636
0.08809049418252396
0.08782034273208093
0.08755132251000178
0.08728342917465129
0.08701665838081264
0.08675100578013628
0.08648646702158208
0.08622303775185282
0.08596071361582072
0.08569949025694548
0.08543936331768566
0.08518032843990214
0.08492238126525392
0.08466551743558713
0.08440973259331663
0.08415502238180009
0.08390138244570565
0.08364880843137207
0.08339729598716171
0.08314684076380775
0.08289743841475343
0.08264908459648497
0.08240177496885843
0.0821555051954197
0.08191027094371703
0.08166606788560918
0.0814228916975657
0.08118073806096142
0.0809396026623648
0.08069948119382059
0.0804603693531259
0.08022226284410064
0.0799851573768521
0.07974904866803403
0.07951393244109937
0.07927980442654807
0.07904666036216905
0.07881449599327664
0.0785833070729417
0.07835308936221771
0.07812383863036088
0.07789555065504633
0.0776682212225775
0.07744184612809221
0.07721642117576277
0.07699194217899125
0.07676840496060053
0.07654580535302005
0.07632413919846685
0.07610340234912256
0.07588359066730538
0.07566470002563785
0.07544672630720992
0.07522966540573817
0.07501351322571989
0.07479826568258453
0.07458391870283884
0.07437046822421008
0.07415791019578374
0.07394624057813812
0.07373545534347427
0.07352555047574352
0.0733165219707691
0.07310836583636651
0.07290107809245777
0.07269465477118442
0.07248909191701518
0.07228438558685135
0.07208053185012797
0.07187752678891218
0.07167536649799817
0.0714740470849985
0.07127356467043289
0.07107391538781327
0.07087509538372638
0.07067710081791263
0.07047992786334248
0.07028357270628992
0.07008803154640277
0.06989330059677029
0.0696993760839883
0.0695062542482212
0.06931393134326139
0.06912240363658627
0.06893166740941255
0.06874171895674809
0.06855255458744075
0.06836417062422606
0.06817656340377112
0.06798972927671662
0.06780366460771717
0.06761836577547864
0.06743382917279322
0.06725005120657326
0.06706702829788186
0.06688475688196147
0.06670323340826192
0.06652245434046428
0.06634241615650438
0.06616311534859352
0.06598454842323766
0.06580671190125478
0.06562960231779026
0.06545321622233043
0.06527755017871475
0.06510260076514568
0.06492836457419744
0.06475483821282277
0.06458201830235828
0.06440990147852838
0.06423848439144678
0.06406776370561792
0.06389773609993582
0.06372839826768169
0.06355974691652048
0.06339177876849572
0.06322449056002331
0.06305787904188334
0.06289194097921176
0.06272667315148943
0.06256207235253106
0.06239813539047223
0.06223485908775565
0.062072240281116055
0.06191027582156388
0.06174896257436837
0.06158829741903861
0.06142827724930471
0.06126889897309705
0.06111015951252511
0.060952055803854585
0.06079458479748452
0.06063774345792279
0.06048152876376095
0.0603259377076482
0.06017096729626421
0.06001661455029178
0.05986287650438782
0.0597097502071542
0.05955723272110745
0.059405321122648055
0.05925401250202825
0.05910330396332057
0.058953192624383643
0.058803675616829365
0.05865475008598808
0.05850641319087355
0.05835866210414723
0.05821149401208204
0.05806490611452569
0.05791889562486287
0.057773459769977414
0.05762859579021401
0.057484300939338505
0.05734057248449916
0.057197407706185775
0.05705480389819001
0.056912758367563515
0.05677126843457719
0.056630331432678795
0.05648994470845127
0.05635010562156917
0.056210811544756635
0.05607205986374324
0.055933847977220036
0.05579617329679612
0.05565903324695347
0.055522425265002354
0.05538634680103645
0.05525079531788675
0.05511576829107635
0.05498126320877459
0.054847277571750175
0.05471380889332512
0.05458085469932776
0.05444841252804583
0.05431647993017949
0.05418505446879317
0.054054133719268684
0.05392371526925702
0.05379379671863038
0.05366437567943382
0.053535449775837414
0.05340701664408695
0.053279073932456046
0.053151619301196856
0.05302465042249117
0.05289816498040169
0.05277216067082247
0.052646635201429946
0.05252158629163331
0.05239701167252521
0.05227290908683229
0.05214927628886524
0.05202611104446968
0.05190341113097563
0.051781174337148496
0.05165939846313873
0.05153808132043198
0.05141722073179947
0.051296814531247736
0.05117686056396878
0.05105735668629005
0.05093830076562453
0.05081969068042054
0.05070152432011183
0.05058379958506792
0.05046651438654331
0.05034966664662849
0.050233254298199186
0.05011727528486693
0.050001727560928924
0.04988660909131823
