0.6040084313509737
0.66347975877834
0.6434107902544658
0.6240847913689802
0.6060898634906278
0.5899011308504758
0.575836397321805
0.5640214837771352
0.5543994767309524
0.5467745008334004
0.5408701299669156
0.5363835319383345
0.5330246647094666
0.5305385194444283
0.5287136614502747
0.5273819159364713
0.5264134513312808
0.5257101816887326
0.5251991625762988
0.5248267689430813
0.5245539124685304
0.5243522813010468
0.5242014676348848
0.5240868161391475
0.5239978342217838
0.5239270287470561
0.5238690607250802
0.5238201341826422
0.5237775560127819
0.5237394198836828
0.5237043797560164
0.523671487907782
0.5236400792788541
0.5236096890094474
0.5235799937279733
0.5235507698078036
0.5235218637335154
0.5234931710988444
0.5234646217503032
0.5234361693011834
0.5234077837494264
0.5233794462966642
0.5233511457256546
0.5233228758788937
0.5232946339135418
0.5232664191021448
0.5232382320158169
0.5232100739743543
0.523181946681728
0.5231538519895368
0.523125791748097
0.5230977677169671
0.5230697815152563
0.5230418345981047
0.5230139282499655
0.5229860635882979
0.5229582415733536
0.5229304630211868
0.5229027286180192
0.5228750389347679
0.5228473944410197
0.5228197955180405
0.5227922424706184
0.5227647355376697
0.5227372749016245
0.5227098606966532
0.5226824930158251
0.5226551719173035
0.5226278974296774
0.5226006695565385
0.5225734882803943
0.522546353566005
0.5225192653632261
0.522492223609422
0.5224652282315145
0.5224382791477173
0.5224113762690067
0.522384519500362
0.5223577087418164
0.5223309438893419
0.5223042248355979
0.5222775514705615
0.5222509236820582
0.5222243413562102
0.5221978043778128
0.522171312630652
0.5221448659977709
0.5221184643616934
0.5220921076046141
0.522065795608554
0.522039528255496
0.5220133054274938
0.5219871270067659
0.5219609928757738
0.5219349029172863
0.5219088570144343
0.5218828550507566
0.5218568969102357
0.5218309824773303
0.5218051116370005
0.5217792842747294
0.5217535002765397
0.5217277595290081
0.5217020619192767
0.5216764073350622
0.5216507956646625
0.5216252267969633
0.5215997006214412
0.5215742170281675
0.5215487759078101
0.5215233771516348
0.5214980206515062
0.5214727062998872
0.5214474339898397
0.5214222036150227
0.5213970150696922
0.5213718682486985
0.5213467630474866
0.5213216993620926
0.5212966770891428
0.5212716961258514
0.521246756370018
0.521221857720026
0.5211970000748396
0.5211721833340021
0.5211474073976328
0.5211226721664248
0.521097977541643
0.5210733234251208
0.5210487097192582
0.5210241363270187
0.520999603151927
0.5209751100980667
0.5209506570700778
0.5209262439731535
0.5209018707130376
0.5208775371960235
0.5208532433289494
0.5208289890191977
0.5208047741746912
0.5207805987038913
0.5207564625157948
0.5207323655199325
0.5207083076263654
0.5206842887456833
0.5206603087890014
0.5206363676679588
0.5206124652947152
0.5205886015819489
0.5205647764428543
0.5205409897911393
0.5205172415410233
0.5204935316072342
0.5204698599050067
0.5204462263500791
0.5204226308586921
0.520399073347585
0.5203755537339941
0.5203520719356513
0.5203286278707795
0.5203052214580927
0.5202818526167916
0.5202585212665634
0.5202352273275775
0.5202119707204848
0.5201887513664143
0.5201655691869715
0.5201424241042358
0.5201193160407591
0.5200962449195621
0.5200732106641334
0.5200502131984266
0.5200272524468583
0.5200043283343063
0.5199814407861064
0.5199585897280513
0.5199357750863881
0.5199129967878159
0.5198902547594837
0.5198675489289886
0.5198448792243735
0.5198222455741253
0.5197996479071716
0.5197770861528803
0.5197545602410564
0.5197320701019401
0.5197096156662052
0.5196871968649566
0.519664813629728
0.5196424658924806
0.5196201535856009
0.5195978766418976
0.5195756349946016
0.5195534285773619
0.5195312573242448
0.5195091211697321
0.5194870200487182
0.5194649538965086
0.5194429226488184
0.5194209262417693
0.5193989646118887
0.5193770376961069
0.5193551454317559
0.519333287756567
0.5193114646086687
0.5192896759265859
0.5192679216492364
0.5192462017159303
0.5192245160663674
0.5192028646406351
0.5191812473792083
0.5191596642229448
0.5191381151130857
0.5191165999912519
0.5190951187994441
0.5190736714800394
0.5190522579757894
0.5190308782298196
0.5190095321856274
0.5189882197870789
0.5189669409784083
0.5189456957042161
0.5189244839094669
0.518903305539488
0.518882160539967
0.5188610488569506
0.5188399704368427
0.5188189252264025
0.5187979131727434
0.5187769342233297
0.5187559883259768
0.5187350754288481
0.518714195480454
0.5186933484296498
0.518672534225634
0.5186517528179466
0.5186310041564679
0.5186102881914165
0.5185896048733468
0.5185689541531486
0.5185483359820449
0.51852775031159
0.518507197093668
0.5184866762804914
0.5184661878245994
0.5184457316788554
0.5184253077964466
0.5184049161308819
0.5183845566359898
0.5183642292659176
0.518343933975129
0.5183236707184029
0.5183034394508319
0.5182832401278206
0.5182630727050832
0.5182429371386441
0.5182228333848334
0.5182027614002879
0.5181827211419476
0.5181627125670553
0.5181427356331545
0.5181227902980888
0.5181028765199986
0.518082994257321
0.5180631434687876
0.5180433241134232
0.5180235361505448
0.5180037795397585
0.5179840542409595
0.5179643602143301
0.5179446974203382
0.5179250658197352
0.5179054653735559
0.5178858960431154
0.5178663577900086
0.5178468505761085
0.5178273743635644
0.5178079291148012
0.5177885147925171
0.5177691313596822
0.5177497787795377
0.517730457015594
0.5177111660316287
0.5176919057916869
0.5176726762600767
0.5176534774013719
0.5176343091804061
0.5176151715622753
0.517596064512333
0.5175769879961916
0.5175579419797194
0.5175389264290391
0.5175199413105276
0.5175009865908131
0.5174820622367753
0.5174631682155421
0.5174443044944899
0.5174254710412415
0.5174066678236646
0.5173878948098706
0.5173691519682132
0.517350439267287
0.5173317566759261
0.5173131041632032
0.5172944816984268
0.5172758892511422
0.5172573267911276
0.5172387942883946
0.5172202917131861
0.517201819035975
0.5171833762274626
0.5171649632585783
0.517146580100477
0.5171282267245383
0.5171099031023654
0.5170916092057831
0.5170733450068382
0.5170551104777954
0.5170369055911384
0.5170187303195674
0.5170005846359982
0.5169824685135609
0.5169643819255986
0.5169463248456655
0.516928297247527
0.5169102991051566
0.5168923303927364
0.516874391084654
0.5168564811555036
0.5168386005800821
0.5168207493333895
0.5168029273906276
0.5167851347271974
0.5167673713187
0.5167496371409331
0.5167319321698916
0.5167142563817645
0.5166966097529357
0.5166789922599814
0.5166614038796692
0.5166438445889566
0.5166263143649903
0.516608813185105
0.5165913410268212
0.5165738978678455
0.5165564836860677
0.5165390984595608
0.5165217421665798
0.5165044147855595
0.5164871162951143
0.5164698466740364
0.5164526059012948
0.5164353939560342
0.5164182108175736
0.5164010564654054
0.5163839308791939
0.5163668340387741
0.5163497659241512
0.5163327265154981
0.5163157157931555
0.5162987337376302
0.5162817803295938
0.5162648555498823
0.5162479593794931
0.5162310917995863
0.5162142527914818
0.5161974423366584
0.5161806604167535
0.5161639070135609
0.5161471821090303
0.516130485685266
0.5161138177245256
0.5160971782092192
0.5160805671219074
0.5160639844453019
0.5160474301622623
0.5160309042557967
0.5160144067090591
0.5159979375053501
0.5159814966281133
0.5159650840609368
0.5159486997875502
0.5159323437918244
0.5159160160577703
0.5158997165695374
0.5158834453114132
0.5158672022678216
0.5158509874233226
0.5158348007626097
0.5158186422705107
0.5158025119319853
0.5157864097321244
0.5157703356561488
0.515754289689409
0.5157382718173824
0.5157222820256744
0.5157063203000154
0.5156903866262607
0.5156744809903895
0.5156586033785036
0.515642753776826
0.5156269321717004
0.5156111385495902
0.5155953728970767
0.5155796352008585
0.5155639254477509
0.515548243624684
0.5155325897187025
0.5155169637169639
0.5155013656067378
0.515485795375405
0.5154702530104562
0.5154547384994912
0.5154392518302178
0.5154237929904506
0.5154083619681104
0.5153929587512223
0.5153775833279155
0.5153622356864229
0.5153469158150781
0.5153316237023159
0.5153163593366712
0.5153011227067774
0.5152859138013661
0.5152707326092649
0.5152555791193982
0.5152404533207846
0.5152253552025368
0.51521028475386
0.5151952419640515
0.5151802268224994
0.515165239318682
0.5151502794421658
0.5151353471826057
0.5151204425297433
0.5151055654734064
0.5150907160035075
0.5150758941100433
0.5150610997830933
0.5150463330128198
0.5150315937894653
0.5150168821033526
0.5150021979448846
0.5149875413045413
0.5149729121728807
0.5149583105405366
0.514943736398219
0.5149291897367116
0.5149146705468718
0.5149001788196299
0.5148857145459872
0.5148712777170161
0.5148568683238592
0.5148424863577269
0.514828131809898
0.5148138046717183
0.5147995049346001
0.5147852325900196
0.5147709876295186
0.5147567700447009
0.5147425798272338
0.5147284169688451
0.5147142814613239
0.5147001732965185
0.5146860924663361
0.5146720389627417
0.5146580127777571
0.5146440139034605
0.5146300423319843
0.5146160980555166
0.5146021810662975
0.5145882913566205
0.5145744289188301
0.5145605937453215
0.5145467858285404
0.5145330051609802
0.5145192517351838
0.5145055255437397
0.5144918265792842
0.5144781548344982
0.5144645103021072
0.5144508929748803
0.5144373028456304
0.5144237399072109
0.5144102041525173
0.5143966955744852
0.5143832141660893
0.5143697599203432
0.5143563328302982
0.5143429328890422
0.5143295600896991
0.5143162144254282
0.5143028958894232
0.514289604474911
0.5142763401751514
0.5142631029834358
0.514249892893087
0.5142367098974573
0.514223553989929
0.5142104251639126
0.5141973234128465
0.5141842487301956
0.5141712011094514
0.5141581805441301
0.5141451870277727
0.5141322205539438
0.5141192811162307
0.5141063687082429
0.5140934833236108
0.5140806249559855
0.5140677935990379
0.5140549892464572
0.5140422118919509
0.514029461529244
0.5140167381520772
0.514004041754208
0.5139913723294077
0.5139787298714623
0.5139661143741714
0.5139535258313463
0.5139409642368106
0.5139284295843991
0.5139159218679563
0.5139034410813368
0.5138909872184033
0.5138785602730269
0.5138661602390856
0.5138537871104641
0.5138414408810524
0.5138291215447461
0.5138168290954443
0.5138045635270497
0.5137923248334677
0.5137801130086062
0.5137679280463731
0.5137557699406778
0.5137436386854293
0.5137315342745351
0.5137194567019018
0.5137074059614324
0.5136953820470274
0.5136833849525838
0.5136714146719932
0.5136594711991419
0.5136475545279109
0.5136356646521737
0.5136238015657966
0.5136119652626373
0.5136001557365455
0.5135883729813602
0.5135766169909108
0.5135648877590158
0.5135531852794815
0.5135415095461019
0.5135298605526581
0.5135182382929179
0.5135066427606332
0.5134950739495423
0.513483531853367
0.5134720164658123
0.5134605277805666
0.5134490657913005
0.513437630491665
0.5134262218752935
0.5134148399357981
0.5134034846667712
0.5133921560617842
0.5133808541143856
0.5133695788181022
0.513358330166438
0.5133471081528719
0.5133359127708598
0.5133247440138313
0.513313601875191
0.5133024863483169
0.5132913974265596
0.513280335103243
0.5132692993716614
0.5132582902250812
0.513247307656739
0.5132363516598404
0.5132254222275614
0.5132145193530462
0.513203643029406
0.5131927932497207
0.513181970007036
0.5131711732943642
0.5131604031046827
0.5131496594309342
0.5131389422660251
0.5131282516028263
0.5131175874341709
0.5131069497528551
0.5130963385516365
0.513085753823235
0.5130751955603294
0.5130646637555606
0.5130541584015278
0.5130436794907896
0.5130332270158628
0.5130228009692224
0.5130124013433001
0.5130020281304843
0.51299168132312
0.5129813609135072
0.5129710668939012
0.5129607992565115
0.5129505579935016
0.5129403430969882
0.5129301545590408
0.5129199923716807
0.5129098565268817
0.5128997470165676
0.5128896638326136
0.5128796069668446
0.5128695764110351
0.5128595721569082
0.512849594196136
0.5128396425203375
0.5128297171210805
0.5128198179898781
0.5128099451181907
0.5128000984974241
0.5127902781189297
0.512780483974003
0.5127707160538846
0.5127609743497581
0.5127512588527507
0.5127415695539321
0.5127319064443148
0.5127222695148521
0.5127126587564396
0.5127030741599125
0.512693515716047
0.5126839834155594
0.5126744772491041
0.5126649972072754
0.512655543280605
0.5126461154595637
0.512636713734558
0.5126273380959326
0.5126179885339686
0.5126086650388821
0.5125993676008253
0.5125900962098857
0.5125808508560848
0.5125716315293787
0.5125624382196569
0.512553270916742
0.5125441296103898
0.5125350142902879
0.5125259249460562
0.5125168615672461
0.5125078241433394
0.5124988126637491
0.512489827117818
0.5124808674948188
0.5124719337839535
0.5124630259743526
0.5124541440550754
0.5124452880151094
0.512436457843369
0.5124276535286965
0.5124188750598606
0.5124101224255567
0.5124013956144055
0.5123926946149542
0.5123840194156745
0.5123753700049628
0.5123667463711407
0.5123581485024529
0.5123495763870679
0.512341030013078
0.5123325093684973
0.5123240144412634
0.5123155452192354
0.5123071016901939
0.5122986838418415
0.5122902916618011
0.5122819251376166
0.5122735842567521
0.5122652690065912
0.5122569793744373
0.512248715347513
0.5122404769129595
0.5122322640578367
0.5122240767691222
0.5122159150337116
0.5122077788384182
0.5121996681699714
0.5121915830150188
0.5121835233601228
0.5121754891917633
0.5121674804963349
0.512159497260148
0.5121515394694283
0.5121436071103156
0.5121357001688647
0.5121278186310447
0.5121199624827382
0.512112131709741
0.5121043262977627
0.5120965462324251
0.5120887914992636
0.5120810620837248
0.5120733579711683
0.5120656791468645
0.5120580255959956
0.512050397303655
0.5120427942548472
0.5120352164344866
0.5120276638273984
0.5120201364183175
0.5120126341918887
0.5120051571326658
0.5119977052251128
0.5119902784536013
0.511982876802413
0.5119755002557365
0.5119681487976695
0.5119608224122175
0.5119535210832931
0.511946244794717
0.5119389935302161
0.511931767273425
0.5119245660078849
0.5119173897170427
0.5119102383842521
0.5119031119927726
0.511896010525769
0.5118889339663122
0.511881882297378
0.511874855501847
0.5118678535625051
0.511860876462042
0.5118539241830529
0.5118469967080361
0.5118400940193943
0.5118332160994339
0.5118263629303648
0.5118195344943002
0.5118127307732563
0.5118059517491524
0.511799197403811
0.5117924677189559
0.5117857626762145
0.5117790822571154
0.5117724264430903
0.5117657952154712
0.5117591885554932
0.5117526064442919
0.5117460488629046
0.51173951579227
0.5117330072132265
0.5117265231065147
0.511720063452775
0.5117136282325483
0.5117072174262765
0.5117008310143007
0.5116944689768625
0.5116881312941032
0.5116818179460638
0.5116755289126851
0.5116692641738069
0.5116630237091686
0.5116568074984085
0.5116506155210638
0.5116444477565716
0.511638304184266
0.5116321847833808
0.5116260895330488
0.5116200184122999
0.5116139714000629
0.511607948475165
0.5116019496163311
0.511595974802184
0.5115900240112444
0.5115840972219309
0.5115781944125591
0.5115723155613431
0.5115664606463934
0.5115606296457185
0.5115548225372235
0.5115490392987115
0.5115432799078823
0.5115375443423321
0.5115318325795547
0.5115261445969402
0.5115204803717762
0.5115148398812461
0.5115092231024302
0.5115036300123054
0.511498060587745
0.5114925148055187
0.5114869926422927
0.5114814940746292
0.5114760190789865
0.5114705676317197
0.5114651397090793
0.511459735287212
0.5114543543421611
0.511448996849865
0.5114436627861589
0.511438352126773
0.5114330648473344
0.5114278009233649
0.5114225603302829
0.5114173430434021
0.5114121490379328
0.5114069782889792
0.5114018307715434
0.5113967064605217
0.5113916053307068
0.5113865273567861
0.5113814725133436
0.5113764407748589
0.5113714321157066
0.5113664465101573
0.5113614839323769
0.5113565443564276
0.5113516277562664
0.5113467341057464
0.5113418633786164
0.5113370155485203
0.5113321905889983
0.511327388473486
0.5113226091753146
0.5113178526677109
0.5113131189237977
0.5113084079165935
0.5113037196190129
0.5112990540038651
0.5112944110438569
0.5112897907115892
0.5112851929795605
0.5112806178201635
0.5112760652056887
0.5112715351083212
0.511267027500143
0.5112625423531316
0.5112580796391613
0.5112536393300022
0.5112492213973212
0.5112448258126806
0.5112404525475398
0.5112361015732548
0.5112317728610778
0.5112274663821574
0.5112231821075395
0.5112189200081658
0.5112146800548758
0.5112104622184052
0.5112062664693868
0.5112020927783508
0.5111979411157238
0.5111938114518303
0.5111897037568915
0.5111856180010265
0.5111815541542517
0.5111775121864809
0.5111734920675254
0.5111694937670948
0.511165517254796
0.511161562500134
0.5111576294725121
0.5111537181412317
0.5111498284754918
0.5111459604443909
0.5111421140169246
0.5111382891619888
0.5111344858483764
0.5111307040447804
0.5111269437197923
0.5111232048419023
0.5111194873795003
0.5111157913008751
0.5111121165742156
0.5111084631676097
0.511104831049045
0.5111012201864096
0.5110976305474906
0.5110940620999759
0.5110905148114535
0.5110869886494118
0.5110834835812401
0.5110799995742275
0.5110765365955645
0.511073094612343
0.5110696735915552
0.5110662735000953
0.5110628943047583
0.5110595359722416
0.5110561984691439
0.5110528817619654
0.5110495858171091
0.5110463106008803
0.5110430560794864
0.5110398222190371
0.5110366089855456
0.5110334163449273
0.5110302442630014
0.5110270927054897
0.5110239616380183
0.5110208510261164
0.5110177608352169
0.511014691030657
0.5110116415776782
0.5110086124414259
0.5110056035869509
0.5110026149792081
0.5109996465830573
0.510996698363264
0.5109937702844989
0.5109908623113375
0.5109879744082624
0.5109851065396609
0.5109822586698273
0.5109794307629616
0.5109766227831714
0.5109738346944694
0.5109710664607771
0.510968318045922
0.5109655894136396
0.5109628805275725
0.5109601913512716
0.5109575218481959
0.5109548719817123
0.5109522417150963
0.5109496310115327
0.5109470398341142
0.5109444681458435
0.5109419159096323
0.5109393830883024
0.5109368696445852
0.5109343755411219
0.5109319007404641
0.5109294452050744
0.5109270088973261
0.5109245917795033
0.5109221938138012
0.510919814962327
0.5109174551870994
0.5109151144500494
0.5109127927130199
0.5109104899377664
0.510908206085957
0.5109059411191733
0.5109036949989098
0.5109014676865745
0.5108992591434891
0.5108970693308896
0.510894898209926
0.510892745741663
0.5108906118870801
0.5108884966070717
0.5108863998624477
0.5108843216139333
0.51088226182217
0.5108802204477149
0.5108781974510419
0.5108761927925414
0.5108742064325207
0.5108722383312041
0.5108702884487337
0.5108683567451694
0.5108664431804888
0.5108645477145877
0.5108626703072809
0.5108608109183018
0.5108589695073031
0.5108571460338566
0.510855340457454
0.5108535527375069
0.5108517828333474
0.5108500307042276
0.5108482963093215
0.5108465796077227
0.5108448805584478
0.5108431991204337
0.5108415352525403
0.5108398889135494
0.5108382600621655
0.5108366486570157
0.5108350546566506
0.5108334780195445
0.5108319187040942
0.5108303766686223
0.5108288518713747
0.5108273442705222
0.510825853824161
0.5108243804903116
0.510822924226921
0.5108214849918618
0.5108200627429326
0.5108186574378588
0.5108172690342923
0.5108158974898122
0.5108145427619253
0.510813204808066
0.5108118835855965
0.5108105790518076
0.5108092911639187
0.5108080198790785
0.5108067651543644
0.5108055269467837
0.5108043052132738
0.5108030999107023
0.5108019109958669
0.5108007384254972
0.510799582156253
0.5107984421447261
0.5107973183474401
0.5107962107208509
0.5107951192213466
0.5107940438052481
0.5107929844288099
0.5107919410482197
0.5107909136195987
0.5107899020990029
0.5107889064424221
0.5107879266057814
0.5107869625449403
0.5107860142156945
0.5107850815737751
0.5107841645748497
0.5107832631745212
0.5107823773283307
0.510781506991755
0.5107806521202097
0.5107798126690473
0.5107789885935587
0.5107781798489728
0.5107773863904577
0.5107766081731206
0.5107758451520077
0.5107750972821057
0.5107743645183402
0.5107736468155788
0.5107729441286287
0.5107722564122386
0.5107715836210986
0.5107709257098408
0.5107702826330391
0.5107696543452103
0.5107690408008134
0.5107684419542511
0.5107678577598693
0.5107672881719579
0.5107667331447513
0.5107661926324276
0.5107656665891103
0.5107651549688679
0.5107646577257149
0.5107641748136111
0.5107637061864629
0.5107632517981232
0.5107628116023917
0.5107623855530157
0.5107619736036895
0.5107615757080562
0.5107611918197065
0.5107608218921802
0.5107604658789657
0.5107601237335011
0.5107597954091739
0.510759480859322
0.5107591800372333
0.5107588928961467
0.510758619389252
0.5107583594696906
0.5107581130905554
0.5107578802048915
0.5107576607656972
0.5107574547259222
0.5107572620384704
0.5107570826561989
0.5107569165319188
0.5107567636183952
0.5107566238683479
0.5107564972344515
0.5107563836693356
0.5107562831255863
0.5107561955557445
0.510756120912308
0.5107560591477315
0.5107560102144258
0.51075597406476
0.5107559506510603
0.510755939925611
0.5107559418406548
0.5107559563483933
0.510755983400987
0.5107560229505559
0.5107560749491796
0.510756139348898
0.5107562161017115
0.5107563051595809
0.5107564064744288
0.5107565199981389
0.5107566456825562
0.5107567834794894
0.5107569333407083
0.5107570952179457
0.5107572690628988
0.5107574548272269
0.5107576524625543
0.5107578619204692
0.5107580831525241
0.5107583161102371
0.5107585607450907
0.5107588170085338
0.5107590848519811
0.5107593642268133
0.5107596550843783
0.5107599573759902
0.5107602710529315
0.5107605960664519
0.5107609323677684
0.5107612799080677
0.510761638638504
0.5107620085102015
0.5107623894742533
0.5107627814817225
0.5107631844836418
0.5107635984310146
0.5107640232748152
0.5107644589659889
0.510764905455452
0.5107653626940931
0.5107658306327728
0.5107663092223239
0.5107667984135521
0.5107672981572362
0.5107678084041283
0.5107683291049545
0.5107688602104146
0.5107694016711835
0.51076995343791
0.5107705154612185
0.5107710876917092
0.5107716700799569
0.5107722625765139
0.5107728651319077
0.5107734776966434
0.5107741002212025
0.5107747326560439
0.5107753749516053
0.510776027058301
0.5107766889265245
0.5107773605066478
0.5107780417490221
0.5107787326039773
0.5107794330218239
0.5107801429528518
0.5107808623473309
0.5107815911555126
0.5107823293276283
0.5107830768138916
0.5107838335644969
0.5107845995296206
0.5107853746594218
0.5107861589040418
0.5107869522136047
0.5107877545382177
0.5107885658279716
0.510789386032941
0.5107902151031847
0.5107910529887454
0.510791899639651
0.5107927550059143
0.5107936190375333
0.5107944916844918
0.510795372896759
0.5107962626242916
0.5107971608170313
0.5107980674249077
0.5107989823978375
0.5107999056857241
0.5108008372384593
0.5108017770059227
0.5108027249379825
0.5108036809844952
0.5108046450953068
0.5108056172202518
0.5108065973091545
0.5108075853118293
0.5108085811780808
0.5108095848577036
0.5108105963004826
0.510811615456195
0.5108126422746083
0.5108136767054817
0.5108147186985664
0.5108157682036055
0.5108168251703351
0.5108178895484833
0.5108189612877714
0.5108200403379143
0.5108211266486201
0.5108222201695909
0.5108233208505227
0.5108244286411059
0.5108255434910263
0.510826665349963
0.510827794167592
0.5108289298935839
0.5108300724776051
0.5108312218693182
0.5108323780183819
0.5108335408744515
0.5108347103871791
0.5108358865062139
0.5108370691812029
0.5108382583617894
0.5108394539976162
0.510840656038323
0.5108418644335483
0.5108430791329294
0.5108443000861022
0.5108455272427018
0.5108467605523629
0.5108479999647195
0.510849245429406
0.5108504968960561
0.5108517543143051
0.5108530176337877
0.5108542868041405
0.5108555617750001
0.5108568424960062
0.5108581289167979
0.5108594209870181
0.5108607186563108
0.5108620218743224
0.5108633305907019
0.5108646447551015
0.5108659643171756
0.5108672892265828
0.5108686194329844
0.5108699548860458
0.5108712955354363
0.5108726413308294
0.510873992221903
0.5108753481583392
0.5108767090898256
0.5108780749660544
0.5108794457367233
0.5108808213515349
0.5108822017601985
0.5108835869124285
0.5108849767579458
0.5108863712464773
0.5108877703277569
0.5108891739515251
0.5108905820675289
0.5108919946255233
0.5108934115752698
0.510894832866538
0.5108962584491049
0.510897688272756
0.5108991222872843
0.5109005604424919
0.5109020026881885
0.5109034489741933
0.5109048992503341
0.5109063534664479
0.5109078115723809
0.5109092735179886
0.5109107392531367
0.5109122087277007
0.5109136818915654
0.5109151586946264
0.5109166390867897
0.5109181230179713
0.510919610438099
0.5109211012971103
0.5109225955449542
0.5109240931315914
0.5109255940069934
0.5109270981211436
0.510928605424037
0.5109301158656803
0.5109316293960924
0.5109331459653048
0.5109346655233609
0.5109361880203165
0.5109377134062404
0.5109392416312143
0.5109407726453324
0.5109423063987023
0.5109438428414451
0.5109453819236948
0.5109469235955992
0.5109484678073196
0.5109500145090315
0.5109515636509242
0.5109531151832004
0.5109546690560786
0.5109562252197898
0.5109577836245809
0.5109593442207122
0.51096090695846
0.5109624717881147
0.5109640386599819
0.5109656075243819
0.5109671783316505
0.510968751032139
0.5109703255762141
0.5109719019142578
0.5109734799966674
0.510975059773857
0.5109766411962559
0.5109782242143093
0.5109798087784786
0.5109813948392417
0.5109829823470924
0.5109845712525408
0.5109861615061135
0.5109877530583543
0.5109893458598228
0.5109909398610955
0.5109925350127662
0.5109941312654449
0.5109957285697593
0.5109973268763535
0.5109989261358892
0.5110005262990451
0.5110021273165176
0.5110037291390196
0.5110053317172822
0.5110069350020537
0.5110085389441001
0.5110101434942047
0.5110117486031691
0.5110133542218119
0.5110149603009698
0.5110165667914981
0.5110181736442685
0.511019780810172
0.511021388240117
0.5110229958850301
0.5110246036958558
0.511026211623557
0.5110278196191148
0.5110294276335282
0.511031035617815
0.5110326435230109
0.51103425130017
0.5110358589003644
0.5110374662746853
0.5110390733742416
0.5110406801501611
0.5110422865535904
0.5110438925356934
0.5110454980476534
0.5110471030406721
0.5110487074659694
0.5110503112747837
0.5110519144183726
0.5110535168480114
0.5110551185149943
0.5110567193706339
0.5110583193662618
0.5110599184532274
0.511061516582899
0.5110631137066636
0.5110647097759267
0.5110663047421115
0.5110678985566606
0.5110694911710346
0.511071082536713
0.5110726726051928
0.5110742613279906
0.5110758486566402
0.5110774345426945
0.5110790189377246
0.5110806017933193
0.5110821830610863
0.5110837626926513
0.511085340639658
0.5110869168537683
0.5110884912866624
0.5110900638900377
0.5110916346156109
0.5110932034151153
0.5110947702403029
0.511096335042943
0.5110978977748232
0.5110994583877481
0.5111010168335399
0.5111025730640394
0.5111041270311036
0.5111056786866078
0.511107227982444
0.5111087748705219
0.5111103193027681
0.5111118612311258
0.5111134006075567
0.5111149373840379
0.5111164715125643
0.5111180029451464
0.5111195316338129
0.5111210575306078
0.5111225805875919
0.5111241007568421
0.5111256179904524
0.5111271322405319
0.5111286434592063
0.5111301515986171
0.5111316566109212
0.5111331584482918
0.511134657062917
0.5111361524070013
0.5111376444327632
0.5111391330924374
0.5111406183382731
0.5111421001225346
0.5111435783975008
0.5111450531154658
0.5111465242287373
0.5111479916896381
0.5111494554505047
0.5111509154636883
0.511152371681553
0.5111538240564775
0.5111552725408539
0.5111567170870872
0.5111581576475964
0.5111595941748135
0.5111610266211828
0.5111624549391618
0.5111638790812207
0.5111652989998421
0.5111667146475207
0.511168125976763
0.5111695329400876
0.5111709354900249
0.5111723335791168
0.5111737271599162
0.5111751161849875
0.5111765006069053
0.5111778803782558
0.5111792554516351
0.5111806257796501
0.5111819913149169
0.5111833520100622
0.5111847078177222
0.5111860586905423
0.5111874045811775
0.5111887454422915
0.5111900812265567
0.5111914118866544
0.5111927373752738
0.5111940576451122
0.511195372648875
0.5111966823392751
0.5111979866690324
0.5111992855908742
0.5112005790575346
0.5112018670217544
0.5112031494362802
0.5112044262538655
0.5112056974272688
0.5112069629092548
0.511208222652593
0.511209476610058
0.5112107247344292
0.5112119669784905
0.5112132032950298
0.5112144336368392
0.5112156579567139
0.5112168762074529
0.5112180883418581
0.5112192943127337
0.5112204940728867
0.5112216875751264
0.5112228747722636
0.5112240556171104
0.5112252300624807
0.5112263980611886
0.5112275595660493
0.511228714529878
0.5112298629054899
0.5112310046456995
0.5112321397033209
0.5112332680311672
0.5112343895820495
0.5112355043087777
0.5112366121641594
0.5112377131009997
0.5112388070721012
0.5112398940302628
0.5112409739282803
0.5112420467189455
0.511243112355046
0.5112441707893647
0.5112452219746799
0.511246265863764
0.511247302409384
0.5112483315643006
0.5112493532812683
0.5112503675130345
0.5112513742123395
0.5112523733319156
0.5112533648244877
0.5112543486427712
0.5112553247394739
0.511256293067293
0.5112572535789173
0.5112582062270244
0.5112591509642822
0.5112600877433472
0.5112610165168645
0.5112619372374679
0.5112628498577785
0.5112637543304045
0.5112646506079418
0.5112655386429723
0.5112664183880635
0.5112672897957693
0.5112681528186278
0.5112690074091626
0.511269853519881
0.5112706911032735
0.5112715201118152
0.5112723404979627
0.5112731522141554
0.5112739552128144
0.5112747494463422
0.5112755348671225
0.5112763114275185
0.5112770790798739
0.5112778377765114
0.5112785874697328
0.511279328111818
0.5112800596550249
0.5112807820515887
0.5112814952537209
0.5112821992136104
0.5112828938834205
0.5112835792152909
0.5112842551613348
0.5112849216736401
0.5112855787042687
0.5112862262052549
0.5112868641286059
0.5112874924263006
0.5112881110502889
0.5112887199524923
0.5112893190848021
0.5112899083990793
0.5112904878471538
0.5112910573808245
0.5112916169518577
0.5112921665119873
0.511292706012914
0.5112932354063043
0.5112937546437906
0.5112942636769702
0.5112947624574046
0.5112952509366188
0.5112957290661014
0.5112961967973031
0.5112966540816364
0.5112971008704751
0.5112975371151536
0.5112979627669665
0.5112983777771671
0.5112987820969676
0.5112991756775382
0.5112995584700065
0.5112999304254566
0.5113002914949285
0.511300641629418
0.5113009807798746
0.5113013088972029
0.5113016259322598
0.5113019318358549
0.5113022265587504
0.5113025100516588
0.5113027822652437
0.5113030431501181
0.5113032926568439
0.5113035307359318
0.5113037573378396
0.5113039724129723
0.5113041759116808
0.5113043677842615
0.5113045479809554
0.5113047164519473
0.5113048731473653
0.5113050180172796
0.5113051510117026
0.5113052720805865
0.5113053811738248
0.5113054782412493
0.5113055632326307
0.5113056360976773
0.5113056967860341
0.511305745247283
0.5113057814309401
0.5113058052864567
0.5113058167632175
0.51130581581054
0.5113058023776741
0.5113057764138003
0.5113057378680297
0.5113056866894033
0.5113056228268897
0.5113055462293864
0.5113054568457174
0.5113053546246323
0.5113052395148066
0.5113051114648395
0.5113049704232541
0.5113048163384959
0.5113046491589317
0.5113044688328496
0.5113042753084569
0.5113040685338806
0.5113038484571648
0.5113036150262711
0.5113033681890773
0.5113031078933765
0.5113028340868756
0.5113025467171954
0.5113022457318684
0.5113019310783391
0.5113016027039621
0.5113012605560012
0.5113009045816291
0.5113005347279261
0.5113001509418786
0.5112997531703786
0.5112993413602225
0.5112989154581105
0.5112984754106452
0.5112980211643299
0.5112975526655695
0.5112970698606673
0.5112965726958253
0.5112960611171429
0.5112955350706154
0.5112949945021336
0.5112944393574819
0.5112938695823381
0.5112932851222718
0.5112926859227437
0.5112920719291035
0.51129144308659
0.5112907993403298
0.5112901406353353
0.5112894669165047
0.5112887781286197
0.5112880742163455
0.5112873551242288
0.5112866207966977
0.5112858711780587
0.5112851062124976
0.5112843258440767
0.511283530016735
0.5112827186742854
0.5112818917604156
0.5112810492186843
0.5112801909925226
0.5112793170252309
0.5112784272599782
0.5112775216398016
0.5112766001076037
0.511275662606153
0.5112747090780807
0.5112737394658814
0.5112727537119102
0.5112717517583822
0.5112707335473715
0.5112696990208093
0.5112686481204824
0.5112675807880329
0.5112664969649559
0.5112653965925984
0.5112642796121583
0.5112631459646829
0.5112619955910671
0.5112608284320526
0.5112596444282265
0.5112584435200189
0.5112572256477038
0.5112559907513949
0.5112547387710458
0.511253469646449
0.5112521833172329
0.5112508797228615
0.5112495588026327
0.5112482204956772
0.5112468647409557
0.5112454914772595
0.5112441006432069
0.5112426921772434
0.5112412660176393
0.5112398221024881
0.5112383603697053
0.511236880757027
0.5112353832020085
0.5112338676420214
0.5112323340142545
0.5112307822557092
0.5112292123032007
0.5112276240933549
0.5112260175626067
0.5112243926471993
0.5112227492831818
0.5112210874064078
0.5112194069525341
0.5112177078570184
0.5112159900551184
0.511214253481889
0.5112124980721822
0.5112107237606437
0.5112089304817126
0.5112071181696186
0.5112052867583814
0.5112034361818079
0.5112015663734906
0.5111996772668066
0.5111977687949155
0.5111958408907568
0.5111938934870492
0.5111919265162883
0.5111899399107447
0.5111879336024624
0.5111859075232565
0.5111838616047126
0.5111817957781832
0.5111797099747868
0.5111776041254059
0.5111754781606854
0.51117333201103
0.5111711656066027
0.5111689788773228
0.5111667717528638
0.5111645441626518
0.5111622960358628
0.5111600273014221
0.5111577378880003
0.5111554277240133
0.5111530967376188
0.511150744856715
0.5111483720089381
0.5111459781216612
0.5111435631219905
0.5111411269367647
0.5111386694925528
0.5111361907156508
0.5111336905320808
0.5111311688675881
0.51112862564764
0.5111260607974215
0.5111234742418365
0.511120865905502
0.5111182357127482
0.5111155835876156
0.5111129094538527
0.5111102132349137
0.5111074948539562
0.511104754233839
0.5111019912971203
0.5110992059660543
0.511096398162589
0.5110935678083656
0.5110907148247136
0.5110878391326499
0.5110849406528766
0.511082019305777
0.5110790750114159
0.5110761076895338
0.5110731172595472
0.5110701036405445
0.5110670667512844
0.5110640065101931
0.5110609228353613
0.5110578156445421
0.5110546848551487
0.5110515303842518
0.5110483521485757
0.5110451500644972
0.5110419240480432
0.511038674014886
0.5110353998803425
0.5110321015593715
0.5110287789665696
0.5110254320161698
0.5110220606220381
0.5110186646976708
0.511015244156192
0.5110117989103513
0.5110083288725186
0.5110048339546847
0.511001314068456
0.5109977691250522
0.5109941990353043
0.5109906037096503
0.5109869830581332
0.5109833369903973
0.5109796654156866
0.5109759682428403
0.5109722453802907
0.5109684967360596
0.5109647222177557
0.5109609217325715
0.5109570951872796
0.5109532424882306
0.5109493635413492
0.5109454582521311
0.5109415265256404
0.5109375682665054
0.5109335833789164
0.5109295717666221
0.510925533332926
0.5109214679806833
0.5109173756122981
0.510913256129719
0.5109091094344371
0.5109049354274813
0.5109007340094158
0.5108965050803365
0.510892248539867
0.5108879642871558
0.5108836522208731
0.5108793122392055
0.5108749442398548
0.5108705481200331
0.5108661237764591
0.5108616711053552
0.5108571900024436
0.510852680362942
0.5108481420815603
0.5108435750524982
0.5108389791694393
0.5108343543255482
0.5108297004134675
0.5108250173253129
0.5108203049526696
0.5108155631865888
0.5108107919175837
0.510805991035625
0.5108011604301377
0.5107962999899965
0.5107914096035231
0.5107864891584797
0.5107815385420673
0.5107765576409207
0.5107715463411041
0.5107665045281069
0.5107614320868407
0.5107563289016331
0.5107511948562261
0.5107460298337687
0.5107408337168156
0.5107356063873201
0.5107303477266327
0.5107250576154937
0.5107197359340312
0.510714382561755
0.5107089973775534
0.5107035802596871
0.5106981310857871
0.5106926497328473
0.5106871360772216
0.5106815899946195
0.5106760113600994
0.510670400048067
0.5106647559322676
0.5106590788857828
0.5106533687810259
0.5106476254897363
0.5106418488829749
0.5106360388311191
0.5106301952038582
0.5106243178701882
0.5106184066984065
0.5106124615561074
0.510606482310176
0.5106004688267849
0.5105944209713871
0.5105883386087116
0.5105822216027586
0.5105760698167934
0.5105698831133415
0.5105636613541837
0.5105574044003496
0.5105511121121129
0.5105447843489862
0.5105384209697149
0.5105320218322715
0.5105255867938507
0.5105191157108637
0.5105126084389319
0.5105060648328814
0.5104994847467381
0.5104928680337202
0.5104862145462344
0.5104795241358684
0.5104727966533855
0.510466031948719
0.510459229870966
0.5104523902683809
0.5104455129883698
0.5104385978774846
0.5104316447814155
0.5104246535449868
0.5104176240121486
0.510410556025972
0.5104034494286419
0.5103963040614511
0.5103891197647933
0.5103818963781566
0.510374633740118
0.5103673316883355
0.5103599900595415
0.5103526086895375
0.510345187413186
0.5103377260644043
0.5103302244761567
0.5103226824804494
0.5103150999083219
0.5103074765898405
0.5102998123540922
0.5102921070291757
0.5102843604421959
0.5102765724192562
0.5102687427854506
0.5102608713648578
0.5102529579805317
0.5102450024544967
0.5102370046077374
0.5102289642601932
0.5102208812307498
0.5102127553372315
0.510204586396394
0.510196374223916
0.5101881186343916
0.5101798194413232
0.5101714764571119
0.5101630894930513
0.5101546583593184
0.5101461828649657
0.5101376628179131
0.5101290980249396
0.5101204882916748
0.510111833422591
0.510103133220995
0.5100943874890181
0.51008559602761
0.5100767586365277
0.5100678751143282
0.5100589452583599
0.5100499688647532
0.5100409457284114
0.510031875643003
0.5100227584009515
0.5100135937934263
0.5100043816103349
0.5099951216403119
0.5099858136707114
0.5099764574875961
0.509967052875729
0.5099575996185639
0.5099480974982349
0.5099385462955475
0.5099289457899692
0.5099192957596189
0.5099095959812574
0.5098998462302776
0.5098900462806947
0.5098801959051354
0.5098702948748284
0.5098603429595941
0.5098503399278339
0.5098402855465203
0.5098301795811859
0.5098200217959138
0.5098098119533255
0.5097995498145722
0.5097892351393215
0.5097788676857493
0.5097684472105262
0.5097579734688087
0.5097474462142266
0.5097368651988731
0.5097262301732917
0.5097155408864662
0.5097047970858096
0.5096939985171515
0.5096831449247265
0.5096722360511634
0.5096612716374724
0.5096502514230342
0.5096391751455869
0.509628042541215
0.5096168533443364
0.5096056072876907
0.5095943041023263
0.5095829435175887
0.5095715252611072
0.5095600490587824
0.5095485146347747
0.5095369217114888
0.5095252700095636
0.5095135592478579
0.5095017891434366
0.5094899594115588
0.5094780697656638
0.5094661199173576
0.5094541095763994
0.5094420384506885
0.5094299062462496
0.5094177126672202
0.5094054574158351
0.5093931401924134
0.5093807606953445
0.5093683186210731
0.5093558136640852
0.5093432455168936
0.5093306138700231
0.509317918411996
0.5093051588293174
0.5092923348064596
0.5092794460258478
0.5092664921678446
0.5092534729107348
0.5092403879307094
0.5092272369018511
0.5092140194961184
0.5092007353833288
0.5091873842311443
0.5091739657050545
0.5091604794683607
0.5091469251821601
0.5091333025053288
0.5091196110945052
0.5091058506040742
0.5090920206861497
0.5090781209905578
0.5090641511648206
0.5090501108541373
0.509035999701369
0.5090218173470196
0.5090075634292197
0.5089932375837074
0.5089788394438115
0.5089643686404336
0.5089498248020294
0.5089352075545912
0.5089205165216284
0.5089057513241505
0.5088909115806474
0.5088759969070705
0.5088610069168146
0.5088459412206984
0.5088307994269448
0.5088155811411623
0.508800285966325
0.5087849135027533
0.5087694633480939
0.5087539350972989
0.5087383283426072
0.508722642673524
0.5087068776767989
0.5086910329364074
0.5086751080335278
0.5086591025465228
0.5086430160509163
0.5086268481193739
0.5086105983216797
0.5085942662247162
0.508577851392442
0.5085613533858706
0.5085447717630466
0.5085281060790257
0.5085113558858501
0.5084945207325282
0.5084776001650102
0.5084605937261656
0.5084435009557602
0.5084263213904335
0.5084090545636738
0.508391700005796
0.5083742572439172
0.5083567258019323
0.5083391052004906
0.5083213949569716
0.508303594585459
0.5082857035967183
0.5082677214981692
0.5082496477938632
0.5082314819844564
0.5082132235671848
0.5081948720358384
0.5081764268807357
0.5081578875886974
0.5081392536430198
0.5081205245234495
0.5081016997061548
0.5080827786637014
0.5080637608650227
0.5080446457753947
0.5080254328564069
0.5080061215659365
0.5079867113581182
0.5079672016833178
0.5079475919881039
0.5079278817152182
0.5079080703035481
0.5078881571880967
0.5078681417999544
0.5078480235662691
0.5078278019102171
0.5078074762509722
0.5077870460036775
0.5077665105794128
0.5077458693851664
0.5077251218238031
0.507704267294033
0.5076833051903815
0.507662234903157
0.5076410558184195
0.5076197673179488
0.5075983687792122
0.5075768595753325
0.5075552390750554
0.5075335066427161
0.5075116616382069
0.5074897034169437
0.507467631329832
0.5074454447232343
0.5074231429389342
0.507400725314104
0.5073781911812693
0.5073555398682736
0.5073327706982449
0.5073098829895581
0.5072868760558016
0.5072637492057405
0.5072405017432803
0.5072171329674308
0.5071936421722704
0.5071700286469073
0.5071462916754441
0.5071224305369398
0.5070984445053714
0.5070743328495977
0.5070500948333191
0.5070257297150403
0.5070012367480313
0.5069766151802882
0.5069518642544948
0.5069269832079805
0.5069019712726839
0.5068768276751096
0.5068515516362898
0.5068261423717421
0.5068005990914299
0.5067749209997195
0.5067491072953403
0.5067231571713405
0.5066970698150481
0.506670844408025
0.5066444801260271
0.5066179761389595
0.506591331610834
0.5065645456997245
0.5065376175577236
0.5065105463308994
0.5064833311592483
0.5064559711766526
0.5064284655108343
0.5064008132833092
0.5063730136093418
0.5063450655978992
0.5063169683516034
0.5062887209666865
0.5062603225329421
0.5062317721336789
0.5062030688456717
0.5061742117391151
0.5061451998775739
0.5061160323179343
0.5060867081103567
0.5060572262982239
0.506027585918093
0.5059977859996457
0.5059678255656366
0.5059377036318434
0.505907419207017
0.5058769712928277
0.5058463588838166
0.5058155809673406
0.5057846365235228
0.5057535245251981
0.505722243937861
0.5056907937196125
0.5056591728211055
0.5056273801854925
0.5055954147483694
0.5055632754377225
0.505530961173872
0.5054984708694183
0.5054658034291855
0.5054329577501642
0.505399932721458
0.5053667272242242
0.505333340131618
0.5052997703087351
0.5052660166125532
0.5052320778918751
0.5051979529872693
0.5051636407310122
0.505129139947027
0.5050944494508273
0.5050595680494546
0.5050244945414196
0.5049892277166412
0.5049537663563862
0.5049181092332067
0.5048822551108801
0.5048462027443472
0.5048099508796484
0.5047734982538631
0.504736843595045
0.5046999856221605
0.5046629230450234
0.5046256545642324
0.5045881788711061
0.5045504946476181
0.5045126005663331
0.50447449529034
0.5044361774731876
0.5043976457588178
0.5043588987814998
0.5043199351657628
0.5042807535263292
0.5042413524680477
0.5042017305858255
0.5041618864645592
0.5041218186790672
0.5040815257940223
0.5040410063638798
0.5040002589328111
0.5039592820346322
0.503918074192734
0.5038766339200124
0.5038349597187978
0.5037930500807831
0.5037509034869538
0.5037085184075157
0.5036658933018228
0.5036230266183055
0.5035799167943978
0.5035365622564656
0.5034929614197319
0.5034491126882041
0.5034050144546012
0.5033606651002783
0.5033160629951539
0.5032712064976341
0.5032260939545383
0.5031807237010247
0.5031350940605134
0.5030892033446124
0.5030430498530415
0.5029966318735545
0.5029499476818649
0.5029029955415686
0.5028557737040668
0.5028082804084881
0.5027605138816135
0.5027124723377955
0.5026641539788842
0.5026155569941462
0.5025666795601872
0.5025175198408748
0.5024680759872578
0.5024183461374904
0.502368328416749
0.5023180209371578
0.5022674217977054
0.5022165290841684
0.5021653408690292
0.5021138552113983
0.5020620701569332
0.502009983737759
0.5019575939723876
0.5019048988656375
0.5018518964085544
0.5017985845783292
0.5017449613382182
0.5016910246374632
0.5016367724112093
0.5015822025804246
0.5015273130518204
0.5014721017177689
0.5014165664562231
0.5013607051306359
0.5013045155898787
0.5012479956681609
0.5011911431849488
0.5011339559448854
0.5010764317377083
0.5010185683381699
0.5009603635059563
0.500901814985607
0.5008429205064344
0.5007836777824424
0.5007240845122475
0.5006641383789975
0.5006038370502925
0.5005431781781038
0.5004821593986948
0.5004207783325424
0.500359032584256
0.5002969197424996
0.5002344373799126
0.5001715830530311
0.5001083543022105
0.5000447486515454
0.49998076360879445
0.49991639666530097
0.4998516452959175
0.49978650695892735
0.49972097909596963
0.4996550591319631
0.49958874447503004
0.4995220325164222
0.4994549206304456
0.4993874061743859
0.4993194864884362
0.4992511588956225
0.49918242070173163
0.49911326919524
0.4990437016472408
0.49897371531137413
0.4989033074237569
0.4988324752029126
0.4987612158497027
0.4986895265472589
0.4986174044609156
0.4985448467381425
0.49847185050847925
0.49839841288347086
0.4983245309566022
0.49825020180323537
0.4981754224805468
0.49810019002746614
0.4980245014646145
0.497948353794246
0.4978717440001873
0.49779466904778175
0.497717125883831
0.49763911143654005
0.49756062261546324
0.4974816563114491
0.49740220939658997
0.49732227872416995
0.4972418611286147
0.49716095342544386
0.497079552411223
0.49699765486351716
0.49691525754084687
0.4968323571826451
0.49674895050921486
0.4966650342216884
0.49658060500198853
0.4964956595127915
0.4964101943974911
0.4963242062801635
0.49623769176553467
0.4961506474389506
0.4960630698663458
0.49597495559421767
0.4958863011495985
0.49579710304003316
0.49570735775355523
0.4956170617586676
0.4955262115043233
0.49543480341990886
0.49534283391523004
0.49525029938049836
0.49515719618632115
0.49506352068369236
0.4949692692039868
0.494874438058955
0.49477902354072206
0.4946830219217868
0.4945864294550244
0.4944892423736913
0.4943914568914324
0.49429306920228955
0.4941940754807147
0.4940944718815824
0.4939942545402082
0.4938934195723672
0.49379196307431616
0.49368988112281714
0.49358716977516576
0.4934838250692206
0.4933798430234351
0.49327521963689397
0.49316995088934934
0.49306403274126465
0.4929574611338549
0.49285023198913674
0.49274234120997545
0.49263378468013924
0.4925245582643534
0.4924146578083607
0.4923040791389816
0.4921928180641801
0.4920808703731313
0.4919682318362933
0.4918548982054811
0.491740865213944
0.4916261285764476
0.4915106839893578
0.4913945271307285
0.4912776536603922
0.49116005922005584
0.4910417394333976
0.4909226899061692
0.4908029062263003
0.49068238396400776
0.4905611186719073
0.4904391058851293
0.49031634112143857
0.4901928198813579
0.4900685376482925
0.48994348988866343
0.4898176720520396
0.48969107957127683
0.4895637078626598
0.48943555232604624
0.4893066083450175
0.48917687128703097
0.48904633650357837
0.4889149993303448
0.4887828550873753
0.4886498990792422
0.48851612659521904
0.4883815329094562
0.4882461132811617
0.48810986295478576
0.4879727771602096
0.48783485111293734
0.48769608001429265
0.48755645905161893
0.48741598339848435
0.4872746482148894
0.48713244864748073
0.4869893798297654
0.48684543688233295
0.48670061491308036
0.48655490901743775
0.486408314278604
0.4862608257677807
0.4861124385444141
0.4859631476564384
0.4858129481405249
0.4856618350223334
0.4855098033167687
0.48535684802824103
0.48520296415092967
0.4850481466690507
0.4848923905571287
0.4847356907802726
0.4845780422944551
0.4844194400467947
0.48425987897584455
0.48409935401188087
0.4839378600771992
0.4837753920864108
0.48361194494674536
0.48344751355835586
0.48328209281462703
0.4831156776024879
0.48294826280272807
0.48277984329031554
0.4826104139347209
0.48243996960024194
0.4822685051463338
0.4820960154279413
0.48192249529583386
0.48174793959694523
0.4815723431747151
0.4813957008694339
0.48121800751859084
0.4810392579572248
0.4808594470182779
0.4806785695329525
0.48049662033106916
0.4803135942414299
0.48012948609218237
0.47994429071118644
0.4797580029263832
0.4795706175661685
0.47938212945976544
0.47919253343760143
0.4790018243316868
0.47880999697599547
0.4786170462068473
0.47842296686329316
0.47822775378750026
0.47803140182514176
0.4778339058257858
0.4776352606432867
0.47743546113617835
0.47723450216806895
0.47703237860803566
0.47682908533102175
0.4766246172182358
0.47641896915754933
0.47621213604389767
0.476004112779681
0.47579489427516525
0.47558447544888577
0.4753728512280494
0.47516001654893825
0.47494596635731356
0.47473069560881986
0.47451419926938987
0.4742964723156477
0.4740775097353151
0.47385730652761443
0.47363585770367367
0.47341315828692987
0.47318920331353354
0.4729639878327505
0.47273750690736516
0.47250975561408237
0.47228072904392815
0.47205042230264965
0.471818830511115
0.4715859488057108
0.471351772338739
0.47111629627881313
0.4708795158112523
0.47064142613847354
0.4704020224803841
0.4701613000747701
0.46991925417768504
0.4696758800638359
0.4694311730269673
0.46918512838024273
0.46893774145662603
0.46868900760925863
0.46843892221183475
0.4681874806589752
0.4679346783665979
0.46768051077228695
0.4674249733356563
0.46716806153871576
0.4669097708862282
0.4666500969060693
0.46638903514958063
0.46612658119192196
0.4658627306324198
0.46559747909491156
0.4653308222280901
0.46506275570584027
0.4647932752275761
0.4645223765185724
0.46425005533029395
0.46397630744072105
0.46370112865467117
0.4634245148041172
0.4631464617485024
0.46286696537505123
0.4625860215990768
0.462303626364285
0.46201977564307295
0.46173446543682645
0.4614476917762115
0.46115945072146236
0.4608697383626664
0.4605785508200447
0.4602858842442279
0.45999173481652994
0.4596960987492151
0.45939897228576443
0.45910035170113506
0.4588002333020177
0.45849861342708964
0.45819548844726216
0.457890854765927
0.4575847088191959
0.457277047076138
0.4569678660390133
0.4566571622435012
0.4563449322589248
0.4560311726884743
0.4557158801694227
0.4553990513733401
0.45508068300630355
0.454760771809104
0.45443931455744785
0.4541163080621555
0.4537917491693585
0.45346563476068935
0.4531379617534715
0.45280872710090336
0.45247792779223983
0.45214556085297086
0.4518116233449976
0.4514761123668018
0.4511390250536181
0.45080035857759676
0.4504601101479696
0.45011827701120766
0.44977485645118087
0.4494298457893119
0.44908324238472896
0.44873504363441563
0.4483852469733582
0.44803384987469175
0.4476808498498434
0.4473262444486731
0.4469700312596131
0.44661220790980644
0.4462527720652422
0.4458917214308898
0.445529053750833
0.44516476680840095
0.44479885842629785
0.4444313264667351
0.4440621688315571
0.4436913834623717
0.44331896834067497
0.4429449214879802
0.4425692409659427
0.44219192487648773
0.4418129713619345
0.44143237860512435
0.4410501448295455
0.44066626829946265
0.4402807473200405
0.4398935802374755
0.43950476543912137
0.4391143013536223
0.43872218645104105
0.4383284192429932
0.4379329982827792
0.43753592216552156
0.4371371895283
0.4367367990502912
0.43633474945291106
0.4359310394999548
0.4355256679977456
0.4351186337952814
0.43470993578438544
0.43429957289986054
0.43388754411964486
0.43347384846497233
0.43305848500053545
0.43264145283465144
0.4322227511194329
0.43180237905096075
0.4313803358694621
0.4309566208594924
0.4305312333501206
0.4301041727151196
0.4296754383731606
0.42924502978801193
0.428812946468744
0.42837918796993624
0.4279437538918918
0.42750664388085613
0.4270678576292409
0.42662739487585216
0.4261852554061269
0.4257414390523713
0.4252959456940078
0.424848775257826
0.4243999277182406
0.42394940309755413
0.4234972014662277
0.4230433229431545
0.4225877676959431
0.42213053594120503
0.4216716279448489
0.4212110440223817
0.42074878453921516
0.42028484991098053
0.41981924060384757
0.4193519571348531
0.41888300007223406
0.41841237003576653
0.41794006769711384
0.41746609378018096
0.4169904490614731
0.41651313437046456
0.41603415058997123
0.41555349865653257
0.41507117956079814
0.4145871943479215
0.4141015441179609
0.4136142300262877
0.41312525328399835
0.41263461515833644
0.41214231697311865
0.4116483601091678
0.4111527460047527
0.41065547615603426
0.41015655211751656
0.4096559755025052
0.40915374798357074
0.408649871293019
0.40814434722336507
0.4076371776278152
0.4071283644207525
0.40661790957822785
0.40610581513845767
0.40559208320232343
0.4050767159338793
0.4045597155608615
0.40404108437520436
0.40352082473355777
0.402998939057812
0.4024754298356227
0.40195029962094153
0.40142355103454963
0.40089518676459324
0.4003652095671236
0.3998336222666372
0.3993004277566192
0.39876562900008977
0.39822922903014984
0.39769123095053033
0.3971516379361405
0.3966104532336173
0.39606768016187677
0.3955233221126626
0.39497738255109677
0.3944298650162275
0.39388077312157815
0.393330110555693
0.3927778810826812
0.3922240885427598
0.3916687368527941
0.3911118300068322
0.3905533720766413
0.3899933672122339
0.38943181964239604
0.3888687336752061
0.388304113698551
0.3877379641806369
0.3871702896704916
0.3866010947984645
0.38603038427671565
0.3854581628997008
0.38488443554464685
0.38430920717201944
0.38373248282598205
0.38315426763484645
0.3825745668115127
0.3819933856539
0.38141072954536603
0.3808266039551158
0.38024101443860014
0.3796539666379
0.37906546628209953
0.37847551918764666
0.37788413125870035
0.3772913084874628
0.37669705695449784
0.3761013828290358
0.37550429236926214
0.37490579192258827
0.37430588792591135
0.3737045869058518
0.37310189547897804
0.3724978203520108
0.3718923683220109
0.371285546276548
0.37067736119385175
0.37006782014294143
0.36945693028373733
0.3688446988671522
0.3682311332351614
0.367616240820852
0.3670000291484516
0.3663825058333344
0.36576367858200565
0.3651435551920635
0.36452214355213824
0.3638994516418083
0.36327548753149247
0.36265025938231943
0.36202377544597164
0.36139604406450593
0.36076707367014926
0.36013687278506973
0.35950545002112183
0.3588728140795665
0.35823897375076663
0.35760393791385475
0.35696771553637746
0.3563303156739101
0.3556917474696485
0.35505202015397275
0.3544111430439842
0.35376912554301626
0.3531259771401187
0.3524817074095137
0.35183632601002723
0.351189842684492
0.35054226725912363
0.34989360964286986
0.3492438798267341
0.34859308788307075
0.34794124396485454
0.3472883583049221
0.34663444121518927
0.34597950308583925
0.34532355438448625
0.34466660565531265
0.3440086675181806
0.34334975066771567
0.34268986587236994
0.34202902397345314
0.3413672358841449
0.34070451258847956
0.3400408651403057
0.33937630466222457
0.33871084234450194
0.3380444894439581
0.33737725728283563
0.33670915724764205
0.33604020078797403
0.3353703994153166
0.334699764701823
0.3340283082790741
0.333356041836816
0.3326829771216797
0.33200912593588067
0.3313345001358998
0.3306591116311469
0.3299829723826065
0.32930609440146574
0.32862848974772857
0.32795017052881137
0.32727114889812553
0.32659143705364535
0.32591104723646125
0.32522999172932204
0.3245482828551617
0.3238659329756189
0.32318295448954043
0.32249935983147954
0.32181516147018047
0.3211303719070572
0.3204450036746632
0.3197590693351531
0.3190725814787385
0.31838555272213875
0.31769799570702556
0.31700992309846293
0.3163213475833461
0.31563228186883435
0.3149427386807844
0.3142527307621813
0.3135622708715692
0.3128713717814829
0.31218004627687945
0.3114883071535723
0.3107961672166681
0.310103639279006
0.3094107361596025
0.3087174706820994
0.3080238556732181
0.30732990396122073
0.30663562837437736
0.3059410417394413
0.3052461568801321
0.30455098661562946
0.30385554375907464
0.30315984111608374
0.3024638914832716
0.3017677076467876
0.30107130238086377
0.300374688446375
0.2996778785894155
0.29898088553988544
0.2982837220100958
0.2975864006933871
0.2968889342627637
0.29619133536954506
0.295493616642034
0.29479579068420153
0.2940978700743902
0.29339986736403617
0.2927017950764087
0.2920036657053701
0.29130549171415504
0.29060728553416904
0.2899090595638079
0.2892108261672983
0.2885125976735582
0.28781438637507983
0.28711620452683306
0.28641806434519235
0.28571997800688376
0.28502195764795557
0.2843240153627716
0.2836261632030269
0.28292841317678596
0.2822307772475453
0.2815332673333173
0.28083589530573977
0.2801386729892071
0.27944161216002544
0.2787447245455914
0.2780480218235956
0.2773515156212468
0.2766552175145241
0.2759591390274474
0.2752632916313771
0.2745676867443321
0.27387233573033565
0.273177249898781
0.2724824405038232
0.27178791874379193
0.271093695760629
0.2703997826393468
0.26970619040751265
0.26901293003475074
0.268320012432273
0.26762744845242525
0.2669352488882604
0.2662434244731313
0.2655519858803052
0.26486094372259894
0.26417030855203705
0.26348009085952756
0.26279030107456103
0.26210094956492896
0.2614120466364593
0.26072360253277616
0.26003562743507586
0.25934813146192104
0.2586611246690549
0.2579746170492347
0.25728861853207974
0.2566031389839394
0.2559181882077774
0.2552337759430743
0.2545499118657428
0.2538666055880628
0.25318386665863096
0.2525017045623234
0.25182012872027715
0.2511391484898823
0.2504587731647911
0.24977901197493912
0.24909987408657933
0.24842136860233194
0.2477435045612426
0.24706629093885663
0.24638973664730265
0.245713850535388
0.24503864138870565
0.24436411792975166
0.24369028881805224
0.24301716265030107
0.24234474796050592
0.24167305322014457
0.2410020868383292
0.24033185716197875
0.23966237247600009
0.2389936410034755
0.23832567090585996
0.23765847028318016
0.2369920471742467
0.23632640955686662
0.23566156534806573
0.23499752240431385
0.23433428852175636
0.23367187143645082
0.23301027882460687
0.2323495183028319
0.23168959742837858
0.23103052369939858
0.2303723045551963
0.2297149473764883
0.22905845948566483
0.2284028481470518
0.22774812056717794
0.2270942838950405
0.22644134522237605
0.22578931158392926
0.22513818995772497
0.22448798726534028
0.22383871037217726
0.22319036608773582
0.22254296116588732
0.22189650230514757
0.22125099614894972
0.22060644928591608
0.219962868250131
0.2193202595214101
0.21867862952557096
0.21803798463470114
0.21739833116742566
0.2167596753891716
0.21612202351243187
0.2154853816970273
0.21484975605036621
0.2142151526277017
0.21358157743238626
0.21294903641612528
0.21231753547922666
0.21168708047084764
0.2110576771892405
0.2104293313819926
0.20980204874626573
0.20917583492903216
0.20855069552730449
0.20792663608836737
0.20730366211000098
0.20668177904070378
0.2060609922799101
0.20544130717820694
0.20482272903754273
0.20420526311143655
0.20358891460518083
0.20297368867604204
0.20235959043345592
0.20174662493921985
0.20113479720768165
0.2005241122059227
0.19991457485393968
0.19930619002481892
0.19869896254491015
0.19809289719399442
0.19748799870544717
0.1968842717664
0.1962817210178951
0.19568035105503817
0.19508016642714632
0.19448117163789114
0.1938833711454397
0.193286769362589
0.19269137065689937
0.1920971793508209
0.19150419972181773
0.19091243600248853
0.19032189238068192
0.18973257299960833
0.1891444819579497
0.18855762330996217
0.18797200106557796
0.18738761919050217
0.18680448160630583
0.18622259219051573
0.18564195477670054
0.18506257315455357
0.18448445106997088
0.18390759222512837
0.18333200027855276
0.18275767884519115
0.18218463149647637
0.1816128617603896
0.18104237312151986
0.1804731690211194
0.17990525285715803
0.17933862798437308
0.17877329771431616
0.17820926531539852
0.1776465340129329
0.1770851069891722
0.17652498738334646
0.1759661782916977
0.17540868276751015
0.1748525038211411
0.17429764442004683
0.17374410748880847
0.17319189590915435
0.1726410125199809
0.1720914601173712
0.17154324145461275
0.1709963592422114
0.17045081614790608
0.16990661479668046
0.16936375777077278
0.16882224760968573
0.16828208681019316
0.16774327782634696
0.16720582306948262
0.16666972490822315
0.16613498566848148
0.16560160763346443
0.16506959304367258
0.164538944096902
0.16400966294824443
0.16348175171008658
0.16295521245210928
0.1624300472012868
0.1619062579418855
0.1613838466154615
0.16086281512086004
0.16034316531421366
0.1598248990089403
0.15930801797574273
0.1587925239426072
0.15827841859480282
0.15776570357488176
0.15725438048267945
0.15674445087531624
0.15623591626719838
0.15572877813002167
0.15522303789277467
0.15471869694174328
0.15421575662051715
0.15371421822999523
0.1532140830283957
0.15271535223126376
0.15221802701148426
0.15172210849929288
0.15122759778229097
0.1507344959054611
0.15024280387118444
0.14975252263926042
0.14926365312692735
0.14877619620888677
0.14829015271732718
0.14780552344195347
0.1473223091300145
0.14684051048633648
0.14636012817335656
0.14588116281115965
0.14540361497751803
0.1449274852079319
0.1444527739956747
0.14397948179184014
0.1435076090053911
0.1430371560032128
0.14256812311016764
0.14210051060915418
0.14163431874116758
0.1411695477053639
0.1407061976591281
0.14024426871814313
0.1397837609564646
0.13932467440659724
0.13886700905957422
0.1384107648650409
0.13795594173134137
0.1375025395256082
0.1370505580738557
0.1365999971610769
0.13615085653134343
0.13570313588790897
0.1352568348933172
0.1348119531695116
0.13436849029795003
0.13392644581972277
0.13348581923567387
0.1330466100065257
0.1326088175530085
0.13217244125599184
0.1317374804566207
0.13130393445645627
0.1308718025176174
0.1304410838629289
0.13001177767607158
0.12958388310173727
0.12915739924578573
0.1287323251754072
0.12830865991928758
0.12788640246777705
0.12746555177306343
0.12704610674934752
0.12662806627302414
0.12621142918286457
0.1257961942802045
0.12538236032913452
0.12496992605669424
0.12455889015306995
0.1241492512717967
0.12374100802996187
0.12333415900841481
0.12292870275197756
0.12252463776965994
0.12212196253487895
0.12172067548567916
0.12132077502495915
0.120922259520699
0.12052512730619191
0.1201293766802793
0.11973500590758834
0.11934201321877326
0.11895039681075917
0.1185601548469889
0.11817128545767322
0.11778378674004396
0.11739765675860925
0.11701289354541244
0.11662949510029322
0.11624745939115196
0.11586678435421602
0.11548746789430907
0.11510950788512338
0.11473290216949318
0.11435764855967274
0.11398374483761395
0.11361118875524873
0.11323997803477251
0.11287011036892974
0.11250158342130234
0.11213439482659882
0.11176854219094762
0.11140402309218994
0.11104083508017612
0.11067897567706297
0.11031844237761367
0.109959232649498
0.10960134393359594
0.10924477364430135
0.10888951916982761
0.10853557787251482
0.1081829470891387
0.10783162413121991
0.10748160628533479
0.10713289081342803
0.10678547495312549
0.10643935591804864
0.10609453089812962
0.10575099705992717
0.10540875154694361
0.10506779147994258
0.10472811395726678
0.10438971605515765
0.10405259482807418
0.10371674730901308
0.1033821705098294
0.10304886142155664
0.1027168170147283
0.10238603423969884
0.1020565100269652
0.10172824128748802
0.1014012249130134
0.10107545777639458
0.10075093673191264
0.10042765861559863
0.100105620245554
0.09978481842227134
0.0994652499289557
0.09914691153184348
0.09882979998052248
0.09851391200825141
0.09819924433227792
0.0978857936541566
0.09757355666006667
0.09726253002112771
0.09695271039371627
0.09664409441977995
0.09633667872715204
0.09603045992986442
0.09572543462845937
0.09542159941030148
0.09511895084988639
0.09481748550915031
0.09451719993777775
0.09421809067350806
0.09392015424243975
0.09362338715933524
0.09332778592792267
0.09303334704119781
0.09274006698172235
0.0924479422219235
0.09215696922438908
0.09186714444216436
0.09157846431904325
0.09129092528986232
0.09100452378078919
0.09071925620961194
0.0904351189860251
0.09015210851191519
0.08987022118164291
0.08958945338232521
0.08930980149411392
0.08903126189047335
0.0887538309384561
0.0884775049989761
0.08820228042708028
0.0879281535722184
0.08765512077850988
0.08738317838500961
0.08711232272597166
0.086842550131109
0.08657385692585452
0.08630623943161639
0.08603969396603361
0.08577421684322799
0.08550980437405487
0.08524645286635127
0.08498415862518152
0.0847229179530809
0.08446272715029657
0.08420358251502741
0.08394548034366002
0.08368841693100368
0.0834323885705217
0.08317739155456205
0.08292342217458394
0.08267047672138345
0.08241855148531572
0.08216764275651588
0.08191774682511613
0.08166885998146202
0.08142097851632515
0.08117409872111415
0.080928216888083
0.0806833293105366
0.08043943228303493
0.08019652210159367
0.0799545950638833
0.07971364746942494
0.0794736756197849
0.07923467581876541
0.07899664437259421
0.07875957759011112
0.07852347178295209
0.07828832326573151
0.07805412835622111
0.07782088337552732
0.07758858464826608
0.07735722850273474
0.07712681127108217
0.07689732928947651
0.07666877889826978
0.07644115644216104
0.07621445827035697
0.07598868073672949
0.07576382019997172
0.07553987302375177
0.07531683557686311
0.07509470423337386
0.0748734753727732
0.07465314538011521
0.07443371064616136
0.07421516756751964
0.07399751254678197
0.07378074199265938
0.07356485232011538
0.07334983995049559
0.07313570131165695
0.07292243283809394
0.07271003097106199
0.07249849215870027
0.07228781285615049
0.0720779895256752
0.07186901863677261
0.07166089666629057
0.07145362009853719
0.07124718542538996
0.0710415891464037
0.07083682776891415
0.07063289780814197
0.07042979578729318
0.07022751823765844
0.07002606169870935
0.06982542271819384
0.06962559785222917
0.06942658366539262
0.06922837673081073
0.06903097363024636
0.06883437095418433
0.06863856530191437
0.06844355328161268
0.0682493315104216
0.06805589661452795
0.0678632452292383
0.06767137399905356
0.06748027957774153
0.06728995862840728
0.06710040782356233
0.06691162384519175
0.06672360338481956
0.06653634314357289
0.06634983983224373
0.0661640901713496
0.0659790908911921
0.06579483873191447
0.06561133044355708
0.06542856278611159
0.06524653252957274
0.06506523645398998
0.06488467134951678
0.06470483401645792
0.0645257212653163
0.06434732991683755
0.06416965680205365
0.06399269876232462
0.0638164526493793
0.06364091532535415
0.06346608366283121
0.06329195454487427
0.06311852486506393
0.0629457915275312
0.06277375144698956
0.06260240154876646
0.06243173876883251
0.06226176005383003
0.062092462361100456
0.061923842658709906
0.06175589792547394
0.06158862515098114
0.0614220213356156
0.06125608349057745
0.06109080863790325
0.06092619381048461
0.060762236052085965
0.06059893241736128
0.060436279971868886
0.06027427579208669
0.060112916965424916
0.059952200590238446
0.05979212377583838
0.059632683642501905
0.05947387732148142
0.05931570195501349
0.05915815469632507
0.05900123270964044
0.05884493317018662
0.05868925326419709
0.058534190188916445
0.0583797411526018
0.058225903374525316
0.05807267408497459
0.05792005052525302
0.05776802994767893
0.057616609615583333
0.05746578680330818
0.057315558796202495
0.05716592289061877
0.057016876393907796
0.05686841662441301
0.056720540911464244
0.05657324659537091
0.05642653102741355
0.05628039156983565
0.05613482559583463
0.05598983048955155
0.055845403646060776
0.05570154247135836
0.05555824438235083
0.05541550680684189
0.0552733271835198
0.05513170296194336
0.05499063160252766
0.05485011057652914
0.054710137366029865
0.054570709463921764
0.05443182437388962
0.05429347961039405
0.05415567269865389
0.05401840117462756
0.053881662584994904
0.05374545448713733
0.0536097744491183
0.05347462004966326
0.053339988878138525
0.053205878534530696
0.05307228662942433
0.05293921078398049
0.052806648629913897
0.05267459780947028
0.0525430559754027
0.052412020790948304
0.052281489929803644
0.052151461076100705
0.05202193192438169
0.05189290017957386
0.05176436355696386
0.051636319782172035
0.051508766591125764
0.05138170173003316
0.05125512295535578
0.05112902803378185
0.0510034147421979
0.0508782808676619
0.05075362420737421
0.050629442568649666
0.05050573376888848
0.05038249563554756
0.050259726006111075
0.050137422728061015
0.05001558365884719
0.04989420666585775
