0.5235435311370273
0.5278851054548449
0.5239054871044522
0.5210176766385024
0.5189733960431356
0.5175385044197021
0.5165374047814276
0.5158418542636047
0.515359852994766
0.5150262260479463
0.5147952127802292
0.51463489075162
0.5145230978697461
0.5144445055734437
0.5143885444645123
0.51434794673277
0.5143177281100223
0.5142944798482597
0.514275877854989
0.5142603432012467
0.5142468077835134
0.5142345528487403
0.5142230979101708
0.5142121244578687
0.5142014236619149
0.5141908605982294
0.5141803498376307
0.5141698388385707
0.5141592966902507
0.5141487065170571
0.5141380603827248
0.5141273558964206
0.5141165939735897
0.5141057773769986
0.5140949097820817
0.5140839951922502
0.514073037585751
0.5140620407139733
0.5140510079972924
0.5140399424823874
0.5140288468371119
0.5140177233672173
0.5140065740447632
0.5139954005417744
0.5139842042651571
0.5139729863905289
0.5139617478936631
0.51395048957893
0.513939212104529
0.5139279160045703
0.5139166017081932
0.51390526955599
0.5138939198140254
0.5138825526857466
0.5138711683220614
0.5138597668298381
0.5138483482790581
0.5138369127088206
0.5138254601323762
0.5138139905413395
0.5138025039092129
0.513791000194327
0.5137794793422985
0.5137679412880758
0.513756385957649
0.5137448132694696
0.5137332231356379
0.5137216154628874
0.5137099901534065
0.5136983471055211
0.5136866862142632
0.5136750073718422
0.5136633104680388
0.5136515953905305
0.5136398620251633
0.5136281102561763
0.5136163399663884
0.5136045510373553
0.5135927433494948
0.5135809167821968
0.5135690712139095
0.5135572065222136
0.5135453225838821
0.5135334192749298
0.5135214964706559
0.5135095540456764
0.5134975918739525
0.513485609828813
0.5134736077829736
0.5134615856085509
0.5134495431770753
0.5134374803595004
0.5134253970262113
0.5134132930470294
0.5134011682912192
0.5133890226274891
0.5133768559239964
0.513364668048348
0.5133524588676011
0.513340228248265
0.5133279760562998
0.513315702157117
0.5133034064155785
0.5132910886959963
0.5132787488621299
0.5132663867771874
0.5132540023038215
0.5132415953041297
0.5132291656396517
0.5132167131713681
0.5132042377596981
0.5131917392644982
0.5131792175450594
0.513166672460106
0.5131541038677925
0.5131415116257023
0.5131288955908458
0.5131162556196578
0.5131035915679946
0.5130909032911327
0.5130781906437669
0.5130654534800068
0.513052691653376
0.5130399050168084
0.5130270934226473
0.5130142567226419
0.5130013947679458
0.5129885074091145
0.5129755944961029
0.5129626558782627
0.5129496914043414
0.5129367009224785
0.5129236842802032
0.5129106413244334
0.5128975719014719
0.5128844758570049
0.5128713530360993
0.5128582032832003
0.5128450264421288
0.5128318223560798
0.5128185908676192
0.5128053318186816
0.5127920450505685
0.5127787304039447
0.5127653877188371
0.5127520168346313
0.5127386175900699
0.5127251898232499
0.5127117333716198
0.5126982480719776
0.5126847337604685
0.512671190272582
0.5126576174431497
0.5126440151063427
0.5126303830956692
0.5126167212439722
0.5126030293834267
0.5125893073455376
0.5125755549611368
0.512561772060381
0.5125479584727493
0.5125341140270401
0.5125202385513691
0.5125063318731672
0.5124923938191769
0.5124784242154509
0.5124644228873485
0.512450389659534
0.512436324355974
0.512422226799934
0.5124080968139774
0.5123939342199612
0.5123797388390353
0.5123655104916381
0.5123512489974957
0.5123369541756179
0.5123226258442966
0.5123082638211027
0.5122938679228837
0.5122794379657614
0.5122649737651293
0.5122504751356488
0.5122359418912491
0.5122213738451219
0.5122067708097207
0.5121921325967578
0.5121774590172012
0.5121627498812721
0.5121480049984433
0.512133224177435
0.5121184072262137
0.5121035539519887
0.5120886641612098
0.5120737376595647
0.5120587742519762
0.5120437737426
0.512028735934822
0.5120136606312549
0.511998547633737
0.511983396743328
0.5119682077603083
0.5119529804841745
0.5119377147136376
0.5119224102466209
0.5119070668802564
0.5118916844108831
0.5118762626340433
0.5118608013444816
0.5118453003361402
0.5118297594021582
0.5118141783348679
0.5117985569257925
0.5117828949656434
0.5117671922443177
0.5117514485508957
0.5117356636736379
0.5117198373999825
0.5117039695165431
0.5116880598091058
0.5116721080626269
0.5116561140612295
0.5116400775882023
0.5116239984259954
0.5116078763562187
0.5115917111596392
0.5115755026161781
0.5115592505049085
0.5115429546040524
0.5115266146909786
0.5115102305421998
0.51149380193337
0.5114773286392823
0.5114608104338657
0.511444247090183
0.5114276383804283
0.5114109840759234
0.5113942839471172
0.511377537763581
0.5113607452940077
0.5113439063062076
0.5113270205671078
0.5113100878427471
0.5112931078982765
0.5112760804979539
0.5112590054051436
0.5112418823823123
0.5112247111910273
0.5112074915919547
0.5111902233448548
0.5111729062085817
0.5111555399410799
0.5111381242993814
0.5111206590396047
0.5111031439169503
0.5110855786856998
0.5110679630992129
0.5110502969099247
0.5110325798693435
0.5110148117280484
0.510996992235687
0.5109791211409724
0.5109611981916817
0.5109432231346523
0.5109251957157811
0.5109071156800203
0.5108889827713771
0.510870796732909
0.5108525573067236
0.5108342642339748
0.5108159172548608
0.5107975161086223
0.5107790605335394
0.5107605502669298
0.5107419850451465
0.5107233646035749
0.5107046886766315
0.5106859569977609
0.5106671692994329
0.5106483253131426
0.5106294247694054
0.5106104673977568
0.5105914529267488
0.5105723810839484
0.5105532515959357
0.510534064188301
0.5105148185856431
0.5104955145115668
0.5104761516886812
0.510456729838597
0.5104372486819257
0.5104177079382755
0.5103981073262505
0.5103784465634488
0.51035872536646
0.5103389434508628
0.5103191005312239
0.5102991963210952
0.5102792305330123
0.5102592028784922
0.5102391130680317
0.5102189608111047
0.5101987458161619
0.5101784677906268
0.5101581264408952
0.5101377214723332
0.5101172525892749
0.5100967194950207
0.5100761218918357
0.5100554594809479
0.510034731962546
0.5100139390357781
0.50999308039875
0.509972155748523
0.5099511647811122
0.5099301071914859
0.5099089826735623
0.5098877909202095
0.5098665316232421
0.5098452044734214
0.5098238091604528
0.5098023453729839
0.5097808127986041
0.5097592111238426
0.5097375400341659
0.5097157992139781
0.5096939883466186
0.5096721071143601
0.5096501551984077
0.5096281322788982
0.5096060380348977
0.5095838721444006
0.5095616342843287
0.5095393241305293
0.5095169413577744
0.5094944856397593
0.5094719566491013
0.5094493540573387
0.5094266775349295
0.50940392675125
0.5093811013745947
0.5093582010721741
0.5093352255101139
0.5093121743534542
0.509289047266149
0.5092658439110638
0.509242563949976
0.5092192070435735
0.5091957728514535
0.5091722610321222
0.5091486712429938
0.5091250031403888
0.5091012563795349
0.5090774306145645
0.5090535254985157
0.5090295406833302
0.5090054758198527
0.5089813305578316
0.5089571045459169
0.5089327974316603
0.5089084088615143
0.5088839384808327
0.5088593859338685
0.5088347508637747
0.5088100329126032
0.508785231721305
0.5087603469297288
0.5087353781766222
0.5087103250996299
0.5086851873352942
0.5086599645190546
0.508634656285248
0.5086092622671069
0.5085837820967619
0.5085582154052392
0.5085325618224618
0.5085068209772488
0.5084809924973159
0.5084550760092754
0.5084290711386352
0.5084029775098006
0.5083767947460729
0.5083505224696503
0.508324160301628
0.5082977078619979
0.5082711647696498
0.5082445306423707
0.5082178050968458
0.5081909877486581
0.5081640782122896
0.508137076101121
0.508109981027433
0.5080827926024054
0.5080555104361191
0.5080281341375557
0.5080006633145983
0.5079730975740321
0.5079454365215447
0.5079176797617281
0.5078898268980774
0.5078618775329931
0.507833831267781
0.5078056877026534
0.5077774464367302
0.5077491070680388
0.5077206691935164
0.5076921324090091
0.5076634963092749
0.5076347604879828
0.5076059245377158
0.5075769880499699
0.5075479506151565
0.5075188118226034
0.5074895712605558
0.5074602285161772
0.507430783175551
0.5074012348236816
0.5073715830444958
0.5073418274208439
0.5073119675345013
0.5072820029661699
0.507251933295479
0.5072217581009875
0.5071914769601849
0.5071610894494926
0.5071305951442662
0.507099993618796
0.5070692844463096
0.5070384671989732
0.5070075414478926
0.5069765067631159
0.5069453627136346
0.5069141088673852
0.5068827447912516
0.5068512700510661
0.5068196842116122
0.506787986836625
0.5067561774887948
0.5067242557297673
0.5066922211201471
0.5066600732194984
0.5066278115863475
0.5065954357781849
0.5065629453514671
0.5065303398616183
0.5064976188630337
0.5064647819090797
0.5064318285520982
0.5063987583434065
0.506365570833301
0.5063322655710591
0.5062988421049409
0.5062652999821915
0.5062316387490439
0.5061978579507206
0.5061639571314355
0.5061299358343976
0.5060957936018119
0.506061529974882
0.5060271444938131
0.5059926366978135
0.5059580061250977
0.5059232523128881
0.505888374797418
0.5058533731139333
0.5058182467966952
0.5057829953789835
0.5057476183930975
0.5057121153703592
0.5056764858411158
0.5056407293347422
0.5056048453796432
0.5055688335032561
0.5055326932320527
0.5054964240915429
0.5054600256062761
0.5054234972998438
0.5053868386948825
0.5053500493130768
0.5053131286751594
0.5052760763009168
0.5052388917091895
0.505201574417875
0.5051641239439313
0.5051265398033775
0.5050888215112981
0.5050509685818442
0.5050129805282365
0.5049748568627677
0.5049365970968046
0.5048982007407911
0.5048596673042496
0.5048209962957849
0.504782187223085
0.5047432395929248
0.5047041529111672
0.5046649266827662
0.5046255604117694
0.5045860536013196
0.5045464057536575
0.5045066163701241
0.504466684951162
0.5044266109963189
0.5043863940042492
0.5043460334727158
0.5043055288985923
0.5042648797778658
0.5042240856056385
0.5041831458761293
0.5041420600826765
0.5041008277177396
0.5040594482729006
0.5040179212388668
0.5039762461054723
0.50393442236168
0.5038924494955822
0.5038503269944044
0.5038080543445055
0.5037656310313798
0.5037230565396585
0.5036803303531121
0.5036374519546503
0.5035944208263251
0.5035512364493312
0.5035078983040083
0.5034644058698409
0.503420758625461
0.5033769560486487
0.5033329976163337
0.5032888828045955
0.5032446110886653
0.503200181942927
0.5031555948409174
0.5031108492553281
0.5030659446580048
0.5030208805199492
0.5029756563113194
0.5029302715014305
0.5028847255587546
0.502839017950922
0.5027931481447209
0.5027471156060981
0.5027009198001591
0.5026545601911683
0.5026080362425487
0.5025613474168824
0.5025144931759103
0.5024674729805316
0.5024202862908043
0.502372932565944
0.5023254112643237
0.502277721843474
0.5022298637600812
0.5021818364699877
0.5021336394281908
0.5020852720888418
0.5020367339052448
0.5019880243298565
0.5019391428142835
0.5018900888092829
0.5018408617647593
0.501791461129764
0.5017418863524938
0.5016921368802896
0.5016422121596325
0.5015921116361445
0.5015418347545854
0.5014913809588506
0.5014407496919693
0.5013899403961021
0.5013389525125378
0.5012877854816926
0.5012364387431059
0.5011849117354382
0.5011332038964682
0.50108131466309
0.5010292434713096
0.5009769897562418
0.5009245529521074
0.5008719324922292
0.5008191278090287
0.5007661383340223
0.5007129634978176
0.5006596027301091
0.5006060554596755
0.5005523211143739
0.5004983991211358
0.500444288905964
0.5003899898939267
0.5003355015091533
0.5002808231748299
0.500225954313194
0.5001708943455297
0.5001156426921625
0.5000601987724537
0.5000045620047956
0.49994873180660593
0.49989270759432103
0.49983648878339193
0.49978007478827696
0.4997234650224359
0.49966665889832496
0.4996096558273888
0.4995524552200553
0.4994950564857283
0.4994374590327815
0.4993796622685513
0.49932166559932967
0.4992634684303575
0.4992050701658172
0.4991464702088254
0.4990876679614247
0.49902866282457775
0.49896945419815836
0.4989100414809434
0.49885042407060554
0.49879060136370545
0.498730572755682
0.4986703376408457
0.49860989541236894
0.49854924546227847
0.49848838718144545
0.4984273199595777
0.49836604318521
0.4983045562456955
0.49824285852719596
0.49818094941467295
0.49811882829187837
0.4980564945413444
0.4979939475443739
0.4979311866810313
0.4978682113301318
0.49780502086923206
0.49774161467461975
0.49767799212130287
0.49761415258300024
0.4975500954321306
0.4974858200398018
0.4974213257758006
0.4973566120085818
0.4972916781052568
0.4972265234315838
0.4971611473519552
0.49709554922938776
0.49702972842551074
0.4969636843005545
0.49689741621333916
0.4968309235212634
0.4967642055802922
0.4966972617449457
0.49663009136828695
0.49656269380191087
0.49649506839593105
0.49642721449896887
0.4963591314581409
0.49629081861904684
0.4962222753257574
0.49615350092080207
0.49608449474515603
0.4960152561382293
0.4959457844378526
0.495876078980266
0.4958061391001058
0.49573596413039234
0.49566555340251683
0.49559490624622904
0.4955240219896246
0.4954528999591319
0.4953815394794997
0.4953099398737839
0.49523810046333544
0.49516602056778625
0.49509369950503757
0.495021136591246
0.4949483311408116
0.4948752824663643
0.4948019898787511
0.4947284526870232
0.49465467019842296
0.4945806417183716
0.4945063665504553
0.49443184399641266
0.49435707335612306
0.49428205392759145
0.49420678500693793
0.4941312658883831
0.4940554958642364
0.4939794742248833
0.49390320025877216
0.4938266732524018
0.4937498924903095
0.4936728572550573
0.4935955668272207
0.4935180204853761
0.49344021750608763
0.49336215716389586
0.4932838387313051
0.49320526147877153
0.49312642467469164
0.4930473275853892
0.49296796947510446
0.49288834960598266
0.4928084672380608
0.4927283216292584
0.4926479120353641
0.49256723771002625
0.49248629790474047
0.492405091868839
0.4923236188494803
0.4922418780916379
0.4921598688380896
0.49207759032940834
0.49199504180395015
0.4919122224978454
0.49182913164498865
0.49174576847702844
0.49166213222335836
0.4915782221111069
0.49149403736512914
0.49140957720799705
0.4913248408599911
0.49123982753909157
0.49115453646097007
0.4910689668389815
0.490983117884156
0.4908969888051917
0.4908105788084461
0.49072388709793013
0.49063691287530065
0.4905496553398531
0.490462113688516
0.4903742871158443
0.49028617481401293
0.49019777597281194
0.49010908977964046
0.49002011541950175
0.4899308520749986
0.4898412989263284
0.489751455151279
0.48966131992522455
0.4895708924211225
0.48948017180950987
0.48938915725849963
0.4892978479337793
0.4892062429986077
0.48911434161381323
0.4890221429377919
0.4889296461265067
0.4888368503334859
0.48874375470982323
0.488650358404177
0.4885566605627703
0.48846266032939195
0.4883683568453976
0.4882737492497098
0.48817883667882117
0.48808361826679586
0.48798809314527214
0.48789226044346506
0.48779611928817024
0.4876996688037676
0.4876029081122249
0.48750583633310385
0.48740845258356363
0.4873107559783671
0.48721274562988715
0.48711442064811217
0.4870157801406545
0.4869168232127559
0.4868175489672974
0.4867179565048059
0.4866180449234643
0.48651781331912003
0.4864172607852952
0.4863163864131971
0.4862151892917287
0.48611366850749993
0.4860118231448403
0.48590965228581046
0.4858071550102157
0.4857043303956188
0.48560117751735477
0.4854976954485452
0.48539388326011296
0.4852897400207985
0.48518526479717566
0.4850804566536685
0.48497531465256927
0.48486983785405546
0.48476402531620894
0.48465787609503497
0.4845513892444824
0.4844445638164626
0.4843373988608724
0.4842298934256142
0.48412204655661817
0.4840138572978663
0.48390532469141395
0.483796447777416
0.48368722559414923
0.48357765717804035
0.4834677415636889
0.4833574777838968
0.48324686486969326
0.48313590185036454
0.48302458775348145
0.4829129216049287
0.4828009024289356
0.4826885292481055
0.48257580108344855
0.4824627169544121
0.4823492758789147
0.4822354768733789
0.48212131895276517
0.482006801130607
0.48189192241904655
0.4817766818288703
0.48166107836954636
0.4815451110492621
0.48142877887496244
0.48131208085238886
0.48119501598611936
0.48107758327960903
0.48095978173523146
0.48084161035432066
0.48072306813721344
0.4806041540832938
0.480484867191037
0.48036520645805375
0.48024517088113733
0.48012475945630956
0.4800039711788677
0.4798828050434339
0.4797612600440025
0.479639335173991
0.47951702942628976
0.4793943417933138
0.4792712712670544
0.4791478168391319
0.4790239775008502
0.47889975224324977
0.478775140057164
0.47865013993327465
0.47852475086216917
0.4783989718343975
0.4782728018405312
0.4781462398712226
0.47801928491726486
0.47789193596965207
0.47776419201964243
0.4776360520588192
0.4775075150791548
0.4773785800730752
0.4772492460335238
0.47711951195402885
0.47698937682876863
0.47685883965263903
0.47672789942132254
0.4765965551313568
0.47646480578020467
0.4763326503663248
0.476200087889243
0.47606711734962576
0.47593373774935155
0.4757999480915869
0.4756657473808593
0.47553113462313473
0.475396108825893
0.47526066899820557
0.4751248141508135
0.47498854329620654
0.47485185544870334
0.47471474962453153
0.47457722484190956
0.47443928012112846
0.4743009144846363
0.47416212695712034
0.4740229165655935
0.4738832823394784
0.4737432233106952
0.47360273851374723
0.47346182698581096
0.4733204877668229
0.47317871989957017
0.4730365224297813
0.4728938944062163
0.47275083488075986
0.47260734290851314
0.472463417547888
0.4723190578607014
0.47217426291227016
0.47202903177150723
0.4718833635110181
0.4717372572071979
0.4715907119403313
0.471443726794689
0.4712963008586294
0.47114843322469835
0.47100012298973015
0.47085136925494986
0.47070217112607576
0.47055252771342304
0.4704024381320072
0.47025190150164936
0.470100916947082
0.4699494835980546
0.4697976005894407
0.46964526706134513
0.46949248215921324
0.4693392450339387
0.4691855548419735
0.4690314107454375
0.4688768119122307
0.46872175751614276
0.4685662467369664
0.46841027876060964
0.46825385277920867
0.46809696799124223
0.4679396236016456
0.4677818188219258
0.4676235528702767
0.4674648249716954
0.4673056343580987
0.4671459802684401
0.46698586194882763
0.4668252786526413
0.46666422964065285
0.4665027141811428
0.4663407315500219
0.46617828103095005
0.46601536191545656
0.4658519735030613
0.4656881151013951
0.4655237860263224
0.4653589856020619
0.46519371316130953
0.46502796804536073
0.46486174960423327
0.4646950571967906
0.46452789019086516
0.46436024796338204
0.46419212990048264
0.46402353539764984
0.46385446385983164
0.4636849147015653
0.4635148873471032
0.46334438123053745
0.4631733957959245
0.4630019304974104
0.4628299847993569
0.46265755817646576
0.46248465011390505
0.46231126010743395
0.46213738766352885
0.4619630322995083
0.4617881935436592
0.46161287093536146
0.46143706402521345
0.4612607723751582
0.46108399555860763
0.4609067331605674
0.4607289847777629
0.46055075001876333
0.46037202850410597
0.4601928198664205
0.4600131237505535
0.45983293981369194
0.4596522677254866
0.45947110716817513
0.4592894578367052
0.4591073194388564
0.4589246916953626
0.45874157434003326
0.45855796711987545
0.4583738697952129
0.4581892821398076
0.45800420394097907
0.4578186349997232
0.45763257513083055
0.45744602416300484
0.45725898193897985
0.45707144831563584
0.45688342316411595
0.45669490636994087
0.4565058978331237
0.45631639746828295
0.45612640520475606
0.455935920986711
0.45574494477325767
0.45555347653855804
0.4553615162719355
0.45516906397798274
0.4549761196766702
0.45478268340345185
0.4545887552093702
0.4543943351611612
0.45419942334135743
0.45400401984838956
0.45380812479668786
0.4536117383167819
0.4534148605553985
0.45321749167555947
0.45301963185667793
0.45282128129465227
0.45262244020195963
0.4524231088077485
0.4522232873579284
0.45202297611525993
0.45182217535944214
0.451620885387198
0.4514191065123606
0.45121683906595494
0.4510140833962809
0.45081083986899123
0.45060710886717187
0.45040289079141776
0.4501981860599077
0.44999299510847823
0.44978731839069447
0.44958115637792007
0.4493745095593856
0.44916737844225385
0.44895976355168477
0.4487516654308971
0.4485430846412299
0.44833402176219944
0.448124477391557
0.44791445214534276
0.44770394665793795
0.4474929615821161
0.44728149758909047
0.4470695553685604
0.4468571356287557
0.4466442390964782
0.44643086651714126
0.4462170186548074
0.4460026962922236
0.4457879002308539
0.4455726312909107
0.44535689031138176
0.44514067815005753
0.4449239956835541
0.4447068438073344
0.4444892234357267
0.4442711355019421
0.4440525809580868
0.4438335607751752
0.4436140759431373
0.44339412747082607
0.4431737163860208
0.4429528437354291
0.44273151058468424
0.44250971801834316
0.4422874671398782
0.442064759071669
0.44184159495499026
0.44161797594999774
0.4413939032357105
0.44116937800999173
0.44094440148952546
0.44071897490979195
0.4404930995250388
0.4402667766082514
0.44004000745111843
0.43981279336399554
0.4395851356758665
0.4393570357343011
0.4391284949054106
0.4388995145738
0.4386700961425171
0.4384402410330003
0.4382099506850212
0.43797922655662697
0.4377480701240771
0.4375164828817799
0.4372844663422237
0.43705202203590765
0.4368191515112669
0.43658585633459784
0.4363521380899778
0.4361179983791831
0.43588343882160463
0.43564846105415966
0.4354130667312011
0.4351772575244234
0.4349410351227671
0.43470440123231846
0.4344673575762068
0.4342299058945006
0.43399204794409835
0.43375378549861765
0.4335151203482816
0.43327605429980176
0.43303658917625903
0.43279672681698117
0.4325564690774168
0.4323158178290077
0.43207477495905855
0.43183334237060184
0.43159152198226247
0.43134931572811774
0.43110672555755536
0.43086375343512856
0.43062040134040885
0.4303766712678349
0.4301325652265599
0.42988808524029576
0.4296432333471542
0.4293980115994868
0.42915242206371906
0.4289064668201863
0.428660147962963
0.4284134675996917
0.42816642785140896
0.42791903085236827
0.4276712787498609
0.4274231737040345
0.4271747178877075
0.4269259134861843
0.4266767626970645
0.42642726773005274
0.4261774308067627
0.4259272541605235
0.42567674003617867
0.4254258906898868
0.425174708388917
0.42492319541144524
0.4246713540463453
0.4244191865929791
0.42416669536098495
0.4239138826700641
0.4236607508497633
0.4234073022392574
0.423153539187129
0.4228994640511457
0.42264507919803673
0.42239038700326614
0.4221353898508046
0.4218800901329006
0.4216244902498474
0.42136859260975057
0.42111239962829217
0.4208559137284941
0.42059913734047927
0.42034207290123154
0.4200847228543537
0.41982708964982424
0.41956917574375213
0.41931098359813046
0.41905251568058927
0.41879377446414456
0.41853476242694987
0.4182754820520423
0.4180159358270901
0.4177561262441385
0.4174960557993531
0.4172357269927638
0.41697514232800614
0.4167143043120626
0.41645321545500164
0.4161918782697176
0.4159302952716679
0.41566846897860993
0.41540640191033734
0.4151440965884147
0.41488155553591266
0.4146187812771409
0.4143557763373815
0.4140925432426205
0.41382908451928035
0.4135654026939498
0.41330150029311563
0.4130373798428914
0.41277304386874736
0.4125084948952395
0.412243735445738
0.4119787680421553
0.4117135952046743
0.4114482194514763
0.411182643298468
0.41091686925900794
0.4106508998436358
0.41038473755979676
0.41011838491157115
0.409851844399398
0.40958511851980517
0.40931820976513406
0.4090511206232681
0.408783853577358
0.4085164111055514
0.40824879568071815
0.4079810097701797
0.4077130558354357
0.4074449363318937
0.40717665370859624
0.4069082104079512
0.40663960886546047
0.40637085150944996
0.4061019407608002
0.40583287903267656
0.4055636687302622
0.40529431225048773
0.4050248119817661
0.404755170303725
0.4044853895869398
0.40421547219267073
0.4039454204725955
0.4036752367685476
0.4034049234122523
0.40313448272506486
0.40286391701770924
0.4025932285900177
0.40232241973067123
0.40205149271694113
0.40178044981443184
0.40150929327682366
0.40123802534561803
0.4009666482498827
0.4006951642059985
0.40042357541740714
0.4001518840743598
0.3998800923536676
0.3996082024184531
0.399336216417901
0.39906413648701444
0.3987919647463679
0.3985197033018636
0.39824735424448954
0.3979749196500779
0.3977024015790649
0.3974298020762524
0.3971571231705704
0.3968843668748414
0.3966115351855458
0.39633863008258785
0.39606565352906575
0.39579260747103945
0.39551949383730317
0.3952463145391574
0.39497307147018246
0.3946997665060151
0.39442640150412467
0.3941529783035922
0.3938794987248896
0.393605964569662
0.3933323776205104
0.39305873964077664
0.3927850523743285
0.39251131754534885
0.39223753685812374
0.391963711996833
0.39168984462534345
0.39141593638700245
0.3911419889044333
0.3908680037793315
0.39059398259226485
0.390319926902472
0.3900458382476656
0.38977171814383427
0.3894975680850487
0.3892233895432673
0.388949183968144
0.3886749527868387
0.388400697403828
0.3881264192007172
0.38785211953605603
0.38757779974515266
0.38730346113989267
0.38702910500855714
0.3867547326156433
0.38648034520168584
0.3862059439830818
0.38593153015191406
0.3856571048757792
0.3853826692976142
0.38510822453552673
0.3848337716826263
0.38455931180685615
0.3842848459508274
0.3840103751316546
0.3837359003407919
0.3834614225438725
0.38318694268054665
0.38291246166432413
0.3826379803824156
0.38236349969557776
0.3820890204379565
0.3818145434169353
0.3815400694129821
0.3812655991794988
0.38099113344267155
0.3807166729013224
0.3804422182267624
0.3801677700626462
0.379893329024827
0.3796188957012139
0.3793444706516289
0.37907005440766706
0.3787956474725561
0.3785212503210179
0.37824686339913105
0.37797248712419484
0.37769812188459384
0.3774237680396634
0.37714942591955664
0.37687509582511286
0.37660077802772596
0.3763264727692144
0.3760521802616925
0.3757779006874411
0.3755036341987822
0.37522938091795105
0.37495514093697146
0.3746809143175309
0.37440670109085733
0.37413250125759534
0.37385831478768533
0.37358414162024123
0.3733099816634303
0.3730358347943534
0.3727617008589257
0.3724875796717588
0.37221347101604235
0.37193937464342774
0.37166529027391065
0.3713912175957166
0.3711171562651847
0.37084310590665326
0.3705690661123463
0.37029503644225875
0.3700210164240446
0.36974700555290374
0.36947300329147004
0.3691990090696991
0.3689250222847582
0.36865104230091406
0.3683770684494234
0.368103100028422
0.36782913630281566
0.36755517650417024
0.3672812198306029
0.3670072654466726
0.3667333124832718
0.36645936003751844
0.36618540717264697
0.3659114529179013
0.365637496268426
0.36536353618515915
0.3650895715947253
0.3648156013893275
0.36454162442664007
0.3642676395297018
0.36399364548680835
0.3637196410514065
0.36344562494198474
0.3631715958419694
0.36289755239961524
0.3626234932278999
0.3623494169044166
0.3620753219712662
0.3618012069349526
0.3615270702662733
0.36125291040021335
0.360978725735838
0.36070451463618586
0.3604302754281603
0.3601560064024233
0.35988170581328727
0.3596073718786071
0.3593330027796729
0.3590585966611011
0.35878415163072774
0.35850966575949794
0.3582351370813599
0.3579605635931544
0.357685943254507
0.357411273987718
0.35713655367765496
0.3568617801716419
0.3565869512793501
0.3563120647726886
0.35603711838569446
0.35576210981442224
0.35548703671683374
0.35521189671268827
0.3549366873834313
0.35466140627208426
0.35438605088313263
0.3541106186824164
0.35383510709701743
0.35355951351514875
0.353283835286043
0.3530080697198408
0.3527322140874789
0.3524562656205787
0.3521802215113334
0.35190407891239706
0.35162783493677247
0.3513514866576987
0.3510750311085389
0.35079846528266834
0.3505217861333631
0.35024499057368685
0.3499680754763799
0.34969103767374626
0.34941387395754336
0.34913658107886913
0.3488591557480514
0.3485815946345363
0.34830389436677694
0.3480260515321241
0.34774806267671343
0.34746992430535784
0.34719163288143606
0.34691318482678396
0.3466345765215857
0.34635580430426505
0.346076864471378
0.34579775327750495
0.34551846693514426
0.34523900161460636
0.3449593534439081
0.3446795185086691
0.34439949285200694
0.344119272474435
0.3438388533337606
0.34355823134498337
0.34327740238019666
0.3429963622684875
0.3427151067958403
0.34243363170503893
0.34215193269557354
0.34187000542354534
0.3415878455015753
0.34130544849871314
0.3410228099403486
0.340739925308123
0.34045679003984525
0.3401733995294065
0.33988974912669895
0.33960583413753587
0.3393216498235739
0.339037191402237
0.3387524540466434
0.3384674328855345
0.338182123003207
0.3378965194394453
0.33761061718946045
0.33732441120382745
0.337037896388429
0.33675106760440066
0.33646391966807854
0.33617644735095203
0.33588864537961827
0.33560050843573996
0.3353120311560086
0.3350232081321089
0.33473403391068973
0.3344445029933365
0.3341546098365484
0.3338643488517213
0.3335737144051334
0.3332827008179352
0.33299130236614527
0.33269951328065084
0.3324073277472114
0.33211473990646956
0.3318217438539667
0.33152833364016165
0.3312345032704596
0.3309402467052418
0.3306455578599041
0.33035043060490116
0.33005485876579505
0.3297588361233134
0.3294623564134106
0.3291654133273387
0.32886800051172344
0.3285701115686477
0.328271740055743
0.3279728794862874
0.32767352332931143
0.32737366500971304
0.32707329790837847
0.3267724153623127
0.3264710106647788
0.32616907706544485
0.3258666077705398
0.3255635959430194
0.3252600347027414
0.3249559171266476
0.3246512362489605
0.32434598506138523
0.32404015651332385
0.3237337435121007
0.32342673892319707
0.32311913557049615
0.32281092623654195
0.32250210366280624
0.3221926605499694
0.3218825895582118
0.32157188330751796
0.32126053437799273
0.3209485353101901
0.32063587860545417
0.3203225567262751
0.32000856209665596
0.3196938871024946
0.31937852409197914
0.3190624653759973
0.31874570322856055
0.31842822988724157
0.3181100375536292
0.3177911183937946
0.31747146453877717
0.31715106808508287
0.3168299210952001
0.31650801559813047
0.31618534358993877
0.3158618970343152
0.3155376678631592
0.3152126479771782
0.314886829246503
0.3145602035113238
0.31423276258254224
0.31390449824244143
0.3135754022453767
0.3132454663184832
0.3129146821624035
0.31258304145203497
0.3122505358372959
0.3119171569439123
0.31158289637422504
0.311247745708016
0.31091169650335765
0.31057474029748044
0.3102368686076637
0.30989807293214744
0.3095583447510647
0.30921767552739854
0.30887605670795804
0.3085334797243786
0.3081899359941456
0.307845416921638
0.3074999138991987
0.3071534183082253
0.30680592152028696
0.30645741489826206
0.3061078897975024
0.30575733756702067
0.3054057495507012
0.30505311708853766
0.30469943151789247
0.30434468417478355
0.3039888663951953
0.30363196951641347
0.30327398487838775
0.30291490382511793
0.30255471770606623
0.3021934178775956
0.30183099570443406
0.30146744256116376
0.30110274983373664
0.3007369089210176
0.3003699112363513
0.30000174820915676
0.2996324112865487
0.2992618919349829
0.29889018164193043
0.29851727191757643
0.2981431542965461
0.2977678203396566
0.2973912616356954
0.2970134698032241
0.2966344364924098
0.29625415338688105
0.29587261220561095
0.29548980470482505
0.2951057226799353
0.294720357967501
0.2943337024472127
0.2939457480439022
0.29355648672958023
0.293165910525494
0.292774011504214
0.29238078179174215
0.2919862135696458
0.2915902990772147
0.29119303061364155
0.29079440054022604
0.29039440128260097
0.2899930253329819
0.2895902652524384
0.28918611367318664
0.28878056330090324
0.2883736069170607
0.2879652373812817
0.2875554476337158
0.2871442306974314
0.28673157968083046
0.2863174877800789
0.285901948281556
0.2854849545643196
0.2850665001025888
0.28464657846824115
0.2842251833333261
0.28380230847259197
0.28337794776602665
0.28295209520141174
0.2825247448768875
0.28209589100353005
0.2816655279079394
0.2812336500348356
0.28080025194966524
0.2803653283412145
0.2799288740242297
0.27949088394204463
0.279051353169211
0.27861027691413437
0.27816765052171405
0.2777234694759812
0.2772777294027432
0.276830426072223
0.27638155540170073
0.27593111345815097
0.27547909646087726
0.2750255007841424
0.27457032295979167
0.2741135596798708
0.27365520779923386
0.27319526433814323
0.27273372648485866
0.2722705915982117
0.27180585721017225
0.2713395210283943
0.27087158093875124
0.2704020350078495
0.26993088148552674
0.2694581188073286
0.26898374559696414
0.26850776066873905
0.2680301630299641
0.26755095188333927
0.2670701266293089
0.2665876868683903
0.26610363240347185
0.2656179632420791
0.26513067959860936
0.2646417818965314
0.2641512707705499
0.2636591470687313
0.26316541185459397
0.2626700664091551
0.26217311223293865
0.2616745510479385
0.26117438479953836
0.2606726156583854
0.26016924602221586
0.25966427851763346
0.2591577160018352
0.25864956156428826
0.2581398185283518
0.25762849045284486
0.25711558113355903
0.2566010946047121
0.2560850351403452
0.2555674072556591
0.25504821570828845
0.2545274654995145
0.25400516187541317
0.2534813103279385
0.2529559165959394
0.25242898666610836
0.2519005267738619
0.2513705434041507
0.2508390432921988
0.25030603342417046
0.2497715210377628
0.2492355136227253
0.24869801892130358
0.24815904492860574
0.24761859989289242
0.24707669231578838
0.2465333309524144
0.24598852481143973
0.24544228315505406
0.24489461549885605
0.24434553161166245
0.24379504151523174
0.243243155483906
0.24268988404416778
0.24213523797411213
0.24157922830283368
0.24102186630972924
0.240463163523712
0.2399031317223421
0.23934178293086777
0.23877912942118276
0.23821518371069353
0.23764995856110227
0.23708346697709937
0.23651572220497225
0.235946737731123
0.23537652728050273
0.23480510481495565
0.23423248453147724
0.23365868086038744
0.23308370846341475
0.23250758223169643
0.2319303172836913
0.23135192896300932
0.230772432836155
0.23019184469018786
0.22961018053029772
0.22902745657730067
0.22844368926504813
0.22785889523775918
0.22727309134726972
0.22668629465020426
0.22609852240506623
0.22550979206925453
0.22492012129600045
0.22432952793123057
0.22373803001035614
0.2231456457549883
0.22255239356958115
0.22195829203800763
0.22136335992006154
0.22076761614789628
0.22017107982239492
0.21957377020947627
0.21897570673633848
0.2183769089876395
0.21777739670161977
0.21717718976616524
0.21657630821481388
0.21597477222270828
0.21537260210249431
0.21476981830016942
0.2141664413908814
0.21356249207467903
0.21295799117221909
0.2123529596204266
0.2117474184681179
0.21114138887157977
0.21053489209011436
0.20992794948154617
0.2093205824976982
0.20871281267983435
0.20810466165407387
0.2074961511267794
0.20688730287991836
0.2062781387664033
0.2056686807054104
0.20505895067768137
0.20444897072080664
0.20383876292449682
0.2032283494258419
0.2026177524045594
0.202006994078238
0.201396096697573
0.20078508254160088
0.2001739739129328
0.19956279313298902
0.19895156253723717
0.19834030447043766
0.1977290412818944
0.1971177953207192
0.1965065889311049
0.19589544444761614
0.19528438419049543
0.1946734304609869
0.19406260553668248
0.1934519316668905
0.19284143106802887
0.19223112591904445
0.1916210383568633
0.19101119047186946
0.19040160430341796
0.18979230183538215
0.18918330499173722
0.18857463563218207
0.18796631554780177
0.18735836645677117
0.1867508100001034
0.18614366773744181
0.18553696114290003
0.18493071160095179
0.1843249404023672
0.18371966874020512
0.1831149177058552
0.18251070828513638
0.18190706135445087
0.18130399767699487
0.18070153789902926
0.18009970254620875
0.1794985120199733
0.17889798659400108
0.17829814641072478
0.1776990114779129
0.17710060166531716
0.17650293670138445
0.17590603617003756
0.17530991950752445
0.17471460599933586
0.1741201147771927
0.17352646481610534
0.17293367493150225
0.1723417637764328
0.1717507498388408
0.17116065143891135
0.1705714867264926
0.16998327367858992
0.169396030096935
0.1688097736056294
0.1682245216488645
0.1676402914887139
0.1670571002030043
0.16647496468325937
0.16589390163272122
0.1653139275644468
0.16473505879947914
0.16415731146509668
0.16358070149313547
0.16300524461838925
0.1624309563770825
0.16185785210542136
0.1612859469382171
0.16071525580758547
0.16014579344171995
0.1595775743637386
0.1590106128906055
0.15844492313212366
0.15788051899000197
0.15731741415699385
0.1567556221161065
0.15619515613988247
0.15563602928975123
0.1550782544154491
0.15452184415451067
0.15396681093182618
0.15341316695926832
0.15286092423538453
0.15231009454515637
0.15176068945982316
0.15121272033677144
0.15066619831948647
0.15012113433756724
0.14957753910680358
0.14903542312931314
0.14849479669373913
0.14795566987550707
0.1474180525371388
0.14688195432862405
0.14634738468784808
0.1458143528410743
0.1452828678034805
0.14475293837974784
0.14422457316470283
0.1436977805440089
0.14317256869490824
0.1426489455870118
0.14212691898313798
0.14160649644019652
0.14108768531011806
0.14057049274082883
0.1400549256772669
0.13954099086244198
0.13902869483853553
0.13851804394804007
0.13800904433493846
0.13750170194591949
0.13699602253163112
0.13649201164796748
0.13598967465739217
0.13548901673029262
0.13499004284636834
0.13449275779604872
0.1339971661819411
0.13350327242030835
0.13301108074257256
0.132520595196847
0.13203181964949262
0.13154475778669947
0.13105941311609132
0.1305757889683528
0.13009388849887812
0.12961371468943964
0.12913527034987668
0.1286585581198021
0.12818358047032555
0.12771033970579512
0.12723883796555246
0.12676907722570369
0.12630105930090343
0.12583478584615101
0.1253702583585998
0.1249074781793757
0.12444644649540715
0.12398716434126329
0.12352963260100076
0.12307385201001793
0.12261982315691568
0.12216754648536408
0.12171702229597398
0.12126825074817318
0.12082123186208574
0.12037596552041381
0.11993245147032279
0.11949068932532568
0.1190506785671704
0.1186124185477248
0.11817590849086307
0.11774114749434911
0.11730813453171873
0.11687686845415876
0.11644734799238396
0.11601957175850854
0.11559353824791466
0.11516924584111515
0.11474669280561148
0.11432587729774496
0.1139067973645417
0.11348945094555128
0.11307383587467672
0.1126599498819974
0.11224779059558337
0.11183735554330057
0.11142864215460721
0.11102164776234028
0.11061636960449175
0.1102128048259752
0.10981095048038095
0.10941080353171963
0.10901236085615584
0.1086156192437285
0.1082205754000601
0.10782722594805245
0.1074355674295713
0.10704559630711694
0.10665730896548134
0.1062707017133932
0.10588577078514781
0.10550251234222409
0.10512092247488698
0.10474099720377592
0.10436273248147795
0.10398612419408765
0.10361116816275072
0.10323786014519366
0.10286619583723744
0.10249617087429719
0.10212778083286458
0.10176102123197672
0.10139588753466823
0.10103237514940758
0.10067047943151847
0.10031019568458438
0.09995151916183806
0.09959444506753422
0.09923896855830677
0.09888508474450979
0.09853278869154203
0.09818207542115563
0.09783293991274891
0.09748537710464192
0.09713938189533716
0.096794949144763
0.09645207367550125
0.0961107502739988
0.09577097369176288
0.0954327386465398
0.09509603982347836
0.09476087187627634
0.09442722942831183
0.09409510707375746
0.09376449937867963
0.09343540088212181
0.09310780609717118
0.09278170951200991
0.09245710559095174
0.09213398877546092
0.09181235348515793
0.09149219411880728
0.09117350505529212
0.09085628065457223
0.09054051525862734
0.090226203192385
0.08991333876463407
0.08960191626892232
0.08929192998444022
0.08898337417688955
0.08867624309933692
0.08837053099305447
0.088066232088344
0.08776334060534874
0.0874618507548497
0.08716175673904882
0.08686305275233798
0.08656573298205406
0.08626979160922064
0.08597522280927607
0.08568202075278808
0.0853901796061552
0.08509969353229549
0.08481055669132136
0.08452276324120235
0.08423630733841488
0.08395118313857915
0.08366738479708437
0.08338490646970086
0.08310374231318032
0.08282388648584388
0.08254533314815876
0.08226807646330243
0.08199211059771566
0.08171742972164397
0.08144402800966752
0.0811718996412201
0.08090103880109671
0.0806314396799504
0.08036309647477843
0.08009600338939755
0.07983015463490861
0.0795655444301514
0.07930216700214843
0.07904001658653914
0.07877908742800416
0.0785193737806793
0.07826086990856006
0.07800357008589687
0.07774746859758042
0.07749255973951791
0.07723883781899982
0.07698629715505854
0.07673493207881682
0.07648473693382839
0.07623570607640967
0.07598783387596261
0.07574111471528971
0.07549554299090039
0.0752511131133093
0.07500781950732677
0.07476565661234105
0.0745246188825929
0.07428470078744306
0.07404589681163129
0.07380820145552838
0.07357160923538172
0.07333611468355172
0.07310171234874363
0.07286839679623022
0.0726361626080692
0.0724050043833131
0.07217491673821294
0.07194589430641507
0.07171793173915211
0.07149102370542729
0.07126516489219253
0.07104035000452089
0.07081657376577284
0.07059383091775673
0.07037211622088307
0.07015142445431445
0.06993175041610838
0.06971308892335563
0.06949543481231328
0.06927878293853185
0.069063128176978
0.0688484654221522
0.06863478958820037
0.06842209560902233
0.06821037843837403
0.06799963304996616
0.06778985443755739
0.06758103761504355
0.06737317761654221
0.0671662694964735
0.06696030832963558
0.06675528921127702
0.06655120725716449
0.06634805760364686
0.0661458354077151
0.06594453584705844
0.06574415412011671
0.06554468544612924
0.06534612506518
0.06514846823823903
0.06495171024720087
0.06475584639491913
0.06456087200523818
0.0643667824230211
0.06417357301417506
0.06398123916567347
0.0637897762855743
0.06359917980303656
0.06340944516833326
0.0632205678528618
0.06303254334915118
0.06284536717086699
0.06265903485281349
0.06247354195093304
0.06228888404230333
0.06210505672513175
0.06192205561874732
0.061739876363591184
0.0615585146212031
0.061377966074207174
0.061198226426295146
0.06101929140220681
0.06084115674770883
0.060663818229571814
0.06048727163554506
0.060311512774329
0.06013653747554647
0.059962341589711844
0.05978892098819833
0.05961627156320326
0.05944438922771224
0.05927326991546143
0.059102909580897756
0.058933304199138344
0.05876444976592782
0.05859634229759415
0.058428977831003516
0.05826235242351333
0.05809646215292389
0.05793130311742906
0.057766871435565297
0.05760316324615955
0.05744017470827591
0.05727790200116139
0.05711634132418972
0.05695548889680537
0.05679534095846496
0.056635893768578915
0.05647714360645125
0.05631908677121888
0.05616171958178978
0.05600503837678007
0.05584903951445067
0.05569371937264253
0.05553907434871144
0.05538510085946208
0.055231795341080685
0.055079154249067834
0.05492717405816977
0.05477585126230958
0.05462518237451722
0.05447516392685969
0.05432579247036892
0.054177064574971553
0.05402897682941582
0.05388152584119922
0.0537347082364953
0.05358852066007962
0.053442959775255997
0.053298022263781414
0.053153704825791355
0.05301000417972365
0.052866917062243196
0.052724440228165276
0.05258257045037885
0.05244130451977
0.052300639245143846
0.0521605714531477
0.05202109798819244
0.05188221571237499
0.051743921505399415
0.05160621226449833
0.05146908490435402
0.05133253635701932
0.05119656357183848
0.05106116351536741
0.05092633317129426
0.05079206954035956
0.050658369640276237
0.050525230505649846
0.05039264918789808
0.05026062275517081
0.05012914829226975
0.04999822290056797
