2.338606198929761
2.202685260952904
2.2169228770076144
2.2063566672525043
2.194274168929431
2.1831481911439226
2.1727830649754716
2.1629801832225435
2.153636156490006
2.144693790193578
2.1361167806095533
2.1278791024128223
2.119960404698426
2.112343872441839
2.105015149521842
2.097961736143883
2.0911726044133596
2.084637918082392
2.0783488056305623
2.072297164119361
2.0664754838687855
2.060876689546894
2.0554939956404596
2.050320775253831
2.0453504415569475
2.040576341324303
2.0359916600280275
2.0315893379359347
2.0273619966466656
2.02330187547951
2.019400777129865
2.0156500220028786
2.0120404106468333
2.00856219372255
2.0052050489637687
2.0019580646041097
1.99880972876733
1.995747924337793
1.9927599288468805
1.9898324189284817
1.9869514789136975
1.9841026131530821
1.9812707616765932
1.9784403188296966
1.9755951545620354
1.9727186380957265
1.9697936637664617
1.9668026789141018
1.9637277138012879
1.9605504136583947
1.9572520730889291
1.9538136732178386
1.950215922120907
1.9464392992298851
1.942464104557309
1.9382705137178338
1.9338386398297112
1.9291486034501393
1.9241806117212854
1.9189150478694956
1.9133325720989334
1.9074142347440732
1.9011416022861678
1.8944968964920414
1.8874631464973748
1.8800243531324428
1.8721656641821554
1.8638735585955555
1.8551360369305927
1.8459428145630863
1.8362855134373102
1.8261578474305038
1.815555795793101
1.8044777586646936
1.7929246884097871
1.7809001905235324
1.7684105881759358
1.7554649451311832
1.7420750428154086
1.728255308704513
1.7140226949258721
1.699396507942835
1.68439819231473
1.6690510736654283
1.6533800679992314
1.6374113662171865
1.6211721039632137
1.6046900276481895
1.5879931675839514
1.571109528584359
1.5540668071919557
1.5368921429584512
1.5196119090852032
1.5022515453892091
1.4848354341882963
1.4673868174778062
1.4499277518576208
1.432479096181452
1.4150605259109228
1.3976905676852371
1.3803866476360451
1.3631651474196183
1.346041462709702
1.329030059884248
1.3121445277350665
1.295397622127634
1.2788013025527833
1.2623667603798086
1.2461044393036849
1.230024048964035
1.2141345730069963
1.198444272986137
1.18296068948745
1.1676906417531345
1.1526402269055067
1.1378148196678886
1.1232190732691003
1.1088569220202762
1.094731585878089
1.0808455771619163
1.0672007094744158
1.0537981087826709
1.0406382265464642
1.0277208547267622
1.0150451424671798
1.0026096142108218
0.9904121889923267
0.9784502006289336
0.9667204185244572
0.9552190687961523
0.9439418554367836
0.9328839812330574
0.9220401681770247
0.9114046771291984
0.9009713265206962
0.8907335099164603
0.8806842123020852
0.8708160250025369
0.8611211591917273
0.8515914580070391
0.842218407342362
0.8329931454567161
0.8239064716031285
0.8149488539540075
0.8061104371748262
0.7973810500773536
0.7887502138666536
0.7802071515819666
0.7717407994193871
0.763339820712237
0.7549926234308624
0.7466873821438682
0.7384120654532429
0.7301544699707002
0.7219022619351481
0.7136430275732366
0.7053643332671722
0.6970537965062058
0.6886991684496865
0.6802884287100333
0.6718098926640451
0.6632523312139738
0.6546051024427861
0.6458582940435558
0.6370028747607276
0.6280308523794134
0.6189354350658747
0.6097111921359913
0.6003542096561573
0.5908622357173688
0.581234809827007
0.5714733706917564
0.5615813367703082
0.5515641543937047
0.5414293090023646
0.5311862961251135
0.5208465500918111
0.5104233300640039
0.4999315646987494
0.4893876585217969
0.47880926476080754
0.4682150308618805
0.45762432408104436
0.4470569453276013
0.43653283979010804
0.42607181278524814
0.4156932587567979
0.4054159104695577
0.39525761426914546
0.38523513590626474
0.3753639999526345
0.36565836436129956
0.3561309303316912
0.3467928863982459
0.3376538846196847
0.3287220459326857
0.32000399115787465
0.31150489380037033
0.3032285506510306
0.2951774662386374
0.28735294737296174
0.2797552043177518
0.2723834555062987
0.26523603312859245
0.25831048735113293
0.25160368735625954
0.24511191779087813
0.23883096958304978
0.23275622441201738
0.22688273239931067
0.22120528282519833
0.2157184678675434
0.21041673951231246
0.20529445990070042
0.2003459454616897
0.19556550523561045
0.19094747382847777
0.18648623945285633
0.18217626751259655
0.17801212017936902
0.17398847239140883
0.17010012468168526
0.16634201321581196
0.16270921739102173
0.15919696531766653
0.15580063747493153
0.152515768803486
0.1493380494700956
0.14626332451317317
0.14328759255399529
0.14040700373602638
0.1376178570344278
0.13491659705941908
0.1322998104605833
0.12976422202439872
0.12730669054410731
0.12492420452937285
0.12261387781291594
0.12037294510230671
0.11819875751721995
0.11608877814561581
0.11404057764636553
0.11205182992070625
0.11012030787050162
0.10824387925748721
0.10642050267445141
0.10464822363655224
0.10292517079863601
0.10124955230246843
0.09961965225613922
0.09803382734653704
0.09649050358465744
0.09498817318258049
0.0935253915602042
0.0921007744792129
0.09071299530129119
0.08936078236722193
0.08804291649323585
0.0867582285807787
0.08550559733573573
0.08428394709306547
0.08309224574277053
0.08192950275312877
0.08079476728714667
0.07968712640825153
0.0786057033713187
0.07754965599522068
0.07651817511319318
0.07551048309742117
0.07452583245437269
0.07356350448753135
0.07262280802430165
0.07170307820399233
0.070803675323911
0.06992398374072467
0.06906341082437283
0.06822138596193283
0.06739735960896581
0.06659080238597853
0.06580120421775575
0.06502807351341879
0.06427093638517827
0.0635293359038412
0.06280283138923469
0.062090997733798434
0.061393424757684584
0.06070971659379204
0.060039491101237526
0.05938237930584585
0.058738024866313285
0.05810608356476758
0.05748622282051338
0.05687812122581477
0.05628146810262765
0.05569596307924789
0.055121315685897065
0.054557244968319
0.054003479118504505
0.05345975512171337
0.05292581841899921
0.05240142258448979
0.05188632901670844
0.051380306643265136
0.05088313163827457
0.05039458715189524
0.0499144630514123
