0.4948769691548668
0.5159718843547764
0.5157991325845649
0.5156010277092076
0.5154497041452988
0.5153331403727597
0.5152421956124627
0.5151701073777837
0.5151118800312875
0.5150638274987471
0.5150232329154728
0.5149880958796458
0.5149569450847512
0.5149286996035913
0.5149025662994644
0.5148779640215753
0.5148544676338107
0.5148317667159106
0.5148096351107128
0.514787908483838
0.5147664677991274
0.5147452271595037
0.5147241248675452
0.5147031168594994
0.5146821718879027
0.5146612679916652
0.5146403899134271
0.5146195272133316
0.5145986728943164
0.5145778224027167
0.5145569729038975
0.5145361227591339
0.5145152711494935
0.5144944178068783
0.5144735628229917
0.5144527065147994
0.5144318493308101
0.5144109917867182
0.5143901344220538
0.5143692777717681
0.5143484223483481
0.514327568631274
0.5143067170615296
0.5142858680395235
0.5142650219252528
0.5142441790398917
0.514223339668218
0.5142025040614943
0.5141816724405255
0.5141608449987198
0.5141400219050415
0.5141192033067843
0.5140983893321313
0.514077580092487
0.5140567756845771
0.5140359761923252
0.5140151816885193
0.513994392236285
0.5139736078903783
0.5139528286983228
0.5139320547013991
0.5139112859355119
0.5138905224319401
0.5138697642179916
0.5138490113175693
0.5138282637516622
0.5138075215387707
0.5137867846952725
0.5137660532357408
0.5137453271732182
0.5137246065194521
0.5137038912850989
0.513683181479899
0.5136624771128288
0.5136417781922299
0.5136210847259215
0.5136003967212965
0.5135797141854052
0.5135590371250242
0.5135383655467205
0.5135176994569017
0.5134970388618626
0.5134763837678222
0.5134557341809587
0.5134350901074358
0.5134144515534286
0.5133938185251439
0.5133731910288366
0.5133525690708269
0.513331952657512
0.5133113417953762
0.5132907364910013
0.5132701367510745
0.5132495425823941
0.5132289539918751
0.5132083709865547
0.5131877935735947
0.513167221760286
0.5131466555540498
0.5131260949624412
0.513105539993149
0.5130849906539987
0.5130644469529518
0.5130439088981078
0.513023376497704
0.5130028497601153
0.5129823286938548
0.5129618133075741
0.5129413036100618
0.5129207996102438
0.5129003013171836
0.5128798087400803
0.512859321888269
0.5128388407712198
0.512818365398537
0.5127978957799586
0.5127774319253554
0.5127569738447297
0.5127365215482151
0.5127160750460752
0.5126956343487029
0.512675199466619
0.5126547704104718
0.512634347191036
0.5126139298192114
0.5125935183060221
0.5125731126626156
0.5125527129002617
0.5125323190303511
0.5125119310643957
0.5124915490140254
0.5124711728909889
0.5124508027071518
0.512430438474496
0.512410080205118
0.5123897279112288
0.5123693816051519
0.5123490412993223
0.5123287070062865
0.5123083787387004
0.5122880565093282
0.5122677403310422
0.5122474302168205
0.5122271261797472
0.5122068282330108
0.5121865363899024
0.5121662506638157
0.5121459710682454
0.5121256976167864
0.5121054303231322
0.5120851692010742
0.5120649142645008
0.5120446655273958
0.5120244230038378
0.5120041867079987
0.5119839566541428
0.5119637328566259
0.5119435153298937
0.5119233040884811
0.5119030991470115
0.5118829005201946
0.5118627082228262
0.5118425222697869
0.5118223426760409
0.5118021694566346
0.5117820026266964
0.5117618422014347
0.5117416881961372
0.5117215406261696
0.5117013995069751
0.5116812648540721
0.5116611366830546
0.5116410150095896
0.5116208998494169
0.5116007912183486
0.511580689132266
0.5115605936071201
0.5115405046589306
0.5115204223037836
0.5115003465578317
0.5114802774372916
0.5114602149584445
0.5114401591376337
0.5114201099912644
0.511400067535802
0.5113800317877711
0.5113600027637544
0.511339980480392
0.5113199649543796
0.511299956202468
0.5112799542414613
0.5112599590882165
0.5112399707596421
0.5112199892726965
0.5112000146443881
0.5111800468917724
0.511160086031953
0.5111401320820783
0.5111201850593422
0.5111002449809819
0.5110803118642775
0.5110603857265494
0.5110404665851596
0.5110205544575086
0.5110006493610346
0.5109807513132134
0.5109608603315561
0.5109409764336086
0.5109210996369502
0.5109012299591927
0.5108813674179794
0.5108615120309833
0.5108416638159066
0.5108218227904795
0.5108019889724588
0.5107821623796271
0.5107623430297918
0.5107425309407834
0.510722726130454
0.510702928616678
0.5106831384173495
0.5106633555503812
0.5106435800337039
0.5106238118852644
0.510604051123026
0.5105842977649659
0.5105645518290746
0.5105448133333544
0.5105250822958193
0.5105053587344931
0.5104856426674076
0.5104659341126033
0.5104462330881264
0.5104265396120293
0.510406853702368
0.5103871753772021
0.5103675046545928
0.5103478415526024
0.5103281860892932
0.510308538282726
0.5102888981509593
0.5102692657120479
0.5102496409840416
0.5102300239849848
0.5102104147329147
0.5101908132458607
0.5101712195418429
0.510151633638871
0.5101320555549431
0.5101124853080456
0.5100929229161499
0.5100733683972138
0.5100538217691786
0.5100342830499687
0.5100147522574905
0.5099952294096307
0.5099757145242563
0.5099562076192125
0.5099367087123214
0.5099172178213822
0.5098977349641689
0.5098782601584293
0.5098587934218847
0.5098393347722278
0.509819884227122
0.5098004418042005
0.5097810075210651
0.5097615813952846
0.5097421634443942
0.5097227536858945
0.5097033521372498
0.5096839588158877
0.5096645737391972
0.5096451969245284
0.5096258283891909
0.5096064681504527
0.5095871162255394
0.5095677726316327
0.5095484373858696
0.5095291105053413
0.5095097920070918
0.5094904819081171
0.509471180225364
0.509451886975729
0.5094326021760569
0.5094133258431405
0.5093940579937186
0.5093747986444755
0.5093555478120396
0.5093363055129825
0.5093170717638177
0.5092978465809997
0.5092786299809227
0.5092594219799196
0.5092402225942613
0.5092210318401549
0.509201849733743
0.5091826762911026
0.509163511528244
0.5091443554611099
0.5091252081055737
0.5091060694774387
0.5090869395924381
0.5090678184662317
0.5090487061144069
0.5090296025524766
0.5090105077958782
0.5089914218599724
0.5089723447600428
0.5089532765112943
0.5089342171288516
0.508915166627759
0.508896125022979
0.5088770923293909
0.5088580685617903
0.5088390537348872
0.5088200478633057
0.508801050961583
0.5087820630441675
0.5087630841254183
0.5087441142196041
0.5087251533409021
0.5087062015033971
0.5086872587210799
0.5086683250078468
0.5086494003774981
0.5086304848437374
0.5086115784201706
0.5085926811203043
0.5085737929575448
0.508554913945198
0.5085360440964672
0.5085171834244527
0.5084983319421501
0.50847948966245
0.508460656598137
0.5084418327618873
0.5084230181662692
0.5084042128237416
0.5083854167466522
0.5083666299472376
0.5083478524376215
0.5083290842298135
0.508310325335709
0.5082915757670872
0.5082728355356103
0.5082541046528228
0.5082353831301499
0.5082166709788971
0.5081979682102484
0.5081792748352663
0.5081605908648892
0.5081419163099322
0.5081232511810844
0.5081045954889092
0.5080859492438423
0.5080673124561907
0.5080486851361334
0.5080300672937169
0.5080114589388576
0.5079928600813393
0.5079742707308115
0.5079556908967897
0.5079371205886537
0.5079185598156466
0.5079000085868735
0.5078814669113012
0.5078629347977566
0.5078444122549256
0.5078258992913526
0.5078073959154391
0.5077889021354425
0.5077704179594754
0.5077519433955047
0.5077334784513499
0.5077150231346829
0.5076965774530265
0.5076781414137536
0.5076597150240855
0.507641298291092
0.5076228912216897
0.507604493822641
0.5075861061005531
0.5075677280618771
0.5075493597129069
0.5075310010597783
0.507512652108468
0.5074943128647917
0.5074759833344049
0.5074576635228003
0.5074393534353072
0.5074210530770911
0.5074027624531513
0.5073844815683216
0.5073662104272684
0.5073479490344892
0.5073296973943123
0.507311455510896
0.5072932233882267
0.5072750010301189
0.507256788440213
0.5072385856219757
0.5072203925786977
0.5072022093134935
0.5071840358292999
0.5071658721288753
0.5071477182147992
0.5071295740894695
0.5071114397551033
0.507093315213735
0.5070752004672159
0.5070570955172118
0.5070390003652037
0.5070209150124859
0.5070028394601652
0.5069847737091595
0.5069667177601973
0.5069486716138166
0.5069306352703641
0.506912608729993
0.5068945919926637
0.5068765850581418
0.506858587925997
0.5068406005956027
0.5068226230661345
0.5068046553365694
0.5067866974056847
0.506768749272057
0.5067508109340615
0.5067328823898705
0.5067149636374526
0.5066970546745719
0.5066791554987868
0.5066612661074488
0.5066433864977018
0.5066255166664811
0.5066076566105122
0.5065898063263098
0.5065719658101772
0.5065541350582043
0.5065363140662683
0.5065185028300307
0.5065007013449377
0.5064829096062187
0.5064651276088852
0.5064473553477299
0.5064295928173261
0.506411840012026
0.5063940969259597
0.5063763635530352
0.5063586398869362
0.5063409259211219
0.506323221648825
0.5063055270630523
0.5062878421565823
0.5062701669219641
0.5062525013515179
0.5062348454373323
0.5062171991712643
0.5061995625449381
0.5061819355497438
0.5061643181768365
0.5061467104171354
0.5061291122613228
0.5061115236998434
0.506093944722902
0.506076375320464
0.5060588154822542
0.5060412651977544
0.5060237244562041
0.5060061932465985
0.5059886715576873
0.5059711593779748
0.5059536566957179
0.505936163498925
0.5059186797753561
0.5059012055125203
0.5058837406976757
0.5058662853178285
0.5058488393597314
0.5058314028098827
0.5058139756545253
0.5057965578796467
0.505779149470976
0.5057617504139843
0.5057443606938834
0.5057269802956245
0.5057096092038976
0.5056922474031301
0.5056748948774858
0.5056575516108639
0.5056402175868985
0.5056228927889563
0.5056055772001372
0.5055882708032718
0.5055709735809213
0.5055536855153762
0.5055364065886551
0.5055191367825037
0.5055018760783939
0.5054846244575228
0.5054673819008116
0.5054501483889043
0.5054329239021672
0.5054157084206872
0.5053985019242714
0.5053813043924452
0.5053641158044525
0.5053469361392537
0.5053297653755249
0.5053126034916565
0.505295450465753
0.5052783062756312
0.5052611708988194
0.5052440443125564
0.5052269264937905
0.505209817419178
0.5051927170650831
0.5051756254075753
0.5051585424224301
0.5051414680851266
0.5051244023708469
0.5051073452544756
0.5050902967105978
0.5050732567134981
0.5050562252371606
0.5050392022552667
0.5050221877411942
0.505005181668017
0.5049881840085033
0.5049711947351144
0.504954213820004
0.5049372412350177
0.5049202769516905
0.5049033209412467
0.5048863731745987
0.504869433622346
0.5048525022547738
0.504835579041852
0.5048186639532342
0.5048017569582565
0.504784858025937
0.5047679671249735
0.5047510842237437
0.5047342092903032
0.504717342292385
0.5047004831973974
0.5046836319724244
0.504666788584224
0.5046499529992263
0.5046331251835332
0.5046163051029172
0.5045994927228203
0.5045826880083527
0.5045658909242918
0.504549101435081
0.5045323195048289
0.5045155450973078
0.5044987781759528
0.5044820187038606
0.5044652666437883
0.5044485219581526
0.5044317846090284
0.5044150545581476
0.5043983317668983
0.5043816161963232
0.5043649078071191
0.5043482065596352
0.5043315124138721
0.5043148253294812
0.5042981452657627
0.5042814721816646
0.5042648060357828
0.504248146786358
0.504231494391276
0.5042148488080663
0.5041982099939004
0.5041815779055909
0.5041649524995908
0.504148333731992
0.5041317215585239
0.5041151159345525
0.5040985168150792
0.5040819241547402
0.5040653379078041
0.5040487580281718
0.5040321844693746
0.504015617184574
0.5039990561265595
0.503982501247748
0.5039659525001823
0.5039494098355305
0.5039328732050838
0.5039163425597565
0.5038998178500843
0.5038832990262223
0.5038667860379455
0.5038502788346462
0.5038337773653335
0.5038172815786317
0.5038007914227796
0.5037843068456286
0.5037678277946422
0.5037513542168948
0.5037348860590695
0.5037184232674581
0.5037019657879594
0.5036855135660778
0.5036690665469222
0.5036526246752053
0.5036361878952412
0.5036197561509457
0.5036033293858334
0.5035869075430185
0.5035704905652115
0.5035540783947194
0.5035376709734436
0.5035212682428792
0.5035048701441139
0.5034884766178261
0.5034720876042844
0.5034557030433455
0.5034393228744537
0.5034229470366396
0.5034065754685182
0.5033902081082885
0.5033738448937316
0.5033574857622097
0.5033411306506648
0.5033247794956175
0.503308432233166
0.5032920887989837
0.5032757491283197
0.5032594131559961
0.503243080816407
0.5032267520435179
0.5032104267708636
0.5031941049315476
0.50317778645824
0.503161471283177
0.5031451593381595
0.503128850554551
0.5031125448632776
0.5030962421948255
0.5030799424792406
0.5030636456461263
0.5030473516246433
0.5030310603435072
0.5030147717309881
0.5029984857149083
0.5029822022226422
0.5029659211811139
0.5029496425167965
0.5029333661557105
0.5029170920234225
0.502900820045044
0.5028845501452301
0.5028682822481777
0.5028520162776249
0.502835752156849
0.5028194898086655
0.5028032291554267
0.5027869701190206
0.5027707126208686
0.5027544565819254
0.5027382019226768
0.5027219485631385
0.5027056964228551
0.5026894454208983
0.5026731954758658
0.5026569465058792
0.5026406984285842
0.5026244511611475
0.5026082046202565
0.5025919587221175
0.5025757133824544
0.5025594685165072
0.5025432240390307
0.5025269798642932
0.5025107359060749
0.5024944920776664
0.502478248291868
0.5024620044609873
0.5024457604968382
0.5024295163107401
0.5024132718135148
0.5023970269154874
0.5023807815264828
0.5023645355558255
0.5023482889123377
0.5023320415043379
0.5023157932396392
0.5022995440255487
0.5022832937688652
0.5022670423758778
0.5022507897523651
0.5022345358035933
0.5022182804343143
0.5022020235487648
0.5021857650506653
0.5021695048432173
0.5021532428291028
0.5021369789104829
0.5021207129889956
0.502104444965755
0.502088174741349
0.5020719022158388
0.5020556272887566
0.5020393498591046
0.5020230698253533
0.5020067870854399
0.5019905015367668
0.5019742130762002
0.5019579216000682
0.5019416270041603
0.5019253291837247
0.5019090280334669
0.5018927234475494
0.501876415319588
0.5018601035426526
0.501843788009264
0.5018274686113928
0.5018111452404581
0.5017948177873255
0.5017784861423064
0.5017621501951549
0.5017458098350678
0.5017294649506823
0.5017131154300738
0.5016967611607558
0.5016804020296769
0.5016640379232202
0.5016476687272008
0.5016312943268648
0.5016149146068879
0.5015985294513727
0.5015821387438487
0.5015657423672688
0.5015493402040098
0.501532932135868
0.5015165180440609
0.5015000978092227
0.5014836713114038
0.5014672384300697
0.5014507990440983
0.5014343530317789
0.5014179002708099
0.5014014406382981
0.5013849740107561
0.501368500264101
0.5013520192736528
0.5013355309141326
0.5013190350596606
0.5013025315837552
0.5012860203593301
0.5012695012586936
0.5012529741535469
0.5012364389149813
0.5012198954134777
0.5012033435189039
0.5011867831005139
0.5011702140269448
0.5011536361662164
0.5011370493857288
0.5011204535522602
0.5011038485319655
0.5010872341903757
0.5010706103923939
0.5010539770022953
0.5010373338837243
0.5010206808996938
0.501004017912582
0.5009873447841318
0.5009706613754483
0.5009539675469978
0.5009372631586048
0.5009205480694504
0.5009038221380719
0.500887085222359
0.500870337179553
0.5008535778662447
0.500836807138373
0.5008200248512222
0.5008032308594204
0.5007864250169382
0.500769607177086
0.5007527771925127
0.5007359349152033
0.5007190801964775
0.5007022128869876
0.5006853328367159
0.500668439894974
0.5006515339104003
0.5006346147309576
0.5006176822039313
0.5006007361759287
0.5005837764928749
0.5005668030000127
0.5005498155418993
0.5005328139624053
0.5005157981047124
0.5004987678113109
0.5004817229239981
0.5004646632838765
0.5004475887313516
0.5004304991061295
0.5004133942472153
0.500396273992911
0.5003791381808131
0.5003619866478117
0.5003448192300862
0.5003276357631057
0.5003104360816248
0.5002932200196838
0.5002759874106041
0.5002587380869876
0.5002414718807147
0.5002241886229413
0.5002068881440971
0.5001895702738839
0.5001722348412726
0.5001548816745017
0.5001375106010747
0.5001201214477583
0.5001027140405798
0.5000852882048258
0.5000678437650383
0.5000503805450146
0.5000328983678034
0.5000153970557033
0.49999787643026045
0.4999803363122665
0.49996277652175597
0.4999451968780044
0.49992759719952556
0.4999099773040696
0.4998923370086208
0.49987467612939485
0.4998569944818368
0.499839291880619
0.49982156813963796
0.4998038230720132
0.499786056490084
0.49976826820540693
0.49975045802875445
0.49973262577011135
0.49971477123867347
0.4996968942428444
0.49967899459023346
0.4996610720876537
0.49964312654111825
0.4996251577558395
0.49960716553622525
0.499589149685877
0.4995711100075872
0.4995530463033373
0.499534958374294
0.4995168460208085
0.4994987090424122
0.49948054723781576
0.4994623604049052
0.4994441483407405
0.49942591084155213
0.49940764770273927
0.4993893587188662
0.49937104368366125
0.4993527023900124
0.4993343346299662
0.4993159401947241
0.4992975188746401
0.4992790704592187
0.49926059473711165
0.49924209149611465
0.4992235605231663
0.4992050016043439
0.49918641452486145
0.49916779906906683
0.4991491550204391
0.4991304821615855
0.4991117802742391
0.49909304913925523
0.49907428853660996
0.49905549824539597
0.49903667804382074
0.4990178277092034
0.49899894701797143
0.4989800357456583
0.498961093666901
0.4989421205554359
0.4989231161840971
0.498904080324813
0.49888501274860314
0.498865913225576
0.49884678152492534
0.49882761741492726
0.4988084206629379
0.4987891910353896
0.498769928297789
0.49875063221471216
0.49873130254980386
0.4987119390657726
0.4986925415243888
0.4986731096864809
0.49865364331193274
0.4986341421596804
0.49861460598770874
0.49859503455304893
0.49857542761177437
0.49855578491899855
0.49853610622887107
0.49851639129457465
0.4984966398683221
0.4984768517013532
0.4984570265439309
0.49843716414533845
0.4984172642538761
0.49839732661685787
0.49837735098060804
0.498357337090458
0.49833728469074257
0.4983171935247973
0.4982970633349544
0.49827689386253965
0.4982566848478689
0.49823643603024514
0.4982161471479544
0.49819581793826234
0.498175448137411
0.4981550374806155
0.49813458570206026
0.49811409253489497
0.49809355771123254
0.4980729809621438
0.4980523620176546
0.49803170060674296
0.4980109964573343
0.4979902492962983
0.4979694588494453
0.49794862484152247
0.49792774699621056
0.49790682503611927
0.4978858586827845
0.49786484765666394
0.4978437916771336
0.49782269046248384
0.4978015437299159
0.4977803511955381
0.4977591125743606
0.49773782758029417
0.49771649592614386
0.4976951173236064
0.4976736914832657
0.49765221811458954
0.49763069692592454
0.4976091276244938
0.4975875099163909
0.49756584350657773
0.49754412809887893
0.4975223633959789
0.49750054909941754
0.4974786849095857
0.4974567705257209
0.4974348056459045
0.4974127899670554
0.4973907231849281
0.4973686049941068
0.497346435088002
0.497324213158846
0.4973019388976888
0.49727961199439336
0.4972572321376319
0.4972347990148812
0.4972123123124175
0.4971897717153144
0.49716717690743556
0.4971445275714321
0.4971218233887379
0.4970990640395646
0.49707624920289756
0.49705337855649084
0.4970304517768634
0.4970074685392941
0.49698442851781677
0.49696133138521636
0.4969381768130233
0.49691496447151023
0.4968916940296858
0.4968683651552908
0.4968449775147935
0.4968215307733845
0.49679802459497213
0.49677445864217773
0.49675083257633057
0.49672714605746304
0.49670339874430625
0.49667959029428443
0.4966557203635102
0.49663178860678026
0.4966077946775687
0.4965837382280247
0.4965596189089649
0.49653543636986947
0.49651119025887736
0.49648688022278054
0.49646250590701907
0.49643806695567605
0.49641356301147227
0.4963889937157616
0.49636435870852424
0.49633965762836313
0.4963148901124982
0.49629005579676017
0.49626515431558627
0.4962401853020145
0.4962151483876781
0.4961900432028002
0.4961648693761883
0.49613962653522914
0.49611431430588304
0.4960889323126777
0.4960634801787036
0.4960379575256084
0.49601236397359005
0.49598669914139276
0.49596096264630063
0.49593515410413125
0.49590927312923144
0.49588331933447033
0.49585729233123405
0.49583119172942003
0.4958050171374302
0.4957787681621671
0.495752444409026
0.4957260454818898
0.4956995709831231
0.4956730205135663
0.4956463936725295
0.49561969005778617
0.4955929092655671
0.4955660508905554
0.4955391145258784
0.49551209976310356
0.49548500619223085
0.4954578334016869
0.4954305809783192
0.49540324850738915
0.4953758355725667
0.49534834175592257
0.4953207666379236
0.4952931097974252
0.4952653708116649
0.4952375492562567
0.49520964470518364
0.49518165673079284
0.4951535849037865
0.49512542879321797
0.495097187966483
0.4950688619893145
0.4950404504257757
0.4950119528382527
0.4949833687874485
0.49495469783237545
0.4949259395303499
0.4948970934369839
0.49486815910617904
0.49483913609011976
0.4948100239392657
0.494780822202346
0.4947515304263508
0.49472214815652554
0.4946926749363632
0.49466311030759796
0.4946334538101971
0.4946037049823546
0.49457386336048403
0.4945439284792112
0.4945138998713665
0.49448377706797864
0.4944535595982664
0.49442324698963214
0.49439283876765394
0.4943623344560787
0.4943317335768139
0.4943010356499213
0.49427024019360855
0.49423934672422254
0.49420835475624114
0.49417726380226584
0.4941460733730151
0.49411478297731476
0.49408339212209285
0.4940519003123698
0.4940203070512521
0.49398861183992404
0.49395681417764037
0.4939249135617171
0.49389290948752634
0.493860801448486
0.49382858893605264
0.49379627143971444
0.4937638484469822
0.49373131944338206
0.49369868391244665
0.49366594133570846
0.49363309119269033
0.4936001329608983
0.49356706611581347
0.49353389013088317
0.4935006044775138
0.49346720862506166
0.4934337020408254
0.49340008419003756
0.4933663545358561
0.4933325125393568
0.49329855765952374
0.49326448935324235
0.49323030707528975
0.493196010278327
0.49316159841289053
0.4931270709273841
0.49309242726806957
0.49305766687905833
0.49302278920230397
0.49298779367759227
0.4929526797425334
0.4929174468325528
0.49288209438088343
0.49284662181855604
0.492811028574391
0.4927753140749896
0.49273947774472504
0.4927035190057339
0.4926674372779074
0.4926312319788821
0.49259490252403154
0.4925584483264575
0.4925218687969804
0.49248516334413095
0.49244833137414096
0.492411372290935
0.4923742854961205
0.49233707038897906
0.49229972636645736
0.49226225282315916
0.4922246491513345
0.4921869147408722
0.4921490489792888
0.49211105125172233
0.4920729209409202
0.492034657427232
0.49199626008859954
0.4919577283005475
0.4919190614361751
0.4918802588661457
0.49184131995867836
0.4918022440795385
0.4917630305920281
0.4917236788569772
0.4916841882327341
0.49164455807515567
0.4916047877375991
0.49156487657091136
0.49152482392342095
0.4914846291409277
0.4914442915666936
0.49140381054143367
0.49136318540330615
0.49132241548790334
0.4912815001282427
0.4912404386547559
0.49119923039528146
0.4911578746750531
0.4911163708166925
0.4910747181401977
0.49103291596293563
0.4909909635996309
0.49094886036235796
0.49090660556052984
0.4908641985008908
0.4908216384875047
0.4907789248217469
0.4907360568022947
0.49069303372511713
0.49064985488346635
0.4906065195678677
0.4905630270661099
0.4905193766632364
0.4904755676415353
0.4904315992805307
0.4903874708569716
0.49034318164482454
0.4902987309152628
0.4902541179366573
0.49020934197456734
0.49016440229173097
0.49011929814805627
0.49007402880061074
0.4900285935036134
0.489982991508424
0.48993722206353496
0.4898912844145615
0.4898451778042322
0.4897989014723798
0.4897524546559324
0.489705836588904
0.4896590465023847
0.48961208362453223
0.48956494718056304
0.48951763639274215
0.48947015048037495
0.489422488659798
0.4893746501443693
0.48932663414446037
0.4892784398674464
0.48923006651769785
0.48918151329657117
0.48913277940239996
0.4890838640304867
0.48903476637309323
0.48898548561943267
0.4889360209556599
0.4888863715648638
0.48883653662705817
0.4887865153191732
0.4887363068150467
0.4886859102854162
0.4886353248979104
0.48858454981704036
0.4885335842041918
0.48848242721761637
0.48843107801242347
0.488379535740573
0.48832779955086614
0.4882758685889375
0.48822374199724816
0.48817141891507687
0.48811889847851236
0.4880661798204466
0.4880132620705649
0.4879601443553411
0.4879068257980282
0.48785330551865136
0.48779958263400114
0.4877456562576251
0.48769152549982214
0.4876371894676338
0.48758264726483846
0.48752789799194407
0.4874729407461811
0.4874177746214961
0.48736239870854514
0.4873068120946866
0.487251013863976
0.48719500309715874
0.4871387788716637
0.487082340261598
0.48702568633774096
0.48696881616753696
0.4869117288150915
0.4868544233411638
0.48679689880316296
0.4867391542551412
0.4866811887477895
0.48662300132843184
0.4865645910410207
0.48650595692613163
0.48644709802095953
0.4863880133593125
0.48632870197160916
0.486269162884873
0.48620939512272854
0.486149397705398
0.4860891696496964
0.486028709969029
0.48596801767338654
0.485907091769343
0.48584593126005154
0.48578453514524234
0.4857229024212186
0.485661032080855
0.4855989231135943
0.48553657450544574
0.48547398523898244
0.48541115429333936
0.4853480806442119
0.4852847632638543
0.48522120112107786
0.4851573931812504
0.48509333840629476
0.48502903575468803
0.4849644841814617
0.4848996826382005
0.4848346300730427
0.4847693254306807
0.48470376765235995
0.4846379556758812
0.48457188843559995
0.4845055648624285
0.4844389838838369
0.48437214442385385
0.4843050454030695
0.4842376857386371
0.4841700643442749
0.48410218013026907
0.4840340320034765
0.4839656188673281
0.4838969396218315
0.48382799316357544
0.4837587783857332
0.48368929417806716
0.4836195394269326
0.4835495130152837
0.48347921382267733
0.48340864072527917
0.48333779259586945
0.4832666683038491
0.48319526671524526
0.4831235866927182
0.4830516270955696
0.4829793867797475
0.4829068645978564
0.48283405939916335
0.48276097002960744
0.4826875953318076
0.48261393414507253
0.4825399853054097
0.4824657476455345
0.48239121999488144
0.48231640117961394
0.48224129002263505
0.48216588534359944
0.48209018595892467
0.48201419068180273
0.4819378983222136
0.4818613076869368
0.4817844175795653
0.48170722680051975
0.48162973414706123
0.4815519384133071
0.4814738383902447
0.4813954328657479
0.4813167206245917
0.4812377004484696
0.4811583711160099
0.4810787314027923
0.4809987800813663
0.4809185159212695
0.4808379376890447
0.48075704414826026
0.4806758340595299
0.4805943061805312
0.48051245926602765
0.48043029206788856
0.4803478033351112
0.480264991813843
0.48018185624740317
0.48009839537630666
0.48001460793828754
0.4799304926683231
0.47984604829865835
0.479761273558831
0.4796761671756986
0.47959072787346285
0.4795049543736981
0.4794188453953785
0.4793323996549051
0.47924561586613534
0.4791584927404125
0.4790710289865951
0.4789832233110867
0.47889507441786827
0.4788065810085284
0.47871774178229676
0.47862855543607585
0.4785390206644755
0.4784491361598466
0.47835890061231523
0.4782683127098191
0.4781773711381432
0.47808607458095626
0.4779944217198484
0.47790241123436933
0.47781004180206665
0.47771731209852586
0.4776242207974099
0.4775307665705001
0.47743694808773807
0.4773427640172672
0.4772482130254766
0.47715329377704324
0.477058004934978
0.47696234516066943
0.4768663131139301
0.47676990745304326
0.47667312683481
0.4765759699145973
0.4764784353463866
0.4763805217828243
0.4762822278752705
0.4761835522738517
0.47608449362751204
0.4759850505840654
0.4758852217902501
0.475785005891782
0.47568440153341063
0.4755834073589741
0.47548202201145584
0.47538024413304325
0.4752780723651846
0.47517550534864894
0.47507254172358576
0.4749691801295861
0.47486541920574404
0.47476125759071874
0.47465669392279863
0.47455172683996505
0.4744463549799574
0.4743405769803388
0.47423439147856356
0.4741277971120443
0.47402079251822016
0.473913376334627
0.4738055471989672
0.47369730374918084
0.4735886446235179
0.4734795684606109
0.4733700738995492
0.4732601595799538
0.4731498241420521
0.47303906622675557
0.47292788447573647
0.47281627753150657
0.4727042440374966
0.4725917826381357
0.4724788919789335
0.4723655707065617
0.47225181746893696
0.4721376309153049
0.47202300969632527
0.4719079524641572
0.47179245787254614
0.4716765245769115
0.4715601512344353
0.47144333650415116
0.4713260790470357
0.4712083775260988
0.4710902306064769
0.4709716369555254
0.47085259524291373
0.47073310414071906
0.47061316232352457
0.4704927684685142
0.4703719212555718
0.47025061936738005
0.47012886148951943
0.4700066463105698
0.46988397252221203
0.46976083881932995
0.46963724390011446
0.4695131864661679
0.4693886652226088
0.4692636788781798
0.4691382261453526
0.46901230574043845
0.4688859163836949
0.46875905679943825
0.4686317257161519
0.46850392186659995
0.46837564398793946
0.4682468908218333
0.4681176611145651
0.46798795361715506
0.4678577670854756
0.467727100280368
0.4675959519677616
0.4674643209187915
0.4673322059099187
0.46719960572305036
0.4670665191456618
0.4669329449709177
0.46679888199779607
0.46666432903121163
0.46652928488213974
0.4663937483677433
0.4662577183114981
0.4661211935433196
0.4659841728996915
0.46584665522379365
0.46570863936563167
0.46557012418216626
0.4654311085374457
0.4652915913027351
0.4651515713566507
0.4650110475852911
0.4648700188823719
0.4647284841493593
0.4645864422956057
0.46444389223848487
0.4643008329035281
0.46415726322456063
0.46401318214384024
0.46386858861219415
0.46372348158915805
0.4635778600431157
0.46343172295143736
0.4632850693006214
0.4631378980864344
0.46299020831405213
0.4628419989982018
0.462693269163304
0.4625440178436153
0.4623942440833716
0.4622439469369307
0.46209312546891723
0.46194177875436626
0.4617899058788682
0.46163750593871294
0.46148457804103626
0.4613311213039642
0.4611771348567594
0.4610226178399667
0.4608675694055602
0.46071198871708885
0.4605558749498231
0.4603992272909021
0.4602420449394803
0.4600843271068746
0.4599260730167114
0.45976728190507354
0.4596079530206479
0.4594480856248724
0.45928767899208267
0.45912673240966007
0.4589652451781787
0.4588032166115512
0.45864064603717686
0.4584775327960884
0.45831387624309733
0.45814967574694104
0.45798493069042945
0.4578196404705898
0.45765380449881266
0.4574874222009975
0.45732049301769684
0.45715301640426154
0.4569849918309842
0.4568164187832435
0.4566472967616472
0.45647762528217417
0.4563074038763176
0.4561366320912259
0.4559653094898437
0.45579343565105335
0.4556210101698126
0.45544803265729555
0.45527450274102976
0.4551004200650348
0.454925784289958
0.45475059509321064
0.4545748521691039
0.45439855522898176
0.45422170400135503
0.4540442982320333
0.45386633768425666
0.45368782213882536
0.4535087513942296
0.45332912526677716
0.45314894359072044
0.4529682062183823
0.45278691302028085
0.452605063885252
0.4524226587205729
0.4522396974520809
0.4520561800242944
0.4518721064005299
0.45168747656301866
0.4515022905130226
0.4513165482709465
0.4511302498764513
0.45094339538856354
0.4507559848857854
0.45056801846620054
0.45037949624758034
0.45019041836748797
0.4500007849833798
0.4498105962727059
0.44961985243300856
0.4494285536820186
0.4492367002577504
0.4490442924185937
0.44885133044340547
0.44865781463159765
0.44846374530322414
0.4482691227990657
0.4480739474807118
0.4478782197306406
0.4476819399522982
0.44748510857017365
0.44728772602987227
0.4470897927981875
0.44689130936316945
0.4466922762341915
0.4464926939420141
0.44629256303884773
0.4460918840984104
0.44589065771598524
0.4456888845084744
0.44548656511445117
0.44528370019420827
0.445080290429804
0.4448763365251067
0.4446718392058349
0.4444667992195961
0.444261217335921
0.44405509434629786
0.443848431064201
0.4436412283251181
0.4434334869865736
0.44322520792815084
0.4430163920515093
0.4428070402804001
0.44259715356067797
0.44238673286031066
0.44217577916938405
0.4419642935001062
0.4417522768868066
0.44153973038593264
0.44132665507604346
0.44111305205780005
0.44089892245395224
0.440684267409323
0.4404690880907884
0.4402533856872549
0.44003716140963384
0.4398204164908119
0.43960315218561813
0.439385369770788
0.43916707054492404
0.4389482558284529
0.4387289269635791
0.43850908531423494
0.43828873226602794
0.438067869226184
0.4378464976234866
0.4376246189082139
0.43740223455207144
0.43717934604812086
0.4369559549107064
0.436732062675377
0.43650767089880466
0.43628278115869906
0.43605739505372043
0.4358315142033861
0.43560514024797553
0.43537827484843084
0.4351509196862534
0.4349230764633988
0.4346947469021646
0.4344659327450786
0.43423663575477994
0.4340068577138991
0.4337766004249325
0.4335458657101148
0.4333146554112869
0.43308297138976004
0.4328508155261771
0.43261818972036975
0.43238509589121205
0.43215153597647005
0.43191751193264916
0.4316830257348361
0.4314480793765382
0.4312126748695195
0.43097681424363227
0.4307404995466461
0.43050373284407206
0.4302665162189854
0.43002885177184114
0.42979074162029096
0.4295521878989925
0.429313192759417
0.4290737583696533
0.4288338869142085
0.428593580593804
0.4283528416251705
0.4281116722408365
0.4278700746889166
0.42762805123289377
0.42738560415139976
0.427142735737992
0.426899448300927
0.4266557441629299
0.42641162566096225
0.4261670951459848
0.4259221549827189
0.4256768075494027
0.4254310552375462
0.4251849004516816
0.42493834560911165
0.4246913931396541
0.4244440454853837
0.4241963051003708
0.4239481744504176
0.42369965601279047
0.42345075227594997
0.42320146573927847
0.42295179891280343
0.4227017543169195
0.42245133448210714
0.4222005419486476
0.421949379266337
0.42169784899419693
0.42144595370018106
0.4211936959608818
0.4209410783612315
0.42068810349420366
0.4204347739605109
0.42018109236829815
0.41992706133283786
0.41967268347621833
0.41941796142703347
0.41916289782006655
0.41890749529597615
0.4186517565009751
0.4183956840865107
0.4181392807089417
0.4178825490292134
0.41762549171252933
0.417368111428023
0.4171104108484263
0.41685239264973684
0.41659405951088263
0.41633541411338476
0.41607645914102015
0.4158171972794794
0.41555763121602585
0.41529776363915194
0.41503759723823247
0.4147771347031794
0.41451637872409147
0.41425533199090564
0.41399399719304475
0.4137323770190651
0.41347047415630134
0.41320829129051173
0.4129458311055207
0.4126830962828612
0.41242008950141473
0.4121568134370508
0.41189327076226584
0.41162946414582036
0.4113653962523742
0.4111010697421237
0.41083648727043387
0.4105716514874733
0.41030656503784585
0.4100412305602228
0.40977565068697336
0.40950982804379493
0.40924376524934303
0.4089774649148585
0.408710929643798
0.4084441620314588
0.40817716466460835
0.40790994012110876
0.40764249096954397
0.4073748197688438
0.4071069290679112
0.40683882140524474
0.4065704993085645
0.4063019652944357
0.4060332218678919
0.4057642715220594
0.40549511673778005
0.4052257599832347
0.4049562037135663
0.404686450370502
0.40441650238197735
0.4041463621617578
0.4038760321090623
0.40360551460818556
0.4033348120281212
0.4030639267221846
0.40279286102763523
0.4025216172653008
0.40225019773919946
0.40197860473616415
0.4017068405254648
0.401434907358434
0.4011628074680888
0.40089054306875704
0.40061811635570077
0.4003455295047411
0.40007278467188395
0.39979988399294497
0.3995268295831757
0.3992536235368898
0.39898026792708996
0.39870676480509404
0.39843311620016353
0.39815932411913096
0.3978853905460281
0.3976113174417156
0.39733710674351075
0.39706276036481863
0.39678828019476214
0.39651366809781213
0.39623892591341914
0.39596405545564506
0.3956890585127961
0.3954139368470544
0.39513869219411274
0.3948633262628074
0.39458784073475367
0.3943122372639806
0.3940365174765663
0.39376068297027444
0.3934847353141909
0.39320867604836157
0.39293250668342944
0.39265622870027383
0.3923798435496493
0.3921033526518244
0.39182675739622347
0.3915500591410659
0.39127325921300776
0.3909963589067841
0.39071935948485115
0.39044226217702876
0.3901650681801443
0.3898877786576768
0.38961039473940073
0.3893329175210317
0.38905534806387193
0.3887776873944555
0.38849993650419584
0.38822209634903193
0.38794416784907587
0.3876661518882614
0.38738804931399135
0.38710986093678695
0.3868315875299367
0.386553229829146
0.386274788532187
0.3859962642985499
0.3857176577490923
0.38543896946569073
0.3851601999908928
0.3848813498275683
0.38460241943856077
0.38432340924634084
0.38404431963265895
0.3837651509381971
0.38348590346222267
0.38320657746224274
0.3829271731536561
0.3826476907094082
0.38236813025964467
0.3820884918913666
0.38180877564808313
0.3815289815294678
0.38124910949101226
0.3809691594436816
0.38068913125356846
0.38040902474154986
0.3801288396829405
0.3798485758071489
0.37956823279733276
0.37928781029005443
0.37900730787493553
0.3787267250943132
0.37844606144289544
0.37816531636741657
0.37788448926629287
0.37760357948927753
0.37732258633711724
0.37704150906120676
0.3767603468632452
0.3764790988948908
0.3761977642574168
0.37591634200136725
0.3756348311262122
0.3753532305800024
0.3750715392590266
0.3747897560074647
0.3745078796170455
0.37422590882670026
0.373943842322219
0.37366167873590606
0.3733794166462357
0.37309705457750686
0.3728145909994999
0.3725320243271315
0.37224935292011097
0.3719665750825959
0.37168368906284827
0.3714006930528908
0.37111758518816357
0.3708343635471798
0.3705510261511846
0.37026757096380963
0.3699839958907333
0.36970029877933697
0.3694164774183632
0.3691325295375759
0.36884845280741824
0.36856424483867306
0.36827990318212345
0.36799542532821355
0.36771080870671
0.3674260506863658
0.36714114857458197
0.36685609961707377
0.3665709009975347
0.36628554983730277
0.36600004319502977
0.36571437806634843
0.3654285513835432
0.3651425600152213
0.36485640076598647
0.364570070376113
0.3642835655212229
0.3639968828119626
0.3637100187936849
0.3634229699461292
0.3631357326831079
0.3628483033521909
0.3625606782343967
0.36227285354388195
0.3619848254276374
0.3616965899651844
0.3614081431682748
0.36111948098059476
0.36083059927747124
0.3605414938655818
0.36025216048266884
0.359962594797257
0.35967279240837424
0.35938274884527854
0.3590924595671878
0.3588019199630142
0.3585111253511047
0.35822007097898406
0.357928752023107
0.3576371635886114
0.3573453007090803
0.35705315834630896
0.35676073139007763
0.35646801465793077
0.35617500289496384
0.35588169077361576
0.35558807289346994
0.35529414378106106
0.35499989788969194
0.354705329599256
0.35441043321606974
0.35411520297271215
0.3538196330278769
0.3535237174662277
0.35322745029826924
0.3529308254602239
0.352633836813921
0.352336478146696
0.35203874317129963
0.35174062552581986
0.35144211877361486
0.3511432164032574
0.3508439118284927
0.3505441983882084
0.350244069346417
0.3499435178922542
0.3496425371399876
0.3493411201290437
0.3490392598240463
0.3487369491148719
0.3484341808167201
0.3481309476702004
0.34782724234143525
0.34752305742217865
0.3472183854299553
0.3469132188082138
0.3466075499265009
0.3463013710806522
0.3459946744930045
0.34568745231262493
0.34537969661556217
0.34507139940511755
0.34476255261213706
0.3444531480953243
0.344143177641577
0.3438326329663439
0.34352150571400647
0.34320978745828207
0.3428974697026531
0.34258454388081827
0.3422710013571707
0.3419568334273002
0.34164203131852094
0.3413265861904269
0.3410104891354732
0.3406937311795837
0.3403763032827889
0.3400581963398881
0.33973940118114515
0.3394199085730084
0.3390997092188635
0.3387787937598152
0.338457152775499
0.33813477678492465
0.3378116562473501
0.33748778156318865
0.33716314307494566
0.3368377310681907
0.3365115357725613
0.33618454736279907
0.33585675595982173
0.3355281516318277
0.33519872439543463
0.3348684642168556
0.3345373610131053
0.33420540465324755
0.33387258495967415
0.33353889170942025
0.33320431463551914
0.3328688434283886
0.3325324677372581
0.3321951771716303
0.33185696130278053
0.33151780966529365
0.331177711758638
0.3308366570487764
0.33049463496981524
0.330151634925691
0.3298076462918945
0.3294626584172323
0.32911666062562717
0.32876964221795363
0.3284215924739141
0.32807250065394994
0.3277223560011921
0.3273711477434463
0.32701886509521827
0.32666549725977334
0.32631103343123335
0.32595546279671117
0.3255987745384798
0.32524095783617646
0.3248820018690445
0.3245218958182075
0.3241606288689809
0.3237981902132137
0.3234345690516679
0.32306975459642756
0.3227037360733429
0.3223365027245039
0.3219680438107468
0.32159834861419107
0.32122740644080505
0.32085520662300204
0.3204817385222634
0.3201069915317911
0.31973095507918503
0.31935361862914735
0.31897497168621114
0.3185950037974942
0.31821370455547465
0.31783106360078917
0.31744707062505284
0.317061715373698
0.3166749876488329
0.3162868773121181
0.31589737428765874
0.31550646856491443
0.3151141502016207
0.3147204093267266
0.31432523614334185
0.31392862093169593
0.3135305540521073
0.3131310259479584
0.3127300271486814
0.3123275482727445
0.3119235800306479
0.3115181132279176
0.31111113876810503
0.31070264765578337
0.3102926309995454
0.3098810800149969
0.30946798602774656
0.3090533404763915
0.3086371349154944
0.30821936101855324
0.307800010580962
0.3073790755229599
0.3069565478925671
0.3065324198685096
0.30610668376312533
0.3056793320252572
0.30525035724312644
0.3048197521471865
0.3043875096129577
0.3039536226638395
0.3035180844738987
0.303080888370636
0.3026420278377227
0.30220149651771544
0.30175928821473824
0.3013153968971387
0.30086981670011187
0.3004225419282939
0.29997356705832123
0.2995228867413581
0.2990704958055881
0.29861638925867034
0.29816056229015825
0.29770301027388146
0.2972437287702895
0.29678271352875396
0.2963199604898331
0.29585546578749333
0.29538922575128906
0.29492123690850186
0.29445149598623244
0.2939799999134537
0.2935067458230147
0.29303173105360253
0.2925549531516567
0.292076409873238
0.2915960991858511
0.29111401927022024
0.2906301685220153
0.29014454555353336
0.28965714919532914
0.2891679784977996
0.2886770327327172
0.28818431139471573
0.28768981420272777
0.28719354110137113
0.2866954922622872
0.28619566808542846
0.28569406920029805
0.2851906964671387
0.2846855509780717
0.28417863405818705
0.283669947266583
0.28315949239735755
0.28264727148054813
0.28213328678302374
0.2816175408093262
0.28110003630246383
0.2805807762446539
0.2800597638580173
0.2795370026052243
0.27901249619009105
0.2784862485581272
0.2779582638970357
0.277428546637164
0.27689710145190677
0.27636393325806136
0.2758290472161339
0.2752924487305996
0.2747541434501141
0.27421413726767735
0.2736724363207516
0.27312904699133056
0.2725839759059625
0.27203722993572566
0.27148881619615794
0.2709387420471391
0.2703870150927253
0.2698336431809394
0.2692786344035125
0.2687219970955804
0.2681637398353318
0.26760387144361186
0.2670424009834785
0.26647933775971117
0.2659146913182745
0.2653484714457334
0.26478068816862455
0.26421135175277605
0.2636404727025851
0.26306806176024566
0.2624941299049283
0.26191868835191556
0.26134174855168624
0.26076332218895426
0.2601834211816582
0.25960205767990274
0.2590192440648523
0.2584349929475749
0.25784931716783777
0.2572622297928532
0.256673744115975
0.2560838736553461
0.2554926321524932
0.25490003357087543
0.25430609209437743
0.25371082212575613
0.2531142382850331
0.2525163554078356
0.25191718854368794
0.2513167529542493
0.25071506411149824
0.2501121376958673
0.2495079895943217
0.24890263589838738
0.2482960929021251
0.247688377100049
0.2470795051849957
0.24646949404593518
0.24585836076573084
0.24524612261884246
0.244632797068979
0.2440184017666926
0.2434029545469214
0.24278647342647716
0.24216897660147751
0.24155048244472502
0.24093100950303248
0.24031057649449153
0.23968920230569116
0.23906690598887867
0.23844370675906978
0.23781962399110337
0.23719467721664494
0.23656888612113633
0.23594227054069372
0.2353148504589536
0.2346866460038661
0.23405767744444073
0.23342796518743847
0.232797529774015
0.2321663918763167
0.23153457229402613
0.230902091950861
0.2302689718910263
0.22963523327561974
0.2290008973789938
0.22836598558507146
0.2277305193836215
0.22709452036648836
0.22645801022378464
0.22582101074004052
0.22518354379031708
0.22454563133628008
0.22390729542223917
0.22326855817115052
0.22262944178058788
0.2219899685186794
0.22135016072001512
0.220710040781525
0.22006963115832834
0.21942895435955825
0.21878803294416022
0.21814688951666883
0.21750554672296166
0.21686402724599604
0.21622235380152457
0.2155805491337969
0.21493863601124596
0.21429663722216205
0.21365457557035566
0.2130124738708117
0.2123703549453363
0.2117282416181983
0.21108615671176784
0.21044412304215296
0.20980216341483712
0.20916030062031923
0.20851855742975722
0.20787695659061867
0.2072355208223403
0.20659427281199486
0.20595323520997508
0.20531243062568638
0.20467188162325967
0.2040316107172802
0.20339164036853713
0.20275199297979415
0.20211269089158537
0.20147375637803577
0.20083521164270912
0.20019707881448692
0.19955937994347644
0.1989221369969541
0.19828537185534226
0.1976491063082237
0.19701336205039416
0.19637816067795555
0.19574352368445025
0.1951094724570403
0.19447602827273128
0.19384321229464252
0.1932110455683264
0.1925795490181377
0.19194874344365445
0.19131864951615066
0.19068928777512492
0.1900606786248832
0.1894328423311813
0.18880579901792127
0.1881795686639117
0.18755417109968664
0.18692962600438645
0.18630595290270258
0.18568317116188507
0.1850612999888166
0.1844403584271514
0.18382036535452165
0.1832013394798119
0.1825832993405008
0.18196626330007404
0.18135024954550538
0.18073527608481071
0.1801213607446706
0.17950852116812652
0.1788967748123494
0.17828613894648046
0.1776766306495445
0.17706826680843835
0.17646106411599213
0.17585503906910388
0.1752502079669505
0.17464658690927054
0.1740441917947233
0.17344303831932234
0.17284314197494152
0.17224451804789861
0.17164718161761078
0.17105114755532477
0.17045643052292261
0.16986304497179894
0.1692710051418134
0.16868032506031538
0.1680910185412424
0.16750309918428918
0.16691658037415208
0.16633147527984068
0.16574779685406368
0.1651655578326836
0.164584770734242
0.1640054478595535
0.1634276012913683
0.16285124289410288
0.16227638431363745
0.16170303697717958
0.16113121209319387
0.1605609206513963
0.15999217342281152
0.15942498095989496
0.1588593535967147
0.15829530144919668
0.15773283441542887
0.1571719621760254
0.15661269419454799
0.15605503971798657
0.1554990077772933
0.1549446071879754
0.1543918465507388
0.15384073425218678
0.1532912784655706
0.1527434871515903
0.1521973680592462
0.1516529287267377
0.15111017648241187
0.15056911844575632
0.15002976152843894
0.1494921124353909
0.14895617766593347
0.14842196351494577
0.1478894760740741
0.14735872123298072
0.14682970468063083
0.14630243190661624
0.14577690820251668
0.14525313866329465
0.14473112818872447
0.14421088148485475
0.14369240306550105
0.14317569725376939
0.14266076818361023
0.14214761980139898
0.14163625586754347
0.14112667995811828
0.14061889546652395
0.14011290560516845
0.13960871340717274
0.13910632172809698
0.1386057332476875
0.13810695047164287
0.13760997573339884
0.13711481119593066
0.13662145885357005
0.13612992053384068
0.13564019789930432
0.13515229244942328
0.13466620552243347
0.13418193829722916
0.13369949179525936
0.13321886688243215
0.13274006427102858
0.13226308452162489
0.13178792804501982
0.13131459510416993
0.13084308581612908
0.13037340015399246
0.1299055379488447
0.12943949889170991
0.12897528253550403
0.12851288829698948
0.12805231545872836
0.12759356317103737
0.12713663045394097
0.12668151619912227
0.1262282191718734
0.125776738013041
0.12532707124097003
0.12487921725344173
0.12443317432960764
0.12398894063191862
0.12354651420804713
0.12310589299280339
0.12266707481004432
0.12223005737457568
0.12179483829404456
0.12136141507082585
0.12092978510389643
0.12049994569070276
0.12007189402901755
0.11964562721878506
0.11922114226395741
0.11879843607431877
0.11837750546729794
0.11795834716976927
0.11754095781984171
0.11712533396863467
0.11671147208204147
0.11629936854247894
0.11588901965062483
0.11548042162713965
0.11507357061437629
0.11466846267807376
0.11426509380903775
0.1138634599248052
0.1134635568712953
0.11306538042444383
0.11266892629182333
0.1122741901142471
0.1118811674673575
0.11148985386319883
0.11110024475177345
0.110712335522583
0.11032612150615165
0.10994159797553466
0.10955876014780924
0.10917760318554903
0.10879812219828332
0.10842031224393704
0.10804416833025607
0.10766968541621498
0.10729685841340714
0.10692568218741967
0.10655615155918927
0.10618826130634242
0.10582200616451895
0.10545738082867678
0.1050943799543815
0.10473299815907823
0.10437323002334585
0.10401507009213565
0.10365851287599147
0.10330355285225454
0.10295018446624972
0.1025984021324562
0.10224820023566131
0.10189957313209652
0.10155251515055821
0.101207020593511
0.10086308373817428
0.10052069883759354
0.10017986012169353
0.09984056179831702
0.09950279805424583
0.0991665630562065
0.09883185095185999
0.09849865587077503
0.0981669719253857
0.09783679321193423
0.09750811381139696
0.09718092779039511
0.0968552292020907
0.09653101208706724
0.09620827047419411
0.09588699838147752
0.0955671898168957
0.09524883877921902
0.09493193925881663
0.09461648523844715
0.09430247069403644
0.09398988959544007
0.09367873590719228
0.0933690035892405
0.09306068659766638
0.09275377888539361
0.09244827440288086
0.09214416709880281
0.09184145092071683
0.09154011981571755
0.09124016773107696
0.09094158861487353
0.09064437641660716
0.0903485250878029
0.09005402858260057
0.08976088085833407
0.08946907587609693
0.08917860760129756
0.08888947000420067
0.0886016570604591
0.08831516275163308
0.0880299810656977
0.08774610599754067
0.08746353154944718
0.08718225173157547
0.08690226056242038
0.08662355206926721
0.08634612028863446
0.08606995926670667
0.08579506305975673
0.08552142573455812
0.08524904136878769
0.08497790405141833
0.08470800788310179
0.0844393469765425
0.08417191545686178
0.08390570746195314
0.0836407171428275
0.08337693866395121
0.0831143662035733
0.082852993954046
0.08259281612213504
0.08233382692932256
0.08207602061210159
0.08181939142226197
0.08156393362716902
0.08130964151003348
0.08105650937017428
0.08080453152327369
0.08055370230162437
0.08030401605436953
0.08005546714773647
0.07980804996526136
0.07956175890800844
0.07931658839478171
0.07907253286232999
0.07882958676554527
0.07858774457765455
0.07834700079040516
0.07810734991424415
0.07786878647849069
0.07763130503150326
0.07739490014084019
0.07715956639341501
0.07692529839564488
0.07669209077359503
0.07645993817311572
0.07622883525997558
0.07599877671998805
0.07576975725913372
0.07554177160367677
0.07531481450027687
0.07508888071609553
0.07486396503889846
0.07464006227715185
0.07441716726011548
0.07419527483793024
0.07397437988170127
0.07375447728357704
0.0735355619568239
0.0733176288358961
0.07310067287650233
0.0728846890556681
0.07266967237179299
0.07245561784470564
0.07224252051571384
0.07203037544765131
0.07181917772492075
0.0716089224535332
0.07139960476114382
0.07119121979708488
0.07098376273239429
0.0707772287598417
0.07057161309395125
0.07036691097102102
0.07016311764913923
0.06996022840819803
0.06975823854990348
0.06955714339778359
0.0693569382971927
0.06915761861531403
0.06895917974115859
0.06876161708556223
0.06856492608117956
0.06836910218247569
0.0681741408657157
0.0679800376289515
0.06778678799200585
0.06759438749645527
0.06740283170560975
0.06721211620449086
0.06702223659980748
0.06683318851992927
0.06664496761485877
0.06645756955620125
0.06627099003713217
0.06608522477236374
0.06590026949810851
0.0657161199720427
0.0655327719732662
0.06535022130226202
0.0651684637808539
0.06498749525216171
0.06480731158055658
0.06462790865161303
0.06444928237206099
0.06427142866973545
0.06409434349352515
0.06391802281332018
0.06374246261995767
0.06356765892516697
0.06339360776151248
0.06322030518233702
0.0630477472617024
0.06287593009432976
0.06270484979553853
0.06253450250118456
0.062364884367597136
0.062195991571514786
0.06202782031002084
0.06186036680047706
0.06169362728045735
0.06152759800768007
0.06136227525993938
0.061197655335036606
0.061033734550709914
0.060870509244563775
0.060707975773997544
0.06054613051613343
0.0603849698677436
0.060224490245177224
0.06006468808428597
0.059905559840349995
0.059747101988002344
0.05958931102115357
0.05943218345291583
0.059275715815525556
0.05911990466026697
0.058964746557394365
0.05881023809605366
0.05865637588420484
0.05850315654854246
0.058350576734416924
0.05819863310575467
0.05804732234497864
0.057896641152927995
0.057746586248777834
0.05759715436995837
0.057448342272073974
0.05730014672882209
0.057152564531911934
0.05700559249098247
0.05685922743352132
0.05671346620478186
0.0565683056677019
0.056423742702821036
0.056279774208198366
0.05613639709932962
0.055993608309065135
0.05585140478752665
0.055709783502024685
0.05556874143697574
0.0554282755938191
0.05528838299093426
0.05514906066355783
0.055010305663700534
0.05487211506006401
0.0547344859379581
0.054597415399217704
0.05446090056212003
0.05432493856130148
0.05418952654767495
0.05405466168834684
0.05392034116653461
0.05378656218148374
0.05365332194838564
0.05352061769829474
0.053388446678046236
0.053256806150174106
0.05312569339282844
0.052995105699694005
0.052865040379907934
0.05273549475797818
0.052606466173701724
0.05247795198208362
0.05234994955325516
0.0522224562723929
0.05209546953963807
0.051968986770015484
0.05184300539335318
0.05171752285420181
0.051592536611754766
0.05146804413976806
0.051344042926480524
0.05122053047453454
0.05109750430089641
0.05097496193677735
0.05085290092755489
0.05073131883269387
0.05061021322566837
0.05048958169388344
0.050369421838597106
0.05024973127484297
0.050130507631352614
0.05001174855047867
0.04989345168811777
