0.484420268395851
0.5239490723072907
0.5229679673765133
0.5220953132230352
0.5214587247937291
0.5209952268377194
0.5206576493887719
0.5204114169765053
0.5202313125822516
0.5200990102332987
0.5200012264370641
0.5199283509059357
0.519873440409498
0.5198314836649041
0.519798866445575
0.519772983520528
0.5197519577177316
0.5197344368545884
0.5197194471190155
0.5197062872964993
0.5196944525108547
0.5196835792686767
0.5196734058697443
0.5196637438944115
0.5196544576728246
0.5196454495038385
0.5196366490147121
0.5196280055023165
0.5196194824208183
0.5196110534144834
0.519602699462614
0.5195944068248992
0.519586165562797
0.5195779684754409
0.5195698103338371
0.5195616873297042
0.5195535966787592
0.5195455363351386
0.5195375047857854
0.5195295009023833
0.5195215238346961
0.5195135729337137
0.5195056476962456
0.5194977477249574
0.5194898726995248
0.5194820223557964
0.5194741964707256
0.5194663948514586
0.5194586173274252
0.5194508637445892
0.5194431339612651
0.5194354278450635
0.5194277452706534
0.5194200861181202
0.5194124502717505
0.5194048376191343
0.5193972480504929
0.5193896814581757
0.5193821377362795
0.519374616780359
0.5193671184872037
0.5193596427546652
0.5193521894815227
0.5193447585673765
0.5193373499125622
0.5193299634180827
0.5193225989855533
0.5193152565171548
0.5193079359155962
0.519300637084084
0.519293359926294
0.5192861043463504
0.5192788702488066
0.5192716575386279
0.5192644661211779
0.519257295902207
0.5192501467878401
0.5192430186845689
0.5192359114992426
0.5192288251390619
0.5192217595115705
0.5192147145246513
0.5192076900865206
0.5192006861057232
0.5191937024911284
0.5191867391519259
0.5191797959976234
0.5191728729380414
0.5191659698833118
0.5191590867438747
0.5191522234304755
0.519145379854163
0.5191385559262861
0.519131751558493
0.5191249666627278
0.5191182011512293
0.5191114549365287
0.5191047279314479
0.5190980200490973
0.5190913312028749
0.5190846613064638
0.5190780102738303
0.5190713780192237
0.5190647644571725
0.519058169502485
0.5190515930702466
0.5190450350758179
0.5190384954348343
0.5190319740632034
0.5190254708771044
0.5190189857929859
0.5190125187275652
0.5190060695978257
0.518999638321017
0.5189932248146522
0.5189868289965068
0.518980450784618
0.5189740900972818
0.5189677468530534
0.5189614209707443
0.5189551123694222
0.5189488209684081
0.5189425466872767
0.5189362894458535
0.5189300491642145
0.5189238257626843
0.5189176191618348
0.5189114292824842
0.5189052560456953
0.5188990993727742
0.5188929591852693
0.51888683540497
0.5188807279539045
0.5188746367543398
0.5188685617287795
0.5188625027999629
0.5188564598908638
0.5188504329246884
0.5188444218248749
0.5188384265150926
0.5188324469192395
0.5188264829614412
0.5188205345660508
0.518814601657646
0.5188086841610295
0.5188027820012264
0.5187968951034838
0.5187910233932691
0.5187851667962693
0.5187793252383892
0.5187734986457503
0.5187676869446902
0.5187618900617605
0.5187561079237262
0.5187503404575642
0.5187445875904625
0.5187388492498185
0.5187331253632382
0.5187274158585349
0.5187217206637278
0.5187160397070414
0.5187103729169037
0.5187047202219455
0.5186990815509989
0.518693456833097
0.5186878459974708
0.5186822489735505
0.5186766656909629
0.5186710960795304
0.5186655400692703
0.5186599975903932
0.5186544685733021
0.5186489529485916
0.5186434506470463
0.5186379615996399
0.5186324857375344
0.5186270229920782
0.5186215732948058
0.5186161365774365
0.5186107127718731
0.5186053018102013
0.5185999036246876
0.5185945181477795
0.5185891453121038
0.5185837850504657
0.5185784372958472
0.518573101981407
0.518567779040479
0.5185624684065706
0.5185571700133631
0.5185518837947088
0.5185466096846322
0.5185413476173271
0.518536097527156
0.5185308593486503
0.5185256330165073
0.5185204184655908
0.5185152156309297
0.5185100244477163
0.5185048448513061
0.5184996767772163
0.5184945201611255
0.5184893749388718
0.5184842410464527
0.518479118420023
0.5184740069958954
0.5184689067105378
0.5184638175005739
0.5184587393027811
0.5184536720540899
0.5184486156915835
0.5184435701524959
0.5184385353742115
0.5184335112942643
0.5184284978503362
0.5184234949802573
0.5184185026220038
0.5184135207136977
0.5184085491936052
0.5184035880001374
0.5183986370718472
0.5183936963474298
0.5183887657657219
0.5183838452656993
0.5183789347864781
0.5183740342673123
0.5183691436475935
0.5183642628668489
0.5183593918647431
0.5183545305810742
0.5183496789557743
0.5183448369289092
0.5183400044406756
0.5183351814314029
0.5183303678415502
0.5183255636117057
0.5183207686825871
0.5183159829950397
0.518311206490035
0.5183064391086719
0.5183016807921732
0.5182969314818875
0.5182921911192856
0.518287459645962
0.5182827370036327
0.5182780231341348
0.5182733179794261
0.5182686214815828
0.5182639335828005
0.5182592542253923
0.5182545833517884
0.518249920904535
0.5182452668262938
0.5182406210598405
0.5182359835480652
0.5182313542339705
0.5182267330606714
0.5182221199713939
0.5182175149094748
0.5182129178183602
0.5182083286416059
0.5182037473228754
0.5181991738059395
0.5181946080346758
0.5181900499530676
0.5181854995052038
0.5181809566352767
0.518176421287583
0.5181718934065215
0.5181673729365932
0.5181628598224011
0.5181583540086473
0.5181538554401348
0.5181493640617651
0.5181448798185382
0.5181404026555512
0.5181359325179986
0.5181314693511703
0.5181270131004518
0.5181225637113231
0.5181181211293584
0.5181136853002243
0.5181092561696801
0.518104833683577
0.5181004177878569
0.518096008428552
0.5180916055517836
0.5180872091037627
0.5180828190307877
0.5180784352792441
0.518074057795605
0.5180696865264286
0.5180653214183589
0.5180609624181244
0.5180566094725372
0.5180522625284929
0.5180479215329691
0.5180435864330261
0.5180392571758043
0.5180349337085253
0.51803061597849
0.5180263039330789
0.5180219975197502
0.5180176966860403
0.5180134013795624
0.5180091115480064
0.518004827139138
0.5180005481007972
0.5179962743808992
0.5179920059274328
0.5179877426884593
0.5179834846121132
0.5179792316466001
0.5179749837401972
0.5179707408412519
0.5179665028981817
0.5179622698594728
0.5179580416736804
0.517953818289427
0.5179495996554032
0.5179453857203654
0.5179411764331366
0.5179369717426046
0.5179327715977221
0.5179285759475063
0.5179243847410372
0.5179201979274579
0.5179160154559739
0.517911837275852
0.5179076633364202
0.5179034935870667
0.5178993279772393
0.5178951664564448
0.5178910089742494
0.5178868554802762
0.5178827059242064
0.5178785602557767
0.5178744184247812
0.5178702803810685
0.5178661460745428
0.5178620154551619
0.5178578884729377
0.5178537650779351
0.5178496452202714
0.517845528850116
0.5178414159176894
0.5178373063732628
0.5178332001671573
0.5178290972497444
0.5178249975714436
0.517820901082723
0.5178168077340988
0.5178127174761343
0.5178086302594392
0.5178045460346699
0.5178004647525271
0.5177963863637576
0.5177923108191517
0.517788238069544
0.5177841680658122
0.517780100758876
0.5177760360996985
0.5177719740392829
0.5177679145286741
0.5177638575189573
0.5177598029612572
0.5177557508067383
0.5177517010066028
0.5177476535120925
0.5177436082744857
0.5177395652450979
0.5177355243752813
0.5177314856164239
0.5177274489199494
0.5177234142373157
0.5177193815200155
0.5177153507195752
0.5177113217875541
0.5177072946755445
0.5177032693351707
0.5176992457180885
0.5176952237759848
0.5176912034605767
0.517687184723612
0.517683167516867
0.517679151792148
0.5176751375012882
0.5176711245961498
0.5176671130286223
0.5176631027506211
0.5176590937140885
0.5176550858709924
0.5176510791733254
0.5176470735731059
0.5176430690223751
0.5176390654731988
0.5176350628776651
0.5176310611878856
0.5176270603559929
0.5176230603341418
0.5176190610745081
0.5176150625292876
0.5176110646506967
0.5176070673909706
0.5176030707023642
0.5175990745371499
0.5175950788476189
0.5175910835860793
0.5175870887048565
0.5175830941562913
0.5175790998927418
0.5175751058665803
0.5175711120301945
0.5175671183359861
0.5175631247363712
0.5175591311837787
0.5175551376306505
0.5175511440294409
0.5175471503326161
0.5175431564926531
0.5175391624620406
0.5175351681932767
0.5175311736388699
0.517527178751338
0.5175231834832074
0.5175191877870129
0.5175151916152967
0.5175111949206094
0.5175071976555075
0.5175031997725539
0.5174992012243179
0.5174952019633735
0.5174912019422998
0.5174872011136806
0.517483199430103
0.5174791968441579
0.5174751933084388
0.5174711887755418
0.5174671831980644
0.5174631765286066
0.5174591687197678
0.5174551597241492
0.5174511494943513
0.517447137982974
0.5174431251426163
0.517439110925876
0.5174350952853481
0.517431078173626
0.5174270595432993
0.5174230393469545
0.5174190175371745
0.5174149940665372
0.5174109688876158
0.5174069419529782
0.517402913215186
0.517398882626795
0.5173948501403538
0.5173908157084037
0.5173867792834782
0.5173827408181021
0.5173787002647923
0.5173746575760556
0.5173706127043897
0.5173665656022811
0.5173625162222066
0.5173584645166315
0.5173544104380092
0.5173503539387808
0.5173462949713753
0.5173422334882082
0.5173381694416814
0.5173341027841829
0.5173300334680859
0.5173259614457488
0.5173218866695145
0.5173178090917095
0.5173137286646441
0.5173096453406117
0.517305559071888
0.5173014698107312
0.5172973775093807
0.5172932821200571
0.5172891835949618
0.5172850818862761
0.5172809769461615
0.5172768687267576
0.5172727571801843
0.5172686422585383
0.5172645239138949
0.5172604020983061
0.5172562767638015
0.5172521478623862
0.5172480153460417
0.5172438791667244
0.5172397392763661
0.5172355956268724
0.5172314481701233
0.517227296857972
0.5172231416422449
0.5172189824747404
0.5172148193072293
0.5172106520914541
0.5172064807791277
0.5172023053219337
0.5171981256715263
0.5171939417795287
0.5171897535975336
0.5171855610771019
0.5171813641697628
0.5171771628270136
0.517172957000318
0.5171687466411068
0.5171645317007771
0.5171603121306914
0.5171560878821776
0.5171518589065283
0.5171476251550001
0.517143386578814
0.5171391431291539
0.5171348947571661
0.51713064141396
0.5171263830506061
0.5171221196181367
0.5171178510675447
0.5171135773497832
0.5171092984157657
0.5171050142163645
0.5171007247024111
0.5170964298246953
0.5170921295339643
0.5170878237809238
0.5170835125162353
0.5170791956905173
0.5170748732543443
0.5170705451582457
0.5170662113527063
0.5170618717881648
0.5170575264150146
0.517053175183602
0.5170488180442261
0.5170444549471389
0.5170400858425439
0.5170357106805966
0.5170313294114026
0.5170269419850188
0.5170225483514513
0.5170181484606563
0.5170137422625382
0.5170093297069503
0.517004910743694
0.5170004853225174
0.5169960533931163
0.5169916149051322
0.5169871698081528
0.5169827180517115
0.5169782595852856
0.5169737943582977
0.5169693223201139
0.5169648434200438
0.5169603576073395
0.5169558648311953
0.5169513650407478
0.5169468581850747
0.5169423442131938
0.5169378230740642
0.516933294716584
0.5169287590895907
0.5169242161418601
0.5169196658221069
0.5169151080789831
0.5169105428610772
0.516905970116915
0.5169013897949584
0.5168968018436042
0.5168922062111846
0.5168876028459661
0.5168829916961497
0.5168783727098689
0.5168737458351906
0.5168691110201138
0.5168644682125697
0.5168598173604202
0.5168551584114587
0.5168504913134075
0.5168458160139202
0.5168411324605781
0.5168364406008918
0.5168317403822997
0.5168270317521679
0.5168223146577888
0.516817589046382
0.5168128548650925
0.5168081120609905
0.5168033605810712
0.5167986003722539
0.5167938313813814
0.5167890535552196
0.516784266840457
0.5167794711837042
0.5167746665314927
0.5167698528302754
0.5167650300264253
0.516760198066235
0.516755356895916
0.5167505064615991
0.5167456467093328
0.5167407775850824
0.5167358990347312
0.5167310110040778
0.5167261134388373
0.5167212062846395
0.516716289487029
0.5167113629914639
0.5167064267433166
0.5167014806878716
0.5166965247703261
0.5166915589357889
0.5166865831292793
0.516681597295728
0.5166766013799752
0.5166715953267702
0.5166665790807714
0.5166615525865452
0.5166565157885654
0.5166514686312131
0.5166464110587752
0.5166413430154448
0.5166362644453198
0.5166311752924032
0.5166260755006014
0.5166209650137239
0.5166158437754838
0.5166107117294952
0.5166055688192748
0.5166004149882393
0.5165952501797062
0.516590074336892
0.516584887402913
0.5165796893207835
0.5165744800334151
0.5165692594836176
0.5165640276140965
0.5165587843674533
0.5165535296861847
0.5165482635126826
0.5165429857892323
0.5165376964580122
0.516532395461094
0.5165270827404413
0.5165217582379089
0.5165164218952425
0.5165110736540782
0.5165057134559409
0.5165003412422446
0.516494956954292
0.5164895605332727
0.516484151920263
0.5164787310562255
0.5164732978820092
0.5164678523383468
0.5164623943658554
0.5164569239050362
0.5164514408962725
0.5164459452798303
0.5164404369958572
0.5164349159843806
0.5164293821853094
0.5164238355384312
0.5164182759834118
0.5164127034597965
0.5164071179070068
0.5164015192643413
0.5163959074709745
0.5163902824659564
0.5163846441882112
0.5163789925765374
0.5163733275696067
0.5163676491059627
0.5163619571240213
0.5163562515620691
0.5163505323582634
0.516344799450631
0.5163390527770676
0.5163332922753365
0.5163275178830697
0.5163217295377647
0.5163159271767855
0.5163101107373613
0.516304280156586
0.5162984353714171
0.516292576318675
0.5162867029350426
0.5162808151570644
0.5162749129211456
0.5162689961635514
0.5162630648204061
0.5162571188276932
0.5162511581212532
0.5162451826367842
0.5162391923098403
0.5162331870758307
0.5162271668700199
0.5162211316275263
0.5162150812833208
0.5162090157722277
0.5162029350289218
0.5161968389879292
0.5161907275836264
0.5161846007502382
0.5161784584218387
0.5161723005323493
0.5161661270155378
0.5161599378050186
0.5161537328342511
0.5161475120365393
0.5161412753450303
0.516135022692714
0.5161287540124232
0.5161224692368304
0.5161161682984493
0.516109851129633
0.516103517662573
0.5160971678292987
0.5160908015616765
0.5160844187914088
0.5160780194500332
0.5160716034689217
0.5160651707792805
0.5160587213121473
0.5160522549983931
0.5160457717687186
0.5160392715536551
0.5160327542835638
0.5160262198886328
0.5160196682988791
0.5160130994441459
0.5160065132541015
0.5159999096582399
0.5159932885858785
0.5159866499661583
0.5159799937280416
0.515973319800313
0.5159666281115767
0.5159599185902564
0.5159531911645947
0.5159464457626518
0.5159396823123041
0.5159329007412443
0.5159261009769796
0.5159192829468311
0.5159124465779334
0.5159055917972326
0.5158987185314858
0.5158918267072609
0.5158849162509344
0.515877987088691
0.5158710391465233
0.5158640723502295
0.5158570866254137
0.5158500818974842
0.5158430580916523
0.5158360151329326
0.5158289529461404
0.5158218714558914
0.5158147705866015
0.5158076502624848
0.515800510407552
0.5157933509456117
0.515786171800267
0.5157789728949155
0.5157717541527487
0.51576451549675
0.5157572568496945
0.5157499781341478
0.5157426792724644
0.5157353601867873
0.5157280207990468
0.5157206610309594
0.5157132808040266
0.5157058800395342
0.5156984586585508
0.5156910165819271
0.5156835537302946
0.5156760700240649
0.515668565383428
0.5156610397283516
0.5156534929785805
0.515645925053634
0.5156383358728069
0.5156307253551662
0.515623093419552
0.5156154399845749
0.5156077649686159
0.5156000682898243
0.515592349866117
0.5155846096151786
0.5155768474544579
0.5155690633011683
0.5155612570722868
0.5155534286845522
0.5155455780544638
0.515537705098281
0.5155298097320213
0.5155218918714601
0.5155139514321286
0.5155059883293129
0.5154980024780534
0.5154899937931423
0.5154819621891242
0.515473907580293
0.5154658298806923
0.5154577290041131
0.5154496048640933
0.5154414573739157
0.5154332864466074
0.5154250919949388
0.5154168739314213
0.5154086321683072
0.5154003666175877
0.5153920771909921
0.5153837637999861
0.5153754263557708
0.5153670647692818
0.5153586789511871
0.5153502688118863
0.5153418342615093
0.5153333752099148
0.5153248915666895
0.5153163832411464
0.5153078501423229
0.515299292178981
0.5152907092596044
0.5152821012923982
0.5152734681852871
0.5152648098459143
0.5152561261816396
0.5152474170995393
0.5152386825064033
0.5152299223087343
0.5152211364127475
0.5152123247243672
0.5152034871492273
0.5151946235926688
0.5151857339597384
0.5151768181551881
0.5151678760834725
0.5151589076487483
0.5151499127548723
0.5151408913054005
0.5151318432035863
0.5151227683523788
0.5151136666544223
0.5151045380120537
0.5150953823273021
0.515086199501886
0.5150769894372136
0.5150677520343793
0.5150584871941644
0.5150491948170334
0.5150398748031343
0.5150305270522957
0.5150211514640264
0.5150117479375133
0.5150023163716199
0.5149928566648846
0.5149833687155201
0.5149738524214099
0.5149643076801091
0.5149547343888414
0.5149451324444976
0.5149355017436341
0.5149258421824718
0.5149161536568941
0.5149064360624452
0.514896689294329
0.5148869132474065
0.5148771078161951
0.5148672728948669
0.5148574083772465
0.5148475141568094
0.5148375901266815
0.5148276361796358
0.5148176522080915
0.5148076381041127
0.514797593759406
0.5147875190653192
0.5147774139128394
0.5147672781925913
0.514757111794836
0.5147469146094688
0.5147366865260166
0.5147264274336381
0.5147161372211209
0.5147058157768791
0.5146954629889534
0.5146850787450072
0.5146746629323263
0.5146642154378164
0.5146537361480021
0.5146432249490236
0.5146326817266365
0.5146221063662091
0.5146114987527206
0.5146008587707593
0.5145901863045215
0.5145794812378078
0.5145687434540235
0.5145579728361753
0.5145471692668693
0.5145363326283103
0.5145254628022982
0.5145145596702276
0.5145036231130855
0.5144926530114488
0.5144816492454826
0.5144706116949385
0.5144595402391525
0.5144484347570434
0.5144372951271099
0.5144261212274294
0.5144149129356556
0.5144036701290169
0.5143923926843141
0.5143810804779184
0.5143697333857692
0.5143583512833724
0.514346934045798
0.5143354815476785
0.5143239936632064
0.5143124702661322
0.5143009112297621
0.5142893164269569
0.5142776857301281
0.5142660190112377
0.5142543161417948
0.5142425769928539
0.5142308014350125
0.5142189893384093
0.5142071405727215
0.5141952550071636
0.5141833325104839
0.5141713729509633
0.5141593761964125
0.5141473421141702
0.5141352705711005
0.514123161433591
0.5141110145675499
0.5140988298384046
0.514086607111099
0.5140743462500907
0.5140620471193501
0.5140497095823562
0.5140373335020956
0.5140249187410602
0.5140124651612439
0.5139999726241413
0.5139874409907446
0.5139748701215414
0.5139622598765121
0.5139496101151284
0.5139369206963498
0.5139241914786221
0.5139114223198736
0.5138986130775145
0.5138857636084324
0.5138728737689919
0.5138599434150308
0.5138469724018575
0.5138339605842492
0.5138209078164492
0.5138078139521639
0.5137946788445611
0.5137815023462663
0.5137682843093611
0.5137550245853802
0.5137417230253095
0.5137283794795816
0.5137149937980756
0.5137015658301128
0.5136880954244547
0.5136745824293001
0.5136610266922829
0.5136474280604687
0.5136337863803526
0.5136201014978564
0.5136063732583259
0.513592601506528
0.5135787860866482
0.5135649268422875
0.51355102361646
0.51353707625159
0.5135230845895087
0.5135090484714525
0.5134949677380594
0.5134808422293655
0.5134666717848039
0.5134524562432004
0.5134381954427707
0.5134238892211189
0.5134095374152323
0.5133951398614807
0.5133806963956121
0.5133662068527501
0.5133516710673913
0.5133370888734019
0.5133224601040148
0.5133077845918265
0.5132930621687942
0.5132782926662329
0.5132634759148125
0.5132486117445539
0.5132336999848267
0.513218740464346
0.5132037330111691
0.5131886774526924
0.5131735736156484
0.5131584213261027
0.5131432204094502
0.5131279706904124
0.5131126719930346
0.5130973241406815
0.5130819269560354
0.5130664802610919
0.513050983877157
0.513035437624844
0.5130198413240701
0.5130041947940525
0.5129884978533065
0.5129727503196406
0.5129569520101543
0.5129411027412343
0.5129252023285505
0.5129092505870543
0.5128932473309731
0.5128771923738085
0.512861085528332
0.5128449266065818
0.5128287154198595
0.5128124517787263
0.5127961354929998
0.5127797663717502
0.5127633442232966
0.5127468688552043
0.51273034007428
0.5127137576865697
0.5126971214973531
0.5126804313111424
0.5126636869316767
0.5126468881619192
0.5126300348040534
0.5126131266594796
0.5125961635288103
0.5125791452118683
0.5125620715076811
0.5125449422144778
0.512527757129686
0.5125105160499273
0.5124932187710135
0.5124758650879429
0.5124584547948963
0.5124409876852338
0.5124234635514906
0.5124058821853724
0.5123882433777521
0.5123705469186666
0.5123527925973113
0.5123349802020374
0.5123171095203473
0.512299180338891
0.5122811924434615
0.5122631456189917
0.5122450396495496
0.512226874318334
0.5122086494076716
0.5121903646990116
0.5121720199729225
0.5121536150090877
0.5121351495863009
0.5121166234824627
0.5120980364745755
0.5120793883387404
0.512060678850152
0.5120419077830951
0.5120230749109391
0.5120041800061348
0.5119852228402105
0.5119662031837662
0.5119471208064701
0.5119279754770547
0.511908766963312
0.5118894950320885
0.5118701594492818
0.5118507599798358
0.511831296387736
0.5118117684360053
0.5117921758866997
0.5117725185009034
0.5117527960387246
0.5117330082592905
0.5117131549207437
0.5116932357802364
0.5116732505939272
0.5116531991169748
0.5116330811035352
0.5116128963067554
0.5115926444787703
0.5115723253706966
0.5115519387326292
0.5115314843136355
0.5115109618617518
0.5114903711239778
0.5114697118462714
0.5114489837735454
0.511428186649661
0.5114073202174243
0.5113863842185806
0.5113653783938101
0.5113443024827228
0.5113231562238526
0.5113019393546553
0.5112806516114998
0.5112592927296662
0.5112378624433397
0.5112163604856048
0.5111947865884421
0.5111731404827217
0.5111514218981988
0.5111296305635091
0.5111077662061623
0.5110858285525386
0.5110638173278829
0.5110417322562995
0.5110195730607471
0.5109973394630335
0.5109750311838108
0.5109526479425706
0.5109301894576368
0.5109076554461628
0.5108850456241243
0.510862359706316
0.5108395974063445
0.5108167584366234
0.5107938425083691
0.5107708493315941
0.5107477786151022
0.5107246300664834
0.510701403392108
0.5106780982971214
0.510654714485439
0.5106312516597398
0.5106077095214624
0.5105840877707981
0.5105603861066867
0.5105366042268097
0.5105127418275857
0.5104887986041643
0.5104647742504216
0.510440668458953
0.510416480921069
0.510392211326789
0.5103678593648358
0.51034342472263
0.5103189070862839
0.5102943061405969
0.5102696215690488
0.5102448530537944
0.510220000275659
0.5101950629141299
0.5101700406473534
0.510144933152128
0.5101197401038986
0.510094461176751
0.5100690960434052
0.5100436443752113
0.5100181058421422
0.5099924801127889
0.5099667668543532
0.5099409657326436
0.509915076412068
0.5098890985556292
0.5098630318249178
0.5098368758801066
0.5098106303799455
0.5097842949817543
0.5097578693414182
0.5097313531133805
0.5097047459506381
0.509678047504734
0.5096512574257523
0.5096243753623128
0.509597400961563
0.5095703338691746
0.5095431737293357
0.5095159201847457
0.5094885728766086
0.5094611314446277
0.5094335955269995
0.5094059647604074
0.5093782387800155
0.5093504172194627
0.5093224997108573
0.50929448588477
0.5092663753702285
0.5092381677947109
0.5092098627841405
0.5091814599628787
0.5091529589537198
0.5091243593778845
0.5090956608550135
0.5090668630031625
0.5090379654387946
0.5090089677767766
0.5089798696303696
0.5089506706112259
0.5089213703293815
0.5088919683932501
0.5088624644096176
0.5088328579836352
0.5088031487188142
0.5087733362170193
0.5087434200784627
0.5087133999016983
0.5086832752836158
0.5086530458194333
0.5086227111026932
0.5085922707252548
0.5085617242772889
0.5085310713472712
0.508500311521977
0.5084694443864751
0.5084384695241209
0.5084073865165515
0.5083761949436791
0.5083448943836854
0.5083134844130152
0.508281964606371
0.5082503345367064
0.508218593775221
0.5081867418913539
0.5081547784527778
0.5081227030253933
0.508090515173323
0.5080582144589061
0.5080258004426917
0.5079932726834336
0.5079606307380842
0.507927874161789
0.5078950025078808
0.5078620153278738
0.5078289121714579
0.5077956925864936
0.5077623561190051
0.507728902313176
0.5076953307113428
0.5076616408539896
0.5076278322797426
0.5075939045253647
0.5075598571257496
0.5075256896139165
0.5074914015210051
0.5074569923762691
0.5074224617070716
0.5073878090388806
0.5073530338952614
0.5073181357978738
0.5072831142664647
0.5072479688188646
0.5072126989709814
0.5071773042367957
0.5071417841283556
0.5071061381557717
0.5070703658272119
0.5070344666488964
0.5069984401250937
0.5069622857581138
0.5069260030483056
0.5068895914940504
0.506853050591758
0.506816379835862
0.5067795787188147
0.5067426467310829
0.5067055833611432
0.5066683880954778
0.5066310604185693
0.5065935998128973
0.5065560057589339
0.5065182777351386
0.506480415217955
0.5064424176818062
0.5064042845990913
0.5063660154401806
0.5063276096734122
0.5062890667650876
0.506250386179469
0.506211567378774
0.5061726098231734
0.5061335129707862
0.5060942762776774
0.5060548991978537
0.5060153811832604
0.5059757216837778
0.5059359201472184
0.5058959760193236
0.5058558887437606
0.5058156577621192
0.5057752825139092
0.5057347624365578
0.5056940969654059
0.5056532855337064
0.5056123275726216
0.50557122251122
0.5055299697764748
0.5054885687932609
0.5054470189843532
0.5054053197704246
0.5053634705700427
0.5053214707996705
0.5052793198736618
0.5052370172042613
0.5051945622016027
0.5051519542737066
0.5051091928264795
0.5050662772637129
0.5050232069870817
0.5049799813961432
0.5049365998883366
0.5048930618589812
0.5048493667012772
0.5048055138063037
0.5047615025630187
0.5047173323582594
0.5046730025767415
0.5046285126010587
0.5045838618116832
0.5045390495869664
0.5044940753031375
0.5044489383343064
0.504403638052462
0.5043581738274743
0.5043125450270943
0.5042667510169562
0.5042207911605769
0.5041746648193589
0.5041283713525905
0.5040819101174479
0.5040352804689967
0.5039884817601941
0.5039415133418903
0.5038943745628314
0.503847064769661
0.5037995833069229
0.503751929517064
0.5037041027404368
0.5036561023153021
0.5036079275778329
0.5035595778621169
0.5035110525001599
0.5034623508218903
0.5034134721551617
0.503364415825758
0.5033151811573962
0.5032657674717318
0.5032161740883632
0.5031664003248351
0.5031164454966452
0.503066308917248
0.5030159898980598
0.5029654877484647
0.5029148017758206
0.5028639312854631
0.5028128755807139
0.5027616339628846
0.502710205731285
0.5026585901832284
0.5026067866140382
0.5025547943170555
0.5025026125836466
0.5024502407032087
0.5023976779631786
0.5023449236490407
0.5022919770443336
0.5022388374306599
0.5021855040876929
0.5021319762931864
0.5020782533229825
0.5020243344510213
0.5019702189493502
0.5019159060881322
0.5018613951356565
0.5018066853583479
0.5017517760207777
0.5016966663856719
0.5016413557139243
0.5015858432646055
0.5015301282949741
0.5014742100604885
0.5014180878148173
0.5013617608098518
0.5013052282957176
0.501248489520786
0.5011915437316877
0.5011343901733238
0.5010770280888793
0.5010194567198367
0.5009616753059877
0.5009036830854481
0.5008454792946706
0.5007870631684596
0.500728433939984
0.5006695908407931
0.5006105331008304
0.5005512599484486
0.5004917706104248
0.500432064311976
0.500372140276774
0.5003119977269622
0.5002516358831716
0.5001910539645357
0.500130251188709
0.5000692267718827
0.5000079799288019
0.49994650987278255
0.49988481581572974
0.4998228969681551
0.49976075253919466
0.4996983817366269
0.4996357837668919
0.49957295783510924
0.4995099031450978
0.4994466188993941
0.4993831042992726
0.49931935854476417
0.49925538083467763
0.4991911703666186
0.49912672633700994
0.4990620479411131
0.49899713437304843
0.4989319848258165
0.4988665984913191
0.4988009745603809
0.49873511222277145
0.4986690106672268
0.4986026690814719
0.49853608665224347
0.49846926256531154
0.4984021960055036
0.4983348861567268
0.4982673322019919
0.49819953332343603
0.4981314887023474
0.4980631975191888
0.4979946589536214
0.4979258721845297
0.4978568363900462
0.4977875507475752
0.4977180144338194
0.49764822662480346
0.4975781864959006
0.4975078932218575
0.49743734597682004
0.49736654393436025
0.49729548626750103
0.49722417214874315
0.49715260075009216
0.49708077124308403
0.4970086827988135
0.49693633458795927
0.496863725780813
0.49679085554730473
0.49671772305703266
0.4966443274792884
0.49657066798308686
0.49649674373719266
0.4964225539101495
0.49634809767030674
0.4962733741858496
0.49619838262482646
0.4961231221551778
0.49604759194476533
0.4959717911613998
0.4958957189728712
0.49581937454697694
0.4957427570515517
0.49566586565449555
0.4955886995238049
0.49551125782760097
0.49543353973415893
0.4953555444119387
0.4952772710296137
0.4951987187561008
0.49511988676059004
0.4950407742125749
0.4949613802818817
0.49488170413869986
0.49480174495361146
0.4947215018976217
0.49464097414218894
0.49456016085925425
0.4944790612212718
0.49439767440123916
0.49431599957272643
0.49423403590990805
0.4941517825875906
0.49406923878124476
0.4939864036670343
0.4939032764218457
0.4938198562233197
0.49373614224987894
0.49365213368075955
0.49356782969604057
0.4934832294766724
0.49339833220450835
0.49331313706233243
0.49322764323389007
0.49314184990391635
0.49305575625816667
0.4929693614834444
0.4928826647676307
0.49279566529971325
0.49270836226981496
0.4926207548692231
0.4925328422904164
0.49244462372709497
0.49235609837420735
0.49226726542797955
0.4921781240859411
0.49208867354695474
0.49199891301124243
0.49190884168041304
0.49181845875748953
0.4917277634469355
0.4916367549546814
0.491545432488152
0.49145379525629185
0.4913618424695905
0.49126957334010957
0.49117698708150637
0.49108408290906125
0.4909908600396998
0.49089731769201955
0.49080345508631296
0.49070927144459214
0.49061476599061193
0.49051993794989385
0.4904247865497481
0.4903293110192979
0.49023351058949993
0.49013738449316807
0.4900409319649938
0.489944152241569
0.48984704456140515
0.4897496081649554
0.48965184229463393
0.4895537461948366
0.4894553191119597
0.48935656029441965
0.48925746899267153
0.48915804445922706
0.4890582859486727
0.48895819271768753
0.4888577640250603
0.4887569991317051
0.4886558973006786
0.48855445779719586
0.488452679888645
0.48835056284460265
0.4882481059368485
0.4881453084393784
0.4880421696284195
0.48793868878244206
0.48783486518217245
0.4877306981106054
0.48762618685301584
0.48752133069697
0.4874161289323362
0.48731058085129475
0.48720468574834824
0.4870984429203311
0.48699185166641723
0.48688491128812966
0.4867776210893477
0.4866699803763145
0.4865619884576436
0.48645364464432544
0.4863449482497338
0.48623589858963007
0.48612649498216925
0.4860167367479031
0.48590662320978495
0.4857961536931731
0.4856853275258329
0.4855741440379396
0.4854626025620806
0.4853507024332562
0.48523844298888086
0.485125823568783
0.48501284351520607
0.4848995021728072
0.48478579888865536
0.484671733012232
0.48455730389542656
0.48444251089253576
0.4843273533602596
0.484211830657699
0.4840959421463505
0.4839796871901024
0.4838630651552311
0.48374607541039427
0.4836287173266258
0.48351099027733
0.483392893638274
0.48327442678758215
0.4831555891057272
0.4830363799755239
0.4829167987821189
0.4827968449129843
0.48267651775790693
0.48255581670897985
0.48243474116059193
0.4823132905094184
0.48219146415441005
0.482069261496782
0.4819466819400031
0.4818237248897842
0.48170038975406626
0.4815766759430083
0.4814525828689748
0.481328109946523
0.48120325659239044
0.4810780222254809
0.4809524062668513
0.480826408139698
0.4807000272693428
0.48057326308321835
0.4804461150108542
0.48031858248386194
0.4801906649359208
0.48006236180276224
0.4799336725221549
0.47980459653389
0.47967513327976485
0.4795452822035685
0.47941504275106567
0.47928441436998104
0.47915339650998373
0.4790219886226712
0.4788901901615541
0.4787580005820399
0.4786254193414169
0.47849244589883916
0.47835907971530994
0.4782253202536668
0.4780911669785649
0.47795661935646183
0.4778216768556023
0.47768633894600265
0.4775506050994351
0.4774144747894133
0.47727794749117636
0.4771410226816752
0.47700369983955715
0.476865978445151
0.47672785798045464
0.4765893379291189
0.47645041777643504
0.47631109700932134
0.47617137511630986
0.4760312515875329
0.47589072591471154
0.47574979759114283
0.4756084661116883
0.47546673097276226
0.47532459167232094
0.4751820477098524
0.47503909858636517
0.4748957438043796
0.47475198286791853
0.4746078152824977
0.4744632405551183
0.474318258194259
0.4741728677098691
0.4740270686133607
0.4738808604176041
0.47373424263692143
0.47358721478708204
0.47343977638529827
0.47329192695022204
0.47314366600194063
0.47299499306197645
0.4728459076532839
0.47269640930024864
0.4725464975286882
0.47239617186585164
0.47224543184042156
0.47209427698251527
0.4719427068236887
0.47179072089693935
0.4716383187367108
0.47148549987889843
0.47133226386085436
0.4711786102213964
0.47102453850081405
0.4708700482408781
0.47071513898484996
0.470559810277492
0.4704040616650799
0.47024789269541384
0.47009130291783235
0.46993429188322683
0.469776859144056
0.4696190042543631
0.46946072676979234
0.4693020262476073
0.4691429022467108
0.46898335432766336
0.46882338205270657
0.46866298498578435
0.46850216269256595
0.46834091474047146
0.46817924069869615
0.46801714013823764
0.46785461263192357
0.46769165775444016
0.4675282750823618
0.4673644641941825
0.4672002246703476
0.46703555609328695
0.466870458047449
0.46670493011933667
0.4665389718975435
0.46637258297279127
0.4662057629379694
0.46603851138817387
0.4658708279207492
0.4657027121353302
0.46553416363388567
0.4653651820207625
0.4651957669027321
0.46502591788903624
0.4648556345914362
0.46468491662426087
0.4645137636044575
0.46434217515164344
0.46417015088815833
0.4639976904391181
0.46382479343246974
0.4636514594990475
0.4634776882726303
0.4633034793899996
0.4631288324909986
0.4629537472185948
0.46277822321893913
0.46260226014143047
0.4624258576387794
0.462249015367073
0.46207173298584125
0.46189401015812453
0.46171584655054165
0.4615372418333597
0.46135819568056435
0.46117870776993214
0.46099877778310205
0.4608184054056504
0.46063759032716495
0.46045633224132165
0.46027463084596
0.46009248584316226
0.45990989693933193
0.4597268638452737
0.459543386276274
0.4593594639521828
0.45917509659749733
0.45899028394144425
0.4588050257180659
0.45861932166630437
0.4584331715300892
0.45824657505842387
0.4580595320054742
0.4578720421306581
0.4576841051987339
0.45749572097989316
0.45730688924985013
0.4571176097899356
0.45692788238718907
0.4567377068344529
0.4565470829304668
0.45635601047996344
0.45616448929376363
0.45597251918887405
0.4557800999885836
0.4555872315225617
0.45539391362695725
0.45520014614449716
0.4550059289245863
0.4548112618234083
0.45461614470402534
0.45442057743648073
0.4542245598978997
0.4540280919725924
0.4538311735521562
0.4536338045355794
0.4534359848293442
0.45323771434753135
0.4530389930119231
0.45283982075211016
0.45264019750559414
0.4524401232178947
0.45223959784265383
0.4520386213417422
0.45183719368536507
0.4516353148521677
0.4514329848293425
0.45123020361273497
0.45102697120695046
0.4508232876254602
0.4506191528907084
0.4504145670342189
0.4502095300967013
0.45000404212815814
0.4497981031879918
0.44959171334510917
0.44938487267803034
0.44917758127499335
0.44896983923406014
0.44876164666322355
0.4485530036805117
0.4483439104140945
0.44813436700238707
0.4479243735941567
0.4477139303486255
0.44750303743557523
0.4472916950354508
0.44707990333946374
0.44686766254969473
0.4466549728791958
0.4464418345520921
0.44622824780368425
0.4460142128805471
0.4457997300406313
0.44558479955336194
0.4453694216997378
0.4451535967724293
0.4449373250758756
0.4447206069263816
0.4445034426522133
0.4442858325936935
0.44406777710329526
0.4438492765457358
0.44363033129806834
0.4434109417497746
0.44319110830285385
0.4429708313719135
0.44275011138425774
0.4425289487799743
0.44230734401202143
0.4420852975463129
0.4418628098618026
0.44163988145056665
0.44141651281788646
0.4411927044823285
0.44096845697582354
0.4407437708437457
0.44051864664498785
0.4402930849520387
0.4400670863510553
0.4398406514419365
0.43961378083839475
0.43938647516802487
0.4391587350723732
0.438930561207004
0.43870195424156544
0.4384729148598527
0.4382434437598706
0.4380135416538946
0.43778320926852865
0.43755244734476384
0.43732125663803334
0.43708963791826655
0.4368575919699418
0.4366251195921357
0.43639222159857305
0.43615889881767345
0.4359251520925961
0.4356909822812831
0.4354563902565014
0.43522137690588153
0.4349859431319558
0.4347500898521937
0.43451381799903555
0.4342771285199246
0.43404002237733624
0.4338025005488063
0.4335645640269562
0.43332621381951697
0.4330874509493506
0.4328482764544698
0.432608691388055
0.43236869681847
0.43212829382927465
0.4318874835192361
0.4316462670023379
0.4314046454077851
0.431162619880011
0.43092019157867706
0.43067736167867443
0.43043413137012065
0.43019050185835556
0.4299464743639342
0.4297020501226181
0.4294572303853632
0.42921201641830703
0.4289664095027515
0.42872041093514573
0.4284740220270645
0.42822724410518587
0.42798007851126535
0.42773252660210764
0.42748458974953824
0.427236269340369
0.42698756677636496
0.42673848347420573
0.4264890208654467
0.42623918039647707
0.4259889635284747
0.4257383717373606
0.42548740651374845
0.4252360693628936
0.4249843618046399
0.4247322853733619
0.42447984161790653
0.42422703210153256
0.4239738584018472
0.4237203221107384
0.42346642483430896
0.42321216819280394
0.4229575538205386
0.42270258336582267
0.42244725849088216
0.42219158087178005
0.4219355521983326
0.4216791741740258
0.4214224485159268
0.42116537695459544
0.4209079612339919
0.4206502031113821
0.4203921043572425
0.42013366675515995
0.4198748921017312
0.41961578220646034
0.41935633889165147
0.4190965639923031
0.4188364593559959
0.41857602684278283
0.41831526832507254
0.41805418568751423
0.41779278082687843
0.41753105565193593
0.4172690120833355
0.4170066520534776
0.4167439775063887
0.4164809903975909
0.4162176926939705
0.41595408637364606
0.41569017342583153
0.41542595585069986
0.4151614356592436
0.41489661487313345
0.41463149552457557
0.4143660796561661
0.41410036932074507
0.41383436658124684
0.4135680735105504
0.4133014921913266
0.41303462471588404
0.41276747318601403
0.41250003971283206
0.4122323264166199
0.4119643354266637
0.41169606888109234
0.41142752892671286
0.4111587177188454
0.41088963742115614
0.41062029020548824
0.41035067825169197
0.41008080374745354
0.409810668888122
0.40954027587653485
0.40926962692284247
0.4089987242443317
0.40872757006524657
0.4084561666166102
0.4081845161360428
0.4079126208675812
0.4076404830614947
0.4073681049741016
0.40709548886758407
0.4068226370098018
0.40654955167410456
0.40627623513914457
0.40600268968868736
0.4057289176114207
0.40545492120076554
0.40518070275468265
0.40490626457548096
0.40463160896962436
0.40435673824753726
0.40408165472341057
0.4038063607150056
0.4035308585434589
0.403255150533085
0.40297923901118055
0.4027031263078254
0.40242681475568554
0.402150306689814
0.40187360444745307
0.4015967103678336
0.4013196267919772
0.40104235606249455
0.4007649005233874
0.40048726251984623
0.4002094443980517
0.39993144850497253
0.3996532771881664
0.39937493279557723
0.3990964176753361
0.3988177341755599
0.3985388846441501
0.398259871428593
0.397980696875758
0.3977013633316984
0.3974218731414503
0.3971422286488329
0.3968624321962488
0.39658248612448355
0.39630239277250867
0.39602215447727984
0.39574177357354123
0.39546125239362495
0.39518059326725546
0.3948997985213514
0.394618870479829
0.3943378114634065
0.3940566237894079
0.39377530977156866
0.3934938717198412
0.3932123119402011
0.3929306327344548
0.3926488364000462
0.39236692522986716
0.39208490151206465
0.3918027675298522
0.3915205255613211
0.3912381778792511
0.3909557267509243
0.3906731744379383
0.39039052319602086
0.3901077752748457
0.3898249329178482
0.3895419983620449
0.38925897383784985
0.3889758615688961
0.3886926637718564
0.38840938265626324
0.38812602042433453
0.3878425792707962
0.38755906138270835
0.38727546893929143
0.3869918041117546
0.3867080690631238
0.3864242659480739
0.3861403969127586
0.3858564640946446
0.38557246962234515
0.3852884156154559
0.38500430418439224
0.38472013743022715
0.3844359174445311
0.38415164630921333
0.3838673260963641
0.383582958868099
0.3832985466764044
0.38301409156298405
0.38272959555910796
0.3824450606854611
0.38216048895199667
0.3818758823577869
0.3815912428908789
0.3813065725281498
0.38102187323516473
0.3807371469660349
0.380452395663279
0.3801676212576854
0.37988282566817466
0.37959801080166555
0.3793131785529423
0.37902833080452225
0.37874346942652587
0.3784585962765486
0.37817371319953413
0.3778888220276488
0.3776039245801579
0.3773190226633045
0.3770341180701879
0.37674921258064553
0.37646430796113556
0.37617940596462157
0.37589450833045773
0.37560961678427757
0.3753247330378824
0.3750398587891325
0.3747549957218394
0.3744701455056593
0.3741853097959907
0.37390049023386895
0.3736156884458675
0.3733309060439956
0.3730461446256029
0.37276140577328165
0.3724766910547717
0.3721920020228673
0.3719073402153256
0.37162270715477586
0.3713381043486307
0.37105353328900015
0.3707689954526035
0.37048449230068725
0.37020002527894097
0.3699155958174172
0.36963120533045085
0.36934685521658084
0.36906254685847373
0.3687782816228481
0.36849406086040004
0.3682098859057309
0.3679257580772768
0.3676416786772369
0.3673576489915068
0.3670736702896107
0.3667897438246346
0.36650587083316366
0.3662220525352175
0.3659382901341895
0.3656545848167846
0.36537093775296137
0.36508735009587345
0.36480382298181235
0.36452035753015166
0.3642369548432928
0.3639536160066118
0.36367034208840654
0.36338713413984564
0.36310399319491926
0.362820920270389
0.3625379163657409
0.36225498246313803
0.3619721195273754
0.3616893285058344
0.36140661032843924
0.36112396590761425
0.3608413961382416
0.3605589018976212
0.36027648404542867
0.3599941434236784
0.3597118808566836
0.359429697151019
0.3591475930954846
0.3588655694610686
0.35858362700091384
0.35830176645028117
0.35801998852651706
0.35773829392902057
0.35745668333920994
0.3571751574204912
0.356893716818227
0.3566123621597057
0.3563310940541116
0.35604991309249506
0.3557688198477437
0.3554878148745537
0.35520689870940086
0.35492607187051434
0.35464533485784866
0.35436468815305633
0.35408413221946183
0.35380366750203535
0.35352329442736635
0.3532430134036382
0.35296282482060276
0.3526827290495551
0.35240272644330806
0.35212281733616807
0.35184300204390967
0.35156328086375105
0.3512836540743298
0.35100412193567804
0.3507246846891984
0.35044534255763826
0.3501660957450663
0.34988694443684804
0.3496078887996205
0.34932892898126755
0.3490500651108943
0.3487712972988038
0.34849262563646966
0.3482140501965112
0.3479355710326685
0.3476571881797747
0.3473789016537306
0.34710071145147764
0.34682261755097016
0.3465446199111491
0.34626671847191254
0.3459889131540884
0.34571120385940446
0.3454335904704595
0.34515607285069316
0.34487865084435554
0.3446013242764753
0.3443240929528284
0.3440469566599052
0.3437699151648781
0.34349296821556563
0.34321611554040043
0.34293935684839144
0.3426626918290889
0.34238612015254644
0.34210964146928363
0.34183325541024717
0.3415569615867705
0.34128075959053294
0.34100464899351846
0.34072862934797243
0.3404527001863581
0.34017686102131084
0.33990111134559314
0.33962545063204697
0.339349878333545
0.33907439388294114
0.33879899669302094
0.33852368615644735
0.338248461645709
0.3379733225130654
0.33769826809049025
0.3374232976896142
0.33714841060166645
0.3368736060974141
0.33659888342710104
0.336324241820383
0.3360496804862657
0.3357751986130356
0.3355007953681937
0.3352264698983855
0.3349522213293302
0.33467804876574714
0.3344039512912817
0.3341299279684289
0.33385597783845533
0.3335820999213194
0.33330829321558897
0.3330345566983584
0.33276088932516346
0.33248729002989225
0.33221375772469797
0.33194029129990565
0.3316668896239203
0.33139355154313044
0.3311202758818111
0.330847061442024
0.3305739070035162
0.3303008113236154
0.3300277731371245
0.32975479115621337
0.3294818640703074
0.32920899054597524
0.32893616922681373
0.3286633987333298
0.3283906776628205
0.3281180045892512
0.3278453780631304
0.32757279661138194
0.3273002587372163
0.32702776291999724
0.3267553076151075
0.32648289125381036
0.3262105122431114
0.32593816896561334
0.325665859779372
0.3253935830177483
0.32512133698925616
0.32484911997740934
0.3245769302405653
0.324304766011765
0.3240326254985717
0.32376050688290436
0.3234884083208708
0.32321632794259647
0.3229442638520494
0.32267221412686437
0.32240017681816246
0.32212814995036787
0.32185613152102094
0.32158411950059
0.32131211183227804
0.3210401064318271
0.32076810118731935
0.3204960939589751
0.32022408257894713
0.3199520648511117
0.3196800385508568
0.31940800142486725
0.31913595119090477
0.3188638855375865
0.3185918021241596
0.31831969858027165
0.3180475725057386
0.3177754214703085
0.3175032430134219
0.3172310346439692
0.31695879384004383
0.3166865180486921
0.3164142046856588
0.3161418511351313
0.31586945474947736
0.31559701284897984
0.3153245227215702
0.3150519816225554
0.3147793867743416
0.31450673536615553
0.3142340245537615
0.31396125145917353
0.3136884131703653
0.31341550674097596
0.313142529190011
0.312869477501541
0.31259634862439545
0.31232313947185375
0.31204984692133086
0.3117764678140608
0.31150299895477557
0.3112294371113802
0.3109557790146244
0.3106820213577702
0.31040816079625505
0.31013419394735287
0.3098601173898299
0.309585927663597
0.3093116212693591
0.30903719466825946
0.30876264428152145
0.3084879664900861
0.30821315763424584
0.3079382140132759
0.3076631318850591
0.307387907465711
0.30711253692919777
0.3068370164069539
0.30656134198749313
0.306285509716019
0.30600951559402956
0.3057333555789209
0.3054570255835849
0.30518052147600716
0.30490383907885676
0.3046269741690795
0.30434992247748155
0.30407267968831453
0.3037952414388562
0.30351760331898825
0.30323976087077087
0.3029617095880167
0.3026834449158599
0.3024049622503244
0.30212625693788825
0.30184732427504757
0.3015681595078781
0.3012887578315921
0.30100911439009803
0.30072922427555426
0.30044908252792346
0.30016868413452547
0.2998880240295875
0.2996070970937948
0.2993258981538405
0.299044421981972
0.29876266329554074
0.29848061675654836
0.2981982769711938
0.29791563848942165
0.29763269580446744
0.297349443352408
0.2970658755117074
0.2967819866027685
0.296497770887482
0.29621322256877947
0.2959283357901863
0.2956431046353781
0.2953575231277374
0.29507158522991594
0.29478528484339694
0.29449861580806164
0.2942115719017597
0.2939241468398839
0.2936363342749468
0.2933481277961654
0.29305952092904797
0.29277050713498765
0.29248107981086147
0.29219123228863597
0.29190095783497794
0.2916102496508759
0.291319100871264
0.2910275045646583
0.2907354537328004
0.29044294131030823
0.29014996016433925
0.28985650309426114
0.28956256283133586
0.2892681320384127
0.2889732033096337
0.28867776917015214
0.28838182207586377
0.2880853544131516
0.28778835849864465
0.28749082657899233
0.28719275083065443
0.28689412335970726
0.28659493620166654
0.2862951813213292
0.2859948506126327
0.2856939358985349
0.28539242893091266
0.2850903213904826
0.2847876048867436
0.2844842709579415
0.2841803110710575
0.2838757166218213
0.28357047893475024
0.2832645892632124
0.2829580387895199
0.2826508186250486
0.2823429198103874
0.28203433331551797
0.28172505004002585
0.28141506081334294
0.2811043563950246
0.2807929274750604
0.2804807646742207
0.28016785854443904
0.2798541995692345
0.27953977816416964
0.2792245846773519
0.27890860938997375
0.2785918425168976
0.2782742742072812
0.27795589454525116
0.2776366935506218
0.27731666117965953
0.2769957873258977
0.2766740618210018
0.2763514744356838
0.2760280148806714
0.2757036728077289
0.2753784378107347
0.2750522994268151
0.2747252471375347
0.27439727037014794
0.2740683584989082
0.2737385008464421
0.273407686685183
0.273075905238873
0.27274314568412716
0.27240939715206625
0.27207464873001874
0.27173888946328945
0.271402108357003
0.2710642943780164
0.27072543645690605
0.27038552349002926
0.270044544341663
0.26970248784621675
0.26935934281052665
0.2690150980162269
0.2686697422222029
0.2683232641671245
0.2679756525720644
0.2676268961431963
0.26727698357458146
0.26692590355103796
0.26657364475109757
0.26622019585004875
0.26586554552306935
0.26550968244844503
0.26515259531087915
0.2647942728048917
0.2644347036383084
0.2640738765358402
0.26371178024275355
0.26334840352863387
0.26298373519123774
0.2626177640604379
0.26225047900226095
0.26188186892301424
0.2615119227735058
0.26114062955335515
0.2607679783153927
0.2603939581701531
0.2600185582904537
0.2596417679160657
0.25926357635846964
0.258883973005701
0.2585029473272796
0.2581204888792241
0.2577365873091504
0.25735123236144986
0.25696441388255065
0.2565761218262544
0.2561863462591508
0.25579507736610585
0.2554023054558224
0.2550080209664703
0.2546122144713845
0.25421487668482495
0.25381599846780056
0.25341557083395116
0.2530135849554842
0.2526100321691634
0.25220490398234685
0.25179819207906834
0.25138988832616177
0.25097998477941985
0.25056847368978896
0.25015534750958984
0.249740598898763
0.24932422073113425
0.2489062061006948
0.2484865483278903
0.2480652409659146
0.2476422778070043
0.24721765288872521
0.24679136050024936
0.24636339518861314
0.24593375176495336
0.24550242531071564
0.24506941118382491
0.24463470502481838
0.24419830276292934
0.24376020062211784
0.2433203951270419
0.24287888310896216
0.24243566171157332
0.24199072839675587
0.24154408095024218
0.24109571748718997
0.24064563645765466
0.2401938366519556
0.23974031720593034
0.2392850776060674
0.23882811769451207
0.23836943767393948
0.2379090381122873
0.23744691994734
0.23698308449116015
0.23651753343436116
0.23605026885021002
0.23558129319855892
0.23511060932959743
0.23463822048741934
0.23416413031339559
0.23368834284935347
0.23321086254054915
0.23273169423843396
0.2322508432032048
0.23176831510613657
0.2312841160316895
0.23079825247938798
0.23031073136546648
0.22982156002427606
0.2293307462094505
0.2288382980948266
0.2283442242751161
0.2278485337663245
0.22735123600591473
0.22685234085271466
0.22635185858656337
0.22584979990769627
0.22534617593586598
0.22484099820919914
0.22433427868278785
0.22382602972701324
0.22331626412560351
0.2228049950734249
0.22229223617400734
0.22177800143680307
0.2212623052741824
0.22074516249816556
0.22022658831689415
0.2197065983308438
0.2191852085287801
0.21866243528346077
0.21813829534708912
0.21761280584651851
0.21708598427821563
0.21655784850298543
0.21602841674045994
0.21549770756335968
0.21496573989153073
0.21443253298576212
0.21389810644139118
0.21336248018170087
0.21282567445111814
0.21228770980821576
0.211748607118528
0.21120838754718596
0.21066707255137845
0.2101246838726477
0.20958124352902657
0.20903677380702385
0.20849129725346932
0.20794483666722
0.2073974150907451
0.2068490558015868
0.20629978230371562
0.20574961831878147
0.20519858777727387
0.20464671480959404
0.20409402373705685
0.20354053906281871
0.20298628546275294
0.20243128777627106
0.20187557099710468
0.20131916026405294
0.20076208085170766
0.20020435816116097
0.19964601771070548
0.1990870851265356
0.1985275861334577
0.19796754654561677
0.19740699225724734
0.19684594923345883
0.19628444350105892
0.1957225011394254
0.19516014827143296
0.19459741105444212
0.19403431567135596
0.19347088832175385
0.1929071552131067
0.19234314255207988
0.19177887653593134
0.19121438334401047
0.19064968912936175
0.19008482001044025
0.18951980206294428
0.18895466131176777
0.1883894237230813
0.18782411519654096
0.18725876155763266
0.18669338855015719
0.1861280218288547
0.18556268695217665
0.18499740937520606
0.18443221444273
0.1838671273824673
0.18330217329845233
0.18273737716457916
0.18217276381830635
0.18160835795452562
0.18104418411959486
0.18048026670553707
0.1799166299444074
0.17935329790282703
0.17879029447668582
0.17822764338601654
0.17766536817003492
0.17710349218235155
0.17654203858635414
0.17598103035075616
0.1754204902453168
0.17486044083672828
0.1743009044846694
0.17374190333802686
0.17318345933128246
0.17262559418106138
0.17206832938284725
0.17151168620785479
0.17095568570006378
0.17040034867341197
0.1698456957091406
0.16929174715329726
0.1687385231143893
0.16818604346118649
0.16763432782067245
0.16708339557614105
0.1665332658654349
0.16598395757932516
0.16543548936002903
0.16488787959986245
0.16434114644002604
0.1637953077695202
0.16325038122418897
0.16270638418588715
0.16216333378177045
0.16162124688370422
0.16108014010778843
0.1605400298139968
0.16000093210592584
0.1594628628306522
0.15892583757869505
0.15838987168408017
0.1578549802245043
0.15732117802159507
0.15678847964126508
0.15625689939415652
0.1557264513361746
0.15519714926910622
0.15466900674131967
0.15414203704854765
0.15361625323474323
0.15309166809301375
0.1525682941666251
0.15204614375007555
0.1515252288902365
0.15100556138755725
0.1504871527973316
0.14997001443102392
0.14945415735765177
0.14893959240522325
0.14842633016222634
0.14791438097916856
0.1474037549701635
0.14689446201456352
0.14638651175863585
0.1458799136172788
0.1453746767757781
0.1448708101916003
0.1443683225962206
0.14386722249698497
0.14336751817900167
0.1428692177070653
0.14237232892760457
0.14187685947066053
0.1413828167518847
0.140890207974563
0.14039904013165858
0.13990932000787554
0.13942105418173964
0.1389342490276956
0.1384489107182194
0.1379650452259441
0.13748265832579823
0.1370017555971541
0.1365223424259876
0.13604442400704367
0.13556800534601166
0.1350930912617055
0.13461968638824792
0.13414779517726075
0.13367742190005602
0.13320857064982988
0.13274124534385676
0.1322754497256844
0.13181118736732653
0.1313484616714548
0.13088727587358784
0.1304276330442757
0.12996953609128187
0.1295129877617585
0.12905799064441698
0.12860454717169154
0.12815265962189604
0.12770233012137328
0.12725356064663462
0.12680635302649285
0.126360708944184
0.1259166299394795
0.12547411741078768
0.12503317261724567
0.12459379668079787
0.12415599058826322
0.12371975519339132
0.12328509121890455
0.12285199925852724
0.12242047977900221
0.12199053312209251
0.12156215950657083
0.12113535903019201
0.12071013167165316
0.1202864772925377
0.11986439563924496
0.11944388634490281
0.11902494893126712
0.11860758281060374
0.11819178728755439
0.11777756156098718
0.11736490472583033
0.11695381577488946
0.11654429360064812
0.11613633699705224
0.11572994466127635
0.11532511519547393
0.11492184710851111
0.11452013881768125
0.11411998865040433
0.11372139484590807
0.11332435555689224
0.11292886885117484
0.11253493271332096
0.11214254504625566
0.11175170367285717
0.11136240633753389
0.11097465070778448
0.11058843437573902
0.11020375485968334
0.10982060960556639
0.10943899598848943
0.10905891131417889
0.10868035282044028
0.10830331767859584
0.1079278029949057
0.10755380581196944
0.10718132311011333
0.10681035180875836
0.10644088876777161
0.10607293078880227
0.10570647461659809
0.10534151694030765
0.10497805439476389
0.10461608356175238
0.1042556009712622
0.1038966031027209
0.1035390863862121
0.1031830472036791
0.10282848189010885
0.10247538673470385
0.1021237579820342
0.10177359183317672
0.10142488444683714
0.10107763194045692
0.100731830391304
0.10038747583754883
0.10004456427932484
0.09970309167977404
0.09936305396607747
0.09902444703046959
0.09868726673124034
0.09835150889372035
0.09801716931125257
0.0976842437461492
0.09735272793063418
0.09702261756777288
0.09669390833238535
0.09636659587194787
0.09604067580747958
0.09571614373441562
0.09539299522346771
0.09507122582146961
0.094750831052211
0.09443180641725746
0.09411414739675752
0.09379784945023699
0.09348290801738098
0.09316931851880228
0.09285707635679874
0.092546176916097
0.09223661556458523
0.0919283876540327
0.09162148852079871
0.09131591348652832
0.09101165785883791
0.09070871693198826
0.09040708598754633
0.09010676029503634
0.08980773511257929
0.08951000568752174
0.08921356725705348
0.08891841504881451
0.08862454428149222
0.08833195016540668
0.08804062790308681
0.08775057268983574
0.08746177971428627
0.0871742441589467
0.08688796120073586
0.08660292601150962
0.08631913375857694
0.086036579605207
0.08575525871112658
0.08547516623300863
0.08519629732495122
0.08491864713894823
0.08464221082535037
0.08436698353331826
0.08409296041126593
0.08382013660729687
0.0835485072696311
0.08327806754702347
0.08300881258917518
0.08274073754713594
0.08247383757369825
0.08220810782378513
0.08194354345482854
0.08168013962714124
0.08141789150428036
0.08115679425340427
0.08089684304562157
0.08063803305633371
0.080380359465569
0.08012381745831149
0.07986840222482132
0.07961410896094955
0.07936093286844494
0.07910886915525595
0.07885791303582423
0.07860805973137348
0.07835930447019047
0.07811164248790081
0.07786506902773874
0.07761957934080994
0.07737516868634922
0.0771318323319719
0.07688956555391999
0.07664836363730174
0.0764082218763268
0.07616913557453467
0.07593110004501871
0.0756941106106443
0.07545816260426137
0.07522325136891352
0.07498937225803917
0.07475652063567043
0.07452469187662558
0.07429388136669692
0.07406408450283421
0.07383529669332273
0.07360751335795766
0.07338072992821304
0.07315494184740676
0.07293014457086054
0.072706333566057
0.07248350431279046
0.07226165230331538
0.07204077304248911
0.07182086204791188
0.07160191485006207
0.07138392699242813
0.07116689403163538
0.07095081153757107
0.07073567509350347
0.07052148029619904
0.07030822275603496
0.0700958980971089
0.06988450195734422
0.06967402998859298
0.06946447785673507
0.06925584124177316
0.06904811583792618
0.0688412973537182
0.0686353815120645
0.06843036405035474
0.06822624072053343
0.0680230072891762
0.06782065953756476
0.06761919326175768
0.06741860427265917
0.06721888839608436
0.06702004147282303
0.06682205935869884
0.06662493792462812
0.06642867305667394
0.06623326065609965
0.066038696639418
0.06584497693843971
0.06565209750031792
0.06546005428759159
0.06526884327822582
0.06507846046565074
0.06488890185879624
0.0647001634821277
0.06451224137567659
0.06432513159507049
0.06413883021156039
0.06395333331204706
0.06376863699910391
0.0635847373909993
0.06340163062171547
0.06321931284096752
0.06303778021421871
0.062857028922695
0.06267705516339749
0.0624978551491136
0.06231942510842546
0.06214176128571795
0.061964859941184475
0.06178871735083068
0.06161332980647782
0.061438693615763484
0.06126480510214109
0.06109166060487867
0.060919256479054815
0.06074758909555475
0.060576654841063726
0.06040645011806001
0.06023697134480582
0.06006821495533764
0.0599001773994548
0.059732855142706945
0.05956624466638018
0.0594003424674827
0.059235145058728025
0.059070648968518075
0.058906850740925096
0.05874374693567189
0.058581334128111825
0.058419608909206555
0.058258567885504375
0.058098207679116345
0.05793852492769162
0.05777951628439236
0.05762117841786737
0.057463508012224676
0.0573065017670035
0.05715015639714533
0.056994468632964146
0.056839435220115565
0.056685052919565736
0.05653131850755871
0.056378228775583905
0.0562257805303421
0.05607397059371108
0.05592279580271048
0.055772253009466005
0.05562233908117293
0.05547305090005886
0.05532438536334587
0.055176339383212494
0.055028909886754324
0.05488209381594439
0.05473588812759338
0.05459028979330861
0.05444529579945297
0.05430090314710267
0.054157108852005816
0.05401390994453881
0.05387130346966345
0.053729286486883444
0.05358785607019961
0.05344700930806581
0.05330674330334371
0.05316705517325737
0.05302794204934738
0.05288940107742449
0.05275142941752336
0.05261402424385517
0.052477182744760716
0.05234090212266229
0.05220517959401624
0.052070012389264286
0.051935397752784926
0.05180133294284492
0.05166781523154973
0.0515348419047942
0.05140241026221296
0.05127051761713046
0.051139161296510624
0.05100833864090652
0.05087804700440993
0.05074828375460018
0.05061904627249321
0.050490331952490586
0.050362138202327524
0.05023446244302195
0.050107302108822076
0.04998065464715524
