0.551553506484868
0.5778972723365445
0.5262662085229874
0.528274980351042
0.5438291921168448
0.5367405756507193
0.5200862087629264
0.5147032356429311
0.5178806396245882
0.518219442818826
0.5161602958908553
0.5160949547245686
0.5171485251752869
0.516796833312895
0.5153791594938074
0.51447826543957
0.5143745291024142
0.5144609108590575
0.5145047922978222
0.5145911279680464
0.51464343389403
0.5145210729727652
0.5142680276844023
0.5140368870462497
0.5139023258753009
0.5138414883542861
0.5138118378227802
0.5137827660146517
0.5137294396151073
0.5136402343463429
0.513526702010619
0.5134125785648966
0.5133143323620628
0.5132340712153056
0.5131646986037341
0.5130968816601817
0.5130235359000244
0.5129423266652777
0.5128557728535625
0.5127686960150726
0.5126849425815397
0.5126056773035782
0.5125297129270068
0.5124548797560247
0.5123793783472119
0.5123025446138102
0.5122248577671171
0.5121473731427886
0.5120710209369715
0.5119961824051807
0.5119226792194578
0.5118500451124328
0.5117778530218227
0.5117059221410217
0.5116343410466058
0.5115633496397198
0.511493180594849
0.5114239526453686
0.511355653727299
0.5112881944676577
0.5112214834548608
0.5111554802645597
0.5110902067819256
0.5110257238556213
0.5109620954406338
0.5108993619673268
0.5108375334311844
0.5107765995918092
0.5107165469279858
0.5106573718233467
0.5105990845647781
0.510541704963838
0.5104852543391537
0.5104297489692238
0.5103751978295781
0.5103216044269266
0.5102689705556496
0.5102172995103244
0.5101665973152569
0.5101168719616724
0.5100681316402892
0.5100203831566431
0.5099736312624114
0.5099278789546875
0.5098831282964953
0.5098393811888694
0.5097966397238012
0.5097549060703582
0.5097141820942657
0.5096744689833672
0.5096357670654518
0.5095980758521798
0.509561394219971
0.5095257205979532
0.5094910530696166
0.5094573893667904
0.509424726795163
0.509393062153043
0.5093623916898279
0.5093327111168537
0.5093040156534958
0.509276300079247
0.5092495587686773
0.5092237857019872
0.5091989744584683
0.5091751182066497
0.5091522097024972
0.5091302412996587
0.5091092049686229
0.5090890923182578
0.5090698946140858
0.5090516027910786
0.5090342074622277
0.5090176989259101
0.5090020671747841
0.5089873019073536
0.5089733925416664
0.5089603282296923
0.5089480978710131
0.5089366901251864
0.508926093422962
0.5089162959769999
0.5089072857927286
0.5088990506796521
0.508891578263019
0.5088848559955297
0.5088788711687523
0.5088736109240667
0.5088690622631541
0.5088652120581623
0.5088620470616982
0.5088595539167249
0.5088577191663516
0.5088565292634466
0.5088559705799953
0.5088560294161505
0.508856692008984
0.5088579445409563
0.5088597731481495
0.5088621639282781
0.5088651029484853
0.5088685762529067
0.5088725698699886
0.5088770698195492
0.508882062119586
0.5088875327928358
0.5088934678731011
0.5088998534113491
0.5089066754815897
0.5089139201865323
0.5089215736630203
0.5089296220872459
0.5089380516797475
0.508946848710196
0.508955999501975
0.5089654904365629
0.5089753079577178
0.5089854385754732
0.5089958688699437
0.5090065854949483
0.509017575181452
0.5090288247408322
0.5090403210679744
0.5090520511442003
0.5090640020400347
0.5090761609178125
0.5090885150341324
0.5091010517421578
0.5091137584937718
0.5091266228415876
0.5091396324408197
0.5091527750510173
0.509166038537667
0.509179410873664
0.5091928801406587
0.5092064345302774
0.5092200623452269
0.509233752000278
0.5092474920231375
0.5092612710552078
0.5092750778522387
0.5092889012848725
0.5093027303390869
0.5093165541165369
0.5093303618347987
0.5093441428275185
0.5093578865444662
0.5093715825515011
0.5093852205304463
0.5093987902788788
0.5094122817098342
0.5094256848514284
0.5094389898464021
0.5094521869515848
0.5094652665372831
0.5094782190865974
0.5094910351946622
0.5095037055678208
0.5095162210227283
0.5095285724853897
0.5095407509901334
0.5095527476785198
0.5095645537981922
0.509576160701664
0.5095875598450521
0.5095987427867511
0.5096097011860544
0.5096204268017223
0.5096309114904981
0.5096411472055752
0.509651125995016
0.509660840000123
0.509670281453765
0.5096794426786613
0.5096883160856205
0.5096968941717407
0.509705169518569
0.5097131347902234
0.509720782731477
0.5097281061658082
0.5097350979934142
0.5097417511891938
0.5097480588006973
0.5097540139460459
0.5097596098118212
0.5097648396509274
0.5097696967804257
0.5097741745793425
0.5097782664864524
0.5097819659980372
0.5097852666656231
0.5097881620936927
0.5097906459373794
0.5097927119001382
0.5097943537313985
0.5097955652241986
0.5097963402128007
0.5097966725702899
0.5097965562061553
0.509795985063856
0.5097949531183718
0.5097934543737376
0.5097914828605659
0.5097890326335518
0.5097860977689683
0.5097826723621453
0.5097787505249374
0.5097743263831787
0.5097693940741244
0.5097639477438822
0.5097579815448284
0.5097514896330149
0.5097444661655613
0.5097369052980381
0.5097288011818338
0.5097201479615127
0.5097109397721579
0.5097011707367017
0.5096908349632436
0.5096799265423528
0.5096684395443576
0.5096563680166188
0.5096437059807887
0.509630447430053
0.5096165863263553
0.5096021165976048
0.5095870321348634
0.5095713267895163
0.5095549943704156
0.5095380286410085
0.5095204233164375
0.5095021720606177
0.509483268483286
0.5094637061370259
0.509443478514259
0.5094225790442077
0.5094010010898248
0.5093787379446857
0.5093557828298477
0.5093321288906655
0.509307769193569
0.5092826967227948
0.5092569043770716
0.5092303849662579
0.5092031312079255
0.5091751357238892
0.5091463910366792
0.5091168895659515
0.5090866236248326
0.509055585416198
0.5090237670288773
0.5089911604337843
0.5089577574799669
0.5089235498905716
0.5088885292587223
0.5088526870433021
0.5088160145646399
0.5087785030000918
0.5087401433795142
0.5087009265806247
0.5086608433242391
0.5086198841693856
0.5085780395082852
0.508535299561193
0.5084916543710944
0.5084470937982465
0.5084016075145604
0.5083551849978137
0.5083078155256875
0.5082594881696157
0.508210191788443
0.5081599150218771
0.5081086462837274
0.5080563737549217
0.5080030853762874
0.5079487688410873
0.5078934115872995
0.5078370007896273
0.5077795233512281
0.5077209658951474
0.5076613147554436
0.5076005559679915
0.5075386752609454
0.5074756580448517
0.507411489402388
0.5073461540777181
0.5072796364654405
0.5072119205991136
0.5071429901393373
0.5070728283613725
0.507001418142273
0.5069287419475136
0.5068547818170848
0.5067795193510343
0.5067029356944278
0.5066250115217034
0.5065457270203891
0.5064650618741591
0.5063829952451948
0.5062995057558172
0.5062145714693631
0.5061281698702643
0.5060402778432956
0.5059508716519538
0.5058599269159273
0.5057674185876122
0.5056733209276347
0.5055776074793306
0.5054802510421342
0.5053812236438281
0.5052804965115967
0.5051780400418334
0.5050738237686372
0.5049678163309426
0.5048599854382163
0.504750297834653
0.5046387192618025
0.5045252144195513
0.5044097469253828
0.5042922792718341
0.5041727727820656
0.5040511875634512
0.5039274824590975
0.5038016149971914
0.5036735413380755
0.5035432162189382
0.5034105928960091
0.503275623084137
0.5031382568936246
0.5029984427641896
0.5028561273959127
0.5027112556770257
0.5025637706083896
0.5024136132244984
0.5022607225108436
0.5021050353174606
0.5019464862684709
0.501785007667426
0.5016205293982476
0.5014529788215505
0.5012822806661201
0.5011083569153096
0.5009311266881111
0.5007505061146345
0.5005664082057261
0.5003787427164417
0.5001874160030684
0.49999233087338985
0.49979338642985954
0.4995904779053431
0.4993834964910683
0.4991723291564083
0.49895685846010684
0.498736962352536
0.4985125139685603
0.49828338141056583
0.4980494275211911
0.49781050964528206
0.49756647938057386
0.4973171823165863
0.49706245776120084
0.49680213845437166
0.4965360502684066
0.49626401189423985
0.4959858345131062
0.4957013214530087
0.49541026782937486
0.4951124601692755
0.49480767601858966
0.4944956835314914
0.4941762410416486
0.4938490966145244
0.49351398758020726
0.49317064004620326
0.49281876838968003
0.4924580747286836
0.49208824837192267
0.49170896524678254
0.4913198873053286
0.4909206619081727
0.4905109211862103
0.49009028138040356
0.4896583421599745
0.4892146859196053
0.4887588770565081
0.48829046122854036
0.48780896459490336
0.48731389304138567
0.4868047313925902
0.48628094261414734
0.4857419670085472
0.4851872214089484
0.48461609837614317
0.4840279654047882
0.4834221641460515
0.4827980096550034
0.4821547896723778
0.48149176395178206
0.4808081636450346
0.4801031907600505
0.47937601770761074
0.47862578695539815
0.47785161080988536
0.47705257134898177
0.47622772053077533
0.47537608050619834
0.4744966441659619
0.47358837595458136
0.4726502129866722
0.47168106650283875
0.47067982370430017
0.4696453500067393
0.46857649175459604
0.46747207943694086
0.46633093144499244
0.4651518584090357
0.4639336681487727
0.462675171265709
0.46137518739887956
0.46003255215579375
0.45864612471878313
0.4572147961128213
0.45573749810429665
0.4542132126811777
0.4526409820436352
0.4510199190107451
0.4493492177237651
0.44762816450022763
0.4458561486664373
0.4440326731697825
0.44215736474763656
0.4402299834076966
0.4382504309566978
0.4362187583018764
0.43413517124365525
0.4320000344800325
0.4298138735540601
0.427577374496379
0.4252913809453357
0.4229568885676315
0.4205750366520491
0.4181470968063312
0.41567445875093867
0.4131586132708692
0.41060113245531515
0.4080036474217014
0.40536782378263814
0.4026953351687056
0.39998783516430647
0.3972469280462057
0.39447413873361775
0.3916708823644295
0.38883843390486267
0.3859778981808393
0.3830901806906196
0.38017595952255095
0.37723565866213443
0.37426942293245385
0.37127709477475757
0.3682581930450065
0.36521189398057474
0.36213701448174856
0.35903199785741335
0.3558949022050176
0.3527233916325544
0.3495147305852368
0.3462657816112291
0.3429730069879336
0.3396324747304718
0.3362398696136493
0.33279050995290355
0.3292793710021077
0.32570111592843587
0.3220501354068067
0.3183205969268117
0.3145065049098822
0.31060177267874045
0.3066003071890821
0.3024961072093475
0.29828337530415827
0.2939566435294173
0.2895109121761209
0.28494180020659954
0.280245705221452
0.27541996989936673
0.2704630508997426
0.26537468525780944
0.2601560483961437
0.25480989710033564
0.24934069024558816
0.24375467980628776
0.23805996482170128
0.23226650160655626
0.2263860646410746
0.2204321542706678
0.21441984956133714
0.20836560730391648
0.20228701108616218
0.19620247734514373
0.19013092811922205
0.18409144256845786
0.1781029009720647
0.17218363564442407
0.16635110292851857
0.16062158912841606
0.15500996104601794
0.14952946890721686
0.14419160618417123
0.13900602745778373
0.13398052231739854
0.12912104061112153
0.1244317623103651
0.1199152039183834
0.11557235273235134
0.11140282029024354
0.10740500687798225
0.10357626989550969
0.09991309003602096
0.09641123048744278
0.09306588560992685
0.08987181669674091
0.086823473436071
0.08391510053082733
0.08114082959588226
0.07849475694542113
0.07597100822498196
0.07356379105613994
0.07126743697116
0.06907643394399712
0.06698545079421261
0.06498935466999498
0.06308322272052297
0.061262348958101155
0.059522247195647374
0.057858650831512176
0.05626751014552582
0.05474498767025534
0.05328745211113069
0.05189147120892771
0.050553803867998605
0.04927139181312793
