0.49680756932605996
0.5456110959727132
0.5384198234005381
0.5327473712728448
0.5284519909182541
0.5252438141813907
0.5228717565557144
0.5211301128419307
0.5198567294322014
0.5189272792241767
0.5182483314608851
0.5177506900407848
0.5173836494997118
0.5171103424766512
0.5169041170462634
0.5167457888469467
0.5166215937709064
0.5165216815793781
0.5164390173176667
0.5163685852258963
0.5163068145243328
0.5162511666521326
0.5161998393258797
0.5161515547746872
0.5161054084457765
0.5160607610515351
0.5160171616267227
0.5159742927423738
0.5159319315328278
0.5158899219977277
0.515848155336378
0.5158065559998419
0.5157650718099595
0.5157236669687614
0.5156823171203639
0.5156410058689642
0.5155997223287654
0.5155584594043441
0.5155172125873402
0.5154759791175261
0.5154347574005325
0.515393546605944
0.5153523463918115
0.5153111567174695
0.5152699777177967
0.5152288096200117
0.515187652689742
0.5151465071970771
0.5151053733961368
0.515064251513656
0.5150231417434876
0.5149820442448914
0.5149409591431657
0.5148998865316471
0.5148588264744329
0.5148177790094108
0.5147767441513293
0.514735721894749
0.514694712216788
0.514653715079612
0.5146127304326616
0.5145717582146133
0.5145307983550944
0.5144898507761685
0.5144489153936144
0.514407992118025
0.5143670808557436
0.5143261815096608
0.5142852939798921
0.5142444181643505
0.5142035539592302
0.5141627012594149
0.5141218599588211
0.5140810299506875
0.5140402111278166
0.5139994033827778
0.513958606608078
0.5139178206963027
0.5138770455402347
0.5138362810329531
0.5137955270679144
0.5137547835390209
0.5137140503406761
0.513673327367832
0.5136326145160252
0.51359191168141
0.5135512187607809
0.5135105356515948
0.5134698622519858
0.5134291984607782
0.513388544177496
0.51334789930237
0.5133072637363438
0.5132666373810763
0.5132260201389438
0.5131854119130417
0.5131448126071843
0.513104222125903
0.5130636403744457
0.5130230672587736
0.5129825026855596
0.5129419465621842
0.5129013987967327
0.5128608592979913
0.5128203279754432
0.5127798047392638
0.5127392895003174
0.5126987821701523
0.5126582826609957
0.5126177908857497
0.5125773067579863
0.5125368301919425
0.5124963611025156
0.512455899405258
0.5124154450163725
0.5123749978527069
0.5123345578317497
0.5122941248716243
0.5122536988910841
0.5122132798095077
0.5121728675468935
0.5121324620238549
0.5120920631616148
0.5120516708820009
0.5120112851074397
0.5119709057609526
0.5119305327661503
0.5118901660472265
0.5118498055289546
0.5118094511366817
0.5117691027963227
0.5117287604343566
0.5116884239778202
0.5116480933543032
0.5116077684919434
0.5115674493194217
0.5115271357659554
0.5114868277612953
0.511446525235719
0.5114062281200255
0.5113659363455316
0.5113256498440655
0.5112853685479615
0.5112450923900552
0.5112048213036792
0.5111645552226559
0.5111242940812945
0.5110840378143838
0.511043786357189
0.5110035396454449
0.5109632976153515
0.510923060203569
0.5108828273472118
0.5108425989838438
0.5108023750514736
0.5107621554885486
0.5107219402339505
0.5106817292269888
0.5106415224073979
0.510601319715329
0.5105611210913479
0.5105209264764273
0.5104807358119434
0.5104405490396688
0.51040036610177
0.5103601869407992
0.5103200114996914
0.5102798397217578
0.5102396715506816
0.5101995069305114
0.5101593458056581
0.5101191881208875
0.5100790338213166
0.5100388828524073
0.5099987351599619
0.5099585906901181
0.5099184493893426
0.5098783112044273
0.509838176082483
0.5097980439709351
0.5097579148175169
0.5097177885702661
0.5096776651775182
0.5096375445879029
0.5095974267503363
0.5095573116140178
0.5095171991284253
0.5094770892433071
0.5094369819086794
0.5093968770748198
0.5093567746922627
0.5093166747117931
0.5092765770844425
0.5092364817614826
0.5091963886944206
0.5091562978349943
0.5091162091351658
0.5090761225471174
0.5090360380232449
0.5089959555161542
0.5089558749786545
0.5089157963637536
0.5088757196246524
0.5088356447147406
0.5087955715875897
0.5087555001969492
0.5087154304967406
0.5086753624410523
0.5086352959841344
0.5085952310803932
0.5085551676843862
0.5085151057508166
0.5084750452345282
0.5084349860904998
0.5083949282738398
0.508354871739782
0.5083148164436786
0.508274762340996
0.50823470938731
0.5081946575382988
0.5081546067497394
0.5081145569775012
0.5080745081775409
0.5080344603058977
0.5079944133186873
0.5079543671720975
0.5079143218223815
0.507874277225854
0.5078342333388849
0.5077941901178945
0.5077541475193481
0.5077141054997503
0.5076740640156399
0.5076340230235851
0.5075939824801775
0.5075539423420266
0.507513902565755
0.5074738631079935
0.507433823925374
0.5073937849745261
0.507353746212071
0.5073137075946156
0.5072736690787478
0.5072336306210314
0.507193592178
0.5071535537061522
0.5071135151619457
0.5070734765017928
0.5070334376820541
0.5069933986590339
0.5069533593889745
0.5069133198280502
0.5068732799323634
0.5068332396579381
0.506793198960715
0.5067531577965455
0.5067131161211871
0.5066730738902979
0.5066330310594307
0.506592987584028
0.506552943419417
0.5065128985208033
0.5064728528432659
0.5064328063417525
0.5063927589710729
0.5063527106858947
0.5063126614407373
0.506272611189966
0.5062325598877885
0.5061925074882472
0.5061524539452151
0.5061123992123903
0.5060723432432901
0.5060322859912464
0.5059922274093992
0.5059521674506922
0.5059121060678667
0.5058720432134566
0.5058319788397828
0.5057919128989475
0.5057518453428299
0.5057117761230788
0.5056717051911093
0.5056316324980955
0.5055915579949668
0.5055514816324009
0.5055114033608196
0.5054713231303821
0.5054312408909812
0.5053911565922362
0.5053510701834886
0.5053109816137957
0.5052708908319263
0.5052307977863544
0.5051907024252537
0.5051506046964923
0.5051105045476276
0.505070401925901
0.5050302967782309
0.504990189051209
0.5049500786910939
0.504909965643806
0.5048698498549218
0.5048297312696682
0.5047896098329175
0.5047494854891821
0.5047093581826076
0.5046692278569692
0.5046290944556648
0.5045889579217101
0.5045488181977332
0.5045086752259687
0.5044685289482518
0.5044283793060141
0.5043882262402772
0.504348069691647
0.5043079096003086
0.5042677459060204
0.5042275785481094
0.5041874074654642
0.504147232596531
0.504107053879307
0.5040668712513352
0.5040266846496991
0.5039864940110168
0.5039462992714352
0.5039061003666252
0.5038658972317756
0.5038256898015876
0.5037854780102691
0.5037452617915293
0.5037050410785735
0.5036648158040964
0.5036245859002776
0.5035843512987757
0.5035441119307221
0.5035038677267166
0.5034636186168204
0.5034233645305517
0.5033831053968788
0.5033428411442162
0.5033025717004173
0.503262296992769
0.5032220169479877
0.5031817314922117
0.5031414405509964
0.5031011440493085
0.5030608419115203
0.5030205340614046
0.502980220422128
0.502939900916246
0.5028995754656969
0.5028592439917966
0.5028189064152325
0.5027785626560576
0.5027382126336857
0.5026978562668845
0.5026574934737706
0.502617124171804
0.5025767482777815
0.5025363657078318
0.5024959763774097
0.5024555802012894
0.50241517709356
0.5023747669676188
0.5023343497361665
0.5022939253112001
0.5022534936040085
0.5022130545251655
0.5021726079845251
0.502132153891215
0.5020916921536307
0.5020512226794304
0.5020107453755286
0.5019702601480901
0.5019297669025249
0.5018892655434818
0.5018487559748425
0.5018082380997163
0.5017677118204337
0.5017271770385402
0.5016866336547917
0.5016460815691474
0.5016055206807641
0.5015649508879914
0.5015243720883636
0.5014837841785963
0.5014431870545784
0.5014025806113672
0.5013619647431827
0.5013213393434011
0.5012807043045481
0.5012400595182946
0.5011994048754502
0.5011587402659557
0.5011180655788796
0.5010773807024097
0.5010366855238486
0.5009959799296078
0.5009552638052
0.5009145370352349
0.5008737995034122
0.5008330510925156
0.5007922916844073
0.5007515211600206
0.5007107393993558
0.5006699462814719
0.5006291416844819
0.5005883254855464
0.5005474975608677
0.5005066577856823
0.5004658060342567
0.5004249421798799
0.5003840660948575
0.500343177650506
0.5003022767171457
0.5002613631640951
0.5002204368596646
0.5001794976711503
0.5001385454648274
0.5000975801059442
0.5000566014587163
0.5000156093863193
0.4999746037508828
0.4999335844134848
0.49989255123414467
0.49985150407181717
0.4998104427843853
0.4997693672286555
0.49972827726034963
0.4996871727340996
0.49964605350344043
0.4996049194208043
0.4995637703375138
0.4995226061037754
0.4994814265686732
0.4994402315801625
0.49939902098506306
0.49935779462905316
0.4993165523566619
0.499275294011264
0.4992340194350726
0.4991927284691329
0.4991514209533152
0.49911009672630874
0.4990687556256148
0.4990273974875405
0.49898602214719157
0.4989446294384661
0.49890321919404795
0.4988617912453998
0.4988203454227563
0.49877888155511785
0.49873739947024354
0.49869589899464467
0.4986543799535772
0.4986128421710363
0.4985712854697482
0.4985297096711646
0.49848811459545445
0.49844650006149815
0.49840486588688077
0.4983632118878844
0.49832153787948147
0.49827984367532846
0.4982381290877579
0.4981963939277727
0.49815463800503773
0.4981128611278739
0.49807106310325083
0.49802924373677965
0.4979874028327061
0.4979455401939036
0.49790365562186556
0.4978617489166992
0.4978198198771173
0.49777786830043275
0.4977358939825485
0.4976938967179539
0.49765187629971475
0.49760983251946733
0.49756776516741086
0.4975256740322999
0.497483558901438
0.49744141956066923
0.49739925579437144
0.497357067385449
0.49731485411532506
0.4972726157639342
0.49723035210971556
0.49718806292960427
0.4971457479990252
0.49710340709188494
0.4970610399805637
0.4970186464359086
0.4969762262272257
0.4969337791222731
0.49689130488725164
0.4968488032867995
0.4968062740839825
0.49676371704028793
0.4967211319156158
0.49667851846827143
0.49663587645495855
0.49659320563076986
0.4965505057491803
0.49650777656203937
0.4964650178195624
0.49642222927032353
0.49637941066124724
0.49633656173760055
0.49629368224298515
0.49625077191932926
0.4962078305068797
0.49616485774419394
0.49612185336813186
0.49607881711384744
0.496035748714781
0.49599264790265124
0.49594951440744606
0.4959063479574155
0.49586314827906275
0.49581991509713624
0.4957766481346211
0.49573334711273076
0.4956900117508991
0.49564664176677153
0.4956032368761967
0.49555979679321793
0.4955163212300653
0.4954728098971461
0.49542926250303737
0.4953856787544768
0.49534205835635386
0.49529840101170153
0.4952547064216878
0.49521097428560645
0.4951672043008683
0.4951233961629935
0.49507954956560135
0.4950356642004019
0.4949917397571876
0.4949477759238237
0.49490377238624006
0.4948597288284213
0.49481564493239827
0.4947715203782391
0.4947273548440401
0.49468314800591634
0.4946388995379928
0.4945946091123946
0.4945502763992394
0.4945059010666257
0.4944614827806256
0.49441702120527475
0.4943725160025625
0.49432796683242347
0.4942833733527274
0.4942387352192694
0.49419405208576184
0.494149323603823
0.49410454942296883
0.4940597291906028
0.4940148625520058
0.4939699491503274
0.4939249886265753
0.4938799806196059
0.49383492476611457
0.4937898207006252
0.49374466805548106
0.4936994664608343
0.49365421554463607
0.4936089149326267
0.4935635642483254
0.49351816311302055
0.49347271114575836
0.49342720796333445
0.49338165318028193
0.4933360464088623
0.4932903872590545
0.4932446753385449
0.4931989102527161
0.4931530916046377
0.49310721899505494
0.49306129202237803
0.4930153102826718
0.4929692733696457
0.492923180874642
0.49287703238662567
0.4928308274921734
0.4927845657754632
0.4927382468182626
0.4926918701999189
0.4926454354973471
0.49259894228501944
0.4925523901349545
0.4925057786167056
0.49245910729735004
0.49241237574147756
0.4923655835111793
0.49231873016603594
0.4922718152631077
0.4922248383569211
0.492177798999459
0.4921306967401482
0.49208353112584813
0.49203630170083934
0.4919890080068117
0.4919416495828525
0.4918942259654351
0.491846736688407
0.49179918128297706
0.4917515592777051
0.4917038701984886
0.49165611356855166
0.49160828890843167
0.4915603957359683
0.49151243356629093
0.491464401911806
0.4914163002821851
0.49136812818435227
0.49131988512247204
0.49127157059793647
0.49122318410935234
0.49117472515252997
0.49112619322046847
0.49107758780334443
0.4910289083884988
0.490980154460424
0.4909313255007507
0.49088242098823565
0.4908334403987478
0.4907843832052553
0.4907352488778132
0.4906860368835493
0.490636746686651
0.4905873777483525
0.4905379295269209
0.490488401477643
0.49043879305281146
0.4903891037017117
0.4903393328706077
0.49028948000272865
0.4902395445382551
0.490189525914305
0.49013942356491996
0.4900892369210511
0.49003896541054487
0.4899886084581294
0.48993816548540015
0.48988763591080536
0.489837019149632
0.48978631461399136
0.4897355217128044
0.4896846398517877
0.4896336684334386
0.48958260685702015
0.4895314545185473
0.489480210810771
0.4894288751231643
0.48937744684190687
0.4893259253498701
0.48927431002660227
0.489222600248313
0.48917079538785824
0.489118894814725
0.4890668978950157
0.48901480399143327
0.4889626124632654
0.48891032266636836
0.48885793395315225
0.48880544567256495
0.48875285717007594
0.4887001677876608
0.48864737686378523
0.4885944837333887
0.48854148772786876
0.4884883881750645
0.48843518439924044
0.48838187572107045
0.48832846145762043
0.48827494092233303
0.48822131342500996
0.48816757827179613
0.48811373476516245
0.4880597822038893
0.4880057198830493
0.4879515470939908
0.4878972631243201
0.48784286725788495
0.48778835877475746
0.4877337369512158
0.48767900105972795
0.4876241503689338
0.48756918414362715
0.48751410164473885
0.48745890212931847
0.4874035848505167
0.48734814905756796
0.48729259399577146
0.4872369189064738
0.4871811230270511
0.48712520559088957
0.48706916582736864
0.4870130029618419
0.4869567162156184
0.4869003048059442
0.48684376794598444
0.4867871048448036
0.48673031470734707
0.4866733967344224
0.4866163501226798
0.4865591740645939
0.4865018677484438
0.48644443035829404
0.48638686107397544
0.48632915907106533
0.48627132352086805
0.48621335359039586
0.4861552484423483
0.4860970072350933
0.48603862912264695
0.48598011325465296
0.48592145877636345
0.4858626648286182
0.485803730547825
0.4857446550659381
0.4856854375104394
0.4856260770043167
0.4855665726660432
0.48550692360955755
0.48544712894424213
0.4853871877749027
0.4853270992017469
0.4852668623203641
0.4852064762217031
0.4851459399920516
0.4850852527130144
0.4850244134614924
0.4849634213096603
0.4849022753249458
0.4848409745700073
0.4847795181027123
0.4847179049761153
0.4846561342384357
0.4845942049330362
0.48453211609839963
0.48446986676810777
0.48440745597081797
0.48434488273024123
0.4842821460651195
0.4842192449892024
0.4841561785112253
0.484092945634886
0.4840295453588219
0.48396597667658664
0.4839022385766268
0.4838383300422595
0.483774250051648
0.4837099975777791
0.4836455715884388
0.483580971046189
0.4835161949083444
0.48345124212694723
0.4833861116487444
0.4833208024151634
0.48325531336228766
0.4831896434208326
0.48312379151612184
0.4830577565680613
0.4829915374911168
0.48292513319428737
0.48285854258108185
0.48279176454949396
0.4827247979919769
0.4826576417954186
0.48259029484111715
0.48252275600475447
0.48245502415637265
0.482387098160347
0.48231897687536174
0.4822506591543837
0.4821821438446373
0.4821134297875783
0.48204451581886865
0.48197540076834977
0.481906083460017
0.48183656271199354
0.48176683733650427
0.48169690613984917
0.48162676792237735
0.48155642147846056
0.4814858655964662
0.48141509905873126
0.4813441206415353
0.4812729291150738
0.4812015232434309
0.4811299017845532
0.481058063490222
0.4809860071060261
0.4809137313713352
0.4808412350192721
0.4807685167766854
0.4806955753641224
0.4806224094958003
0.48054901787958054
0.48047539921693927
0.4804015522029405
0.4803274755262078
0.480253167868897
0.4801786279066667
0.4801038543086522
0.48002884573743543
0.47995360084901795
0.4798781182927918
0.47980239671151126
0.4797264347412652
0.479650231011447
0.47957378414472757
0.4794970927570247
0.4794201554574763
0.47934297084841043
0.47926553752531664
0.4791878540768164
0.4791099190846356
0.47903173112357367
0.47895328876147547
0.47887459055920206
0.47879563507060086
0.4787164208424768
0.4786369464145624
0.47855721031948883
0.4784772110827567
0.478396947222705
0.4783164172504829
0.47823561967002004
0.4781545529779959
0.47807321566381084
0.4779916062095556
0.4779097230899821
0.4778275647724733
0.47774512971701294
0.47766241637615614
0.4775794231949987
0.47749614861114725
0.47741259105469025
0.4773287489481655
0.4772446207065323
0.4771602047371399
0.47707549943969774
0.47699050320624514
0.47690521442112105
0.47681963146093376
0.4767337526945301
0.4766475764829663
0.47656110117947587
0.47647432512944105
0.47638724667036114
0.47629986413182257
0.476212175835469
0.4761241800949694
0.47603587521598917
0.47594725949615946
0.47585833122504584
0.4757690886841188
0.47567953014672326
0.4755896538780472
0.4754994581350928
0.4754089411666449
0.4753181012132412
0.47522693650714143
0.47513544527229745
0.47504362572432285
0.4749514760704626
0.47485899450956304
0.4747661792320408
0.47467302841985387
0.4745795402464708
0.4744857128768404
0.4743915444673618
0.4742970331658552
0.4742021771115301
0.4741069744349576
0.47401142325803863
0.47391552169397577
0.4738192678472417
0.47372265981355144
0.47362569567983087
0.4735283735241889
0.47343069141588684
0.47333264741530917
0.47323423957393473
0.4731354659343072
0.47303632453000566
0.4729368133856159
0.47283693051670134
0.4727366739297744
0.47263604162226747
0.4725350315825042
0.47243364178967107
0.47233187021378936
0.47222971481568593
0.47212717354696615
0.47202424434998475
0.47192092515781875
0.4718172138942391
0.4717131084736834
0.47160860680122824
0.47150370677256137
0.47139840627395546
0.47129270318224026
0.4711865953647758
0.4710800806794256
0.47097315697453085
0.4708658220888827
0.47075807385169693
0.4706499100825881
0.4705413285915426
0.470432327178894
0.4703229036352971
0.47021305574170275
0.47010278126933297
0.4699920779796555
0.46988094362435984
0.4697693759453323
0.46965737267463226
0.4695449315344675
0.46943205023717127
0.4693187264851777
0.46920495797100015
0.4690907423772067
0.46897607737639774
0.46886096063118377
0.468745389794163
0.4686293625078997
0.468512876404902
0.46839592910760003
0.46827851822832667
0.46816064136929425
0.468042296122576
0.46792348007008483
0.4678041907835529
0.46768442582451375
0.46756418274428124
0.46744345908393126
0.4673222523742832
0.46720056013588157
0.46707837987897777
0.46695570910351236
0.4668325452990988
0.46670888594500515
0.4665847285101383
0.466460070453028
0.4663349092218104
0.4662092422542125
0.46608306697753854
0.46595638080865337
0.4658291811539698
0.46570146540943436
0.46557323096051273
0.4654444751821787
0.4653151954389001
0.4651853890846271
0.4650550534627812
0.4649241859062419
0.464792783737339
0.46466084426783905
0.4645283647989378
0.4643953426212497
0.4642617750147989
0.46412765924901106
0.4639929925827053
0.4638577722640871
0.4637219955307402
0.4635856596096209
0.4634487617170525
0.46331129905871893
0.46317326882965987
0.4630346682142672
0.4628954943862803
0.4627557445087827
0.4626154157342
0.4624745052042971
0.46233301005017635
0.4621909273922771
0.46204825434037483
0.4619049879935805
0.46176112544034276
0.4616166637584479
0.4614716000150219
0.46132593126653343
0.4611796545587965
0.4610327669269737
0.4608852653955814
0.46073714697849394
0.46058840867894973
0.46043904748955694
0.46028906039230044
0.46013844435855017
0.45998719634906726
0.45983531331401584
0.45968279219296965
0.4595296299149235
0.4593758233983051
0.45922136955098425
0.45906626527028743
0.4589105074430089
0.4587540929454259
0.45859701864331237
0.4584392813919529
0.4582808780361611
0.4581218054102934
0.45796206033826836
0.45780163963358356
0.4576405400993346
0.45747875852823505
0.4573162917026362
0.4571531363945479
0.4569892893656614
0.45682474736737094
0.45665950714079684
0.456493565416811
0.45632691891606036
0.45615956434899363
0.4559914984158871
0.45582271780687267
0.4556532192019642
0.4554829992710895
0.45531205467411706
0.45514038206088825
0.45496797807124845
0.4547948393350785
0.45462096247232864
0.4544463440930525
0.4542709807974405
0.4540948691758566
0.45391800580887487
0.4537403872673156
0.45356201011228436
0.45338287089521045
0.4532029661578876
0.45302229243251313
0.4528408462417316
0.45265862409867497
0.4524756225070077
0.45229183796097044
0.45210726694542475
0.45192190593589965
0.4517357513986379
0.45154879979064433
0.4513610475597344
0.45117249114458324
0.45098312697477694
0.4507929514708634
0.4506019610444046
0.45041015209803015
0.450217521025491
0.4500240642117149
0.44982977803286184
0.4496346588563812
0.4494387030410699
0.44924190693713006
0.4490442668862301
0.448845779221564
0.4486464402679134
0.44844624634171
0.448245193751099
0.44804327879600325
0.44784049776818863
0.4476368469513299
0.44743232262107835
0.4472269210451299
0.44702063848329326
0.44681347118756115
0.44660541540217996
0.44639646736372285
0.44618662330116143
0.4459758794359409
0.4457642319820533
0.4455516771461141
0.4453382111274392
0.4451238301181211
0.4449085303031094
0.4446923078602889
0.4444751589605609
0.44425707976792433
0.44403806643955823
0.4438181151259057
0.44359722197075757
0.4433753831113383
0.44315259467839224
0.4429288527962711
0.4427041535830218
0.4424784931504767
0.442251867604343
0.4420242730442949
0.4417957055640648
0.44156616125153814
0.4413356361888463
0.4411041264524628
0.44087162811329905
0.4406381372368021
0.44040364988305314
0.44016816210686643
0.4399316699578891
0.4396941694807045
0.4394556567149328
0.43921612769533513
0.43897557845191837
0.4387340050100405
0.43849140339051695
0.4382477696097288
0.43800309967973095
0.4377573896083626
0.43751063539935753
0.4372628330524565
0.43701397856352
0.43676406792464284
0.4365130971242685
0.4362610621473069
0.4360079589752505
0.435753783586294
0.43549853195545335
0.435242200054687
0.43498478385301825
0.4347262793166581
0.43446668240912933
0.4342059890913933
0.4339441953219754
0.433681297057094
0.4334172902507899
0.433152170855056
0.4328859348199688
0.4326185780938237
0.4323500966232666
0.43208048635343094
0.4318097432280748
0.43153786318971843
0.4312648421797847
0.4309906761387393
0.43071536100623414
0.43043889272125
0.43016126722224335
0.4298824804472911
0.4296025283342405
0.42932140682085823
0.4290391118449807
0.428755639344669
0.4284709852583605
0.42818514552502696
0.4278981160843309
0.4276098928767852
0.4273204718439138
0.42702984892841434
0.42673802007432265
0.42644498122717783
0.4261507283341913
0.4258552573444166
0.4255585642089191
0.4252606448809515
0.4249614953161279
0.424661111472602
0.4243594893112458
0.42405662479583073
0.4237525138932118
0.4234471525735131
0.4231405368103147
0.4228326625808431
0.42252352586616393
0.4222131226513752
0.42190144892580467
0.42158850068320936
0.42127427392197625
0.4209587646453271
0.4206419688615245
0.42032388258408093
0.4200045018319707
0.4196838226298442
0.4193618410082453
0.4190385530038307
0.418713954659593
0.41838804202508595
0.4180608111566535
0.41773225811766074
0.4174023789787291
0.41707116981797326
0.41673862672124273
0.4164047457823654
0.41606952310339546
0.41573295479486344
0.41539503697603136
0.41505576577514947
0.4147151373297183
0.41437314778675294
0.41402979330305195
0.4136850700454691
0.41333897419119037
0.41299150192801365
0.4126426494546328
0.41229241298092506
0.41194078872824447
0.4115877729297176
0.41123336183054415
0.4108775516883019
0.4105203387732568
0.41016171936867607
0.4098016897711471
0.4094402462909009
0.409077385252139
0.40871310299336744
0.4083473958677332
0.4079802602433677
0.40761169250373336
0.40724168904797736
0.4068702462912889
0.40649736066526243
0.40612302861826677
0.4057472466158184
0.40537001114096166
0.4049913186946535
0.4046111657961543
0.4042295489834254
0.40384646481353004
0.4034619098630434
0.40307588072846606
0.4026883740266449
0.40229938639519963
0.4019089144929559
0.4015169550003849
0.4011235046200489
0.40072856007705293
0.40033211811950487
0.39993417551897914
0.39953472907099075
0.3991337755954727
0.3987313119372631
0.39832733496659684
0.39792184157960603
0.3975148286988267
0.39710629327371255
0.39669623228115647
0.3962846427260196
0.39587152164166584
0.3954568660905061
0.3950406731645487
0.39462293998595777
0.39420366370761883
0.39378284151371207
0.3933604706202949
0.39293654827588825
0.3925110717620755
0.39208403839410616
0.39165544552150744
0.391225290528706
0.3907935708356549
0.3903602838984702
0.3899254272100751
0.38948899830085193
0.38905099473930255
0.38861141413271666
0.38817025412784806
0.38772751241159936
0.3872831867117138
0.3868372747974773
0.3863897744804259
0.38594068361506356
0.38549000009958645
0.3850377218766174
0.3845838469339454
0.38412837330527616
0.3836712990709879
0.38321262235889886
0.3827523413450391
0.38229045425443103
0.3818269593618796
0.3813618549927697
0.380895139523869
0.3804268113841416
0.3799568690555682
0.3794853110739726
0.3790121360298585
0.37853734256924976
0.3780609293945427
0.3775828952653613
0.3771032389994228
0.37662195947340726
0.3761390556238382
0.3756545264479649
0.37516837100465605
0.37468058841529644
0.37419117786469314
0.3737001386019848
0.3732074699415592
0.3727131712639762
0.3722172420168962
0.37171968171601444
0.3712204899460008
0.37071966636144416
0.370217210687803
0.36971312272235946
0.36920740233517974
0.3687000494700767
0.3681910641455789
0.36768044645590187
0.36716819657192423
0.3666543147421669
0.36613880129377535
0.36562165663350454
0.3651028812487084
0.36458247570832863
0.364060440663889
0.3635367768504887
0.3630114850877991
0.3624845662810611
0.3619560214220835
0.36142585159024154
0.3608940579534773
0.3603606417692979
0.35982560438577527
0.359288947242544
0.3587506718717989
0.35821077989929073
0.35766927304532015
0.35712615312572976
0.3565814220528941
0.3560350818367054
0.3554871345855569
0.35493758250732343
0.3543864279103358
0.35383367320435216
0.35327932090152425
0.352723373617358
0.35216583407166896
0.3516067050895306
0.35104598960221695
0.35048369064813684
0.3499198113737635
0.3493543550345519
0.348787324995852
0.34821872473381016
0.34764855783626214
0.34707682800361694
0.34650353904972964
0.3459286949027635
0.34535229960604125
0.3447743573188844
0.34419487231744006
0.34361384899549635
0.3430312918652828
0.3424472055582586
0.341861594825886
0.34127446454038984
0.34068581969550055
0.3400956654071826
0.3395040069143473
0.33891084957954787
0.3383161988896578
0.3377200604565317
0.3371224400176488
0.3365233434367362
0.33592277670437465
0.33532074593858385
0.3347172573853886
0.33411231741936287
0.33350593254415495
0.3328981093929893
0.33228885472914715
0.3316781754464256
0.3310660785695715
0.3304525712546944
0.3298376607896544
0.32922135459442603
0.3286036602214372
0.32798458535588315
0.32736413781601487
0.3267423255534014
0.32611915665316604
0.3254946393341942
0.3248687819493166
0.324241592985462
0.32361308106378395
0.3229832549397577
0.3223521235032495
0.32171969577855486
0.32108598092441
0.3204509882339704
0.3198147271347611
0.31917720718859593
0.31853843809146526
0.3178984296733937
0.3172571918982652
0.3166147348636168
0.31597106880040066
0.31532620407271317
0.31468015117749226
0.3140329207441809
0.3133845235343593
0.312734970441341
0.3120842724897401
0.3114324408349992
0.3107794867628892
0.310125421688971
0.3094702571580257
0.30881400484344934
0.3081566765466144
0.30749828419619596
0.3068388398474641
0.30617835568154167
0.30551684400462753
0.30485431724718576
0.30419078796309906
0.3035262688287889
0.3028607726423009
0.3021943123223545
0.30152690090736145
0.3008585515544048
0.30018927753818936
0.29951909224995327
0.298848009196348
0.2981760419982853
0.29750320438974737
0.2968295102165659
0.2961549734351674
0.2954796081112844
0.29480342841863527
0.2941264486375694
0.29344868315368194
0.29277014645639443
0.2920908531375065
0.2914108178897117
0.29073005550508635
0.2900485808735449
0.28936640898126587
0.2886835549090875
0.2880000338308731
0.28731586101184753
0.28663105180690546
0.2859456216588889
0.28525958609683977
0.28457296073422256
0.28388576126712073
0.283198003472406
0.2825097032058838
0.2818208764004094
0.2811315390639823
0.2804417072778149
0.27975139719437714
0.27906062503541845
0.27836940708996605
0.2776777597123029
0.2769856993199223
0.27629324239146247
0.2756004054646213
0.274907205134051
0.27421365804923414
0.2735197809123414
0.2728255904760718
0.2721311035414763
0.2714363369557648
0.27074130761009874
0.27004603243736747
0.26935052840995244
0.2686548125374762
0.2679589018645413
0.2672628134684546
0.26656656445694404
0.26587017196586116
0.26517365315687813
0.26447702521517313
0.2637803053471092
0.26308351077790604
0.2623866587493049
0.2616897665172278
0.2609928513494329
0.26029593052316474
0.2595990213228021
0.2589021410375031
0.25820530695884825
0.25750853637848364
0.2568118465857639
0.2561152548653945
0.25541877849507705
0.25472243474315737
0.2540262408662744
0.2533302141070157
0.2526343716915748
0.25193873082741697
0.25124330870094896
0.250548122475196
0.24985318928748768
0.24915852624715112
0.2484641504332144
0.24777007889211805
0.24707632863544032
0.24638291663763012
0.24568985983375607
0.24499717511726476
0.24430487933775533
0.2436129892987661
0.2429215217555784
0.24223049341303438
0.241539920923371
0.2408498208840723
0.2401602098357385
0.239471104259972
0.23878252057728552
0.23809447514502594
0.23740698425532095
0.23672006413304497
0.23603373093380642
0.23534800074195766
0.23466288956862566
0.23397841334976743
0.23329458794424734
0.2326114291319393
0.23192895261185204
0.2312471740002814
0.23056610882898587
0.22988577254338943
0.22920618050080938
0.2285273479687124
0.22784929012299576
0.22717202204629844
0.2264955587263374
0.2258199150542741
0.2251451058231094
0.22447114572610627
0.2237980493552426
0.22312583119969404
0.222454505644345
0.22178408696833185
0.22111458934361508
0.22044602683358294
0.21977841339168483
0.21911176286009756
0.21844608896842055
0.2177814053324051
0.21711772545271318
0.21645506271370935
0.2157934303822835
0.21513284160670684
0.21447330941551962
0.2138148467164502
0.21315746629536786
0.212501180815268
0.21184600281528754
0.21119194470975647
0.21053901878727863
0.20988723720984698
0.2092366120119912
0.20858715509995607
0.20793887825091578
0.2072917931122164
0.20664591120065467
0.20600124390178665
0.20535780246926905
0.20471559802423378
0.20407464155469315
0.20343494391497763
0.2027965158252054
0.20215936787078378
0.20152351050194114
0.20088895403329127
0.2002557086434283
0.19962378437455258
0.19899319113212752
0.1983639386845669
0.19773603666295217
0.19710949456077997
0.19648432173374075
0.19586052739952448
0.195238120637658
0.19461711038937016
0.1939975054574864
0.19337931450635187
0.19276254606178211
0.19214720851104233
0.1915333101028542
0.19092085894743
0.19030986301653352
0.18970033014356777
0.18909226802368928
0.188485684213948
0.187880586133454
0.18727698106356716
0.18667487614811423
0.18607427839362972
0.18547519466962034
0.18487763170885418
0.18428159610767314
0.18368709432632824
0.18309413268933855
0.18250271738587118
0.18191285447014446
0.1813245498618522
0.18073780934660855
0.1801526385764157
0.17956904307014943
0.1789870282140666
0.1784065992623312
0.17782776133756079
0.17725051943138964
0.17667487840505347
0.17610084298998893
0.17552841778845285
0.17495760727415838
0.1743884157929269
0.17382084756335758
0.17325490667751225
0.172690597101616
0.1721279226767734
0.17156688711969875
0.17100749402346122
0.17044974685824393
0.16989364897211695
0.16933920359182206
0.16878641382357273
0.16823528265386428
0.1676858129502973
0.1671380074624121
0.1665918688225349
0.1660473995466345
0.16550460203518946
0.1649634785740652
0.16442403133540165
0.1638862623785095
0.1633501736507746
0.16281576698857364
0.16228304411819502
0.16175200665676873
0.16122265611320546
0.16069499388913971
0.1601690212798822
0.15964473947537766
0.15912214956116907
0.1586012525193674
0.1580820492296272
0.15756454047012675
0.1570487269185535
0.15653460915309417
0.15602218765342823
0.15551146280172518
0.1550024348836468
0.15449510408935063
0.15398947051449854
0.1534855341612646
0.1529832949393502
0.15248275266699618
0.15198390707199977
0.15148675779273205
0.15099130437915723
0.15049754629385168
0.15000548291302496
0.1495151135275397
0.149026437343934
0.14853945348544081
0.1480541609930102
0.14757055882632747
0.14708864586483383
0.1466084209087441
0.14612988268006277
0.1456530298236008
0.1451778609079884
0.14470437442668704
0.14423256879899868
0.14376244237107397
0.14329399341691632
0.14282722013938434
0.14236212067119072
0.1418986930758984
0.14143693534891408
0.1409768454184765
0.1405184211466427
0.14006166033027023
0.13960656070199493
0.13915311993120535
0.13870133562501147
0.13825120532921104
0.13780272652924985
0.13735589665117814
0.1369107130626015
0.13646717307362724
0.1360252739378063
0.1355850128530683
0.13514638696265346
0.134709393356037
0.1342740290698494
0.13384029108879023
0.13340817634653737
0.13297768172664845
0.13254880406345845
0.13212154014296956
0.1316958867037362
0.13127184043774306
0.1308493979912774
0.13042855596579367
0.13000931091877438
0.12959165936458125
0.12917559777530246
0.12876112258159106
0.128348230173499
0.127936916901302
0.12752717907631958
0.1271190129717274
0.12671241482336218
0.12630738083052087
0.12590390715675184
0.1255019899306397
0.12510162524658208
0.1247028091655613
0.12430553771590595
0.12390980689404824
0.12351561266527256
0.12312295096445688
0.1227318176968075
0.12234220873858626
0.12195411993783051
0.12156754711506564
0.1211824860640111
0.12079893255227753
0.12041688232205869
0.12003633109081434
0.11965727455194643
0.11927970837546903
0.11890362820866866
0.1185290296767594
0.11815590838352996
0.1177842599119833
0.11741407982496925
0.11704536366580973
0.11667810695891699
0.11631230521040395
0.11594795390868817
0.11558504852508868
0.11522358451441356
0.1148635573155441
0.11450496235200829
0.11414779503254896
0.11379205075168515
0.1134377248902646
0.11308481281601154
0.1127333098840656
0.1123832114375149
0.11203451280792154
0.11168720931584039
0.1113412962713314
0.11099676897446412
0.11065362271581665
0.11031185277696685
0.10997145443097736
0.10963242294287313
0.10929475357011358
0.10895844156305715
0.10862348216541969
0.10828987061472606
0.10795760214275538
0.10762667197598014
0.10729707533599842
0.1069688074399598
0.1066418635009853
0.10631623872858094
0.10599192832904468
0.10566892750586773
0.10534723146012961
0.10502683539088666
0.10470773449555525
0.10438992397028843
0.1040733990103467
0.1037581548104634
0.10344418656520366
0.10313148946931777
0.10282005871808893
0.10250988950767516
0.1022009770354457
0.10189331650031193
0.10158690310305185
0.10128173204663049
0.10097779853651428
0.10067509778097898
0.10037362499141461
0.10007337538262245
0.09977434417310904
0.09947652658537333
0.09917991784618978
0.09888451318688615
0.09859030784361551
0.09829729705762505
0.09800547607551738
0.09771484014950935
0.09742538453768501
0.09713710450424355
0.096849995319743
0.09656405226133971
0.09627927061302134
0.09599564566583796
0.0957131727181262
0.09543184707573094
0.09515166405222074
0.09487261896910043
0.09459470715601884
0.09431792395097165
0.09404226470050092
0.09376772475989038
0.09349429949335611
0.09322198427423309
0.09295077448515886
0.09268066551825177
0.092411652775286
0.09214373166786324
0.09187689761757914
0.09161114605618785
0.09134647242576074
0.09108287217884332
0.0908203407786077
0.09055887369900102
0.09029846642489132
0.09003911445220933
0.08978081328808682
0.08952355845099165
0.08926734547085967
0.08901216988922307
0.08875802725933557
0.0885049131462937
0.08825282312715685
0.08800175279106175
0.08775169773933557
0.08750265358560518
0.0872546159559034
0.08700758048877343
0.08676154283536845
0.08651649865954991
0.08627244363798227
0.08602937346022528
0.08578728382882281
0.08554617045939031
0.08530602908069804
0.08506685543475279
0.08482864527687663
0.08459139437578264
0.08435509851364928
0.08411975348619087
0.08388535510272699
0.08365189918624835
0.08341938157348068
0.08318779811494689
0.08295714467502574
0.08272741713200968
0.08249861137815906
0.08227072331975477
0.08204374887714937
0.081817683984815
0.08159252459138963
0.08136826665972151
0.08114490616691138
0.08092243910435273
0.08070086147776986
0.08048016930725449
0.0802603586273003
0.08004142548683513
0.07982336594925206
0.07960617609243859
0.07938985200880332
0.07917438980530199
0.07895978560346101
0.07874603553939966
0.07853313576385004
0.07832108244217692
0.07810987175439386
0.07789949989517975
0.07768996307389243
0.07748125751458171
0.07727337945599999
0.07706632515161266
0.07686009086960574
0.07665467289289327
0.07645006751912223
0.0762462710606772
0.07604327984468306
0.07584109021300603
0.07563969852225466
0.07543910114377816
0.07523929446366479
0.07504027488273764
0.07484203881655055
0.07464458269538211
0.07444790296422911
0.07425199608279776
0.07405685852549491
0.07386248678141827
0.07366887735434438
0.07347602676271683
0.073283931539633
0.0730925882328294
0.07290199340466638
0.07271214363211276
0.07252303550672755
0.07233466563464284
0.07214703063654432
0.0719601271476516
0.07177395181769797
0.0715885013109081
0.07140377230597661
0.07121976149604428
0.07103646558867485
0.0708538813058298
0.07067200538384304
0.07049083457339535
0.0703103656394868
0.07013059536140981
0.0699515205327205
0.0697731379612104
0.06959544446887647
0.0694184368918909
0.06924211208057085
0.0690664668993466
0.06889149822672992
0.06871720295528116
0.06854357799157677
0.06837062025617506
0.06819832668358237
0.06802669422221848
0.06785571983438095
0.06768540049621019
0.06751573319765246
0.06734671494242407
0.06717834274797373
0.06701061364544506
0.06684352467963925
0.066677072908976
0.06651125540545487
0.0663460692546167
0.06618151155550353
0.06601757942061859
0.06585426997588655
0.0656915803606126
0.06552950772744139
0.06536804924231593
0.06520720208443602
0.06504696344621622
0.06488733053324387
0.06472830056423622
0.06456987077099804
0.06441203839837828
0.06425480070422712
0.06409815495935203
0.0639420984474744
0.06378662846518517
0.06363174232190094
0.06347743733981898
0.06332371085387338
0.06317056021168926
0.06301798277353858
0.06286597591229441
0.06271453701338553
0.06256366347475109
0.06241335270679486
0.06226360213233916
0.06211440918657897
0.061965771317035886
0.06181768598351163
0.061670150658041704
0.061523162824848814
0.06137671998029655
0.06123081963284224
0.06108545930299026
0.06094063652324515
0.06079634883806489
0.06065259380381298
0.060509368988712085
0.06036667197279682
0.06022450034786595
0.060082851717435146
0.059941723696689826
0.05980111391243802
0.059661020003062004
0.05952143961847174
0.059382370420056625
0.059243810080638414
0.05910575628442341
0.05896820672695494
0.05883115911506563
0.05869461116683019
0.05855856061151726
0.058423005189542396
0.058287942652419905
0.058153370762715734
0.05801928729399965
0.057885690030797875
0.05775257676854521
0.057619945313538146
0.05748779348288694
0.0573561191044684
0.05722492001687834
0.05709419406938453
0.056963939121879234
0.056834153044831755
0.056704833719241815
0.05657597903659195
0.05644758689880075
0.056319655218175536
0.05619218191736566
0.05606516492931581
0.055938602197218766
0.055812491674469056
0.055686831324616264
0.05556161912131814
0.055436853048294814
0.0553125310992815
0.05518865127798322
0.0550652115980277
0.05494221008291974
0.054819644765994976
0.05469751369037438
0.05457581490891786
0.05445454648417872
0.05433370648835857
0.054213293003261
0.05409330412024669
0.053973737940188095
0.05385459257342399
0.053735866139714865
0.0536175567681975
0.053499662597340444
0.053382181774899284
0.05326511245787187
0.05314845281245413
0.053032201013995466
0.05291635524695457
0.05280091370485583
0.05268587459024449
0.052571236114643496
0.052456996498509836
0.05234315397119041
0.052229706770879084
0.05211665314457332
0.052003991348030895
0.05189171964572694
0.05177983631081118
0.0516683396250649
0.051557227878858636
0.0514464993711098
0.05133615240923986
0.05122618530913266
0.05111659639509222
0.0510073839998008
0.050898546464277376
0.05079008213783569
0.05068198937804333
0.05057426655067993
0.05046691202969632
0.05035992419717333
0.05025330144328131
0.050147042166239136
0.05004114477227363
0.0499356076755796
