0.5566724657764714
0.6446519883795121
0.6203112949717355
0.5975569449801781
0.5775969495740106
0.561165566547277
0.5484865091835485
0.5392880894837148
0.5329743139902379
0.5288411948842668
0.5262399660682668
0.5246549440670323
0.5237148058269394
0.5231700111379426
0.5228609529873839
0.5226891935672717
0.5225956870847068
0.5225458060722672
0.5225196427409033
0.5225059724312306
0.5224986005658728
0.5224941979583423
0.5224910394947826
0.5224882799401172
0.5224855440552638
0.5224826982067636
0.5224797254997893
0.5224766592252819
0.5224735486889271
0.5224704427016371
0.5224673824688267
0.5224643993018045
0.5224615146594651
0.5224587411956763
0.5224560841330589
0.5224535426347472
0.5224511110321153
0.5224487798620084
0.5224465367132549
0.5224443669022556
0.522442254004046
0.5224401802653227
0.5224381269232011
0.5224360744498082
0.522434002739132
0.5224318912492425
0.5224297191101951
0.5224274652056428
0.5224251082343535
0.5224226267563938
0.522419999227616
0.5224172040252318
0.5224142194665797
0.5224110238226958
0.5224075953279077
0.5224039121863728
0.522399952576267
0.5223956946521529
0.5223911165459316
0.522386196366687
0.5223809121996517
0.5223752421044767
0.5223691641129375
0.5223626562261828
0.522355696411605
0.5223482625993955
0.5223403326788351
0.5223318844943554
0.5223228958414063
0.5223133444621512
0.522303208041016
0.5222924642001052
0.5222810904945059
0.5222690644074902
0.5222563633456319
0.5222429646338484
0.5222288455103812
0.5222139831217235
0.5221983545175111
0.5221819366453817
0.5221647063458221
0.5221466403470056
0.5221277152596391
0.5221079075718273
0.522087193643969
0.5220655497036961
0.5220429518408695
0.5220193760026451
0.5219947979886238
0.521969193446099
0.5219425378654178
0.5219148065754694
0.5218859747393177
0.5218560173499941
0.5218249092264653
0.5217926250097974
0.5217591391595299
0.5217244259502807
0.5216884594685999
0.5216512136100921
0.521612662076828
0.5215727783750649
0.5215315358132993
0.5214889075006695
0.5214448663457381
0.5213993850556684
0.5213524361358265
0.5213039918898278
0.5212540244200559
0.5212025056286783
0.5211494072191845
0.5210947006984734
0.5210383573795159
0.5209803483846221
0.5209206446493381
0.520859216927001
0.5207960357939821
0.5207310716556439
0.5206642947530413
0.5205956751703932
0.520525182843356
0.5204527875681242
0.5203784590113871
0.5203021667211687
0.5202238801385782
0.5201435686104965
0.5200612014032238
0.5199767477171132
0.519890176702213
0.5198014574749387
0.5197105591357954
0.5196174507881685
0.5195221015581983
0.5194244806157537
0.5193245571965145
0.5192223006251706
0.5191176803397477
0.5190106659170539
0.5189012270992546
0.5187893338215618
0.5186749562410347
0.5185580647664729
0.5184386300893867
0.5183166232160156
0.5181920155003716
0.5180647786782653
0.5179348849022785
0.5178023067776324
0.5176670173988979
0.5175289903874866
0.5173881999298542
0.5172446208163403
0.5170982284805591
0.5169489990392551
0.5167969093325182
0.5166419369642559
0.5164840603428051
0.5163232587215626
0.5161595122395004
0.5159928019614302
0.515823109917867
0.5156504191443421
0.5154747137199993
0.5152959788053121
0.5151142006787408
0.5149293667721575
0.5147414657048461
0.514550487315894
0.5143564226947778
0.5141592642099496
0.5139590055352258
0.5137556416737792
0.513549168979537
0.5133395851757874
0.5131268893708038
0.5129110820702949
0.5126921651864988
0.5124701420437449
0.5122450173803166
0.5120167973464584
0.5117854894983837
0.5115511027881469
0.5113136475492744
0.5110731354780456
0.5108295796103497
0.5105829942940552
0.5103333951568558
0.5100807990695742
0.5098252241049338
0.5095666894918309
0.5093052155651678
0.5090408237113325
0.5087735363094412
0.5085033766684853
0.5082303689605556
0.5079545381503415
0.5076759099211383
0.5073945105976124
0.5071103670656165
0.5068235066893574
0.5065339572262579
0.5062417467398697
0.5059469035112174
0.5056494559489808
0.5053494324989279
0.5050468615530407
0.5047417713587776
0.5044341899289342
0.5041241449525656
0.5038116637074418
0.503496772974507
0.5031794989548083
0.5028598671893604
0.5025379024823944
0.502213628828434
0.5018870693436207
0.5015582462016933
0.5012271805750025
0.5008938925809148
0.5005584012339342
0.5002207244038345
0.4998808787800617
0.4995388798426361
0.49919474183973106
0.49884847777208163
0.49850009938432344
0.4981496171633225
0.49779704034351846
0.49744237691925075
0.49708563366400366
0.4967268161564551
0.4963659288131778
0.4960029749277961
0.4956379567163633
0.4952708753686872
0.4949017311052948
0.49453052323969315
0.4941572502455529
0.49378190982841463
0.493404499001488
0.4930250141650985
0.4926434511893144
0.4922598054992709
0.4918740721626986
0.49148624597915735
0.4910963215704685
0.49070429347183964
0.4903101562231814
0.489913904460117
0.4895155330041994
0.489115036951861
0.48871241176163827
0.48830765333923004
0.48790075811997047
0.48749172314832034
0.4870805461540071
0.48666722562446807
0.4862517608732807
0.4858341521042971
0.48541440047122353
0.4849925081324249
0.4845684783007569
0.4841423152882693
0.4837140245456494
0.48328361269630676
0.48285108756503337
0.4824164582011998
0.4819797348964817
0.48154092919712915
0.48110005391083127
0.4806571231082405
0.48021215211925083
0.4797651575241456
0.47931615713974773
0.4788651700007259
0.4784122163362253
0.477957317542005
0.4775004961482793
0.4770417757834685
0.47658118113407644
0.47611873790091713
0.4756544727519192
0.4751884132717439
0.4747205879084505
0.4742510259174505
0.47377975730298416
0.47330681275736164
0.4728322235982011
0.47235602170389684
0.47187823944754814
0.4713989096295693
0.4709180654092049
0.4704357402351593
0.4699519677755518
0.46946678184739554
0.46898021634579634
0.4684923051730592
0.46800308216788244
0.46751258103481436
0.4670208352741372
0.46652787811234286
0.4660337424333495
0.465538460710609
0.46504206494024536
0.46454458657536035
0.46404605646163416
0.46354650477434645
0.4630459609569375
0.4625444536612234
0.46204201068937556
0.46153865893777174
0.46103442434282027
0.46052933182885825
0.4600234052582179
0.45951666738355634
0.459009139802539
0.45850084291496374
0.45799179588241357
0.45748201659052057
0.4569715216139235
0.4564603261839968
0.4559484441594307
0.4554358879997361
0.45492266874174725
0.4544087959791917
0.45389427784539566
0.453379120999188
0.4528633306140638
0.45234691037066227
0.45182986245261325
0.4513121875457976
0.4507938848410614
0.4502749520404236
0.44975538536679793
0.44923517957725617
0.44871432797984084
0.44819282245393144
0.4476706534741579
0.4471478101378421
0.44662428019594047
0.4461000500874449
0.4455751049771912
0.44504942879700465
0.4445230042901039
0.4439958130586684
0.4434678356144594
0.4429390514323653
0.4424094390067387
0.4418789759103625
0.4413476388558784
0.4408154037594897
0.44028224580674025
0.43974813952015257
0.4392130588285018
0.43867697713748
0.4381398674015057
0.4376017021964128
0.4370624537927534
0.4365220942294343
0.4359805953874087
0.435437929063136
0.43489406704152406
0.4343489811680662
0.43380264341989183
0.43325502597545046
0.4327061012825563
0.4321558421245332
0.43160422168420387
0.43105121360548715
0.43049679205237756
0.4299409317650968
0.4293836081132295
0.4288247971456689
0.4282644756372218
0.4277026211317412
0.4271392119816766
0.4265742273839562
0.42600764741213154
0.4254394530447414
0.4248696261898723
0.42429814970590907
0.42372500741849317
0.4231501841337223
0.4225736656476418
0.4219954387520928
0.42141549123699784
0.4208338118891745
0.4202503904877808
0.4196652177965009
0.41907828555258875
0.41848958645289264
0.417899114136987
0.41730686316753646
0.4167128290080251
0.41611700799797513
0.4155193973257799
0.41491999499927984
0.4143187998141946
0.4137158113205311
0.41311102978707553
0.41250445616407905
0.4118960920442332
0.4112859396220356
0.4106740016516348
0.4100602814032399
0.40944478261818096
0.40882750946269353
0.4082084664805057
0.40758765854429757
0.4069650908061036
0.40634076864672286
0.4057146976242065
0.40508688342148125
0.4044573317931788
0.4038260485117295
0.4031930393127862
0.4025583098400412
0.4019218655894991
0.40128371185327133
0.4006438536629563
0.4000022957326713
0.3993590424018006
0.39871409757752985
0.39806746467722814
0.3974191465707513
0.3967691455227268
0.39611746313489243
0.3954641002885508
0.3948090570872086
0.3941523327994604
0.393493925802186
0.392833833524117
0.3921720523898347
0.39150857776425785
0.3908434038976724
0.3901765238713599
0.3895079295438685
0.38883761149798163
0.3881655589884194
0.3874917598903217
0.38681620064854405
0.3861388662278067
0.3854597400637201
0.3847788040147252
0.384096038314962
0.3834114215280955
0.38272493050211276
0.3820365403251081
0.38134622428206716
0.38065395381265976
0.3799596984700463
0.3792634258807027
0.3785651017052657
0.37786468960039493
0.37716215118165136
0.3764574459873866
0.37575053144363535
0.37504136283000444
0.37432989324654947
0.37361607358162946
0.3728998524807271
0.3721811763162278
0.3714599891581414
0.3707362327457609
0.3700098464602447
0.36928076729811604
0.3685489298456672
0.3678142662542654
0.3670767062165551
0.36633617694355125
0.36559260314262537
0.3648459069963865
0.36409600814246246
0.3633428236541889
0.36258626802222405
0.36182625313710226
0.3610626882727507
0.3602954800709991
0.35952453252711414
0.35874974697640033
0.3579710220819166
0.35718825382336156
0.35640133548719155
0.35561015765804815
0.35481460821157224
0.3540145723087035
0.3532099323915661
0.3524005681810596
0.35158635667628796
0.3507671721559661
0.349942886181972
0.3491133676052145
0.3482784825740183
0.3474380945452362
0.3465920642983283
0.3457402499526612
0.34488250698831346
0.34401868827069104
0.3431486440792891
0.34227222214096337
0.3413892676681062
0.3404996234021539
0.33960312966289014
0.33869962440404483
0.3377889432757277
0.33687091969428007
0.3359453849201661
0.3350121681445777
0.33407109658547124
0.3331219955938024
0.3321646887707822
0.3311989980970238
0.3302247440745124
0.3292417458823763
0.3282498215475005
0.3272487881310766
0.3262384619322384
0.3252186587099861
0.32418919392465545
0.3231498830002313
0.32210054160885515
0.32104098597890973
0.3199710332280948
0.31889050172293293
0.31779921146614987
0.3166969845133775
0.31558364542060807
0.31445902172378953
0.31332294445190556
0.3121752486747992
0.31101577408689424
0.309844365627845
0.3086608741409649
0.30746515707009925
0.30625707919535716
0.30503651340784177
0.3038033415231926
0.30255745513337995
0.3012987564957725
0.30002715945802294
0.2987425904167989
0.2974449893078082
0.2961343106239395
0.2948105244576759
0.2934736175632066
0.292123594432925
0.29076047838219077
0.2893843126354449
0.2879951614059278
0.2865931109604356
0.2851782706597479
0.2837507739645775
0.2823107793961921
0.2808584714401934
0.279394061381405
0.27791778805738176
0.2764299185177683
0.27493074857661254
0.2734206032448049
0.27189983703008835
0.2703688340925837
0.26882800824451986
0.26727780278384367
0.26571869015263505
0.26415117141275185
0.2625757755328604
0.2609930584829944
0.2594036021349421
0.2578080129691146
0.25620692059102795
0.25460097606309806
0.25299085006005184
0.25137723085885577
0.24976082217656775
0.24814234087190573
0.2465225145285187
0.24490207893988578
0.2432817755174154
0.24166234864463443
0.24004454300127703
0.2384291008816274
0.23681675953158315
0.23520824852861194
0.23360428722805915
0.23200558229817284
0.23041282536474544
0.22882669078449952
0.22724783356427197
0.22567688744079037
0.22411446313337
0.22256114677931055
0.22101749855916955
0.21948405151647532
0.21796131057391663
0.21644975174559727
0.2149498215426723
0.2134619365675733
0.21198648329014935
0.21052381799739936
0.20907426690706016
0.20763812643416832
0.20621566359880966
0.2048071165626178
0.2034126952811608
0.2020325822591606
0.20066693339547945
0.19931587890499947
0.19797952430484567
0.19665795145288317
0.19535121962699462
0.19405936663431478
0.19278240994033846
0.191520347808599
0.19027316044242903
0.18904081112113771
0.18782324732376723
0.18662040183439646
0.1854321938237439
0.18425852990258118
0.18309930514317502
0.18195440406564745
0.18082370158676797
0.1797070639292606
0.17860434949023088
0.17751540966779694
0.1764400896454163
0.17537822913379086
0.17432966307054767
0.1732942222781847
0.1722717340810133
0.17126202288203343
0.17026491070084993
0.1692802176738777
0.16830776251819124
0.16734736296046218
0.1663988361324853
0.1654619989348371
0.1645366683702295
0.16362266184813465
0.1627197974622424
0.16182789424229838
0.16094677238184482
0.16007625344334334
0.1592161605421251
0.15836631851055916
0.1575265540437852
0.15669669582829482
0.15587657465459692
0.15506602351513907
0.1542648776886022
0.15347297481162425
0.15269015493895602
0.15191626059298832
0.15115113680353934
0.15039463113873666
0.1496465937277699
0.14890687727624954
0.14817533707484704
0.14745183100185527
0.14673621952025678
0.1460283656698494
0.1453281350549334
0.14463539582803467
0.14395001867009438
0.14327187676752598
0.1426008457865075
0.14193680384485058
0.1412796314817516
0.1406292116257163
0.1399854295609114
0.13934817289218787
0.13871733150898646
0.1380927975483272
0.1374744653570601
0.13686223145353896
0.13625599448886547
0.13565565520783746
0.1350611164097188
0.13447228290893715
0.13388906149580937
0.13331136089737589
0.13273909173842247
0.132172166502756
0.13161049949479595
0.13105400680153023
0.13050260625488405
0.12995621739454244
0.1294147614312566
0.12887816121066784
0.1283463411776728
0.12781922734134865
0.1272967472404582
0.12677882990954759
0.1262654058456475
0.12575640697558585
0.1252517666239178
0.1247514194814773
0.12425530157455153
0.12376335023467705
0.12327550406905793
0.12279170293160288
0.12231188789457535
0.12183600122085292
0.12136398633679085
0.12089578780568151
0.12043135130180264
0.11997062358504637
0.1195135524761211
0.11906008683231685
0.11861017652382404
0.11816377241059807
0.11772082631975739
0.11728129102350825
0.11684512021758268
0.11641226850018233
0.11598269135141623
0.11555634511322363
0.11513318696977033
0.1147131749283105
0.11429626780050006
0.1138824251841564
0.11347160744545248
0.11306377570153318
0.11265889180354774
0.11225691832008816
0.11185781852102208
0.1114615563617135
0.11106809646762014
0.1106774041192605
0.1102894452375399
0.10990418636942899
0.1095215946739847
0.10914163790870576
0.108764284416216
0.10838950311126458
0.10801726346804036
0.10764753550778702
0.10728028978671571
0.10691549738420746
0.10655312989129584
0.10619315939942654
0.10583555848948387
0.10548030022108065
0.10512735812210192
0.10477670617849946
0.10442831882432822
0.10408217093202021
0.10373823780289076
0.10339649515786907
0.10305691912844893
0.10271948624785605
0.10238417344242327
0.10205095802316963
0.10171981767758033
0.10139073046158117
0.10106367479170143
0.10073862943742248
0.10041557351370761
0.10009448647370695
0.0997753481016348
0.09945813850581492
0.09914283811188808
0.09882942765618116
0.09851788817922993
0.09820820101945471
0.09790034780698444
0.09759431045762412
0.09729007116696482
0.09698761240462955
0.09668691690865491
0.09638796768000278
0.09609074797720013
0.09579524131110226
0.09550143143978079
0.09520930236352679
0.09491883831997122
0.09463002377931867
0.0943428434396908
0.09405728222257699
0.09377332526839148
0.09349095793212991
0.09321016577912991
0.09293093458092433
0.09265325031119401
0.09237709914181065
0.09210246743897074
0.09182934175941884
0.09155770884675546
0.09128755562783085
0.09101886920921914
0.09075163687377381
0.09048584607726137
0.09022148444507007
0.08995853976899452
0.08969700000409174
0.08943685326560928
0.08917808782598105
0.08892069211189281
0.08866465470141065
0.08840996432117647
0.08815660984366452
0.0879045802845001
0.08765386479983706
0.0874044526837946
0.08715633336595038
0.08690949640888958
0.08666393150580753
0.0864196284781664
0.08617657727340142
0.0859347679626806
0.08569419073871087
0.08545483591359322
0.08521669391672536
0.08497975529274918
0.08474401069954307
0.08450945090625814
0.08427606679139672
0.08404384934093315
0.08381278964647342
0.08358287890345524
0.08335410840938874
0.0831264695621305
0.08289995385819895
0.08267455289112259
0.0824502583498248
0.08222706201704177
0.08200495576777625
0.08178393156778022
0.0815639814720733
0.08134509762348907
0.0811272722512541
0.08091049766959563
0.08069476627637767
0.0804800705517671
0.08026640305692564
0.08005375643272981
0.07984212339851685
0.07963149675085646
0.07942186936234788
0.07921323418044095
0.07900558422628148
0.07879891259358116
0.07859321244750733
0.07838847702359837
0.07818469962669893
0.07798187362991746
0.0777799924736034
0.0775790496643463
0.07737903877399319
0.07717995343868636
0.07698178735792015
0.07678453429361574
0.07658818806921355
0.07639274256878513
0.07619819173616069
0.07600452957407357
0.07581175014332257
0.07561984756194902
0.07542881600442969
0.0752386497008863
0.07504934293630872
0.07486089004979313
0.07467328543379614
0.0744865235333999
0.07430059884559383
0.07411550591856869
0.07393123935102335
0.07374779379148425
0.07356516393763984
0.07338334453568271
0.07320233037966899
0.07302211631088505
0.07284269721722811
0.07266406803259777
0.07248622373629754
0.07230915935244837
0.07213286994941188
0.07195735063922343
0.0717825965770369
0.0716086029605767
0.07143536502960274
0.07126287806538156
0.0710911373901683
0.0709201383666976
0.07074987639768332
0.0705803469253259
0.07041154543082977
0.0702434674339277
0.07007610849241373
0.0699094642016836
0.06974353019428375
0.06957830213946715
0.06941377574275687
0.06924994674551656
0.06908681092452819
0.06892436409157754
0.06876260209304505
0.06860152080950445
0.06844111615532698
0.0682813840782932
0.06812232055921048
0.06796392161153539
0.06780618328100506
0.06764910164527106
0.0674926728135415
0.06733689292622726
0.06718175815459525
0.06702726470042532
0.06687340879567379
0.06672018670214137
0.06656759471114762
0.06641562914320814
0.06626428634771869
0.06611356270264267
0.06596345461420458
0.06581395851658732
0.06566507087163329
0.06551678816855257
0.06536910692363161
0.06522202367994998
0.06507553500709858
0.06492963750090293
0.06478432778315082
0.06463960250132386
0.06449545832833155
0.0643518919622519
0.06420890012607211
0.06406647956743666
0.06392462705839556
0.06378333939515984
0.0636426133978559
0.06350244591028775
0.06336283379969995
0.0632237739565443
0.06308526329424974
0.06294729874899631
0.06280987727949094
0.06267299586674638
0.06253665151386396
0.06240084124581942
0.062265562109249446
0.06213081117224429
0.06199658552413986
0.061862882275315646
0.061729698556992584
0.061597031521035475
0.061464878339756834
0.0613332362057242
0.06120210233156903
0.06107147394979849
0.06094134831260957
0.060811722691706135
0.06068259437811681
0.060553960682017065
0.06042581893255248
0.060298166477663034
0.06017100068391278
0.0600443189363187
0.059918118638181986
0.05979239721092375
0.059667152093919866
0.05954238074433932
0.05941808063698438
0.05929424926413257
0.05917088413538042
0.05904798277748892
0.05892554273423171
0.05880356156624393
0.05868203685087364
0.05856096618203452
0.05844034717006073
0.05832017744156286
0.058200454639286366
0.058081176421970984
0.05796234046421157
0.05784394445632238
0.05772598610419944
0.05760846312918777
0.05749137326794898
0.057374714272329305
0.05725848390923131
0.05714267996048438
0.057027300222719096
0.05691234250724184
0.05679780463990998
0.056683684461011026
0.05656997982513964
0.056456688601079476
0.05634380867168296
0.05623133793375576
0.056119274297939795
0.05600761568859828
0.055896360043702825
0.05578550531472132
0.055675049466506116
0.055564990477184974
0.05545532633805157
0.05534605505345801
0.055237174640709395
0.05512868312995711
0.055020578564094993
0.05491285899865696
0.054805522501714006
0.0546985671537734
0.05459199104767891
0.054485792288511525
0.054379968993492185
0.054274519291883795
0.054169441324896206
0.05406473324559041
0.05396039321878543
0.05385641942096441
0.0537528100401827
0.053649563275977
0.0535466773392744
0.05344415045230344
0.053341980848505756
0.0532401667724475
0.0531387064797333
0.05303759823692043
0.05293684032143297
0.05283643102147811
0.052736368635962434
0.0526366514744097
0.052537277856878284
0.05243824611388083
0.05233955458630302
0.05224120162532538
0.05214318559234331
0.05204550485888957
0.05194815780655754
0.051851142826923304
0.05175445832147149
0.051658102701519125
0.05156207438814111
0.05146637181209755
0.05137099341375982
0.05127593764303841
0.05118120295931172
0.05108678783135448
0.05099269073726804
0.05089891016441012
0.05080544460932573
0.050712292577679556
0.05061945258418767
0.05052692315254973
0.05043470281538348
0.05034279011415876
0.05025118359913113
0.05015988182927797
0.05006888337223419
0.049978186804228455
