0.47975780555323355
0.5321145637678828
0.5306533932311926
0.5294612771125828
0.5287151754038675
0.5282516557279123
0.5279629333644109
0.5277806706908131
0.5276624012362161
0.5275821470114846
0.5275242216551191
0.5274792611397736
0.5274417363430944
0.527408419360849
0.5273774496777316
0.5273477713666297
0.5273187969029213
0.527290208018348
0.5272618387402904
0.5272336073545625
0.5272054772827773
0.5271774349195992
0.5271494773320369
0.5271216056328675
0.5270938215738795
0.5270661259318821
0.5270385178658168
0.5270109947778864
0.5269835524178322
0.5269561850883083
0.5269288858769773
0.5269016468788543
0.5268744593931707
0.5268473140899737
0.5268202011471279
0.526793110360808
0.5267660312333879
0.5267389530426343
0.5267118648957517
0.5266847557713232
0.5266576145516754
0.5266304300477285
0.5266031910179769
0.5265758861829108
0.5265485042359045
0.526521033851375
0.5264934636908408
0.5264657824073624
0.5264379786487456
0.5264100410597945
0.5263819582838426
0.5263537189637322
0.5263253117423774
0.5262967252630135
0.5262679481692089
0.5262389691047045
0.5262097767131247
0.526180359637596
0.5261507065203026
0.5261208060019971
0.5260906467214884
0.5260602173151117
0.5260295064161968
0.5259985026545423
0.5259671946558949
0.5259355710414478
0.5259036204273546
0.5258713314242666
0.5258386926368925
0.5258056926635865
0.5257723200959608
0.5257385635185319
0.5257044115083942
0.5256698526349288
0.5256348754595442
0.5255994685354517
0.525563620407479
0.5255273196119185
0.5254905546764158
0.5254533141198976
0.5254155864525392
0.5253773601757772
0.5253386237823627
0.5252993657564613
0.5252595745737981
0.5252192387018526
0.5251783466000992
0.5251368867203031
0.5250948475068629
0.5250522173972116
0.5250089848222709
0.5249651382069616
0.524920665970775
0.5248755565284016
0.5248297982904246
0.5247833796640757
0.5247362890540552
0.524688514863422
0.5246400454945508
0.5245908693501596
0.5245409748344111
0.524490350354088
0.524438984319844
0.5243868651475329
0.5243339812596175
0.5242803210866603
0.5242258730688958
0.5241706256578904
0.5241145673182861
0.524057686529634
0.5239999717883174
0.5239414116095649
0.5238819945295586
0.5238217091076349
0.5237605439285805
0.5236984876050264
0.5236355287799388
0.5235716561292105
0.5235068583643496
0.5234411242352716
0.523374442533191
0.5233068020936172
0.5232381917994493
0.5231686005841768
0.5230980174351816
0.5230264313971418
0.5229538315755395
0.5228802071402691
0.5228055473293457
0.5227298414527161
0.5226530788961656
0.5225752491253233
0.5224963416897632
0.5224163462271971
0.5223352524677607
0.5222530502383841
0.5221697294672522
0.5220852801883431
0.5219996925460464
0.5219129567998543
0.5218250633291226
0.5217360026378971
0.5216457653597967
0.5215543422629524
0.5214617242549918
0.5213679023880651
0.5212728678639031
0.5211766120389036
0.521079126429232
0.5209804027159342
0.5208804327500476
0.520779208557704
0.5206767223452112
0.5205729665041069
0.5204679336161682
0.5203616164583705
0.5202540080077809
0.5201451014463725
0.5200348901657489
0.5199233677717635
0.5198105280890194
0.5196963651652364
0.5195808732754685
0.5194640469261562
0.5193458808589995
0.5192263700546327
0.5191055097360844
0.5189832953720073
0.518859722679657
0.5187347876276055
0.5186084864381666
0.5184808155895196
0.5183517718175072
0.5182213521170941
0.5180895537434628
0.517956374212729
0.5178218113022595
0.5176858630505685
0.5175485277567791
0.5174098039796262
0.5172696905359855
0.5171281864989075
0.5169852911951408
0.5168410042021256
0.5166953253444403
0.5165482546896857
0.51639979254379
0.516249939445719
0.5160986961615793
0.5159460636780975
0.5157920431954672
0.5156366361195486
0.5154798440534125
0.5153216687882214
0.5151621122934337
0.5150011767063336
0.5148388643208748
0.514675177575838
0.5145101190423009
0.514343691410419
0.5141758974755213
0.5140067401235238
0.5138362223156662
0.5136643470725802
0.5134911174577003
0.5133165365600263
0.5131406074762546
0.5129633332922928
0.5127847170641765
0.5126047617984097
0.512423470431752
0.512240845810475
0.5120568906691212
0.5118716076087881
0.5116849990749776
0.5114970673350361
0.5113078144552312
0.5111172422774952
0.5109253523958822
0.5107321461327785
0.5105376245149117
0.5103417882492056
0.5101446376985288
0.5099461728573867
0.5097463933276103
0.5095452982940908
0.5093428865006198
0.5091391562258865
0.5089341052596889
0.5087277308794187
0.5085200298268743
0.5083109982854646
0.5081006318578583
0.5078889255441403
0.5076758737205336
0.5074614701187441
0.5072457078059892
0.5070285791657644
0.5068100758794054
0.5065901889085044
0.506368908478229
0.5061462240616021
0.5059221243647881
0.5056965973134402
0.5054696300401498
0.5052412088730462
0.5050113193255866
0.504779946087575
0.5045470730174472
0.5043126831358533
0.5040767586205671
0.5038392808027491
0.5036002301645847
0.5033595863383131
0.5031173281066681
0.5028734334047317
0.5026278793232135
0.5023806421131554
0.5021316971920566
0.5018810191514151
0.5016285817656709
0.501374358002538
0.5011183200347006
0.5008604392528513
0.5006006862800408
0.5003390309873046
0.5000754425105277
0.4998098892685074
0.499542338982164
0.499272758694851
0.4990011147937107
0.49872737303201364
0.4984514985524262
0.4981734559111354
0.4978932091027667
0.4976107215860252
0.4973259563099839
0.49703887574094546
0.49674944188980186
0.49645761633981034
0.49616336027470764
0.49586663450708096
0.4955673995069121
0.49526561543021597
0.49496124214768694
0.4946542392732751
0.4943445661926077
0.49403218209117616
0.4937170459822106
0.49339911673416026
0.49307835309770787
0.49275471373224
0.49242815723170374
0.49209864214977744
0.49176612702429223
0.49143057040083693
0.49109193085548875
0.49075016701660784
0.49040523758564625
0.49005710135691816
0.4897057172362849
0.4893510442587112
0.4889930416046537
0.4886316686152474
0.4882668848062551
0.48789864988075626
0.48752692374054696
0.4871516664962361
0.4867728384760154
0.48639040023309665
0.486004312551803
0.48561453645231095
0.4852210331940418
0.4848237642777018
0.4844226914459784
0.4840177766828988
0.4836089822118645
0.4831962704923707
0.4827796042154338
0.4823589462977418
0.48193425987455196
0.48150550829135913
0.4810726550943616
0.4806356640197568
0.48019449898189276
0.4797491240603135
0.47929950348573136
0.47884560162496603
0.47838738296488614
0.4779248120953989
0.47745785369152827
0.4769864724946272
0.4765106332927719
0.4760303009003852
0.47554544013714184
0.47505601580620654
0.47456199267185983
0.47406333543656926
0.47356000871756354
0.47305197702297164
0.47253920472758915
0.4720216560483392
0.4714992950194932
0.4709720854677266
0.47043999098707945
0.46990297491390043
0.46936100030185346
0.4688140298970701
0.4682620261135328
0.4677049510087817
0.4671427662600349
0.46657543314082184
0.46600291249823145
0.46542516473087947
0.46484214976770505
0.46425382704771345
0.46366015550078093
0.46306109352964875
0.4624565989932338
0.4618466291913914
0.46123114085126987
0.4606100901154002
0.45998343253167645
0.4593511230453768
0.45871311599339315
0.45806936510083335
0.4574198234801734
0.45676444363313673
0.4561031774554867
0.45543597624492566
0.4547627907122959
0.45408357099628605
0.4533982666818518
0.452706826822564
0.4520091999671043
0.4513053341901287
0.4505951771277306
0.44987867601773157
0.4491557777450378
0.4484264288922948
0.4476905757960865
0.4469481646089136
0.44619914136719296
0.4454434520655196
0.44468104273742715
0.44391185954288037
0.4431358488627299
0.4423529574003497
0.4415631322906747
0.4407663212168355
0.43996247253458787
0.43915153540470786
0.43833345993351225
0.4375081973216414
0.4366757000212189
0.4358359219014744
0.43498881842288817
0.4341343468198817
0.43327246629203675
0.43240313820379184
0.43152632629251364
0.4306419968847893
0.42975011912073935
0.4288506651860807
0.4279436105516165
0.42702893421975247
0.42610661897757185
0.4251766516559217
0.42423902339388386
0.42329372990791236
0.4223407717648391
0.42138015465784834
0.4204118896844299
0.41943599362522305
0.4184524892225624
0.4174614054574395
0.41646277782349517
0.4154566485965608
0.41444306709816797
0.41342208995136465
0.41239378132708143
0.4113582131792216
0.4103154654665774
0.4092656263596147
0.40820879243012603
0.40714506882171897
0.4060745693990867
0.40499741687401825
0.40391374290611237
0.4028236881762157
0.40172740243065375
0.40062504449442293
0.39951678225161025
0.3984027925914517
0.3972832613185935
0.3961583830263101
0.3950283609316426
0.3938934066716505
0.39275374006023345
0.391609588805251
0.39046118818596964
0.38930878069117475
0.3881526156186158
0.38699294863678374
0.38583004131036736
0.38466416059107195
0.3834955782758305
0.38232457043476764
0.38115141681160253
0.3799764001994752
0.3787998057954735
0.3776219205373879
0.37644303242645527
0.37526342984003974
0.3740834008383637
0.3729032324695041
0.37172321007695236
0.37054361661405705
0.3693647319696449
0.36818683230905525
0.3670101894347041
0.36583507017013667
0.3646617357713224
0.3634904413687039
0.3623214354432288
0.3611549593392745
0.3599912468170301
0.35883052364653323
0.35767300724515794
0.3565189063599552
0.3553684207958256
0.35422174119008937
0.35307904883360464
0.3519405155381799
0.35080630354962616
0.34967656550543413
0.34855144443569586
0.34743107380557453
0.34631557759733234
0.34520507042966114
0.34409965771183937
0.34299943583005155
0.34190449236305404
0.34081490632426176
0.3397307484272565
0.3386520813716814
0.33757896014648375
0.33651143234750347
0.3354495385064664
0.3343933124285332
0.33334278153567526
0.33229796721328353
0.33125888515758056
0.3302255457215701
0.3291979542574558
0.32817611145364173
0.3271600136646353
0.3261496532323675
0.3251450187976484
0.3241460956006704
0.32315286576966473
0.32216530859699405
0.3211834008021442
0.32020711678123487
0.3192364288428226
0.31827130742990456
0.3173117213281597
0.3163576378605699
0.3154090230686647
0.3144658418807177
0.31352805826728763
0.31259563538456553
0.311668535706029
0.31074672114294055
0.30983015315426116
0.3089187928465558
0.3080126010644839
0.3071115384724692
0.306215565628132
0.3053246430480647
0.30443873126651044
0.3035577908874864
0.30268178263087814
0.3018106673729952
0.300944406182065
0.30008296034910786
0.29922629141460705
0.2983743611913692
0.297527131783933
0.2966845656048622
0.2958466253882339
0.29501327420060375
0.29418447544971277
0.2933601928911687
0.2925403906333223
0.29172503314053405
0.29091408523501067
0.29010751209737123
0.2893052792660913
0.28850735263595495
0.2877136984556347
0.28692428332450504
0.2861390741887864
0.285358038337108
0.28458114339556423
0.2838083573223382
0.283039648401955
0.2822749852392211
0.2815143367529045
0.2807576721691986
0.2800049610150172
0.27925617311115614
0.2785112785653582
0.2777702477653138
0.27703305137162737
0.2762996603107736
0.2755700457680722
0.27484417918070153
0.2741220322307713
0.27340357683847444
0.27268878515533473
0.2719776295575663
0.27127008263955793
0.2705661172074964
0.26986570627314005
0.2691688230477518
0.26847544093620185
0.2677855335312471
0.2670990746079949
0.26641603811855674
0.2657363981868941
0.2650601291038655
0.264387205322472
0.26371760145330636
0.2630512922602061
0.26238825265611065
0.26172845769912123
0.26107188258876424
0.2604185026624543
0.2597682933921557
0.25912123038123774
0.258477289361522
0.25783644619051505
0.25719867684882597
0.2565639574377567
0.2559322641770686
0.2553035734029111
0.2546778615659121
0.25405510522942104
0.2534352810678989
0.2528183658654484
0.2522043365144764
0.25159317001448417
0.25098484347097594
0.2503793340944792
0.24977661919967076
0.24917667620460066
0.24857948263000526
0.2479850160987075
0.24739325433509113
0.2468041751646468
0.24621775651358063
0.24563397640848095
0.24505281297603543
0.244474244442792
0.24389824913495883
0.24332480547823684
0.2427538919976801
0.24218548731757608
0.24161957016134378
0.24105611935144305
0.24049511380928998
0.23993653255517527
0.239380354708179
0.2388265594860816
0.2382751262052607
0.23772603428057854
0.23717926322524788
0.23663479265067994
0.23609260226630688
0.23555267187938003
0.2350149813947353
0.23447951081452978
0.23394624023794391
0.233415149860846
0.23288621997541906
0.2323594309697497
0.23183476332737213
0.23131219762677233
0.23079171454084524
0.2302732948363085
0.22975691937306808
0.22924256910353608
0.2287302250719014
0.22821986841335046
0.2277114803532374
0.22720504220620452
0.2267005353752521
0.22619794135075566
0.22569724170943328
0.22519841811325986
0.2247014523083289
0.22420632612366415
0.22371302146997588
0.22322152033836815
0.2227318047989916
0.22224385699964325
0.22175765916431672
0.22127319359169814
0.22079044265361047
0.22030938879340659
0.21983001452430884
0.21935230242769993
0.21887623515135815
0.21840179540764518
0.21792896597164052
0.21745772967922503
0.21698806942511423
0.21651996816084024
0.21605340889268296
0.21558837467955191
0.21512484863081532
0.21466281390408223
0.21420225370292906
0.213743151274583
0.2132854899075486
0.21282925292918778
0.21237442370324983
0.21192098562734743
0.21146892213038743
0.2110182166699485
0.21056885272960713
0.21012081381621633
0.20967408345713068
0.20922864519738132
0.2087844825968005
0.2083415792270947
0.20789991866886376
0.20745948450857277
0.2070202603354661
0.20658222973843493
0.20614537630282642
0.205709683607204
0.20527513522005156
0.20484171469642493
0.2044094055745495
0.20397819137236153
0.2035480555839962
0.2031189816762182
0.20269095308479942
0.2022639532108367
0.20183796541701549
0.20141297302381578
0.20098895930565894
0.2005659074869984
0.2001438007383519
0.19972262217227324
0.1993023548392673
0.19888298172364346
0.19846448573931108
0.19804684972551426
0.19763005644250717
0.1972140885671668
0.19679892868854965
0.19638455930338383
0.19597096281150395
0.19555812151122287
0.19514601759464678
0.1947346331429285
0.1943239501214624
0.19391395037501946
0.1935046156228265
0.19309592745358703
0.19268786732044563
0.19228041653589786
0.191873556266647
0.1914672675284079
0.1910615311806599
0.19065632792135345
0.19025163828156788
0.18984744262012798
0.1894437211181778
0.189040453773718
0.18863762039610824
0.18823520060053775
0.18783317380247266
0.18743151921207896
0.1870302158286282
0.1866292424348948
0.1862285775915445
0.1858281996315281
0.1854280866544777
0.1850282165211255
0.1846285668477412
0.1842291150006062
0.18382983809052997
0.18343071296741778
0.18303171621490624
0.1826328241450733
0.18223401279323978
0.18183525791287303
0.181436534970612
0.1810378191414228
0.18063908530391115
0.18024030803580274
0.17984146160961265
0.17944251998852764
0.17904345682252049
0.17864424544471888
0.1782448588680598
0.17784526978224863
0.1774454505510559
0.17704537320998034
0.1766450094643115
0.17624433068761844
0.17584330792071007
0.1754419118710982
0.1750401129130003
0.17463788108792916
0.1742351861059086
0.17383199734736066
0.1734282838657131
0.17302401439077855
0.17261915733294936
0.17221368078827456
0.17180755254446256
0.17140074008787845
0.1709932106115879
0.17058493102452035
0.1701758679618038
0.16976598779635022
0.169355256651756
0.16894364041658286
0.16853110476010202
0.16811761514956594
0.16770313686909016
0.167287635040215
0.1668710746442329
0.16645342054634776
0.16603463752175476
0.16561469028371248
0.16519354351368498
0.16477116189363214
0.16434751014051752
0.1639225530431129
0.16349625550116256
0.16306858256697326
0.16263949948949685
0.16220897176095425
0.16177696516605727
0.16134344583386606
0.16090838029232402
0.16047173552549177
0.16003347903349932
0.15959357889522252
0.15915200383367617
0.1587087232841077
0.15826370746475069
0.15781692745019865
0.15736835524731915
0.15691796387363707
0.15646572743807333
0.15601162122391557
0.15555562177388055
0.15509770697709094
0.15463785615777784
0.1541760501654938
0.1537122714665906
0.15324650423669653
0.15277873445389678
0.15230894999230016
0.15183714071564702
0.1513632985705804
0.15088741767919248
0.1504094944304217
0.1499295275698567
0.14944751828748468
0.14896347030290016
0.1484773899474742
0.1479892862429662
0.14749917097606086
0.14700705876828601
0.14651296714078457
0.14601691657339586
0.14551893055751913
0.1450190356422332
0.14451726147316718
0.14401364082362825
0.1435082096175255
0.14300100694365514
0.14249207506094624
0.14198145939430984
0.14146920852077444
0.14095537414565273
0.14044001106852289
0.1399231771388839
0.13940493320139158
0.1388853430306638
0.13836447325569678
0.1378423932740138
0.13731917515573933
0.13679489353785523
0.136269625508976
0.13574345048504732
0.13521645007643018
0.1346887079469187
0.1341603096652709
0.13363134254992068
0.13310189550755908
0.13257205886634232
0.13204192420450533
0.13151158417519904
0.1309811323283969
0.1304506629307177
0.1299202707840402
0.12939005104376725
0.1288600990376034
0.12833051008568935
0.12780137932291227
0.12727280152418793
0.12674487093347694
0.1262176810972399
0.125691324703019
0.12516589342374973
0.12464147776838214
0.12411816693930562
0.12359604869703907
0.12307520923255894
0.12255573304759831
0.12203770284317375
0.12152119941653883
0.12100630156670521
0.1204930860086088
0.11998162729594401
0.1194719977526393
0.11896426741288554
0.11845850396960023
0.11795477273114333
0.11745313658608718
0.1169536559757857
0.11645638887447456
0.1159613907765916
0.11546871469099833
0.11497841114175772
0.11449052817510652
0.11400511137225719
0.11352220386764951
0.11304184637227202
0.11256407720167394
0.11208893230828378
0.11161644531766259
0.11114664756832186
0.11067956815474314
0.11021523397325735
0.10975366977043605
0.10929489819367635
0.10883893984367018
0.10838581332845428
0.10793553531877098
0.10748812060446633
0.10704358215168666
0.10660193116063098
0.10616317712365488
0.1057273278835198
0.1052943896916001
0.10486436726589052
0.1044372638486494
0.10401308126354299
0.10359181997216418
0.10317347912981067
0.10275805664042881
0.10234554921062428
0.10193595240267177
0.10152926068645075
0.10112546749025214
0.10072456525040549
0.10032654545969343
0.09993139871450972
0.09953911476074867
0.09914968253839858
0.09876309022482978
0.09837932527677332
0.09799837447098127
0.09762022394358007
0.09724485922811515
0.09687226529230206
0.09650242657349761
0.09613532701289927
0.09577095008850454
0.09540927884683846
0.09505029593347736
0.09469398362239462
0.09434032384414594
0.09398929821293174
0.09364088805255179
0.09329507442129031
0.09295183813575032
0.09261115979367582
0.0922730197957828
0.09193739836663153
0.09160427557456834
0.09127363135076703
0.09094544550739599
0.09061969775494351
0.09029636771872389
0.08997543495459631
0.08965687896392391
0.08934067920779651
0.08902681512054537
0.08871526612257631
0.08840601163254469
0.0880990310788978
0.08779430391080825
0.08749180960852301
0.08719152769314746
0.08689343773589037
0.08659751936679028
0.08630375228294032
0.08601211625623868
0.08572259114067932
0.08543515687920068
0.08514979351011712
0.08486648117314276
0.08458520011503512
0.08430593069486077
0.08402865338891558
0.083753348795302
0.08347999763818488
0.08320858077173793
0.08293907918379628
0.08267147399922876
0.08240574648303664
0.08214187804320361
0.08187985023329573
0.08161964475483263
0.08136124345943485
0.08110462835076061
0.080849781586244
0.08059668547863959
0.0803453224973882
0.08009567526980711
0.07984772658212264
0.07960145938033915
0.07935685677096779
0.07911390202161253
0.07887257856142506
0.07863286998143253
0.07839476003475156
0.07815823263668223
0.07792327186470654
0.07768986195837752
0.07745798731912086
0.0772276325099449
0.07699878225506629
0.07677142143946072
0.07654553510833335
0.07632110846652926
0.07609812687786882
0.07587657586442892
0.07565644110576625
0.0754377084380823
0.07522036385334763
0.0750043934983717
0.07478978367383494
0.07457652083327655
0.074364591582051
0.07415398267624439
0.07394468102156376
0.07373667367219575
0.07352994782963859
0.07332449084150991
0.07312029020033378
0.07291733354230598
0.07271560864604207
0.07251510343131011
0.07231580595774736
0.0721177044235657
0.07192078716424626
0.07172504265122054
0.0715304594905511
0.0713370264215975
0.07114473231567908
0.07095356617473739
0.0707635171299909
0.07057457444058687
0.0703867274922569
0.07019996579596842
0.07001427898657654
0.06982965682148098
0.06964608917928104
0.06946356605843766
0.06928207757593537
0.06910161396595219
0.06892216557853105
0.06874372287826105
0.06856627644296051
0.0683898169623695
0.0682143352368483
0.06803982217608344
0.06786626879780289
0.06769366622649671
0.0675220056921507
0.06735127852898412
0.06718147617419931
0.06701259016674305
0.0668446121460713
0.06667753385093043
0.06651134711814609
0.0663460438814199
0.06618161617014326
0.06601805610821282
0.06585535591286532
0.06569350789351958
0.06553250445062686
0.06537233807453832
0.06521300134437928
0.0650544869269359
0.06489678757555446
0.06473989612904898
0.06458380551062395
0.064428508726807
0.06427399886638946
0.06412026909938741
0.06396731267600211
0.06381512292560326
0.06366369325571479
0.06351301715101881
0.06336308817236667
0.06321389995580236
0.06306544621159767
0.062917720723299
0.06277071734678312
0.06262443000932906
0.062478852708692675
0.06233397951220231
0.062189804555856994
0.06204632204344041
0.06190352624564292
0.061761411499196645
0.0616199722060192
0.06147920283236927
0.06133909790801268
0.06119965202539581
0.06106085983883596
0.06092271606371427
0.06078521547568401
0.06064835290988677
0.060512123260179664
0.06037652147837067
0.06024154257346653
0.06010718161092545
0.05997343371192653
0.05984029405264127
0.05970775786351942
0.05957582042858286
0.059444477084726055
0.059313723221030894
0.059183554278085346
0.05905396574731259
0.05892495317031163
0.058796512138202355
0.0586686382909822
0.058541327316889824
0.05841457495177758
0.05828837697849317
0.058162729226267224
0.058037627570112924
0.05791306793022716
0.05778904627140756
0.057665558602471606
0.05754260097568496
0.05742016948619747
0.057298260271489605
0.05717686951081899
0.05705599342468379
0.05693562827428546
0.056815770361002826
0.05669641602587231
0.05657756164907406
0.05645920364942669
0.05634133848388967
0.05622396264706792
0.05610707267072745
0.05599066512331693
0.05587473660949303
0.05575928376965621
0.05564430327949012
0.055529791849506245
0.055415746224597925
0.05530216318359881
0.05518903953884661
0.05507637213575393
0.05496415785238335
0.05485239359903194
0.05474107631781601
0.054630202982266104
0.05451977059692668
0.054409776196956736
0.0543002168477436
0.05419108964451626
0.054082391711964516
0.05397412020386658
0.053866272302717726
0.053758845219367635
0.05365183619265978
0.05354524248907619
0.05343906140239006
0.053333290253319024
0.053227926389184846
0.05312296718358044
0.05301841003603491
0.052914252371690604
0.05281049164097937
0.05270712531930576
0.05260415090673354
0.052501565927676234
0.05239936793059322
0.05229755448768975
0.05219612319461966
0.052095071670192415
0.05199439755608576
0.05189409851656147
0.05179417223818435
0.05169461642954481
0.05159542882098899
0.05149660716434552
0.05139814923266274
0.051300052819945534
0.051202315740899694
0.051104935830672805
0.05100791094460678
0.050911238957989206
0.05081491776580721
0.05071894528250806
0.05062331944176199
0.050528038196226074
0.05043309951731277
0.05033850139496367
0.05024424183742361
0.05015031887101786
0.05005673053993362
0.04996347490600468
