1.8585739592001516
2.0354326823790236
2.148023301790912
2.0441595561744257
1.7953219493685044
1.924920622677565
2.011207890036651
2.4245441911421866
2.017122272085683
2.57574252197868
2.053491959978875
2.587998160664025
2.4660756019634724
1.7776351573339229
2.2786037175191107
1.8184904211880546
2.0216549212138544
1.8307397726061965
1.1935151938850248
1.5683994247560358
1.3096850138637486
1.5382587896668842
0.6680037724457377
0.8471076578799115
0.903676417280706
0.790704889725158
0.6327295241331594
0.43698862272541344
0.5811045302655459
0.5370985028931556
0.4875703394597916
0.33868178901029894
0.2999860226988442
0.27802886940503346
0.20892335551717217
0.1606605453570496
0.11342244372597195
0.0828509151555701
0.06677255336547608
0.05632504537976202
0.04813450463198959
