0.546833592401587
0.52848599894509
0.5212789470351963
0.5270784659132384
0.5258463428486329
0.522559402339224
0.5240892245318197
0.5254306938431906
0.5232701589850538
0.5208408781568268
0.5203460059320604
0.5205483668870964
0.5205932965048619
0.5207958612735152
0.5209966966580718
0.5207544562469583
0.5202185149654585
0.5198133678280479
0.5196529254270713
0.5196236910776441
0.5196369462117859
0.5196268446655774
0.5195291741803392
0.5193470159539972
0.5191500271927776
0.5189968418691947
0.5188960703295096
0.51882574957068
0.5187578613827959
0.5186712308552585
0.518561043888744
0.5184392602551807
0.5183225922930872
0.5182201187377724
0.5181304728976269
0.5180463220932906
0.5179601977762552
0.5178685685024051
0.5177728020933674
0.5176769965827774
0.5175846931116368
0.5174969263843501
0.5174123987758792
0.5173289261028655
0.5172449244156252
0.5171601231167486
0.5170753217288742
0.5169915892914565
0.5169095413981781
0.5168291032010534
0.5167497457883388
0.5166709113818021
0.5165923275363334
0.5165140642685708
0.5164363763304993
0.5163594852688606
0.5162834463969821
0.5162081525499445
0.5161334309215565
0.5160591489501798
0.5159852655376352
0.5159118143449668
0.5158388490358032
0.5157663935553561
0.5156944247613859
0.5156228877407288
0.5155517251199541
0.5154808992237029
0.5154103964095291
0.5153402163974717
0.5152703572529522
0.515200806013957
0.5151315386930779
0.5150625268393565
0.514993744894773
0.5149251738494831
0.5148568001873034
0.5147886121398434
0.5147205962217596
0.5146527359676272
0.5145850129419578
0.5145174087573382
0.5144499066315469
0.5143824917214979
0.5143151504081847
0.5142478692621933
0.5141806343863177
0.5141134314054303
0.5140462459185594
0.5139790640162174
0.5139118725473031
0.5138446590595775
0.513777411549713
0.513710118228746
0.5136427674385251
0.513575347726936
0.5135078479955708
0.5134402576174805
0.5133725664707
0.5133047648983515
0.5132368436455041
0.5131687938214906
0.5131006069070714
0.5130322747940204
0.5129637898295554
0.5128951448433539
0.5128263331515028
0.5127573485466227
0.5126881852884468
0.51261883810437
0.5125493022005579
0.5124795732775682
0.5124096475432527
0.5123395217190201
0.5122691930401085
0.5121986592533097
0.51212791861549
0.5120569698942321
0.5119858123696553
0.5119144458354276
0.5118428705973369
0.5117710874689708
0.5116990977651008
0.5116269032937332
0.51155450634745
0.5114819096940414
0.511409116565964
0.5113361306480874
0.5112629560634359
0.511189597356955
0.5111160594775452
0.5110423477585976
0.5109684678971279
0.5108944259314562
0.5108202282173101
0.5107458814022694
0.5106713923985601
0.5105967683542887
0.5105220166232414
0.510447144733354
0.5103721603539226
0.5102970712615963
0.5102218853052021
0.5101466103694725
0.5100712543377761
0.5099958250539759
0.5099203302835407
0.5098447776740292
0.5097691747150626
0.5096935286978977
0.5096178466747198
0.5095421354177814
0.509466401378526
0.5093906506468273
0.5093148889104856
0.5092391214151086
0.5091633529245062
0.5090875876817251
0.509011829370846
0.5089360810796673
0.5088603452633919
0.5087846237094334
0.5087089175034475
0.508633226996688
0.5085575517747831
0.5084818906280162
0.5084062415231909
0.5083306015771535
0.5082549670320338
0.5081793332322616
0.5081036946034037
0.5080280446328568
0.5079523758524291
0.5078766798228244
0.5078009471200429
0.507725167323701
0.5076493290072615
0.5075734197301616
0.5074974260318132
0.5074213334274481
0.507345126405766
0.5072687884283428
0.5071923019307456
0.5071156483252962
0.5070388080054182
0.5069617603514985
0.5068844837381873
0.5068069555430567
0.5067291521565341
0.5066510489930246
0.506572620503126
0.5064938401868502
0.5064146806077477
0.5063351134078437
0.5062551093232778
0.5061746382005565
0.5060936690133073
0.5060121698794389
0.5059301080786026
0.5058474500698534
0.5057641615094096
0.5056802072684092
0.5055955514505666
0.505510157409627
0.505423987766526
0.5053370044261548
0.5052491685936424
0.5051604407900585
0.5050707808674513
0.50498014802313
0.5048885008131079
0.5047957971646232
0.5047019943876536
0.5046070491853486
0.5045109176633011
0.5044135553375811
0.504314917141462
0.5042149574307637
0.5041136299877453
0.5040108880234765
0.5039066841786229
0.5038009705225756
0.5036936985508632
0.5035848191807788
0.503474282745159
0.5033620389842507
0.5032480370356032
0.5031322254219175
0.5030145520367932
0.5028949641283047
0.5027734082803392
0.502649830391632
0.5025241756524284
0.5023963885186988
0.5022664126838385
0.5021341910477711
0.5019996656833817
0.5018627778001961
0.5017234677052215
0.5015816747608624
0.5014373373398159
0.5012903927768562
0.5011407773174011
0.500988426062762
0.5008332729119618
0.5006752505000123
0.5005142901325219
0.5003503217165186
0.5001832736873454
0.5000130729315002
0.49983964470526854
0.49966291254900363
0.4994827981968938
0.4992992214820548
0.49911210023677377
0.49892135018772876
0.4987268848459969
0.4985286153916556
0.4983264505527793
0.49812029647861883
0.4979100566067464
0.49769563152394203
0.49747691882058365
0.49725381293829995
0.4970262050106307
0.4967939826964365
0.4965570300057827
0.49631522711801823
0.49606845019175916
0.4958165711664751
0.49555945755536424
0.49529697222919966
0.4950289731908068
0.49475531333983136
0.4944758402274369
0.49419039580056406
0.49389881613536646
0.4936009311594297
0.49329656436235925
0.49298553249431604
0.4926676452520585
0.49234270495203525
0.4920105061900573
0.4916708354870623
0.4913234709204637
0.4909681817405628
0.4906047279714808
0.49023285999605065
0.48985231812408675
0.4894628321434368
0.4890641208531905
0.48865589157841033
0.488237839665721
0.4878096479590813
0.4873709862550393
0.48692151073675216
0.4864608633860437
0.4859886713727451
0.48550454642056184
0.48500808414869623
0.48449886338844633
0.48397644547400537
0.4834403735066832
0.4828901715917884
0.482325344047419
0.48174537458444566
0.4811497254570008
0.4805378365828444
0.4799091246330383
0.47926298209044504
0.4785987762766698
0.4779158483471897
0.4772135122545666
0.476491053679821
0.47574772893226064
0.47498276381831306
0.47419535248020933
0.4733846562057128
0.47254980221049037
0.471689882395183
0.4708039520797681
0.4698910287184019
0.4689500905986201
0.4679800755295443
0.4669798795246004
0.46594835548522434
0.464884311893093
0.46378651151959127
0.4626536701625075
0.46148445542134486
0.4602774855241233
0.45903132822014703
0.45774449975489
0.4564154639448966
0.45504263137239975
0.45362435872116436
0.45215894827686787
0.4506446476170612
0.4490796495173748
0.4474620921020883
0.4457900592683895
0.44406158141456065
0.44227463650284937
0.4404271514878643
0.43851700414088524
0.4365420252994691
0.43450000157010416
0.4323886785094217
0.4302057643066315
0.4279489339864774
0.42561583414824483
0.4232040882523715
0.4207113024622996
0.41813507204571626
0.41547298833668367
0.41272264625892824
0.4098816524113259
0.40694763372010023
0.40391824666916365
0.4007911871311237
0.3975642008374346
0.39423509454757133
0.39080174800425677
0.3872621267947126
0.38361429627608923
0.37985643676553826
0.37598686023981154
0.3720040288328107
0.36790657545804745
0.36369332691115
0.3593633298188741
0.3549158797880769
0.3503505540627766
0.3456672479118883
0.34086621483763524
0.33594811051029283
0.33091404009761366
0.3257656083704063
0.32050497163846103
0.315134890218829
0.30965877978314793
0.30408075959952774
0.2984056954084065
0.2926392344829166
0.2867878303526758
0.28085875474008504
0.2748600944856934
0.2688007316278459
0.26269030534206367
0.2565391551140155
0.25035824528059636
0.2441590718806355
0.23795355355828543
0.23175390900505966
0.225572524061199
0.21942181208210898
0.21331407148103984
0.20726134446898367
0.20127528092538322
0.19536701106105347
0.18954703010199242
0.18382509766281013
0.178210153830448
0.17271025328405942
0.16733251807590016
0.16208310902771333
0.15696721508855047
0.15198905947729036
0.14715192101255178
0.1424581687225981
0.1379093076292442
0.13350603350734938
0.12924829442475738
0.12513535695239875
0.12116587508439391
0.11733796010624808
0.11364924987889982
0.11009697625208686
0.10667802956888495
0.1033890194634685
0.10022633137779326
0.09718617842423019
0.09426464839668501
0.09145774588091209
0.08876142953566964
0.08617164471137473
0.0836843516441809
0.08129554951359831
0.07900129668386434
0.0767977274662451
0.07468106574417133
0.07264763579824944
0.07069387065609381
0.06881631827464409
0.067011645841894
0.06527664246214937
0.06360822046519807
0.06200341555596946
0.06045938599803383
0.05897341100211567
0.057542888469969834
0.05616533222469994
0.054838368840970514
0.053559734172613574
0.05232726966081208
0.051138918493313604
0.049992721673870484
