2.244490113549607
2.370209734588582
2.1278257226087796
2.3481458264166166
2.3026564291823064
1.9101244447149952
2.1410645394822176
1.9540166664614294
2.4196758163770786
2.090989509832261
2.2722204395814547
2.2201843680734568
2.30878761616032
2.609191862613546
1.999693427055362
2.291135051788972
2.2607471053568755
2.0414280005640224
2.451830999474106
1.9309852653592583
1.983128726433542
2.0878611894724717
1.8407490505284518
2.1665308994237864
1.3982468008233084
1.650261619125719
1.552512716005982
1.4351136719199615
1.4039575823790917
0.7436696971439551
1.0066052660680602
0.9185864171127429
1.0097470984415602
0.5183165563914494
0.6015825761996366
0.5004390573691584
0.36269551209642525
0.2404434019649957
0.13660610877120566
0.1097713594520894
0.08797903871320623
0.06605080132441779
0.05046379454464738
0.04096780536439801
