0.6265441232559823
0.6472036139024606
0.5484367103939491
0.5336404283848751
0.5650571463290236
0.5586791833228777
0.5290032203575419
0.5184146998710082
0.5251503229539284
0.5246773625099734
0.5198533329940757
0.5203353909862806
0.5223107156704723
0.5207195219256264
0.517958733483795
0.5170809378227585
0.5172734358831792
0.517248054440258
0.5172506198884798
0.5174274643080574
0.5173194135340535
0.5168333941115194
0.5163502601029633
0.5160930320214592
0.5159875414768664
0.5159330050622263
0.5158819648560143
0.5157800259158725
0.5155972455185994
0.5153716592990008
0.5151645993398485
0.5150026001317083
0.5148756935997453
0.5147617347861076
0.5146403314357242
0.5145001318501294
0.5143438402165441
0.5141840771269955
0.5140324589676794
0.5138926388618774
0.5137611096976502
0.5136316261016488
0.5134992695219573
0.5133626794330662
0.5132238785260678
0.5130861605966677
0.5129517808603484
0.5128209808710353
0.5126924918585749
0.5125647030127665
0.5124366473637905
0.5123083476624786
0.5121805127668139
0.5120539314183513
0.5119290005232113
0.5118056208690572
0.5116834043902073
0.5115619788724646
0.5114411920284792
0.5113211326213818
0.5112020107482049
0.5110840060918035
0.5109671794680901
0.5108514784212183
0.5107368050194436
0.510623089018352
0.5105103239976191
0.5103985574520191
0.510287854170893
0.5101782614252938
0.5100697949169127
0.5099624470667194
0.5098562062326886
0.509751072806242
0.5096470641311556
0.5095442088498734
0.5094425369971012
0.5093420726298608
0.5092428323161963
0.5091448285277036
0.5090480745325201
0.5089525875768514
0.5088583890656673
0.5087655025122773
0.5086739510350287
0.5085837558928907
0.5084949365209215
0.5084075115510227
0.5083214999095884
0.5082369213144602
0.5081537960314562
0.5080721442037056
0.5079919852091335
0.5079133373477649
0.5078362178859853
0.5077606432785753
0.5076866293451396
0.5076141912708894
0.5075433434391824
0.5074740991951968
0.5074064706493886
0.5073404685758562
0.5072761023930796
0.5072133801744553
0.5071523086374349
0.5070928930895366
0.5070351373422444
0.506979043620684
0.5069246124934491
0.5068718428311163
0.5068207317863321
0.5067712747814106
0.5067234654923745
0.5066772958265724
0.5066327558983266
0.5065898340096804
0.5065485166412036
0.5065087884535435
0.5064706322969691
0.5064340292251759
0.5063989585108832
0.5063653976628587
0.5063333224455414
0.5063027069026961
0.5062735233857674
0.5062457425865233
0.5062193335728712
0.506194263826671
0.5061704992827822
0.5061480043691075
0.5061267420477035
0.5061066738570144
0.5060877599550667
0.5060699591632195
0.5060532290099398
0.5060375257741172
0.5060228045275688
0.5060090191765136
0.5059961225018785
0.5059840661982788
0.5059728009114806
0.5059622762741023
0.5059524409393158
0.5059432426123318
0.5059346280795103
0.5059265432349725
0.5059189331046191
0.5059117418674565
0.505904912874138
0.5058983886626178
0.5058921109708294
0.5058860207463101
0.5058800581527179
0.5058741625731904
0.5058682726105103
0.5058623260840401
0.5058562600233883
0.5058500106587738
0.5058435134080513
0.5058367028603711
0.5058295127564394
0.5058218759653579
0.505813724458007
0.5058049892769444
0.5057956005027812
0.5057854872169983
0.5057745774611537
0.5057627981924402
0.5057500752355361
0.5057363332306937
0.5057214955780028
0.5057054843777569
0.5056882203668476
0.5056696228511025
0.5056496096334763
0.5056280969379949
0.5056049993293505
0.5055802296280294
0.5055536988208538
0.5055253159668045
0.5054949880979892
0.5054626201156032
0.5054281146807307
0.5053913720998197
0.5053522902046544
0.5053107642266431
0.5052666866652287
0.5052199471502182
0.505170432297822
0.5051180255601786
0.5050626070681392
0.505004053467069
0.5049422377454196
0.5048770290558144
0.504808292528383
0.5047358890760656
0.5046596751916144
0.5045795027359941
0.5044952187178893
0.5044066650640182
0.5043136783799388
0.5042160897010434
0.5041137242334186
0.5040064010842584
0.5038939329815098
0.5037761259824346
0.5036527791707758
0.5035236843422174
0.5033886256778437
0.5032473794053032
0.5030997134474096
0.5029453870579219
0.5027841504442738
0.5026157443770474
0.5024398997860218
0.5022563373426686
0.5020647670290076
0.5018648876927989
0.5016563865891047
0.5014389389083322
0.5012122072909524
0.5009758413291865
0.5007294770560644
0.5004727364223823
0.5002052267622359
0.49992654024796157
0.4996362533355036
0.4993339262014312
0.49901910217305917
0.4986913071533857
0.4983500490428463
0.4979948171602131
0.4976250816653173
0.4972402929866797
0.49683988125757295
0.4964232557645254
0.49598980441282153
0.4955388932141427
0.4950698658021436
0.49458204298248226
0.4940747223245842
0.49354717780329105
0.492998659499445
0.4924283933694681
0.49183558109505465
0.49121940002524844
0.49057900322438647
0.489913519640679
0.48922205441155175
0.48850368932326893
0.48775748344380804
0.48698247394941263
0.4861776771667151
0.4853420898537434
0.4844746907444806
0.4835744423828716
0.4826402932732352
0.4816711803748287
0.48066603196880386
0.47962377092583786
0.47854331840224995
0.477423597991294
0.4762635403544142
0.4750620883544183
0.47381820270863995
0.47253086817502155
0.47119910027756473
0.46982195256956744
0.46839852442340785
0.4669279693242374
0.4654095036317516
0.46384241575922724
0.46222607570231466
0.46055994483181906
0.4588435858451304
0.457076672750476
0.4552590007372098
0.4533904957645836
0.45147122368155385
0.4495013986720477
0.4474813908046435
0.445411732453817
0.44329312335275545
0.44112643403621377
0.4389127074368111
0.43665315841025
0.4343491709845887
0.43200229315607663
0.4296142290888998
0.4271868286178824
0.42472207400067075
0.4222220639177489
0.4196889947729664
0.41712513940198365
0.4145328233488844
0.41191439891976456
0.40927221726416724
0.4066085987687149
0.40392580207060197
0.401225992010599
0.39851120684544983
0.39578332502821656
0.39304403184326747
0.3902947861519482
0.3875367874679988
0.3847709435416454
0.38199783859170167
0.37921770229020435
0.37643037957865155
0.373635301383685
0.37083145630804765
0.3680173634048727
0.36519104620459436
0.3623500082583548
0.35949121059318245
0.3566110516445168
0.3537053504407722
0.3507693340594303
0.34779763064716
0.3447842695846458
0.3417226906601861
0.33860576436678563
0.3354258256191982
0.3321747232566198
0.32884388760537475
0.3254244180764922
0.3219071922266979
0.3182829968980786
0.3145426809819028
0.3106773280767255
0.3066784459268408
0.3025381681740914
0.29824946280164916
0.29380634086074836
0.2892040587822329
0.28443930784114246
0.27951038511810417
0.2744173414296259
0.2691621029371248
0.2637485642135916
0.25818265120539335
0.25247235263986617
0.24662771801759553
0.24066081957778812
0.23458567485415516
0.22841812602719966
0.2221756725792951
0.21587725501022148
0.209542989634294
0.2031938576124063
0.19685135503877285
0.19053711462942746
0.18427251281543366
0.17807827833067727
0.17197411932750523
0.16597838546850177
0.16010777936530138
0.15437712841234222
0.1487992239043882
0.14338472982866537
0.1381421593858594
0.13307791354568344
0.12819637308139634
0.12350003370110094
0.11898967310336694
0.11466453891452905
0.1105225473218077
0.10656048357317366
0.10277419714750591
0.0991587861122247
0.09570876682916962
0.09241822664001273
0.08928095840165766
0.0862905767284227
0.08344061653714473
0.08072461500726202
0.07813617839367647
0.07566903530245186
0.07331707809394196
0.07107439404696904
0.0689352878285237
0.06689429668817644
0.06494619965199025
0.06308602183973455
0.061309034880409036
0.0596107542602663
0.057986934308149274
0.056433561406790234
0.054946845916303166
0.053523213207170114
0.05215929412378945
0.05085191513502859
0.04959808837398409
