0.5296048361301192
0.5737104262924847
0.5596634490376352
0.5486943520618284
0.54046653084652
0.534472927473589
0.5302026269319629
0.5272082423603089
0.5251309762089839
0.5236992763810062
0.5227154627171664
0.5220393568626435
0.521573295301707
0.521250033376935
0.5210236303957207
0.5208628578303246
0.5207465536718572
0.5206604023014498
0.5205947264954449
0.5205429841199586
0.520500749312432
0.5204650240312526
0.520433773673423
0.5204056141336024
0.5203796009908946
0.5203550874752548
0.5203316287216362
0.5203089171676634
0.5202867389082982
0.5202649441593372
0.5202434272266653
0.5202221128868448
0.5202009470980186
0.5201798906407209
0.520158914745384
0.5201379980705099
0.5201171246020029
0.5200962821830918
0.5200754614778298
0.5200546552342451
0.5200338577558026
0.5200130645186563
0.5199922718916969
0.5199714769296897
0.5199506772188403
0.5199298707603357
0.5199090558816661
0.5198882311684743
0.5198673954117357
0.5198465475665018
0.5198256867194478
0.5198048120631875
0.5197839228758372
0.5197630185046755
0.5197420983530308
0.5197211618697166
0.5197002085405016
0.5196792378812005
0.5196582494320703
0.5196372427532545
0.5196162174210766
0.5195951730250181
0.5195741091652555
0.519553025450648
0.5195319214970937
0.5195107969261863
0.5194896513641147
0.519468484440765
0.5194472957889811
0.5194260850439621
0.5194048518427667
0.5193835958239065
0.5193623166270118
0.5193410138925574
0.5193196872616368
0.5192983363757752
0.5192769608767771
0.5192555604065978
0.519234134607239
0.5192126831206612
0.5191912055887098
0.5191697016530554
0.519148170955142
0.5191266131361428
0.5191050278369249
0.5190834146980171
0.5190617733595824
0.5190401034613956
0.5190184046428225
0.5189966765428004
0.5189749187998237
0.5189531310519284
0.518931312936679
0.5189094640911563
0.518887584151946
0.5188656727551282
0.5188437295362673
0.5188217541304023
0.518799746172038
0.518777705295136
0.5187556311331063
0.5187335233187984
0.5187113814844939
0.5186892052618979
0.5186669942821311
0.5186447481757226
0.5186224665726018
0.51860014910209
0.5185777953928941
0.5185554050730982
0.5185329777701563
0.5185105131108845
0.5184880107214541
0.5184654702273839
0.5184428912535324
0.5184202734240906
0.5183976163625752
0.5183749196918201
0.5183521830339696
0.5183294060104714
0.5183065882420683
0.5182837293487917
0.5182608289499538
0.5182378866641402
0.5182149021092025
0.5181918749022515
0.5181688046596489
0.5181456909970015
0.5181225335291515
0.518099331870172
0.5180760856333569
0.5180527944312161
0.5180294578754662
0.5180060755770242
0.517982647146
0.517959172191689
0.5179356503225649
0.5179120811462727
0.5178884642696208
0.5178647992985739
0.5178410858382461
0.5178173234928931
0.5177935118659056
0.5177696505598015
0.5177457391762188
0.5177217773159083
0.5176977645787267
0.5176737005636287
0.517649584868661
0.5176254170909529
0.5176011968267121
0.5175769236712148
0.5175525972188001
0.5175282170628621
0.5175037827958431
0.5174792940092262
0.5174547502935285
0.5174301512382935
0.5174054964320841
0.517380785462476
0.5173560179160499
0.5173311933783843
0.5173063114340496
0.5172813716665994
0.517256373658565
0.5172313169914471
0.5172062012457092
0.5171810260007712
0.5171557908350012
0.5171304953257094
0.517105139049141
0.5170797215804691
0.5170542424937872
0.5170287013621033
0.5170030977573324
0.5169774312502895
0.5169517014106826
0.5169259078071068
0.516900050007036
0.5168741275768172
0.5168481400816629
0.5168220870856449
0.5167959681516874
0.5167697828415593
0.5167435307158692
0.516717211334057
0.5166908242543878
0.5166643690339461
0.5166378452286271
0.5166112523931321
0.5165845900809606
0.5165578578444042
0.51653105523454
0.5165041818012238
0.5164772370930835
0.5164502206575132
0.5164231320406659
0.5163959707874477
0.5163687364415103
0.5163414285452467
0.516314046639782
0.5162865902649696
0.5162590589593827
0.5162314522603099
0.5162037697037474
0.5161760108243936
0.5161481751556427
0.5161202622295783
0.5160922715769674
0.516064202727254
0.5160360552085539
0.516007828547647
0.5159795222699729
0.5159511358996237
0.5159226689593389
0.5158941209704988
0.5158654914531188
0.5158367799258439
0.5158079859059419
0.5157791089092988
0.5157501484504123
0.5157211040423861
0.5156919751969247
0.5156627614243264
0.5156334622334802
0.5156040771318575
0.5155746056255079
0.5155450472190539
0.5155154014156853
0.5154856677171529
0.5154558456237647
0.5154259346343788
0.5153959342463998
0.5153658439557727
0.5153356632569775
0.515305391643025
0.5152750286054503
0.5152445736343092
0.5152140262181726
0.515183385844121
0.5151526519977409
0.5151218241631182
0.5150909018228356
0.5150598844579657
0.5150287715480679
0.5149975625711826
0.5149662570038279
0.514934854320994
0.514903353996139
0.5148717555011845
0.5148400583065115
0.5148082618809564
0.5147763656918056
0.5147443692047926
0.5147122718840931
0.5146800731923211
0.5146477725905253
0.5146153695381848
0.514582863493205
0.5145502539119148
0.5145175402490618
0.514484721957809
0.5144517984897317
0.5144187692948133
0.5143856338214419
0.5143523915164074
0.514319041824898
0.5142855841904967
0.5142520180551783
0.5142183428593065
0.5141845580416302
0.5141506630392821
0.514116657287774
0.5140825402209946
0.514048311271208
0.5140139698690493
0.5139795154435232
0.5139449474220006
0.5139102652302177
0.513875468292272
0.5138405560306216
0.5138055278660818
0.5137703832178239
0.5137351215033726
0.5136997421386047
0.5136642445377474
0.5136286281133756
0.5135928922764117
0.5135570364361227
0.5135210600001202
0.513484962374358
0.5134487429631309
0.5134124011690748
0.5133759363931637
0.51333934803471
0.5133026354913642
0.5132657981591133
0.5132288354322794
0.5131917467035207
0.5131545313638306
0.5131171888025368
0.5130797184073016
0.5130421195641215
0.5130043916573275
0.5129665340695848
0.5129285461818935
0.5128904273735886
0.5128521770223397
0.5128137945041531
0.5127752791933713
0.512736630462674
0.5126978476830792
0.5126589302239436
0.5126198774529646
0.5125806887361802
0.5125413634379725
0.5125019009210663
0.5124623005465332
0.5124225616737919
0.5123826836606102
0.5123426658631076
0.5123025076357564
0.5122622083313846
0.5122217673011781
0.5121811838946826
0.512140457459807
0.5120995873428251
0.5120585728883799
0.5120174134394846
0.511976108337528
0.5119346569222751
0.5118930585318726
0.5118513125028513
0.51180941817013
0.5117673748670195
0.5117251819252258
0.5116828386748549
0.5116403444444164
0.5115976985608283
0.5115549003494206
0.511511949133941
0.5114688442365591
0.5114255849778705
0.5113821706769031
0.5113386006511217
0.5112948742164329
0.5112509906871914
0.5112069493762045
0.5111627495947386
0.5111183906525255
0.511073871857767
0.5110291925171421
0.510984351935813
0.5109393494174326
0.5108941842641486
0.510848855776613
0.5108033632539877
0.5107577059939515
0.5107118832927077
0.5106658944449913
0.5106197387440767
0.5105734154817851
0.5105269239484929
0.5104802634331386
0.5104334332232321
0.5103864326048629
0.5103392608627074
0.5102919172800392
0.5102444011387361
0.5101967117192907
0.5101488483008183
0.5101008101610665
0.510052596576425
0.5100042068219348
0.5099556401712977
0.5099068958968864
0.5098579732697549
0.5098088715596479
0.5097595900350123
0.5097101279630061
0.509660484609511
0.5096106592391411
0.5095606511152558
0.50951045949997
0.5094600836541656
0.5094095228375027
0.5093587763084317
0.5093078433242046
0.5092567231408872
0.5092054150133715
0.5091539181953872
0.5091022319395149
0.509050355497198
0.508998288118756
0.5089460290533969
0.5088935775492307
0.5088409328532821
0.5087880942115047
0.5087350608687928
0.5086818320689974
0.5086284070549381
0.5085747850684181
0.5085209653502374
0.5084669471402087
0.5084127296771694
0.5083583121989994
0.508303693942632
0.5082488741440718
0.5081938520384089
0.5081386268598334
0.5080831978416509
0.5080275642162987
0.5079717252153608
0.5079156800695835
0.5078594280088919
0.5078029682624055
0.5077463000584538
0.507689422624594
0.5076323351876266
0.5075750369736116
0.5075175272078861
0.5074598051150802
0.5074018699191352
0.5073437208433192
0.5072853571102458
0.5072267779418904
0.5071679825596083
0.5071089701841516
0.5070497400356881
0.5069902913338179
0.5069306232975922
0.5068707351455314
0.5068106260956424
0.5067502953654379
0.5066897421719548
0.506628965731772
0.5065679652610292
0.5065067399754468
0.5064452890903433
0.5063836118206546
0.5063217073809537
0.5062595749854697
0.506197213848106
0.506134623182461
0.5060718022018469
0.5060087501193092
0.5059454661476463
0.5058819494994292
0.5058181993870218
0.5057542150225992
0.5056899956181702
0.5056255403855945
0.5055608485366045
0.5054959192828251
0.5054307518357933
0.5053653454069796
0.5052996992078068
0.505233812449672
0.5051676843439653
0.505101314102092
0.5050347009354917
0.5049678440556599
0.5049007426741676
0.5048333960026833
0.504765803252992
0.5046979636370175
0.5046298763668418
0.504561540654727
0.5044929557131352
0.5044241207547502
0.5043550349924971
0.5042856976395644
0.5042161079094236
0.5041462650158519
0.5040761681729506
0.5040058165951684
0.5039352094973198
0.5038643460946084
0.5037932256026458
0.5037218472374736
0.5036502102155838
0.5035783137539386
0.5035061570699939
0.5034337393817165
0.5033610599076075
0.5032881178667213
0.5032149124786878
0.5031414429637309
0.5030677085426913
0.5029937084370452
0.5029194418689252
0.5028449080611417
0.5027701062372016
0.5026950356213298
0.5026196954384882
0.5025440849143972
0.5024682032755546
0.5023920497492561
0.502315623563615
0.502238923947582
0.5021619501309645
0.5020847013444472
0.5020071768196104
0.5019293757889502
0.5018512974858977
0.5017729411448378
0.5016943060011287
0.5016153912911205
0.5015361962521739
0.5014567201226799
0.501376962142077
0.5012969215508711
0.5012165975906523
0.5011359895041143
0.5010550965350719
0.5009739179284793
0.5008924529304475
0.5008107007882613
0.5007286607503985
0.5006463320665456
0.5005637139876158
0.5004808057657654
0.500397606654411
0.5003141159082461
0.500230332783258
0.5001462565367426
0.5000618864273225
0.4999772217149619
0.4998922616609817
0.4998070055280769
0.49972145258033035
0.49963560208322844
0.49954945330367645
0.49946300551001344
0.49937625797202556
0.49928920996096243
0.49920186074954953
0.49911420961200365
0.49902625582404553
0.4989379986629142
0.4988494374073798
0.4987605713377572
0.49867139973591873
0.49858192188530703
0.498492137070947
0.4984020445794589
0.4983116436990697
0.4982209337196255
0.4981299139326023
0.49803858363111864
0.49794694210994506
0.497854988665517
0.49776272259594356
0.4976701432010193
0.4975772497822337
0.49748404164278165
0.49739051808757273
0.49729667842324093
0.49720252195815434
0.49710804800242353
0.49701325586791045
0.4969181448682373
0.49682271431879493
0.4967269635367503
0.49663089184105513
0.496534498552453
0.49643778299348695
0.49634074448850624
0.49624338236367393
0.4961456959469731
0.49604768456821324
0.4959493475590368
0.49585068425292467
0.4957516939852025
0.4956523760930458
0.4955527299154851
0.49545275479341194
0.4953524500695822
0.4952518150886216
0.49515084919703056
0.49504955174318754
0.49494792207735294
0.4948459595516732
0.4947436635201843
0.494641033338815
0.4945380683653899
0.49443476795963204
0.49433113148316615
0.49422715829952035
0.49412284777412946
0.4940181992743361
0.4939132121693931
0.4938078858304648
0.493702219630629
0.4935962129448777
0.4934898651501194
0.49338317562517825
0.49327614375079637
0.4931687689096342
0.4930610504862698
0.4929529878672009
0.49284458044084356
0.4927358275975334
0.49262672872952395
0.4925172832309879
0.49240749049801524
0.49229734992861407
0.49218686092270897
0.4920760228821399
0.4919648352106622
0.49185329731394484
0.4917414085995693
0.4916291684770287
0.4915165763577259
0.49140363165497236
0.49129033378398645
0.49117668216189153
0.4910626762077149
0.49094831534238537
0.4908335989887316
0.4907185265714802
0.490603097517254
0.49048731125456974
0.4903711672138358
0.4902546648273505
0.49013780352929986
0.4900205827557556
0.48990300194467273
0.4897850605358873
0.4896667579711145
0.4895480936939465
0.48942906714985035
0.48930967778616535
0.4891899250521015
0.489069808398737
0.48894932727901674
0.48882848114774957
0.4887072694616073
0.48858569167912197
0.4884637472606842
0.48834143566854205
0.48821875636679857
0.48809570882141096
0.48797229250018814
0.4878485068727906
0.4877243514107281
0.4875998255873592
0.4874749288778897
0.4873496607593723
0.4872240207107055
0.48709800821263305
0.4869716227477435
0.48684486380047004
0.4867177308570906
0.48659022340572716
0.48646234093634677
0.48633408294076164
0.4862054489126298
0.48607643834745606
0.4859470507425929
0.4858172855972422
0.4856871424124557
0.48555662069113825
0.48542571993804834
0.48529443965980146
0.48516277936487173
0.4850307385635957
0.4848983167681738
0.4847655134926757
0.4846323282530417
0.48449876056708885
0.4843648099545129
0.48423047593689494
0.48409575803770477
0.483960655782306
0.4838251686979629
0.4836892963138448
0.48355303816103273
0.4834163937725259
0.48327936268324856
0.4831419444300572
0.4830041385517483
0.48286594458906584
0.48272736208470995
0.4825883905833457
0.48244902963161207
0.48230927877813107
0.4821691375735186
0.48202860557039406
0.4818876823233913
0.48174636738916937
0.48160466032642546
0.48146256069590493
0.4813200680604153
0.48117718198483894
0.48103390203614627
0.4808902277834089
0.4807461587978151
0.48060169465268426
0.4804568349234813
0.48031157918783307
0.48016592702554506
0.48001987801861684
0.47987343175126007
0.479726587809916
0.4795793457832734
0.4794317052622879
0.4792836658402002
0.47913522711255657
0.4789863886772283
0.47883715013443384
0.4786875110867579
0.47853747113917544
0.4783870298990722
0.4782361869762692
0.47808494198304424
0.477933294534158
0.4777812442468763
0.4776287907409969
0.47747593363887386
0.4773226725654448
0.47716900714825655
0.47701493701749265
0.47686046180600183
0.47670558114932526
0.47655029468572646
0.47639460205622014
0.4762385029046029
0.4760819968774829
0.4759250836243123
0.4757677627974176
0.4756100340520336
0.4754518970463346
0.47529335144146956
0.47513439690159487
0.47497503309390987
0.4748152596886914
0.47465507635933013
0.4744944827823669
0.4743334786375291
0.474172063607769
0.4740102373793015
0.4738479996416427
0.47368535008764945
0.4735222884135589
0.4733588143190293
0.4731949275071808
0.4730306276846369
0.4728659145615667
0.47270078785172753
0.47253524727250906
0.4723692925449755
0.47220292339391173
0.47203613954786733
0.4718689407392022
0.4717013267041328
0.471533297182779
0.4713648519192112
0.471195990661498
0.4710267131617547
0.4708570191761916
0.47068690846516453
0.4705163807932236
0.4703454359291646
0.47017407364607977
0.4700022937214089
0.4698300959369921
0.4696574800791217
0.46948444593859623
0.46931099331077364
0.4691371219956245
0.4689628317977887
0.46878812252662827
0.4686129939962853
0.46843744602573595
0.46826147843884874
0.46808509106444013
0.46790828373633364
0.4677310562934167
0.46755340857969946
0.4673753404443736
0.4671968517418723
0.4670179423319294
0.46683861207963995
0.46665886085551994
0.4664786885355699
0.4662980950013331
0.4661170801399599
0.4659356438442693
0.4657537860128109
0.4655715065499294
0.46538880536582683
0.46520568237662674
0.46502213750443866
0.46483817067742217
0.46465378182985195
0.4644689709021832
0.46428373784111643
0.464098082599664
0.46391200513721587
0.4637255054196061
0.4635385834191795
0.4633512391148582
0.4631634724922095
0.4629752835435135
0.4627866722678297
0.46259763867106574
0.4624081827660454
0.4622183045725772
0.46202800411752265
0.4618372814348647
0.4616461365657772
0.461454569558694
0.46126258046937746
0.4610701693609889
0.46087733630415684
0.4606840813770479
0.46049040466543506
0.4602963062627691
0.46010178627024656
0.4599068447968816
0.45971148195957434
0.45951569788318214
0.4593194927005886
0.45912286655277407
0.458925819588886
0.4587283519663082
0.45853046385073126
0.45833215541622224
0.45813342684529523
0.4579342783289799
0.45773471006689204
0.4575347222673031
0.4573343151472092
0.457133488932401
0.45693224385753206
0.45673058016618867
0.4565284981109582
0.4563259979534978
0.45612307996460244
0.4559197444242738
0.45571599162178744
0.45551182185576033
0.45530723543421925
0.45510223267466654
0.4548968139041477
0.4546909794593174
0.4544847296865052
0.4542780649417821
0.4540709855910251
0.4538634920099821
0.45365558458433675
0.45344726370977245
0.4532385297920351
0.4530293832469975
0.4528198245007209
0.45260985398951736
0.45239947216001153
0.4521886794692018
0.45197747638452007
0.4517658633838924
0.45155384095579787
0.451341409599327
0.45112856982424043
0.4509153221510265
0.45070166711095594
0.450487605246141
0.4502731371095877
0.45005826326525256
0.4498429842880959
0.44962730076413393
0.4494112132904925
0.449194722475457
0.44897782893852467
0.4487605333104533
0.4485428362333105
0.4483247383605216
0.44810624035691726
0.44788734289877963
0.4476680466738873
0.4474483523815602
0.4472282607327026
0.44700777244984596
0.44678688826719004
0.446565608930644
0.4463439351978641
0.4461218678382943
0.44589940763320174
0.4456765553757138
0.44545331187085285
0.4452296779355699
0.44500565439877804
0.4447812421013833
0.4445564418963156
0.4443312546485576
0.4441056812351731
0.44387972254533337
0.44365337948034317
0.4434266529536647
0.44319954389094046
0.442972053230015
0.44274418192095577
0.4425159309260712
0.44228730121992993
0.4420582937893751
0.44182890963354093
0.44159914976386594
0.44136901520410426
0.44113850699033774
0.44090762617098367
0.4406763738068047
0.44044475097091285
0.4402127587487762
0.4399803982382219
0.43974767054943753
0.43951457680497225
0.4392811181397349
0.43904729570099243
0.4388131106483644
0.43857856415381835
0.4383436574016619
0.43810839158853393
0.43787276792339364
0.43763678762750896
0.4374004519344429
0.4371637620900378
0.4369267193523983
0.43668932499187263
0.43645158029103287
0.43621348654465225
0.435975045059682
0.4357362571552256
0.4354971241625122
0.43525764742486783
0.4350178282976846
0.4347776681483889
0.434537168356408
0.4342963303131336
0.4340551554218852
0.43381364509787107
0.43357180076814733
0.4333296238715755
0.43308711585877907
0.432844278192096
0.43260111234553245
0.43235761980471343
0.4321138020668302
0.43186966064058896
0.43162519704615515
0.43138041281509787
0.43113530949033096
0.4308898886260537
0.43064415178768867
0.4303981005518185
0.43015173650612143
0.42990506124930356
0.4296580763910304
0.4294107835518567
0.42916318436315415
0.4289152804670384
0.42866707351629235
0.42841856517428933
0.4281697571149146
0.427920651022484
0.42767124859166233
0.42742155152737826
0.4271715615447396
0.4269212803689455
0.4266707097351967
0.42641985138860605
0.42616870708410487
0.42591727858634953
0.42566556766962604
0.4254135761177517
0.42516130572397726
0.42490875829088565
0.42465593563029025
0.4244028395631309
0.4241494719193689
0.4238958345378802
0.4236419292663467
0.4233877579611468
0.42313332248724356
0.4228786247180723
0.42262366653542577
0.42236844982933885
0.42211297649797025
0.42185724844748523
0.421601267591934
0.42134503585313193
0.42108855516053456
0.4208318274511147
0.4205748546692365
0.4203176387665282
0.4200601817017551
0.41980248544068743
0.4195445519559726
0.4192863832270007
0.41902798123977214
0.41876934798676385
0.41851048546679226
0.41825139568487746
0.41799208065210436
0.41773254238548396
0.4174727829078134
0.41721280424753493
0.4169526084385916
0.41669219752028624
0.41643157353713595
0.4161707385387268
0.41590969457956734
0.4156484437189416
0.4153869880207607
0.41512532955341375
0.4148634703896184
0.41460141260626904
0.4143391582842862
0.4140767095084633
0.4138140683673145
0.41355123695291973
0.4132882173607709
0.4130250116896162
0.4127616220413044
0.4124980505206276
0.41223429923516564
0.4119703702951261
0.4117062658131887
0.41144198790434344
0.4111775386857336
0.4109129202764951
0.41064813479759654
0.41038318437167765
0.4101180711228897
0.40985279717673295
0.4095873646598951
0.4093217757000899
0.40905603242589395
0.4087901369665852
0.40852409145197877
0.40825789801226536
0.4079915587778471
0.40772507587917467
0.4074584514465839
0.40719168761013225
0.4069247864994352
0.40665775024350287
0.40639058097057634
0.40612328080796367
0.4058558518818772
0.4055882963172695
0.4053206162376704
0.4050528137650234
0.4047848910195234
0.4045168501194528
0.40424869318102025
0.4039804223181965
0.4037120396425541
0.4034435472631042
0.4031749472861357
0.40290624181505447
0.40263743295022114
0.40236852278879226
0.4020995134245595
0.40183040694778993
0.401561205445068
0.40129191099913564
0.401022525688735
0.40075305158845037
0.40048349076855266
0.40021384529484083
0.399944117228488
0.39967430862588527
0.3994044215384879
0.39913445801266095
0.39886442008952716
0.3985943098048136
0.3983241291887002
0.3980538802656698
0.3977835650543572
0.3975131855674001
0.3972427438112912
0.3969722417862305
0.396701681485978
0.3964310648977088
0.3961603940018674
0.39588967077202475
0.3956188971747346
0.3953480751693913
0.3950772067080894
0.3948062937354829
0.39453533818864706
0.3942643419969401
0.3939933070818656
0.39372223535693734
0.39345112872754495
0.39317998909081875
0.39290881833549907
0.3926376183418031
0.3923663909812957
0.39209513811676
0.39182386160206895
0.39155256328205906
0.39128124499240485
0.3910099085594941
0.39073855580030525
0.3904671885222841
0.3901958085232253
0.38992441759115093
0.3896530175041932
0.38938161003047783
0.3891101969280073
0.38883877994454813
0.388567360817516
0.3882959412738658
0.3880245230299795
0.3877531077915588
0.3874816972535159
0.38721029309986765
0.38693889700363104
0.386667510626718
0.3863961356198345
0.3861247736223785
0.38585342626234104
0.3855820951562071
0.38531078190885965
0.385039488113483
0.3847682153514695
0.3844969651923259
0.38422573919358316
0.383954538900705
0.38368336584699997
0.3834122215535344
0.3831411075290454
0.38287002526985814
0.38259897625980077
0.38232796197012425
0.3820569838594203
0.38178604337354466
0.3815151419455377
0.3812442809955483
0.38097346193076037
0.3807026861453176
0.38043195502025273
0.38016126992341615
0.3798906322094063
0.37962004321950243
0.3793495042815973
0.37907901671013206
0.37880858180603194
0.3785382008566442
0.3782678751356767
0.3779976059031372
0.37772739440527536
0.37745724187452573
0.37718714952945
0.37691711857468446
0.3766471502008851
0.37637724558467534
0.37610740588859615
0.3758376322610553
0.3755679258362795
0.3752982877342668
0.375028719060742
0.3747592209071091
0.37448979435041085
0.3742204404532849
0.3739511602639225
0.3736819548160296
0.3734128251287868
0.3731437722068127
0.3728747970401276
0.3726059006041167
0.3723370838594975
0.3720683477522859
0.3717996932137641
0.3715311211604506
0.37126263249406877
0.3709942281015194
0.3707259088548522
0.3704576756112393
0.37018952921294973
0.36992147048732393
0.3696535002467509
0.36938561928864483
0.36911782839542306
0.36885012833448655
0.3685825198581975
0.36831500370386283
0.368047580593714
0.3677802512348913
0.367513016319426
0.36724587652422525
0.366978832511058
0.36671188492653994
0.366445034402121
0.3661782815540726
0.36591162698347585
0.36564507127621143
0.3653786150029489
0.3651122587191363
0.364846002964993
0.3645798482655004
0.3643137951303952
0.36404784405416196
0.36378199551602663
0.3635162499799524
0.3632506078946327
0.362985069693488
0.3627196357946614
0.3624543066010154
0.3621890825001287
0.36192396386429393
0.3616589510505158
0.36139404440050926
0.36112924424069864
0.36086455088221703
0.3605999646209056
0.3603354857373142
0.36007111449670137
0.35980685114903554
0.35954269592899524
0.35927864905597157
0.3590147107340691
0.35875088115210807
0.3584871604836265
0.35822354888688257
0.35796004650485647
0.35769665346525426
0.35743336988051055
0.35717019584779064
0.3569071314489939
0.3566441767507581
0.3563813318044612
0.3561185966462258
0.3558559712969225
0.3555934557621719
0.35533105003235
0.35506875408259037
0.3548065678727875
0.354544491347601
0.3542825244364576
0.3540206670535553
0.3537589190978655
0.35349728045313616
0.35323575098789517
0.3529743305554516
0.35271301899389873
0.352451816126116
0.3521907217597708
0.35192973568731994
0.35166885768601164
0.3514080875178848
0.351147424929772
0.35088686965329785
0.3506264214048796
0.3503660798857271
0.3501058447818418
0.349845715764015
0.3495856924878271
0.3493257745936442
0.34906596170661686
0.34880625343667554
0.3485466493785284
0.34828714911165637
0.34802775220030824
0.34776845819349533
0.347509266624987
0.34725017701330163
0.3469911888617011
0.34673230165818353
0.34647351487547307
0.34621482797101155
0.34595624038694933
0.3456977515501336
0.34543936087209703
0.3451810677490463
0.3449228715618492
0.3446647716760196
0.34440676744170456
0.3441488581936677
0.34389104325127395
0.34363332191847124
0.34337569348377306
0.34311815722023964
0.34286071238545773
0.3426033582215201
0.34234609395500254
0.3420889187969424
0.34183183194281425
0.34157483257250454
0.34131791985028626
0.34106109292479136
0.34080435092898287
0.34054769298012666
0.3402911181797584
0.34003462561365533
0.33977821435180167
0.33952188344835516
0.3392656319416122
0.3390094588539712
0.3387533631918962
0.3384973439458769
0.33824140009038894
0.3379855305838536
0.3377297343685941
0.33747401037079194
0.33721835750044216
0.3369627746513062
0.3367072607008641
0.3364518145102656
0.336196434924279
0.33594112077123794
0.3356858708629901
0.3354306839948401
0.3351755589454935
0.3349204944769997
0.33466548933469026
0.3344105422471202
0.3341556519260035
0.33390081706614994
0.33364603634539886
0.333391308424552
0.3331366319473043
0.33288200554017316
0.3326274278124266
0.33237289735600944
0.332118412745467
0.33186397253786787
0.33160957527272605
0.3313552194719186
0.33110090363960415
0.3308466262621392
0.3305923858079896
0.3303381807276467
0.3300840094535339
0.32982987039991785
0.3295757619628138
0.32932168251989147
0.32906763043037685
0.3288136040349552
0.3285596016556678
0.32830562159581234
0.32805166213983533
0.32779772155322756
0.3275437980824156
0.3272898899546502
0.32703599537789474
0.3267821125407106
0.32652823961214117
0.3262743747415926
0.32602051605871424
0.3257666616732754
0.3255128096750416
0.3252589581336464
0.3250051050984655
0.3247512485984826
0.32449738664215855
0.3242435172172963
0.3239896382909025
0.3237357478090495
0.3234818436967338
0.32322792385773036
0.32297398617445017
0.3227200285077895
0.32246604869698114
0.3222120445594411
0.3219580138906156
0.3217039544638223
0.3214498640300926
0.32119574031800985
0.32094158103354536
0.3206873838598945
0.3204331464573066
0.32017886646291494
0.31992454149056604
0.3196701691306424
0.31941574694988745
0.31916127249122417
0.3189067432735753
0.3186521567916784
0.3183975105158999
0.3181428018920456
0.3178880283411716
0.31763318725939027
0.31737827601767404
0.31712329196165884
0.31686823241144396
0.3166130946613884
0.3163578759799088
0.3161025736092695
0.3158471847653764
0.31559170663756303
0.31533613638837876
0.31508047115337146
0.3148247080408694
0.3145688441317623
0.3143128764792771
0.31405680210875325
0.31380061801741616
0.31354432117414804
0.3132879085192546
0.31303137696423433
0.31277472339154033
0.31251794465434346
0.31226103757629153
0.3120039989512686
0.3117468255431487
0.31148951408555176
0.31123206128159353
0.31097446380363664
0.31071671829303765
0.3104588213598931
0.3102007695827837
0.30994255950851574
0.3096841876518624
0.3094256504953009
0.3091669444887505
0.3089080660493065
0.3086490115609738
0.30838977737439954
0.3081303598066014
0.3078707551406974
0.30761095962563284
0.307350969475906
0.3070907808712913
0.30683038995656453
0.3065697928412225
0.3063089855992044
0.30604796426861103
0.30578672485142366
0.3055252633132204
0.30526357558289363
0.3050016575523654
0.30473950507630176
0.30447711397182775
0.3042144800182403
0.30395159895672197
0.3036884664900539
0.3034250782823268
0.3031614299586554
0.30289751710488894
0.3026333352673237
0.3023688799524158
0.302104146626493
0.30183913071546886
0.30157382760455426
0.3013082326379726
0.30104234111867445
0.30077614830805355
0.30050964942566166
0.3002428396489284
0.29997571411287893
0.2997082679098557
0.2994404960892391
0.2991723936571732
0.29890395557628957
0.2986351767654374
0.29836605209941264
0.29809657640869075
0.29782674447916324
0.29755655105187473
0.2972859908227654
0.2970150584424158
0.2967437485157943
0.2964720556020097
0.29619997421406685
0.29592749881862773
0.2956546238357742
0.29538134363877866
0.29510765255387755
0.29483354486005053
0.2945590147888052
0.294284056523968
0.2940086642014795
0.2937328319091975
0.29345655368670737
0.2931798235251353
0.29290263536697414
0.29262498310591284
0.29234686058667436
0.29206826160486343
0.2917891799068207
0.2915096091894859
0.29122954310027294
0.2909489752369491
0.2906678991475313
0.29038630833018414
0.29010419623313677
0.2898215562546052
0.28953838174272833
0.2892546659955157
0.28897040226080645
0.28868558373624215
0.2884002035692526
0.28811425485705366
0.2878277306466618
0.28754062393491975
0.28725292766854055
0.2869646347441641
0.28667573800843094
0.2863862302580728
0.2860961042400184
0.28580535265151874
0.2855139681402882
0.2852219433046655
0.28492927069379304
0.2846359428078152
0.28434195209809804
0.28404729096746845
0.28375195177047396
0.28345592681366594
0.2831592083559037
0.28286178860868255
0.282563659736483
0.2822648138571472
0.2819652430422783
0.2816649393176644
0.28136389466372946
0.28106210101601126
0.28075955026566424
0.28045623425999294
0.2801521448030108
0.2798472736560314
0.2795416125382854
0.27923515312757125
0.27892788706093524
0.2786198059353829
0.27831090130862346
0.27800116469984726
0.27769058759053544
0.27737916142530555
0.2770668776127905
0.2767537275265549
0.2764397025060449
0.27612479385757815
0.27580899285536836
0.2754922907425891
0.2751746787324779
0.27485614800947655
0.2745366897304137
0.2742162950257292
0.2738949550007355
0.2735726607369263
0.27324940329332326
0.2729251737078678
0.27259996299885764
0.2722737621664253
0.27194656219406205
0.2716183540501888
0.2712891286897711
0.2709588770559808
0.2706275900819056
0.2702952586923045
0.26996187380541237
0.2696274263347927
0.2692919071912378
0.2689553072847187
0.2686176175263858
0.26827882883061716
0.26793893211711867
0.267597918313073
0.267255778355341
0.26691250319271204
0.2665680837882078
0.2662225111214347
0.26587577619098945
0.26552787001691563
0.2651787836432119
0.26482850814039166
0.2644770346080937
0.26412435417774494
0.2637704580152753
0.26341533732388195
0.2630589833468456
0.26270138737039783
0.2623425407266386
0.26198243479650335
0.26162106101278104
0.26125841086318013
0.260894475893444
0.26052924771051567
0.2601627179857479
0.25979487845816174
0.25942572093775246
0.25905523730883695
0.25868341953345086
0.2583102596547856
0.25793574980066986
0.257559882187092
0.25718264912176403
0.2568040430077241
0.2564240563469772
0.25604268174417416
0.25565991191032394
0.25527573966654227
0.25489015794783126
0.25450315980689153
0.25411473841796145
0.25372488708068774
0.25333359922401777
0.25294086841011976
0.25254668833832233
0.25215105284907585
0.25175395592793137
0.25135539170953625
0.250955354481642
0.2505538386891256
0.25015083893801904
0.24974634999954645
0.24934036681416472
0.24893288449560627
0.24852389833492308
0.24811340380452368
0.24770139656220858
0.24728787245519362
0.24687282752412296
0.246456258007069
0.2460381603435124
0.24561853117830462
0.24519736736560513
0.2447746659727944
0.2443504242843554
0.2439246398057243
0.2434973102671049
0.2430684336272449
0.24263800807716898
0.24220603204386792
0.24177250419393842
0.24133742343717196
0.24090078893008715
0.24046260007940548
0.24002285654546432
0.23958155824556432
0.23913870535725085
0.23869429832152103
0.23824833784595711
0.23780082490778165
0.237351760756832
0.23690114691844727
0.23644898519627086
0.23599527767495884
0.2355400267227959
0.23508323499421302
0.23462490543220518
0.2341650412706442
0.2337036460364867
0.23324072355187175
0.23277627793610592
0.23231031360753462
0.23184283528529376
0.2313738479909425
0.23090335704997259
0.23043136809319167
0.22995788705798034
0.22948292018941663
0.2290064740412706
0.22852855547686368
0.22804917166979102
0.22756833010450622
0.22708603857676668
0.22660230519393593
0.226117138375144
0.22563054685130243
0.22514253966497452
0.22465312617009708
0.22416231603155598
0.22367011922461133
0.2231765460341738
0.22268160705393075
0.22218531318532136
0.22168767563636144
0.221188705920316
0.2206884158542211
0.22018681755725605
0.2196839234489614
0.21917974624730988
0.21867429896662582
0.2181675949153548
0.21765964769368673
0.2171504711910295
0.2166400795833385
0.21612848733029882
0.21561570917236467
0.21510176012765975
0.21458665548873074
0.21407041081916955
0.21355304195009378
0.21303456497649517
0.21251499625345519
0.21199435239223158
0.2114726502562155
0.2109499069567668
0.21042613984892394
0.20990136652699837
0.20937560482005005
0.2088488727872496
0.20832118871313318
0.2077925711027477
0.2072630386766936
0.20673261036606844
0.20620130530731323
0.2056691428369661
0.20513614248632633
0.2046023239760349
0.20406770721057083
0.20353231227267166
0.20299615941768018
0.20245926906781936
0.20192166180640625
0.20138335837199756
0.2008443796524837
0.2003047466791264
0.19976448062054833
0.1992236027766761
0.19868213457264464
0.1981400975526632
0.19759751337384995
0.19705440380003772
0.1965107906955562
0.19596669601899427
0.19542214181694623
0.1948771502177473
0.1943317434252008
0.19378594371230307
0.19323977341496845
0.19269325492575934
0.19214641068762459
0.1915992631876523
0.19105183495083555
0.19050414853386272
0.18995622651893018
0.18940809150758092
0.1888597661145781
0.188311272961811
0.187762634672241
0.18721387386388819
0.18666501314386455
0.18611607510245481
0.18556708230724842
0.18501805729732834
0.18446902257751457
0.18392000061267139
0.18337101382207477
0.18282208457384982
0.18227323517947264
0.18172448788834727
0.1811758648824539
0.18062738827107408
0.1800790800855941
0.17953096227438908
0.1789830566977881
0.178435385123126
0.17788796921987915
0.1773408305548902
0.17679399058768253
0.17624747066586505
0.17570129202063023
0.17515547576234555
0.17461004287623982
0.1740650142181866
0.17352041051058353
0.17297625233833058
0.17243256014490801
0.1718893542285531
0.17134665473853689
0.1708044816715433
0.17026285486814913
0.16972179400940593
0.1691813186135233
0.16864144803265702
0.16810220144979593
0.16756359787575548
0.16702565614627124
0.16648839491919568
0.16595183267179753
0.1654159876981628
0.164880878106698
0.16434652181773496
0.16381293656123555
0.16328013987459816
0.16274814910056293
0.16221698138521723
0.16168665367609872
0.1611571827203968
0.16062858506325098
0.16010087704614512
0.15957407480539743
0.15904819427074346
0.15852325116401378
0.15799926099790362
0.15747623907483263
0.15695420048589587
0.15643316010990305
0.15591313261250503
0.15539413244540778
0.15487617384567126
0.1543592708350905
0.15384343721966257
0.1533286865891312
0.15281503231661359
0.1523024875583051
0.15179106525326097
0.15128077812325372
0.1507716386727043
0.1502636591886873
0.149756851741006
0.14925122818233844
0.1487468001484512
0.1482435790584798
0.14774157611527602
0.14724080230581665
0.14674126840167717
0.14624298495956442
0.14574596232190948
0.14525021061751828
0.14475573976227865
0.14426255945992233
0.1437706792028391
0.14328010827294543
0.14279085574260048
0.14230293047557285
0.1418163411280544
0.14133109614972064
0.1408472037848332
0.14036467207338865
0.13988350885230652
0.1394037217566591
0.13892531822093906
0.13844830548036463
0.1379726905722212
0.13749848033723763
0.13702568142099525
0.13655430027537013
0.136084343160004
0.1356158161438071
0.13514872510648698
0.13468307574010546
0.1342188735506606
0.13375612385969365
0.13329483180591822
0.13283500234687234
0.1323766402605911
0.1319197501472991
0.13146433643112043
0.13101040336180808
0.13055795501648831
0.1301069953014199
0.12965752795376903
0.12920955654339686
0.128763084474659
0.12831811498821605
0.1278746511628554
0.12743269591732143
0.1269922520121547
0.12655332205153835
0.12611590848515106
0.12568001361002604
0.12524563957241477
0.1248127883696553
0.12438146185204307
0.12395166172470465
0.12352338954947346
0.12309664674676704
0.12267143459746274
0.12224775424477499
0.1218256066961307
0.12140499282504336
0.12098591337298377
0.12056836895124884
0.12015236004282681
0.11973788700425725
0.11932495006748717
0.11891354934172246
0.11850368481527117
0.11809535635738398
0.1176885637200839
0.11728330653999217
0.11687958434014392
0.11647739653179687
0.11607674241623117
0.11567762118654006
0.11528003192941051
0.11488397362689527
0.11448944515817372
0.11409644530130203
0.11370497273495371
0.11331502604014759
0.11292660370196386
0.11253970411125111
0.11215432556631734
0.1117704662746116
0.11138812435439155
0.11100729783637829
0.11062798466539911
0.11025018270201513
0.1098738897241367
0.10949910342862515
0.10912582143287924
0.10875404127640952
0.10838376042239684
0.10801497625923648
0.10764768610206985
0.1072818871942979
0.10691757670908342
0.10655475175083615
0.10619340935668299
0.10583354649792488
0.10547516008147619
0.1051182469512906
0.10476280388976991
0.10440882761916043
0.10405631480293008
0.1037052620471332
0.1033556659017585
0.1030075228620613
0.10266082936988041
0.10231558181494033
0.1019717765361361
0.10162940982280459
0.10128847791597845
0.10094897700962555
0.10061090325187251
0.10027425274621315
0.09993902155270029
0.09960520568912382
0.09927280113217175
0.09894180381857641
0.09861220964624638
0.09828401447538115
0.09795721412957215
0.09763180439688815
0.09730778103094526
0.09698513975196228
0.09666387624780066
0.09634398617499061
0.09602546515974107
0.09570830879893533
0.09539251266111298
0.0950780722874365
0.094764983192643
0.09445324086598236
0.09414284077214105
0.09383377835215134
0.09352604902428702
0.0932196481849443
0.09291457120951015
0.09261081345321562
0.09230837025197602
0.09200723692321851
0.091707408766694
0.09140888106527821
0.09111164908575851
0.09081570807960686
0.09052105328374155
0.09022767992127494
0.0899355832022482
0.08964475832435496
0.08935520047365111
0.08906690482525251
0.08877986654402141
0.08849408078523918
0.08820954269526893
0.08792624741220464
0.08764419006650995
0.08736336578164396
0.08708376967467701
0.0868053968568942
0.08652824243438786
0.08625230150863918
0.08597756917708906
0.08570404053369711
0.0854317106694916
0.085160574673107
0.08489062763131297
0.08462186462953165
0.08435428075234491
0.08408787108399245
0.08382263070885912
0.08355855471195242
0.08329563817937101
0.08303387619876293
0.08277326385977501
0.0825137962544924
0.08225546847786899
0.08199827562814938
0.08174221280728144
0.08148727512131973
0.08123345768082062
0.08098075560122936
0.08072916400325743
0.08047867801325267
0.08022929276356042
0.0799810033928775
0.07973380504659665
0.07948769287714468
0.07924266204431238
0.07899870771557593
0.07875582506641218
0.07851400928060485
0.07827325555054576
0.07803355907752596
0.07779491507202199
0.07755731875397459
0.07732076535305978
0.07708525010895453
0.07685076827159396
0.07661731510142371
0.07638488586964505
0.07615347585845346
0.07592308036127145
0.07569369468297471
0.07546531414011248
0.07523793406112259
0.07501154978653876
0.0747861566691945
0.07456175007441963
0.0743383253802318
0.07411587797752257
0.07389440327023825
0.07367389667555477
0.07345435362404815
0.07323576955985925
0.07301813994085378
0.07280146023877765
0.0725857259394061
0.07237093254269014
0.07215707556289641
0.07194415052874394
0.07173215298353448
0.07152107848528083
0.07131092260682874
0.07110168093597533
0.07089334907558337
0.07068592264369132
0.07047939727361899
0.07027376861406973
0.07006903232922865
0.06986518409885621
0.06966221961837896
0.06946013459897626
0.06925892476766335
0.06905858586737072
0.06885911365702033
0.06866050391159742
0.06846275242222094
0.0682658549962085
0.06806980745713945
0.06787460564491384
0.06768024541580966
0.06748672264253547
0.06729403321428096
0.06710217303676416
0.06691113803227641
0.06672092413972364
0.0665315273146654
0.06634294352935147
0.06615516877275489
0.0659681990506032
0.06578203038540739
0.0655966588164871
0.06541208039999494
0.06522829120893686
0.06504528733319166
0.06486306487952734
0.06468161997161513
0.06450094875004211
0.06432104737232117
0.06414191201289818
0.06396353886315895
0.06378592413143214
0.06360906404299195
0.06343295484005743
0.063257592781791
0.06308297414429456
0.06290909522060417
0.06273595232068274
0.06256354177141092
0.06239185991657656
0.06222090311686282
0.06205066774983358
0.06188115020991905
0.06171234690839782
0.06154425427337933
0.06137686874978358
0.06121018679932
0.06104420490046491
0.06087891954843756
0.060714327255175005
0.06055042454930506
0.06038720797611937
0.060224674097543604
0.06006281949210804
0.05990164075491554
0.059741134497609746
0.059581297348341236
0.05942212595173309
0.05926361696884512
0.05910576707713749
0.058948572970432905
0.058792031358878255
0.05863613896890525
0.05848089254318964
0.05832628884061041
0.058172324636207584
0.058018996721139186
0.057866301902637765
0.0577142370039658
0.057562798864370476
0.057411984339037894
0.057261790299045864
0.05711221363131763
0.056963251238572564
0.05681490003927852
0.05666715696760221
0.0565200189733591
0.0563734830219634
0.056227546094376635
0.056082205187056436
0.05593745731190426
0.05579329949621274
0.05564972878261286
0.055506742229019995
0.05536433690858032
0.05522250990961626
0.05508125833557151
0.054940579304955835
0.05480046995128944
0.054660927423046866
0.05452194888360076
0.05438353151116507
0.0542456724987381
0.05410836905404487
0.05397161839947985
0.05383541777204866
0.053699764423310106
0.0535646556193177
0.05343008864056083
0.05329606078190565
0.05316256935253659
0.05302961167589617
0.05289718508962588
0.0527652869455065
0.05263391460939774
0.05250306546117871
0.0523727368946873
0.05224292631765996
0.052113631151671225
0.05198484883207292
0.05185657680793369
0.051728812541977975
0.05160155351052524
0.051474797203428714
0.05134854112401477
0.051222782789021384
0.05109751972853706
0.05097274948593993
0.05084846961783587
0.0507246776939977
0.05060137129730398
0.050478548023677
0.05035620548202227
0.05023434129416647
0.05011295309479687
0.04999203853139932
