2.10140047142166
2.5308281676228237
2.35923766162708
2.224571498765626
2.1579118875417675
2.128745133843182
2.1132732579294307
2.1018441698252697
2.091583222793981
2.0817306796928543
2.0720813670528564
2.0625714054380726
2.053176413714325
2.043885731133047
2.0346950674354654
2.0256039755556383
2.016614791972238
2.007732104283252
1.9989624271796305
1.9903139580819589
1.9817963547973987
1.9734205086168122
1.9651983012576153
1.9571423418913307
1.9492656849913366
1.941581532605419
1.9341029266458596
1.9268424381906724
1.9198118616925153
1.9130219224060934
1.906482005264133
1.9001999128663996
1.8941816592362901
1.8884313046191945
1.8829508349484037
1.8777400878087125
1.8727967249123314
1.8681162493871724
1.8636920646675046
1.8595155705495703
1.8555762910779927
1.851862028380654
1.8483590363599243
1.8450522082440242
1.8419252723549178
1.8389609910000082
1.8361413580825448
1.8334477917906917
1.8308613195143315
1.8283627529070605
1.82593285172345
1.823552475693108
1.821202724227204
1.818865064181636
1.8165214462220305
1.8141544105525778
1.8117471828900222
1.809283761595432
1.8067489968304158
1.8041286624931496
1.8014095215251187
1.7985793849744947
1.7956271649691584
1.7925429215045519
1.7893179027019028
1.7859445779542702
1.7824166631649758
1.7787291371087135
1.77487824782318
1.7708615078803747
1.7666776774022077
1.7623267337821604
1.7578098272576035
1.7531292217452967
1.7482882206998274
1.7432910781697553
1.7381428956919327
1.7328495061586322
1.727417346288624
1.7218533198037416
1.716164653828072
1.7103587513610061
1.704443042905464
1.6984248404424367
1.6923111969237516
1.686108774306316
1.6798237228809256
1.673461574272279
1.667027150025552
1.6605244871740332
1.6539567816292093
1.6473263496762254
1.640634607318618
1.633882066717583
1.6270683485289936
1.6201922085669822
1.6132515769216167
1.6062436074311337
1.5991647352528235
1.5920107401846944
1.5847768133537294
1.577457624895989
1.5700473902986767
1.5625399331446173
1.5549287420862408
1.5472070199712278
1.53936772313911
1.5314035890024509
1.5233071501147266
1.5150707330081663
1.506686440158953
1.4981461135064134
1.4894412780212616
1.4805630638920497
1.4715021059878217
1.462248419371138
1.4527912497957178
1.4431188983488068
1.433218519718043
1.42307589401178
1.4126751726852376
1.4019985999772189
1.391026212409545
1.3797355204207276
1.3681011781838026
1.35609465018913
1.3436838863497274
1.3308330212920834
1.3175021181849667
1.3036469829379136
1.2892190807941928
1.2741655940532528
1.2584296665177568
1.2419508866735305
1.224666066683945
1.206510376752746
1.1874188925907558
1.1673286054638277
1.1461809270494991
1.1239246923456516
1.1005196207005938
1.0759401363453485
1.0501793766622025
1.023253133796644
0.9952033934354194
0.9661010698631993
0.9360475096282082
0.9051743687875016
0.8736415761781855
0.8416332787832506
0.8093519060137233
0.7770107476673286
0.7448256621464837
0.7130066654015247
0.6817501636807111
0.6512324815847008
0.6216051297387003
0.592992003505604
0.5654884599957788
0.5391620282507852
0.5140543894334155
0.49018422150420343
0.4675505220951892
0.44613608271304017
0.42591086556826163
0.4068351142278311
0.3888620999863442
0.3719404620512393
0.3560161402529456
0.3410339255063555
0.3269386683578047
0.31367619260982427
0.3011939619105173
0.28944154450408255
0.27837091668959135
0.26793664005627443
0.25809594198522035
0.24880872366201015
0.24003751515650412
0.2317473930819301
0.2239058729482067
0.21648278552910216
0.20945014430119213
0.20278200920867773
0.19645435058732583
0.19044491597464697
0.18473310168184065
0.17929983035484937
0.17412743526452065
0.16919955170442624
0.16450101561125477
0.16001776933429102
0.15573677434957642
0.1516459306268555
0.14773400230249753
0.14399054928076185
0.1404058643725254
0.1369709155799915
0.13367729314411556
0.13051716098568994
0.12748321218910844
0.1245686281981763
0.12176704141481878
0.11907250091331734
0.11647944100420332
0.11398265240275132
0.11157725577686989
0.10925867746795141
0.10702262719579406
0.10486507757504193
0.10278224528569921
0.1007705737541954
0.09882671721425307
0.09694752602852222
0.09513003316262568
0.0933714417130182
0.09166911339893322
0.0900205579367761
0.0884234232226539
0.08687548625540509
0.08537464473854028
0.0839189093050002
0.08250639631361668
0.0811353211706889
0.0798039921341803
0.07851080456177548
0.07725423556739923
0.07603283905388217
0.07484524109222564
0.07369013562046171
0.07256628043738866
0.07147249346856455
0.07040764928382806
0.06937067584735718
0.068360551482838
0.06737630203776099
0.06641699823215665
0.06548175317828397
0.0645697200588651
0.06368008995245424
0.06281208979543436
0.06196498047096448
0.06113805501595478
0.06033063693784326
0.05954207863357945
0.058771759903803567
0.05801908655574117
0.05728348908882186
0.05656442145748154
0.05586135990601582
0.05517380187073307
0.0545012649450049
0.05384328590312736
0.05319941977920525
0.052569238997542095
0.0519523325512675
0.05134830522616423
0.05075677686687325
0.0501773816828458
0.049609767591599116
