0.5317893690794631
0.5202520466430807
0.5158758886526043
0.5206919620815958
0.5193026749424071
0.5167008799031463
0.5178352461228679
0.5184251657601349
0.5163120221354877
0.514318110542014
0.5139458977062801
0.5140353409097814
0.5139472216314943
0.5139493434203563
0.5139023009957795
0.5134972995241316
0.5129039527041347
0.5124561579412668
0.5122109136975901
0.5120576878261058
0.5119215277746976
0.5117527723250527
0.511509740037922
0.5112063414834236
0.5109025366981753
0.5106410006361468
0.5104219745987663
0.5102237430385136
0.5100233283098324
0.5098059947183415
0.5095711133885754
0.5093303972261268
0.5090972516537544
0.5088775006561427
0.5086684956613666
0.5084636405141028
0.5082572272289412
0.5080472892349166
0.5078357476794019
0.507626226449653
0.5074213790667734
0.507221611668738
0.5070255606700618
0.5068314282138264
0.5066381410714829
0.5064457600062243
0.5062551197825567
0.5060671156549528
0.5058821622846827
0.5057000985156967
0.5055204559895587
0.505342822351034
0.505167062366346
0.5049933125496471
0.5048218183597268
0.5046527549521757
0.5044861415274092
0.5043218713346793
0.504159804853111
0.503999853011412
0.5038420052002317
0.5036863022105417
0.5035327861491772
0.503381463352809
0.5032322980276128
0.5030852310898619
0.502940205656644
0.5027971823372105
0.5026561384397876
0.5025170563136248
0.5023799108177569
0.5022446634395713
0.5021112644616763
0.5019796594643713
0.5018497950336517
0.5017216205382539
0.5015950860625555
0.5014701387935401
0.5013467203732767
0.5012247664136809
0.5011042077498089
0.5009849721182154
0.5008669850884726
0.5007501698582795
0.5006344462985924
0.5005197299544695
0.5004059315197422
0.5002929568696464
0.5001807073817909
0.5000690801848109
0.49995796812052534
0.4998472594331611
0.49973683735111707
0.49962657973671865
0.4995163588839061
0.49940604142993317
0.49929548828691683
0.49918455451165916
0.49907308908856374
0.4989609346546883
0.49884792721697585
0.4987338958970772
0.49861866270805244
0.49850204234270823
0.4983838419477732
0.49826386086915475
0.4981418903697486
0.49801771333167216
0.4978911039549742
0.4977618274577779
0.4976296397747386
0.49749428724667705
0.4973555062954304
0.49721302308213533
0.497066553150982
0.4969158010618449
0.4967604600140236
0.49660021146108957
0.4964347247151839
0.49626365653885596
0.49608665072347735
0.4959033376545142
0.4957133338647404
0.49551624157652774
0.49531164823392915
0.4950991260248208
0.4948782313932659
0.49464850454256415
0.49440946892996585
0.49416063075453
0.49390147843994453
0.49363148211430685
0.49335009308902383
0.49305674333922667
0.49275084498849747
0.4924317898012235
0.49209894868648296
0.49175167121795693
0.49138928517496955
0.4910110961103667
0.49061638695164433
0.49020441764250927
0.4897744248329448
0.48932562162681337
0.4888571973970688
0.48836831767974065
0.48785812415901797
0.48732573475697616
0.48677024384280565
0.48619072257776125
0.48558621941349145
0.48495576076287306
0.4842983518639616
0.48361297785915147
0.48289860511307625
0.48215418279415956
0.4813786447459848
0.4805709116757476
0.4797298936879113
0.478854493191748
0.4779436082115934
0.47699613612832065
0.47601097787959723
0.4749870426448515
0.47392325303837374
0.4728185508305282
0.4716719032124598
0.4704823096138774
0.46924880907630145
0.4679704881755096
0.46664648947669846
0.4652760204940673
0.4638583631131129
0.46239288341897833
0.4608790418578451
0.45931640364082554
0.4577046492814211
0.4560435851387649
0.4543331538201168
0.45257344427803475
0.45076470142105646
0.44890733504239705
0.44700192785997167
0.44504924245388405
0.4430502268852637
0.44100601878378065
0.43891794770100867
0.43678753554355076
0.43461649492372134
0.4324067252965887
0.43016030678994555
0.42787949167756045
0.42556669349481574
0.4232244738480983
0.42085552702339135
0.4184626625534367
0.4160487859545292
0.4136168778913306
0.41116997206903105
0.4087111321848821
0.40624342829410415
0.4037699129572758
0.4012935975369603
0.39881742900037787
0.3963442675628157
0.39387686547406864
0.39141784720886985
0.3889696912736555
0.3865347137880026
0.38411505394173595
0.3817126613699578
0.3793292854300856
0.37696646630898484
0.37462552783593234
0.3723075718294265
0.37001347376354676
0.3677438795029507
0.36549920282474363
0.3632796234200725
0.36108508504791714
0.35891529349753437
0.35676971400367785
0.3546475677494127
0.3525478270845824
0.35046920908351786
0.3484101670636303
0.34636887968781627
0.3443432372797075
0.3423308249942538
0.34032890251078973
0.3383343799571142
0.3363437898387085
0.33435325484696066
0.3323584515669135
0.3303545703143436
0.3283362716227443
0.32629764029424796
0.3242321384469571
0.3221325596549673
0.319990987100324
0.317798759637786
0.31554645078823895
0.31322386686063663
0.3108200715360209
0.3083234451401402
0.30572178721254967
0.3030024705036922
0.30015265280811176
0.29715954971047603
0.2940107661657307
0.29069467794094556
0.2872008458635712
0.2835204376681245
0.2796466256639091
0.2755749253899371
0.2713034425869992
0.2668330040367345
0.262167161481806
0.2573120746796257
0.25227629610509067
0.24707049204054202
0.2417071398312805
0.23620023792770917
0.2305650552116017
0.2248179319855188
0.2189761305304896
0.21305772147364146
0.20708148528614484
0.2010668065567172
0.1950335416040324
0.18900184617192184
0.18299195784052077
0.17702393592393156
0.17111736881639122
0.16529106414256925
0.15956274017462377
0.15394873765924336
0.14846376962197624
0.14312072330290887
0.1379305237198059
0.1329020631301407
0.12804219554087384
0.12335579096394936
0.11884584073621997
0.11451360310973493
0.11035877746716194
0.1063796957634559
0.1025735208760486
0.09893644316359287
0.09546386840577878
0.0921505921919218
0.0889909575766958
0.08597899432529474
0.08310853928093652
0.08037333830064615
0.07776713084444355
0.07528371870791266
0.0729170206042877
0.07066111437482164
0.06851026857595018
0.06645896509282287
0.06450191428832182
0.06263406403530067
0.06085060381223025
0.059146964878802104
0.05751881739466928
0.05596206520500652
0.054472838892559605
0.053047487587608355
0.051682569934176116
0.05037484453176325
0.049121260105474386
