0.5104272469723593
0.5519945491886012
0.5288668251996389
0.5369391590928497
0.5425996053223204
0.5328076805090871
0.5237878851479719
0.5240697131914888
0.5255016059936213
0.5242651043622526
0.5237995983784702
0.5245451506227672
0.5242138769218831
0.5227698264564205
0.5217420321039218
0.5214937651995859
0.5214495357314298
0.5213940476210449
0.5213697855497095
0.5212409250073953
0.5209051750735042
0.520492818600615
0.5201705835331734
0.5199662338826139
0.519825900690002
0.5197002757460227
0.5195520235636628
0.519358803042485
0.5191312668179731
0.5189029884874087
0.5186992062110265
0.5185226632102032
0.5183615941994317
0.518201470126761
0.518032350379619
0.5178526543344146
0.5176682128391799
0.5174867913325245
0.5173127084957593
0.5171453682232658
0.516981178774645
0.5168163774072227
0.516649029730003
0.5164795126870811
0.5163095888584258
0.5161409306168766
0.5159741297944563
0.5158086378284323
0.5156433661744548
0.5154773976148642
0.5153103901620677
0.5151425452414671
0.5149742811491518
0.5148058807743632
0.5146373226014278
0.5144683356881589
0.5142985787885989
0.5141278056919497
0.5139559289989912
0.5137829768942366
0.513608998724369
0.5134339877749718
0.513257859714848
0.5130804821297754
0.5129017231538594
0.5127214861661391
0.5125397152479866
0.5123563770543159
0.5121714363385499
0.5119848408327856
0.5117965212291333
0.5116064017721429
0.5114144123368602
0.5112204947608611
0.5110246015945396
0.5108266902554488
0.5106267172780536
0.5104246359003691
0.5102203973779984
0.5100139541927647
0.5098052627974872
0.5095942845015206
0.5093809845664469
0.5091653305712711
0.5089472912026614
0.5087268360386066
0.5085039361584341
0.5082785649891502
0.5080506988346705
0.5078203168737137
0.5075874007719895
0.5073519342244988
0.50711390268374
0.5068732933415395
0.5066300952608787
0.5063842994920609
0.5061358990579169
0.5058848887937285
0.5056312651067179
0.5053750257386493
0.5051161695804911
0.5048546965356845
0.5045906073936042
0.5043239036721874
0.5040545874105296
0.5037826609188722
0.5035081265082444
0.5032309862200555
0.5029512415632721
0.5026688932539063
0.5023839409459246
0.5020963829455078
0.5018062159077941
0.501513434521417
0.5012180311880615
0.500919995702049
0.5006193149311138
0.500315972496748
0.5000099484520593
0.4997012189565609
0.49938975594925666
0.49907552682250167
0.4987584940989517
0.4984386151128962
0.4981158416961759
0.49779011986833627
0.49746138953075003
0.49712958416488107
0.4967946305352192
0.49645644839744474
0.4961149502120954
0.4957700408635932
0.4954216173841657
0.4950695686820659
0.4947137752735181
0.49435410901788107
0.49399043285552346
0.4936226005478127
0.49325045641848
0.4928738350954868
0.49249256125244456
0.49210644934862746
0.4917153033666496
0.4913189165469003
0.4909170711178548
0.4905095380213767
0.49009607663213944
0.48967643447033216
0.4892503469068771
0.48881753686047846
0.48837771448592776
0.48793057685320884
0.4874758076170581
0.48701307667677707
0.48654203982623323
0.48606233839415824
0.4855735988750409
0.48507543255111685
0.48456743510617833
0.48404918623217097
0.4835202492297912
0.48298017060457876
0.482428479660303
0.4818646880917572
0.481288289579439
0.48069875938897594
0.4800955539785687
0.47947811061817935
0.4788458470246863
0.47819816101776214
0.4775344302018212
0.4768540116800263
0.47615624180704363
0.47544043598800056
0.4747058885319312
0.47395187256889626
0.47317764004093743
0.47238242177807604
0.4715654276716841
0.4707258469587453
0.4698628486317772
0.46897558199048045
0.4680631773525286
0.4671247469422545
0.46615938597733253
0.4651661739748543
0.46414417629939
0.4630924459767023
0.4620100257976332
0.4608959507372896
0.4597492507148849
0.4585689537194054
0.45735408932553157
0.45610369262286626
0.4548168085793869
0.4534924968570345
0.4521298370933717
0.4507279346581606
0.4492859268874676
0.44780298979038125
0.44627834521461784
0.4447112684471516
0.4431010962145834
0.4414472350353435
0.4397491698621431
0.4380064729385952
0.4362188127788784
0.43438596316413336
0.4325078120343907
0.4305843701407837
0.428615779310189
0.4266023201639195
0.4245444191243417
0.4224426545389618
0.42029776175128686
0.4181106369521409
0.4158823396545619
0.41361409365020035
0.4113072863253437
0.408963466240175
0.4065843389052085
0.40417176072338407
0.40172773110410126
0.3992543827954169
0.39675397052135797
0.39422885805136165
0.3916815038667626
0.38911444562347386
0.3865302836392298
0.3839316636567477
0.3813212591500368
0.3787017534491933
0.376075821959144
0.37344611474000905
0.37081523970151625
0.3681857466419889
0.3655601123348516
0.3629407268336233
0.3603298811313167
0.3577297562734547
0.35514241398690216
0.3525697888506832
0.3500136820009956
0.34747575633169786
0.34495753312429683
0.3424603900184055
0.3399855602149732
0.33753413279039246
0.335107053989667
0.3327051293608983
0.3303290265909981
0.3279792789032382
0.32565628888049514
0.3233603325832269
0.3210915638378138
0.31885001857836714
0.3166356191329584
0.3144481783530439
0.31228740349225853
0.31015289974741167
0.30804417338016854
0.30596063434231313
0.303901598330471
0.3018662881975527
0.29985383464782933
0.29786327614029506
0.2958935579207088
0.29394353009625146
0.2920119446579392
0.2900974513446278
0.2881985922283999
0.2863137948841886
0.28444136398639974
0.2825794711519005
0.2807261428218816
0.278879245944728
0.2770364711882702
0.2751953133730002
0.2733530487788327
0.27150670893816425
0.26965305048968535
0.2677885206343064
0.2659092177122373
0.2640108464170303
0.2620886671902609
0.26013743941663864
0.2581513581877121
0.2561239846559652
0.2540481704044759
0.25191597686893846
0.24971859174355476
0.24744624557197742
0.24508813347589864
0.2426323493204842
0.2400658426592408
0.23737441259589515
0.23454275719667603
0.2315546020362011
0.2283929362960344
0.2250403885162097
0.22147977496787236
0.21769484932820682
0.2136712700164623
0.20939777830159945
0.20486754430264986
0.20007959020739272
0.19504014607012987
0.1897637451173648
0.18427383974771605
0.17860273501169338
0.1727907059349514
0.1668842863829369
0.16093386776708576
0.1549908861852614
0.14910496317809774
0.14332136930254502
0.13767910038093809
0.1322097212961848
0.12693698471271342
0.12187711201304977
0.11703955383641294
0.11242803013809438
0.10804167202435211
0.1038761314246144
0.09992457347599398
0.0961785094380197
0.09262846004777173
0.08926445985063206
0.0860764240043275
0.08305440301874144
0.08018875043093937
0.07747022556456216
0.0748900497022006
0.07243993008143185
0.07011206257822013
0.06789912096573664
0.06579423827264586
0.06379098396744318
0.061883339381050985
0.06006567285433891
0.0583327154703599
0.056679537824169374
0.05510152803160048
0.05359437103213537
0.052154029162804386
0.05077672394352409
0.04945891900162549
