0.5170821883598382
0.5167552702122583
0.5146882939363435
0.5170220147785295
0.5159303965564431
0.5148697698692315
0.515773936985029
0.5157907916881818
0.5141783306857625
0.5128385984995485
0.5124889277787554
0.5124171091825559
0.5123146895883387
0.5122714010701434
0.5121185262817625
0.5117012141528984
0.5111832237775215
0.5107789633784325
0.5105145145111953
0.5103188331683448
0.510135422127846
0.5099199417936374
0.5096462310802767
0.5093333170895151
0.5090263292047356
0.5087532022557314
0.5085120734564205
0.508286020979782
0.5080575396267755
0.5078166323923504
0.5075647247975685
0.507311582329857
0.5070669046268812
0.5068342581492982
0.506611106140552
0.5063923908472892
0.5061741608906947
0.5059555136912808
0.5057383492260953
0.5055255227913373
0.5053189184234512
0.5051186941498786
0.5049237877102208
0.504732958425224
0.5045456059344294
0.5043619818716903
0.5041828463871569
0.5040089236557702
0.503840537427029
0.5036775890914299
0.5035197852626858
0.5033669059868591
0.5032189474895278
0.5030760948856197
0.5029385905416272
0.5028066053709429
0.5026801872662826
0.5025592934699676
0.5024438626942649
0.5023338732781941
0.5022293579655176
0.5021303796921351
0.5020369940212193
0.5019492240104317
0.5018670583896907
0.5017904671376208
0.5017194202462342
0.5016538978950924
0.5015938887578014
0.5015393810131896
0.5014903534984343
0.5014467721435436
0.5014085922339577
0.5013757635123057
0.501348234384932
0.5013259531373431
0.5013088664231964
0.5012969167933911
0.5012900410624158
0.5012881702893585
0.5012912309851367
0.5012991465646903
0.5013118382151592
0.5013292249376404
0.5013512230717617
0.5013777458200875
0.501408703135494
0.5014440020161114
0.5014835470028982
0.5015272406184303
0.5015749835971992
0.5016266749227958
0.5016822117942203
0.5017414896476438
0.5018044022894753
0.5018708421146503
0.5019407003415656
0.5020138672049588
0.5020902320889574
0.502169683621523
0.5022521097665299
0.5023373979391899
0.5024254351481362
0.502516108149783
0.5026093035964165
0.502704908167289
0.5028028086836305
0.5029028922161105
0.5030050461936126
0.5031091585172086
0.5032151176774113
0.5033228128697624
0.5034321341044969
0.5035429723089488
0.503655219424118
0.5037687684979024
0.5038835137767395
0.503999350795806
0.504116176466684
0.5042338891610997
0.504352388789926
0.5044715768774666
0.5045913566315919
0.5047116330103207
0.5048323127850867
0.5049533046005259
0.5050745190304152
0.5051958686294487
0.5053172679807661
0.5054386337393484
0.5055598846714745
0.5056809416903936
0.505801727888253
0.5059221685642434
0.5060421912489133
0.50616172572465
0.5062807040423977
0.5063990605347222
0.5065167318253442
0.5066336568352399
0.5067497767853822
0.5068650351961936
0.5069793778837807
0.5070927529530509
0.5072051107878226
0.5073164040380509
0.5074265876042916
0.5075356186195166
0.5076434564283936
0.5077500625641407
0.5078554007230693
0.5079594367369384
0.5080621385432447
0.5081634761535658
0.5082634216200845
0.5083619490004062
0.5084590343207858
0.508554655537879
0.5086487924991292
0.5087414269019024
0.5088325422514803
0.5089221238180165
0.5090101585925598
0.5090966352422454
0.5091815440647468
0.5092648769420863
0.5093466272938902
0.5094267900301783
0.5095053615037712
0.509582339462394
0.5096577230005541
0.5097315125112667
0.5098037096376936
0.5098743172247695
0.5099433392708688
0.5100107808795822
0.5100766482116533
0.5101409484371339
0.5102036896878036
0.5102648810099075
0.5103245323172523
0.5103826543447056
0.5104392586021406
0.5104943573288576
0.5105479634485275
0.5106000905246795
0.5106507527167733
0.5106999647368794
0.5107477418069956
0.5107940996170268
0.510839054283449
0.5108826223086789
0.5109248205411724
0.5109656661362632
0.5110051765177672
0.5110433693403551
0.51108026245272
0.5111158738615375
0.5111502216962382
0.5111833241745946
0.5112151995691295
0.5112458661743514
0.5112753422748163
0.5113036461140188
0.511330795864108
0.5113568095964284
0.5113817052528731
0.5114055006180485
0.511428213292233
0.5114498606651214
0.5114704598903362
0.5114900278606891
0.5115085811841693
0.5115261361606368
0.5115427087591926
0.5115583145961927
0.5115729689138777
0.5115866865595736
0.5115994819654294
0.5116113691286435
0.5116223615921286
0.5116324724255673
0.511641714206796
0.5116500990034595
0.511657638354867
0.5116643432539811
0.5116702241294614
0.5116752908276804
0.511679552594627
0.5116830180576044
0.5116856952066167
0.5116875913753477
0.5116887132216128
0.511689066707165
0.5116886570767296
0.5116874888361308
0.5116855657293653
0.5116828907144747
0.5116794659380492
0.511675292708198
0.5116703714657967
0.5116647017538299
0.5116582821846153
0.5116511104047021
0.5116431830572133
0.5116344957413916
0.5116250429690972
0.5116148181179916
0.511603813381124
0.5115920197126279
0.5115794267692165
0.5115660228471537
0.511551794814362
0.5115367280373101
0.5115208063023182
0.5115040117308957
0.5114863246887169
0.5114677236878388
0.5114481852817354
0.5114276839527407
0.5114061919914714
0.5113836793678129
0.5113601135930483
0.5113354595727334
0.5113096794499308
0.5112827324384496
0.5112545746457766
0.5112251588854315
0.5111944344785512
0.511162347044585
0.5111288382810878
0.5110938457327227
0.5110573025497335
0.511019137236324
0.5109792733895994
0.5109376294299603
0.5108941183241387
0.5108486473023857
0.5108011175717014
0.5107514240274232
0.510699454965968
0.5106450918020525
0.5105882087943048
0.5105286727838161
0.5104663429508686
0.5104010705957951
0.5103326989506929
0.5102610630294743
0.5101859895245108
0.5101072967588571
0.5100247947037198
0.5099382850713936
0.5098475614943144
0.5097524098010786
0.5096526084002234
0.5095479287821578
0.5094381361488141
0.509322990179289
0.5092022459378591
0.5090756549282393
0.5089429662947457
0.5088039281670738
0.5086582891407033
0.5085057998795365
0.5083462148212902
0.5081792939595733
0.5080048046696252
0.5078225235376314
0.5076322381466878
0.5074337487661852
0.507226869886082
0.5070114315336233
0.5067872803080088
0.5065542800687011
0.5063123122158584
0.5060612755069765
0.5058010853623648
0.5055316726234742
0.5052529817420671
0.5049649683943574
0.5046675965318669
0.504360834899097
0.5040446530662691
0.5037190170423996
0.5033838845489234
0.5030392000460888
0.5026848896127487
0.5023208557844596
0.5019469724547512
0.5015630799400413
0.5011689803002525
0.5007644329951988
0.5003491509419926
0.4999227970218114
0.49948498106630035
0.499035257335465
0.4985731224809696
0.4980980139719761
0.4976093089455856
0.4971063234309862
0.49658831188581426
0.4960544669750736
0.49550391951723666
0.4949357385187041
0.494348931216451
0.4937424430491677
0.49311515747925727
0.49246589559140713
0.49179341539785826
0.4910964107857432
0.49037351004776997
0.4896232739439637
0.488844193249049
0.4880346857473231
0.48719309264452076
0.486317674374257
0.48540660578520345
0.48445797070434526
0.48346975588157687
0.48243984433173537
0.48136600810210856
0.48024590050671934
0.47907704788353556
0.4778568409474294
0.4765825258304964
0.4752511949224994
0.47385977764799925
0.4724050313433583
0.47088353242643866
0.46929166808452677
0.4676256287417263
0.46588140160559843
0.4640547656337439
0.462141288303733
0.4601363246133413
0.4580350187813229
0.4558323091604024
0.4535229369120304
0.4511014590245627
0.4485622662804269
0.44589960679062013
0.44310761571321644
0.44018035175238396
0.43711184099090483
0.433896128536335
0.4305273383514328
0.42699974148459785
0.42330783270600575
0.41944641528001203
0.41541069325608737
0.41119637023552946
0.4067997530744273
0.4022178584324253
0.39744851950569604
0.3924904897431022
0.3873435399050124
0.3820085445625214
0.376487554127077
0.3707838488058273
0.36490197152198367
0.35884773780086465
0.3526282218267771
0.34625171920071685
0.3397276882189112
0.33306667258540956
0.32628020922905193
0.31938072522691996
0.3123814277212905
0.30529619020552684
0.29813943775780816
0.2909260328702997
0.2836711626150784
0.2763902271475169
0.2690987290719853
0.2618121630287046
0.2545459049943222
0.24731510116565963
0.2401345568283465
0.2330186261989729
0.2259811047745931
0.2190351261485987
0.21219306550529643
0.2054664520644362
0.19886589261594628
0.1924010079901955
0.18608038389001075
0.17991153701335263
0.17390089686543087
0.16805380313628812
0.16237451803661085
0.15686625256393996
0.15153120532816963
0.14637061230646523
0.14138480572477974
0.13657328017270567
0.131934764043827
0.12746729444598032
0.12316829383423673
0.11903464677235676
0.11506277541398527
0.11124871250119067
0.107588170894086
0.10407660886137438
0.10070929056939924
0.09748134140006046
0.09438779790100159
0.09142365232172275
0.08858389181530447
0.08586353248715001
0.0832576485505888
0.08076139690613703
0.07837003749905236
0.07607894983117386
0.07388364601064626
0.071779780719659
0.06976315846826635
0.06782973848393958
0.06597563756367326
0.06419713118988044
0.062490653184295655
0.0608527941467432
0.05928029889872632
0.057770063125967
0.0563191293896822
0.054924682653801626
0.05358404545465804
0.052294672820966226
0.051054147035145436
0.0498601723121568
