2.2468165435072724
2.2914696934676098
2.2842036496365647
2.277274504248759
2.271387078674883
2.2657539098210373
2.26021566001437
2.2547575184782382
2.249382008551059
2.2440889124539734
2.2388746000738977
2.2337333968174513
2.228658510923325
2.2236424984179486
2.218677469847654
2.2137551720168203
2.2088670127393897
2.2040040607722275
2.1991570356725068
2.194316294232454
2.189471816501343
2.1846131928331003
2.1797296127857733
2.1748098565303877
2.1698422894625526
2.1648148608396287
2.1597151074368957
2.1545301634017724
2.1492467776705606
2.1438513404857114
2.138329920701654
2.132668315679841
2.12685211563219
2.1208667842560054
2.1146977573890875
2.1083305611744274
2.1017509508319545
2.0949450705634134
2.087899634343421
2.0806021263617644
2.0730410186802595
2.065206002273598
2.057088226085667
2.048680537129973
2.039977713107595
2.0309766776523928
2.0216766873086933
2.0120794788788503
2.0021893660136554
1.9920132749880346
1.9815607115749587
1.970843653781569
1.95987636881906
1.9486751568125291
1.9372580280981515
1.9256443251235802
1.9138543035706932
1.9019086900040771
1.8898282348480573
1.8776332796690571
1.8653433565907296
1.8529768353373743
1.840550630141141
1.8280799748890182
1.8155782707834072
1.8030570067856746
1.7905257494941553
1.7779921960901484
1.7654622816968009
1.7529403309837546
1.7404292430924286
1.7279306988768126
1.715445379942033
1.7029731898896379
1.690513469413756
1.6780651983132482
1.66562717898414
1.6531981974452594
1.6407771593594598
1.6283631997936094
1.615955766580459
1.6035546780870595
1.5911601569520915
1.5787728419319538
1.5663937804035557
1.554024404325847
1.5416664925809573
1.5293221226195852
1.5169936142449225
1.5046834682052506
1.492394302046701
1.4801287854222287
1.4678895767759552
1.455679263037013
1.443500303674404
1.431354980192361
1.4192453518899808
1.4071732184728887
1.3951400898898711
1.3831471635734571
1.3711953090887605
1.3592850600367992
1.347416612913718
1.3355898324923599
1.3238042631638591
1.3120591455513506
1.3003534375831265
1.2886858390872926
1.2770548188440194
1.2654586429063235
1.2538954028789646
1.2423630427321186
1.2308593826284453
1.2193821381666619
1.2079289334006107
1.1964973059893462
1.18508470288001
1.1736884650292
1.162305799836081
1.1509337401947302
1.1395690893735915
1.1282083512917689
1.1168476461767276
1.1054826120434373
1.0941082929166839
1.0827190152105124
1.071308254167222
1.059868492731758
1.0483910756896437
1.0368660623289112
1.0252820813074768
1.0136261918345988
1.0018837557329314
0.9900383254670293
0.978071553838462
0.965963131789829
0.9536907616567418
0.941230174272778
0.9285551995611694
0.9156379016006393
0.9024487905482494
0.8889571250938411
0.875131320081788
0.8609394742380723
0.8463500321399208
0.8313325920999046
0.8158588668530732
0.799903796157495
0.7834467990740114
0.7664731385122092
0.7489753519129798
0.7309546808251034
0.712422410832047
0.6934010151083221
0.6739249839768131
0.6540412235058655
0.6338089218678082
0.613298814276436
0.5925918242289536
0.5717771155738441
0.550949648938119
0.5302073882948926
0.5096483405768552
0.48936762735600947
0.46945478053116274
0.44999142552388055
0.43104947092570495
0.41268987024700654
0.394961967334408
0.3779033891587468
0.36154041300779094
0.34588871208087013
0.3309543740497669
0.31673508938540496
0.3032214170947599
0.29039805157757104
0.2782450324994416
0.266738857454638
0.2558534731273185
0.2455611337783593
0.23583312591607908
0.2266403651021871
0.2179538753927063
0.20974516441607138
0.2019865080536763
0.19465115856878978
0.18771348920764297
0.18114908706713057
0.17493480460407457
0.16904877870162013
0.16347042480627832
0.15818041236155891
0.15316062661962163
0.14839412092001364
0.1438650626809982
0.13955867564353133
0.13546118032614907
0.13155973417505257
0.1278423725118455
0.1242979510769652
0.12091609072670181
0.11768712465420171
0.1146020483601598
0.11165247248862967
0.10883057856058023
0.10612907757682269
0.10354117141799006
0.1010605169386666
0.09868119263246478
0.09639766773241938
0.09420477360459852
0.09209767729080501
0.09007185705746182
0.08812307981132919
0.08624738024786952
0.08444104160431182
0.08270057789634859
0.08102271752461868
0.07940438814445705
0.07784270269964344
0.0763349465279601
0.0748785654531616
0.07347115478444653
0.07211044915062753
0.07079431310195308
0.06952073241789365
0.06828780606419936
0.06709373874716673
0.06593683401732599
0.06481548787871319
0.06372818286351689
0.06267348253523551
0.06165002638654292
0.06065652510086877
0.05969175614928095
0.05875455969661079
0.05784383479292236
0.05695853582839952
0.05609766923153173
0.05526029039213097
0.05444550079222071
0.0536524453292179
0.052880309817095475
0.05212831865236103
0.051395732632750955
0.050681846917498025
0.04998598911892262
