2.2432622285373407
2.1819553406873413
2.108325567259911
2.0736674895829403
2.0566193910551873
2.0439251248454022
2.0318748773555386
2.0199227886213613
2.0081497083204494
1.9966735525788826
1.9855694311114314
1.9748797472819435
1.9646289662728544
1.954832362376811
1.9455002754493211
1.936639963222248
1.9282563048215353
1.9203519957905186
1.9129275406375923
1.905981183522739
1.8995088391930188
1.8935040499029967
1.8879579774637025
1.8828594320563647
1.8781949360499746
1.8739488195185336
1.870103343464154
1.8666388464782295
1.8635339105216078
1.8607655415856836
1.8583093611624495
1.8561398046741906
1.854230323273753
1.8525535857111501
1.8510816772633696
1.8497862930364617
1.8486389232699565
1.8476110286020173
1.8466742035890107
1.8458003271143566
1.8449616986668538
1.8441311598153343
1.843282200550284
1.8423890504988303
1.8414267553410615
1.8403712390565357
1.8391993529032775
1.8378889122712887
1.8364187227528521
1.8347685969279937
1.8329193634717802
1.830852870248397
1.8285519830642238
1.8260005817087175
1.823183554819479
1.8200867949691553
1.8166971951906474
1.8130026479383106
1.8089920472321825
1.8046552944563385
1.7999833079887892
1.79496803653715
1.7896024757506839
1.7838806873851445
1.7777978200224842
1.7713501301038133
1.7645350018320454
1.7573509643511294
1.749797704521713
1.7418760735971228
1.733588086165345
1.7249369098661882
1.7159268446185223
1.7065632903970327
1.6968527029735334
1.6868025374722417
1.676421180064971
1.6657178686304512
1.6547026036985462
1.6433860514699008
1.6317794411190591
1.6198944589303275
1.6077431420595305
1.595337774844774
1.5826907905944496
1.5698146816566283
1.556721920323006
1.5434248927515697
1.5299358476198943
1.5162668606648837
1.502429815647862
1.4884364016311502
1.4742981257896879
1.4600263403345202
1.4456322815191136
1.4311271181580534
1.4165220066329745
1.4018281490130517
1.387056850695842
1.3722195738947935
1.3573279833752356
1.342393981078894
1.3274297266791664
1.3124476416680437
1.297460395273142
1.2824808713109686
1.2675221159610108
1.252597267345783
1.2377194686703614
1.2229017674554805
1.2081570040392509
1.1934976929817813
1.1789359012560925
1.164483127136538
1.1501501835095336
1.1359470889549084
1.121882969417707
1.1079659726573676
1.094203196975381
1.0806006350340143
1.067163132931846
1.0538943641318455
1.0407968173686926
1.0278717973069185
1.0151194364825913
1.002538716932748
0.9901274998861933
0.9778825619404509
0.965799636264928
0.9538734575320039
0.9420978094698677
0.930465574139665
0.9189687822540216
0.9075986640659219
0.8963457005606728
0.8851996748756406
0.8741497240508828
0.8631843913781411
0.8522916797662246
0.8414591066784104
0.8306737613229569
0.8199223648920332
0.8091913347474166
0.7984668535429891
0.7877349443526722
0.7769815529353318
0.7661926383106289
0.7553542728351147
0.7444527529466749
0.7334747216755515
0.7224073038860601
0.7112382549964986
0.6999561236044892
0.6885504279988631
0.6770118459455043
0.6653324163753204
0.653505750667556
0.6415272501136347
0.6293943248869804
0.6171066084786083
0.6046661601618659
0.5920776467297939
0.5793484936434582
0.5664889950021166
0.5535123715709198
0.5404347666456082
0.52727517092925
0.5140552699136605
0.5007992104774583
0.4875332874024933
0.4742855550212852
0.4610853738847628
0.4479629067530442
0.43494858191148905
0.4220725443899689
0.4093641168096408
0.39685129114752626
0.38456027072540977
0.3725150784048114
0.36073724265850515
0.3492455683362035
0.33805599401723674
0.32718153327695393
0.31663229332767157
0.3064155615517866
0.29653594851976234
0.28699557515946966
0.27779429170568753
0.26892991674043043
0.2603984858398689
0.2521945008755023
0.24431117269932526
0.2367406516304108
0.22947424174600592
0.22250259639273903
0.21581589353389985
0.20940399052392006
0.20325655865725223
0.19736319839459943
0.19171353655095033
0.18629730696614072
0.18110441629864546
0.17612499661389874
0.1713494464032771
0.16676846158894273
0.162373057959234
0.15815458635194468
0.15410474176828393
0.1502155674655914
0.14647945494687853
0.14288914064317934
0.1394376999724261
0.1361185393570192
0.1329253866917052
0.12985228067351534
0.12689355933581065
0.12404384806816034
0.12129804735196897
0.11865132039761496
0.11609908083144678
0.11363698054950055
0.11126089782845525
0.1089669257624435
0.10675136107622309
0.1046106933503625
0.1025415946819663
0.10054090979467256
0.09860564660378901
0.09673296723620542
0.09492017949982973
0.09316472879353022
0.09146419044572171
0.08981626246763753
0.08821875870585627
0.0866696023776729
0.08516681997232557
0.08370853550083135
0.08229296507718072
0.08091841181382725
0.07958326101475731
0.07828597564987255
0.07702509209496596
0.07579921612216159
0.07460701912633137
0.0734472345736539
0.0723186546591562
0.07122012716074017
0.07015055247786343
0.06910888084368405
0.06809410970011172
0.06710528122581215
0.06614148000779725
0.06520183084778858
0.06428549669507491
0.06339167669809118
0.06251960436742476
0.06166854584340407
0.06083779826186249
0.0600266882120614
0.0592345702811451
0.05846082567985143
0.05770486094454212
0.056966106710922476
0.05624401655512519
0.05553806589809946
0.05484775096951129
0.054172587827598255
0.05351211143165008
0.0528658747639993
0.05223344799859841
0.05161441771345139
0.05100838614433456
0.05041497047740693
0.04983380217845774
