0.535366101064271
0.5877769618427449
0.5734316808985573
0.5615744340552921
0.552185584984807
0.5449662884596536
0.5395469093295652
0.5355549559283651
0.5326565595166104
0.5305744330864823
0.5290899738573167
0.5280369947942711
0.5272923460198059
0.5267664022990071
0.526394764591905
0.5261315769685964
0.5259443969269098
0.525810377237108
0.5257134813160801
0.5256424802181676
0.5255895254718927
0.5255491389107394
0.5255175009719109
0.525491950926783
0.5254706367633706
0.5254522703315252
0.5254359563232158
0.5254210729402302
0.5254071886923951
0.5253940044243197
0.5253813129435747
0.5253689709209439
0.5253568793423269
0.5253449699169219
0.5253331956321724
0.5253215241944506
0.525309933477057
0.5252984083638534
0.5252869385627413
0.5252755170927179
0.52526413923843
0.5252528018289475
0.5252415027411885
0.525230240558834
0.525219014338729
0.5252078234514727
0.525196667473118
0.5251855461120035
0.5251744591596701
0.5251634064582319
0.5251523878789424
0.5251414033083385
0.5251304526394804
0.525119535766589
0.525108652581924
0.5250978029741205
0.525086986827452
0.5250762040216699
0.5250654544321822
0.5250547379304221
0.5250440543843039
0.5250334036587093
0.5250227856159646
0.5250122001162868
0.525001647018192
0.5249911261788567
0.5249806374544371
0.5249701807003444
0.5249597557714825
0.5249493625224497
0.5249390008077108
0.5249286704817424
0.5249183713991535
0.5249081034147878
0.5248978663838091
0.5248876601617716
0.524877484604678
0.5248673395690282
0.5248572249118586
0.5248471404907743
0.524837086163976
0.5248270617902806
0.5248170672291386
0.5248071023406475
0.5247971669855622
0.5247872610253037
0.5247773843219639
0.5247675367383113
0.5247577181377934
0.5247479283845383
0.5247381673433557
0.524728434879737
0.5247187308598541
0.5247090551505593
0.5246994076193825
0.5246897881345294
0.52468019656488
0.5246706327799846
0.5246610966500627
0.524651588045998
0.5246421068393372
0.5246326529022857
0.5246232261077041
0.5246138263291061
0.5246044534406538
0.5245951073171546
0.5245857878340581
0.5245764948674518
0.5245672282940586
0.5245579879912322
0.5245487738369544
0.5245395857098312
0.5245304234890887
0.5245212870545708
0.5245121762867345
0.5245030910666472
0.5244940312759825
0.5244849967970173
0.5244759875126285
0.5244670033062879
0.5244580440620613
0.5244491096646029
0.5244401999991533
0.5244313149515348
0.5244224544081494
0.5244136182559747
0.5244048063825605
0.5243960186760255
0.5243872550250543
0.524378515318894
0.5243697994473506
0.5243611073007864
0.5243524387701161
0.5243437937468038
0.5243351721228598
0.5243265737908379
0.5243179986438317
0.5243094465754711
0.5243009174799202
0.5242924112518733
0.5242839277865526
0.5242754669797043
0.5242670287275959
0.5242586129270137
0.5242502194752586
0.5242418482701443
0.5242334992099937
0.5242251721936358
0.5242168671204034
0.5242085838901293
0.5242003224031442
0.5241920825602732
0.5241838642628336
0.5241756674126309
0.5241674919119572
0.5241593376635877
0.5241512045707779
0.5241430925372612
0.5241350014672452
0.5241269312654107
0.5241188818369065
0.5241108530873492
0.524102844922818
0.5240948572498545
0.5240868899754578
0.5240789430070838
0.5240710162526406
0.5240631096204876
0.5240552230194315
0.5240473563587247
0.524039509548062
0.5240316824975786
0.5240238751178472
0.5240160873198757
0.5240083190151037
0.5240005701154018
0.5239928405330673
0.5239851301808232
0.5239774389718143
0.5239697668196058
0.5239621136381805
0.5239544793419365
0.5239468638456842
0.523939267064645
0.5239316889144476
0.5239241293111272
0.5239165881711212
0.5239090654112686
0.5239015609488069
0.5238940747013696
0.5238866065869842
0.5238791565240701
0.5238717244314358
0.5238643102282776
0.5238569138341751
0.5238495351690925
0.5238421741533731
0.5238348307077386
0.5238275047532872
0.5238201962114902
0.5238129050041914
0.5238056310536034
0.5237983742823065
0.5237911346132458
0.52378391196973
0.5237767062754285
0.5237695174543696
0.5237623454309388
0.5237551901298755
0.5237480514762723
0.5237409293955728
0.5237338238135683
0.5237267346563972
0.5237196618505428
0.5237126053228303
0.5237055650004254
0.5236985408108333
0.5236915326818948
0.5236845405417863
0.5236775643190159
0.5236706039424233
0.5236636593411771
0.5236567304447725
0.5236498171830298
0.523642919486093
0.5236360372844269
0.523629170508816
0.523622319090362
0.5236154829604835
0.5236086620509115
0.5236018562936907
0.5235950656211747
0.5235882899660268
0.5235815292612163
0.5235747834400177
0.5235680524360086
0.5235613361830682
0.5235546346153754
0.5235479476674068
0.5235412752739355
0.523534617370029
0.5235279738910479
0.5235213447726433
0.5235147299507563
0.5235081293616157
0.5235015429417361
0.5234949706279166
0.5234884123572398
0.5234818680670679
0.5234753376950443
0.5234688211790897
0.5234623184574005
0.5234558294684489
0.5234493541509795
0.5234428924440083
0.5234364442868222
0.5234300096189755
0.5234235883802898
0.5234171805108521
0.5234107859510131
0.5234044046413856
0.5233980365228436
0.5233916815365196
0.5233853396238048
0.5233790107263459
0.5233726947860444
0.5233663917450554
0.5233601015457859
0.5233538241308932
0.5233475594432833
0.5233413074261096
0.5233350680227724
0.5233288411769156
0.5233226268324269
0.5233164249334361
0.5233102354243125
0.5233040582496653
0.5232978933543413
0.5232917406834229
0.5232856001822282
0.5232794717963084
0.5232733554714469
0.5232672511536587
0.5232611587891873
0.5232550783245052
0.5232490097063113
0.5232429528815307
0.523236907797312
0.5232308744010272
0.5232248526402702
0.5232188424628549
0.5232128438168151
0.5232068566504015
0.5232008809120818
0.5231949165505394
0.5231889635146717
0.5231830217535888
0.5231770912166125
0.5231711718532751
0.5231652636133185
0.5231593664466917
0.5231534803035517
0.5231476051342598
0.5231417408893833
0.5231358875196913
0.5231300449761559
0.5231242132099495
0.5231183921724449
0.5231125818152129
0.523106782090022
0.5231009929488374
0.5230952143438188
0.5230894462273201
0.5230836885518886
0.5230779412702629
0.5230722043353726
0.5230664777003367
0.5230607613184626
0.5230550551432456
0.5230493591283669
0.5230436732276932
0.5230379973952752
0.5230323315853465
0.5230266757523233
0.5230210298508027
0.523015393835561
0.5230097676615546
0.5230041512839168
0.5229985446579581
0.5229929477391652
0.5229873604831987
0.5229817828458938
0.5229762147832582
0.5229706562514712
0.5229651072068834
0.5229595676060146
0.5229540374055537
0.5229485165623574
0.5229430050334494
0.5229375027760188
0.5229320097474205
0.5229265259051722
0.5229210512069559
0.5229155856106146
0.522910129074153
0.5229046815557358
0.5228992430136868
0.5228938134064889
0.5228883926927816
0.522882980831361
0.5228775777811789
0.5228721835013423
0.5228667979511112
0.5228614210898987
0.5228560528772701
0.522850693272942
0.5228453422367805
0.5228399997288017
0.5228346657091701
0.5228293401381977
0.522824022976343
0.522818714184211
0.5228134137225513
0.5228081215522579
0.5228028376343676
0.5227975619300609
0.5227922944006591
0.522787035007624
0.5227817837125587
0.5227765404772046
0.5227713052634412
0.522766078033287
0.5227608587488954
0.5227556473725576
0.5227504438666984
0.5227452481938784
0.5227400603167907
0.5227348801982614
0.5227297078012495
0.5227245430888443
0.522719386024266
0.5227142365708642
0.522709094692118
0.5227039603516342
0.5226988335131473
0.5226937141405186
0.5226886021977346
0.5226834976489081
0.5226784004582754
0.5226733105901974
0.5226682280091571
0.5226631526797605
0.5226580845667345
0.5226530236349274
0.5226479698493072
0.5226429231749612
0.5226378835770962
0.5226328510210361
0.5226278254722221
0.5226228068962127
0.5226177952586814
0.5226127905254179
0.5226077926623249
0.5226028016354209
0.522597817410836
0.5225928399548132
0.5225878692337076
0.5225829052139852
0.5225779478622223
0.5225729971451052
0.5225680530294297
0.5225631154820991
0.5225581844701258
0.5225532599606282
0.5225483419208324
0.5225434303180692
0.5225385251197756
0.5225336262934932
0.5225287338068669
0.5225238476276454
0.5225189677236803
0.5225140940629254
0.5225092266134356
0.5225043653433669
0.5224995102209754
0.5224946612146175
0.522489818292748
0.5224849814239204
0.5224801505767862
0.522475325720094
0.5224705068226891
0.5224656938535128
0.5224608867816025
0.5224560855760899
0.522451290206201
0.5224465006412555
0.5224417168506672
0.5224369388039416
0.5224321664706764
0.5224273998205611
0.5224226388233753
0.5224178834489904
0.5224131336673664
0.5224083894485526
0.5224036507626876
0.5223989175799978
0.5223941898707969
0.5223894676054861
0.5223847507545534
0.5223800392885715
0.5223753331781998
0.5223706323941821
0.5223659369073467
0.5223612466886052
0.5223565617089535
0.5223518819394692
0.5223472073513131
0.5223425379157272
0.522337873604035
0.5223332143876402
0.5223285602380274
0.5223239111267608
0.5223192670254834
0.5223146279059169
0.5223099937398615
0.5223053644991953
0.5223007401558726
0.5222961206819258
0.5222915060494623
0.522286896230666
0.5222822911977959
0.5222776909231851
0.5222730953792419
0.522268504538448
0.5222639183733583
0.5222593368566003
0.5222547599608749
0.5222501876589538
0.5222456199236805
0.5222410567279696
0.5222364980448062
0.5222319438472454
0.5222273941084118
0.5222228488014988
0.5222183078997693
0.5222137713765539
0.5222092392052509
0.522204711359326
0.5222001878123119
0.5221956685378075
0.5221911535094783
0.5221866427010543
0.5221821360863311
0.5221776336391697
0.5221731353334942
0.5221686411432931
0.5221641510426182
0.522159665005584
0.522155183006368
0.5221507050192091
0.5221462310184088
0.5221417609783291
0.5221372948733931
0.5221328326780841
0.5221283743669458
0.5221239199145813
0.5221194692956528
0.5221150224848811
0.522110579457046
0.5221061401869844
0.5221017046495916
0.5220972728198192
0.5220928446726762
0.5220884201832278
0.5220839993265951
0.5220795820779545
0.522075168412538
0.5220707583056319
0.5220663517325779
0.52206194866877
0.5220575490896574
0.5220531529707416
0.5220487602875774
0.5220443710157717
0.5220399851309838
0.5220356026089245
0.522031223425356
0.5220268475560914
0.5220224749769947
0.5220181056639793
0.5220137395930096
0.5220093767400981
0.5220050170813075
0.522000660592749
0.5219963072505818
0.5219919570310134
0.5219876099102987
0.5219832658647403
0.5219789248706873
0.5219745869045358
0.5219702519427276
0.5219659199617508
0.5219615909381388
0.5219572648484699
0.5219529416693682
0.5219486213775009
0.5219443039495805
0.5219399893623623
0.521935677592646
0.5219313686172736
0.5219270624131304
0.5219227589571431
0.5219184582262821
0.5219141601975581
0.521909864848024
0.5219055721547732
0.5219012820949405
0.5218969946457004
0.5218927097842679
0.5218884274878978
0.5218841477338838
0.5218798704995592
0.521875595762296
0.5218713234995044
0.5218670536886328
0.5218627863071674
0.5218585213326321
0.5218542587425876
0.5218499985146317
0.5218457406263983
0.5218414850555583
0.5218372317798176
0.5218329807769182
0.5218287320246373
0.521824485500787
0.5218202411832142
0.5218159990497996
0.5218117590784588
0.5218075212471401
0.5218032855338263
0.5217990519165324
0.5217948203733069
0.5217905908822302
0.5217863634214157
0.5217821379690077
0.5217779145031828
0.521773693002149
0.521769473444145
0.5217652558074403
0.5217610400703346
0.5217568262111585
0.5217526142082715
0.5217484040400632
0.5217441956849527
0.5217399891213872
0.5217357843278434
0.5217315812828264
0.5217273799648687
0.5217231803525314
0.5217189824244027
0.5217147861590983
0.5217105915352607
0.5217063985315591
0.5217022071266894
0.5216980172993733
0.5216938290283586
0.5216896422924187
0.521685457070352
0.5216812733409824
0.5216770910831581
0.5216729102757522
0.5216687308976615
0.5216645529278074
0.5216603763451346
0.5216562011286111
0.5216520272572281
0.5216478547099999
0.5216436834659631
0.5216395135041767
0.5216353448037221
0.5216311773437018
0.5216270111032405
0.5216228460614838
0.5216186821975985
0.5216145194907721
0.5216103579202123
0.5216061974651476
0.521602038104826
0.521597879818515
0.5215937225855024
0.5215895663850943
0.5215854111966164
0.5215812569994125
0.5215771037728452
0.5215729514962952
0.521568800149161
0.5215646497108589
0.5215605001608223
0.5215563514785027
0.5215522036433667
0.5215480566348997
0.521543910432602
0.5215397650159908
0.5215356203645983
0.5215314764579737
0.5215273332756805
0.5215231907972981
0.5215190490024202
0.5215149078706558
0.5215107673816277
0.5215066275149735
0.5215024882503443
0.5214983495674053
0.5214942114458346
0.5214900738653243
0.5214859368055786
0.5214818002463153
0.5214776641672639
0.5214735285481671
0.5214693933687788
0.5214652586088651
0.5214611242482033
0.5214569902665828
0.521452856643803
0.5214487233596752
0.5214445903940206
0.5214404577266711
0.5214363253374686
0.5214321932062649
0.521428061312922
0.5214239296373103
0.5214197981593105
0.5214156668588118
0.5214115357157121
0.521407404709918
0.5214032738213441
0.5213991430299134
0.5213950123155571
0.5213908816582131
0.5213867510378273
0.5213826204343527
0.521378489827749
0.5213743591979831
0.5213702285250279
0.5213660977888627
0.5213619669694729
0.5213578360468497
0.5213537050009899
0.5213495738118958
0.5213454424595745
0.5213413109240385
0.5213371791853045
0.521333047223394
0.521328915018333
0.5213247825501507
0.5213206497988812
0.5213165167445611
0.5213123833672315
0.5213082496469359
0.5213041155637207
0.5212999810976358
0.5212958462287328
0.5212917109370659
0.5212875752026914
0.5212834390056678
0.5212793023260545
0.5212751651439129
0.5212710274393053
0.5212668891922954
0.5212627503829473
0.521258610991326
0.5212544709974964
0.521250330381524
0.521246189123474
0.5212420472034115
0.521237904601401
0.5212337612975061
0.5212296172717898
0.521225472504314
0.5212213269751388
0.5212171806643233
0.5212130335519247
0.5212088856179979
0.521204736842596
0.5212005872057696
0.5211964366875665
0.5211922852680323
0.5211881329272088
0.521183979645135
0.5211798254018465
0.5211756701773752
0.521171513951749
0.5211673567049919
0.5211631984171237
0.5211590390681595
0.5211548786381102
0.5211507171069809
0.5211465544547729
0.5211423906614812
0.5211382257070953
0.5211340595715999
0.5211298922349726
0.5211257236771859
0.5211215538782057
0.5211173828179908
0.521113210476494
0.5211090368336607
0.5211048618694296
0.5211006855637317
0.5210965078964904
0.5210923288476217
0.5210881483970337
0.5210839665246256
0.521079783210289
0.5210755984339068
0.521071412175353
0.5210672244144928
0.521063035131182
0.521058844305267
0.521054651916585
0.5210504579449632
0.5210462623702187
0.5210420651721588
0.5210378663305799
0.5210336658252683
0.5210294636359994
0.5210252597425377
0.5210210541246358
0.5210168467620362
0.5210126376344686
0.5210084267216519
0.5210042140032924
0.5209999994590842
0.5209957830687095
0.5209915648118375
0.5209873446681247
0.5209831226172149
0.5209788986387384
0.5209746727123121
0.5209704448175397
0.5209662149340106
0.5209619830413007
0.5209577491189716
0.5209535131465701
0.5209492751036292
0.5209450349696663
0.5209407927241847
0.5209365483466717
0.5209323018165998
0.5209280531134254
0.5209238022165901
0.5209195491055183
0.5209152937596191
0.520911036158285
0.520906776280892
0.520902514106799
0.5208982496153485
0.5208939827858654
0.5208897135976573
0.5208854420300147
0.5208811680622097
0.5208768916734969
0.5208726128431128
0.5208683315502749
0.520864047774183
0.5208597614940177
0.5208554726889407
0.5208511813380944
0.5208468874206026
0.5208425909155686
0.5208382918020767
0.5208339900591906
0.5208296856659547
0.5208253786013923
0.5208210688445067
0.52081675637428
0.5208124411696742
0.520808123209629
0.5208038024730639
0.5207994789388761
0.5207951525859416
0.520790823393114
0.5207864913392255
0.520782156403085
0.5207778185634797
0.520773477799174
0.520769134088909
0.5207647874114028
0.5207604377453507
0.5207560850694237
0.5207517293622697
0.5207473706025124
0.5207430087687517
0.5207386438395626
0.5207342757934963
0.5207299046090788
0.5207255302648114
0.5207211527391704
0.5207167720106065
0.5207123880575453
0.5207080008583862
0.5207036103915034
0.520699216635244
0.52069481956793
0.5206904191678555
0.5206860154132895
0.5206816082824727
0.5206771977536195
0.5206727838049163
0.5206683664145233
0.5206639455605715
0.5206595212211647
0.5206550933743785
0.5206506619982605
0.5206462270708292
0.5206417885700748
0.5206373464739583
0.520632900760412
0.5206284514073385
0.5206239983926109
0.5206195416940725
0.5206150812895372
0.5206106171567882
0.5206061492735785
0.5206016776176308
0.5205972021666367
0.5205927228982572
0.5205882397901216
0.5205837528198286
0.5205792619649448
0.5205747672030052
0.5205702685115128
0.5205657658679386
0.5205612592497205
0.520556748634265
0.5205522339989449
0.5205477153211007
0.5205431925780384
0.5205386657470323
0.5205341348053221
0.5205295997301137
0.5205250604985792
0.5205205170878562
0.5205159694750481
0.5205114176372237
0.5205068615514169
0.5205023011946263
0.5204977365438156
0.5204931675759126
0.5204885942678096
0.5204840165963633
0.5204794345383937
0.520474848070685
0.5204702571699849
0.5204656618130034
0.5204610619764151
0.5204564576368562
0.520451848770926
0.5204472353551862
0.520442617366161
0.5204379947803359
0.5204333675741589
0.5204287357240391
0.5204240992063469
0.5204194579974146
0.5204148120735346
0.5204101614109602
0.5204055059859057
0.5204008457745453
0.5203961807530131
0.5203915108974033
0.5203868361837702
0.5203821565881266
0.5203774720864452
0.5203727826546576
0.5203680882686542
0.5203633889042838
0.5203586845373537
0.5203539751436292
0.5203492606988338
0.5203445411786486
0.5203398165587121
0.5203350868146199
0.5203303519219251
0.5203256118561376
0.5203208665927233
0.5203161161071053
0.5203113603746623
0.5203065993707296
0.5203018330705972
0.5202970614495116
0.5202922844826743
0.5202875021452417
0.520282714412325
0.5202779212589906
0.5202731226602587
0.520268318591104
0.5202635090264548
0.5202586939411937
0.5202538733101564
0.5202490471081321
0.5202442153098631
0.520239377890044
0.5202345348233229
0.5202296860842998
0.5202248316475266
0.5202199714875079
0.5202151055786992
0.520210233895508
0.5202053564122928
0.5202004731033635
0.5201955839429804
0.5201906889053541
0.5201857879646465
0.5201808810949691
0.5201759682703829
0.520171049464899
0.520166124652478
0.5201611938070294
0.5201562569024115
0.5201513139124321
0.5201463648108468
0.5201414095713595
0.5201364481676224
0.5201314805732354
0.5201265067617457
0.5201215267066485
0.520116540381385
0.5201115477593445
0.5201065488138621
0.5201015435182195
0.5200965318456444
0.5200915137693107
0.5200864892623378
0.5200814582977904
0.5200764208486786
0.5200713768879575
0.5200663263885263
0.5200612693232299
0.5200562056648563
0.5200511353861378
0.5200460584597506
0.5200409748583145
0.5200358845543922
0.5200307875204896
0.5200256837290556
0.5200205731524812
0.5200154557630999
0.5200103315331874
0.520005200434961
0.5200000624405797
0.5199949175221436
0.5199897656516939
0.5199846068012128
0.5199794409426227
0.5199742680477872
0.5199690880885086
0.5199639010365298
0.5199587068635336
0.5199535055411415
0.5199482970409142
0.5199430813343514
0.5199378583928912
0.5199326281879101
0.5199273906907227
0.519922145872581
0.5199168937046752
0.5199116341581322
0.5199063672040164
0.5199010928133284
0.5198958109570062
0.5198905216059234
0.5198852247308898
0.5198799203026505
0.5198746082918869
0.5198692886692152
0.5198639614051868
0.5198586264702875
0.5198532838349375
0.5198479334694914
0.5198425753442382
0.5198372094293996
0.5198318356951315
0.5198264541115222
0.5198210646485939
0.5198156672763005
0.5198102619645285
0.5198048486830971
0.5197994274017561
0.5197939980901878
0.5197885607180057
0.5197831152547536
0.5197776616699074
0.5197721999328717
0.5197667300129832
0.5197612518795068
0.519755765501638
0.519750270848502
0.5197447678891522
0.5197392565925716
0.5197337369276712
0.5197282088632907
0.5197226723681978
0.5197171274110877
0.5197115739605833
0.5197060119852347
0.5197004414535187
0.5196948623338391
0.5196892745945256
0.5196836782038343
0.5196780731299473
0.5196724593409715
0.5196668368049397
0.5196612054898097
0.5196555653634635
0.519649916393708
0.5196442585482733
0.5196385917948148
0.5196329161009101
0.5196272314340608
0.5196215377616913
0.5196158350511484
0.5196101232697019
0.519604402384543
0.5195986723627855
0.5195929331714637
0.5195871847775343
0.5195814271478743
0.5195756602492811
0.5195698840484733
0.5195640985120891
0.519558303606686
0.5195524992987419
0.5195466855546533
0.5195408623407362
0.519535029623224
0.5195291873682699
0.5195233355419441
0.5195174741102349
0.5195116030390475
0.5195057222942053
0.5194998318414474
0.51949393164643
0.5194880216747253
0.5194821018918216
0.5194761722631226
0.5194702327539472
0.5194642833295298
0.5194583239550189
0.519452354595478
0.5194463752158841
0.5194403857811282
0.5194343862560148
0.5194283766052614
0.5194223567934989
0.5194163267852699
0.5194102865450301
0.519404236037146
0.5193981752258972
0.5193921040754731
0.5193860225499749
0.5193799306134144
0.5193738282297138
0.5193677153627048
0.5193615919761296
0.5193554580336393
0.5193493134987939
0.5193431583350627
0.5193369925058232
0.519330815974361
0.5193246287038695
0.5193184306574498
0.5193122217981094
0.5193060020887639
0.5192997714922342
0.519293529971248
0.5192872774884391
0.519281014006346
0.5192747394874131
0.5192684538939896
0.5192621571883291
0.5192558493325894
0.5192495302888325
0.5192432000190234
0.5192368584850309
0.5192305056486262
0.5192241414714835
0.5192177659151791
0.519211378941191
0.5192049805108994
0.5191985705855846
0.519192149126429
0.5191857160945146
0.5191792714508244
0.5191728151562406
0.5191663471715452
0.5191598674574199
0.5191533759744446
0.5191468726830976
0.519140357543756
0.5191338305166943
0.5191272915620844
0.5191207406399961
0.5191141777103949
0.5191076027331437
0.5191010156680005
0.5190944164746201
0.5190878051125519
0.519081181541241
0.5190745457200268
0.5190678976081428
0.519061237164717
0.5190545643487712
0.5190478791192193
0.5190411814348699
0.5190344712544228
0.5190277485364705
0.5190210132394976
0.5190142653218794
0.5190075047418832
0.519000731457667
0.5189939454272788
0.5189871466086569
0.5189803349596291
0.518973510437913
0.518966673001115
0.5189598226067296
0.5189529592121402
0.518946082774618
0.5189391932513211
0.5189322905992959
0.5189253747754743
0.5189184457366751
0.5189115034396042
0.518904547840851
0.5188975788968921
0.5188905965640884
0.5188836007986849
0.5188765915568114
0.5188695687944811
0.5188625324675911
0.5188554825319208
0.5188484189431329
0.5188413416567723
0.5188342506282656
0.5188271458129212
0.5188200271659282
0.518812894642357
0.5188057481971582
0.5187985877851622
0.5187914133610795
0.518784224879499
0.5187770222948895
0.5187698055615974
0.5187625746338478
0.5187553294657429
0.5187480700112626
0.5187407962242636
0.5187335080584793
0.5187262054675189
0.5187188884048675
0.5187115568238855
0.5187042106778081
0.5186968499197459
0.5186894745026822
0.5186820843794753
0.5186746795028563
0.5186672598254293
0.5186598252996709
0.5186523758779302
0.518644911512428
0.518637432155256
0.5186299377583772
0.5186224282736251
0.5186149036527038
0.518607363847186
0.5185998088085152
0.5185922384880026
0.5185846528368286
0.5185770518060415
0.5185694353465573
0.5185618034091597
0.5185541559444984
0.5185464929030903
0.5185388142353181
0.5185311198914304
0.5185234098215408
0.5185156839756276
0.5185079423035337
0.5185001847549663
0.5184924112794955
0.5184846218265546
0.5184768163454405
0.5184689947853116
0.518461157095188
0.5184533032239522
0.5184454331203472
0.5184375467329762
0.5184296440103034
0.5184217249006522
0.5184137893522058
0.5184058373130059
0.5183978687309528
0.5183898835538051
0.5183818817291785
0.5183738632045467
0.5183658279272396
0.5183577758444435
0.5183497069032006
0.5183416210504088
0.5183335182328208
0.5183253983970438
0.5183172614895399
0.518309107456624
0.5183009362444648
0.5182927477990837
0.5182845420663545
0.5182763189920033
0.5182680785216071
0.5182598206005948
0.5182515451742451
0.5182432521876875
0.518234941585901
0.5182266133137142
0.5182182673158042
0.5182099035366967
0.5182015219207656
0.5181931224122318
0.5181847049551636
0.5181762694934763
0.5181678159709305
0.5181593443311334
0.518150854517537
0.5181423464734378
0.5181338201419778
0.518125275466142
0.5181167123887587
0.5181081308524998
0.5180995307998795
0.5180909121732542
0.5180822749148214
0.5180736189666207
0.5180649442705317
0.5180562507682744
0.5180475384014086
0.5180388071113335
0.518030056839287
0.5180212875263459
0.518012499113424
0.5180036915412733
0.5179948647504826
0.5179860186814773
0.5179771532745185
0.5179682684697035
0.5179593642069641
0.5179504404260671
0.5179414970666135
0.5179325340680379
0.5179235513696081
0.5179145489104248
0.5179055266294206
0.5178964844653606
0.5178874223568407
0.5178783402422877
0.5178692380599589
0.5178601157479417
0.5178509732441523
0.5178418104863368
0.5178326274120687
0.5178234239587501
0.5178142000636108
0.517804955663707
0.5177956906959217
0.5177864050969642
0.5177770988033691
0.517767771751496
0.5177584238775295
0.5177490551174775
0.5177396654071726
0.5177302546822697
0.5177208228782467
0.5177113699304037
0.5177018957738618
0.5176924003435642
0.5176828835742744
0.517673345400576
0.5176637857568721
0.5176542045773853
0.5176446017961569
0.5176349773470463
0.5176253311637308
0.5176156631797043
0.5176059733282783
0.5175962615425798
0.5175865277555518
0.5175767718999524
0.5175669939083547
0.5175571937131457
0.5175473712465264
0.5175375264405105
0.517527659226925
0.5175177695374087
0.517507857303412
0.5174979224561973
0.5174879649268365
0.5174779846462128
0.517467981545018
0.517457955553754
0.5174479066027308
0.5174378346220668
0.5174277395416879
0.5174176212913271
0.5174074798005242
0.517397314998625
0.5173871268147807
0.5173769151779477
0.5173666800168873
0.5173564212601645
0.5173461388361476
0.5173358326730084
0.5173255026987211
0.5173151488410616
0.5173047710276076
0.5172943691857377
0.5172839432426303
0.517273493125265
0.5172630187604196
0.5172525200746713
0.5172419969943958
0.517231449445766
0.5172208773547528
0.5172102806471235
0.5171996592484417
0.517189013084067
0.5171783420791535
0.5171676461586513
0.5171569252473033
0.5171461792696465
0.5171354081500116
0.5171246118125211
0.5171137901810896
0.5171029431794241
0.5170920707310215
0.5170811727591698
0.5170702491869467
0.5170592999372196
0.5170483249326443
0.5170373240956656
0.5170262973485156
0.5170152446132136
0.5170041658115658
0.5169930608651653
0.5169819296953897
0.5169707722234028
0.5169595883701521
0.5169483780563698
0.5169371412025715
0.5169258777290557
0.5169145875559036
0.5169032706029779
0.5168919267899234
0.5168805560361647
0.5168691582609078
0.5168577333831381
0.5168462813216197
0.5168348019948962
0.5168232953212888
0.5168117612188966
0.5168001996055959
0.5167886103990391
0.5167769935166548
0.5167653488756474
0.5167536763929954
0.5167419759854524
0.5167302475695456
0.516718491061575
0.5167067063776141
0.5166948934335084
0.5166830521448746
0.5166711824271006
0.5166592841953455
0.5166473573645373
0.5166354018493742
0.5166234175643234
0.5166114044236201
0.5165993623412668
0.5165872912310345
0.51657519100646
0.5165630615808464
0.5165509028672628
0.5165387147785427
0.5165264972272845
0.5165142501258506
0.5165019733863667
0.5164896669207211
0.5164773306405648
0.5164649644573103
0.5164525682821313
0.5164401420259621
0.5164276855994976
0.5164151989131913
0.5164026818772562
0.5163901344016639
0.5163775563961435
0.5163649477701812
0.5163523084330208
0.5163396382936614
0.5163269372608581
0.5163142052431211
0.5163014421487152
0.516288647885659
0.5162758223617243
0.5162629654844361
0.5162500771610717
0.5162371572986598
0.5162242058039804
0.5162112225835643
0.5161982075436921
0.5161851605903941
0.5161720816294494
0.5161589705663852
0.516145827306477
0.516132651754747
0.5161194438159648
0.5161062033946454
0.5160929303950496
0.5160796247211834
0.516066286276797
0.5160529149653843
0.516039510690183
0.5160260733541728
0.5160126028600766
0.5159990991103577
0.5159855620072213
0.5159719914526129
0.5159583873482176
0.51594474959546
0.5159310780955038
0.5159173727492502
0.515903633457339
0.5158898601201457
0.5158760526377839
0.515862210910102
0.515848334836684
0.5158344243168491
0.5158204792496502
0.5158064995338743
0.515792485068041
0.5157784357504027
0.5157643514789442
0.5157502321513805
0.5157360776651585
0.515721887917455
0.5157076628051764
0.5156934022249579
0.5156791060731638
0.5156647742458857
0.5156504066389433
0.5156360031478826
0.515621563667976
0.515607088094221
0.5155925763213413
0.5155780282437838
0.5155634437557205
0.5155488227510459
0.5155341651233777
0.5155194707660558
0.515504739572141
0.5154899714344165
0.5154751662453848
0.5154603238972688
0.5154454442820104
0.5154305272912705
0.5154155728164279
0.5154005807485793
0.5153855509785382
0.5153704833968344
0.5153553778937138
0.5153402343591371
0.5153250526827803
0.5153098327540326
0.5152945744619978
0.5152792776954916
0.5152639423430425
0.5152485682928909
0.5152331554329882
0.515217703650996
0.5152022128342862
0.5151866828699407
0.515171113644749
0.5151555050452099
0.5151398569575292
0.5151241692676201
0.5151084418611019
0.5150926746233003
0.5150768674392459
0.5150610201936738
0.5150451327710239
0.515029205055439
0.515013236930765
0.5149972282805502
0.5149811789880447
0.5149650889361993
0.5149489580076659
0.514932786084796
0.5149165730496406
0.5149003187839494
0.5148840231691703
0.5148676860864485
0.5148513074166267
0.5148348870402434
0.5148184248375328
0.5148019206884253
0.5147853744725446
0.5147687860692087
0.5147521553574297
0.514735482215911
0.5147187665230497
0.5147020081569332
0.5146852069953407
0.5146683629157408
0.514651475795293
0.5146345455108448
0.5146175719389325
0.5146005549557805
0.5145834944373004
0.5145663902590905
0.5145492422964345
0.5145320504243025
0.5145148145173488
0.5144975344499116
0.5144802100960136
0.5144628413293594
0.5144454280233366
0.5144279700510139
0.514410467285142
0.514392919598151
0.5143753268621515
0.5143576889489331
0.5143400057299635
0.5143222770763893
0.5143045028590336
0.5142866829483963
0.5142688172146536
0.5142509055276567
0.5142329477569318
0.5142149437716795
0.514196893440773
0.5141787966327593
0.514160653215857
0.5141424630579563
0.5141242260266187
0.5141059419890753
0.5140876108122274
0.5140692323626449
0.514050806506566
0.5140323331098968
0.5140138120382101
0.5139952431567452
0.5139766263304067
0.5139579614237649
0.5139392483010536
0.5139204868261712
0.5139016768626781
0.5138828182737977
0.5138639109224148
0.5138449546710756
0.5138259493819857
0.5138068949170114
0.5137877911376773
0.5137686379051662
0.5137494350803191
0.5137301825236332
0.5137108800952624
0.5136915276550158
0.5136721250623572
0.5136526721764052
0.5136331688559309
0.5136136149593591
0.5135940103447657
0.5135743548698786
0.5135546483920758
0.5135348907683854
0.513515081855485
0.5134952215097001
0.5134753095870042
0.5134553459430177
0.5134353304330074
0.5134152629118857
0.5133951432342096
0.5133749712541806
0.5133547468256431
0.5133344698020842
0.5133141400366332
0.51329375738206
0.5132733216907753
0.5132528328148291
0.5132322906059106
0.5132116949153469
0.5131910455941021
0.5131703424927774
0.5131495854616096
0.5131287743504702
0.5131079090088655
0.5130869892859349
0.5130660150304502
0.5130449860908158
0.5130239023150664
0.5130027635508675
0.512981569645514
0.5129603204459291
0.5129390157986644
0.5129176555498981
0.5128962395454348
0.5128747676307047
0.5128532396507621
0.5128316554502855
0.512810014873576
0.512788317764557
0.5127665639667728
0.5127447533233884
0.5127228856771882
0.5127009608705752
0.5126789787455699
0.5126569391438105
0.5126348419065505
0.5126126868746587
0.5125904738886184
0.5125682027885263
0.5125458734140913
0.5125234856046339
0.5125010391990859
0.512478534035988
0.5124559699534901
0.5124333467893502
0.5124106643809331
0.5123879225652099
0.5123651211787563
0.5123422600577527
0.5123193390379829
0.512296357954832
0.5122733166432872
0.512250214937936
0.5122270526729646
0.5122038296821588
0.5121805457989004
0.5121572008561683
0.512133794686537
0.5121103271221746
0.5120867979948431
0.5120632071358968
0.5120395543762813
0.512015839546532
0.5119920624767741
0.5119682229967206
0.5119443209356715
0.5119203561225135
0.5118963283857176
0.5118722375533387
0.5118480834530147
0.5118238659119653
0.5117995847569903
0.5117752398144694
0.5117508309103607
0.5117263578701988
0.5117018205190956
0.5116772186817368
0.5116525521823823
0.5116278208448648
0.5116030244925882
0.5115781629485268
0.5115532360352235
0.5115282435747902
0.5115031853889042
0.5114780612988088
0.5114528711253119
0.5114276146887836
0.5114022918091563
0.511376902305923
0.5113514459981355
0.5113259227044038
0.5113003322428946
0.5112746744313298
0.5112489490869859
0.5112231560266913
0.5111972950668269
0.5111713660233226
0.5111453687116579
0.5111193029468597
0.5110931685435006
0.5110669653156981
0.5110406930771128
0.5110143516409476
0.5109879408199454
0.5109614604263886
0.510934910272097
0.5109082901684266
0.5108815999262687
0.5108548393560471
0.5108280082677178
0.5108011064707672
0.5107741337742104
0.5107470899865902
0.5107199749159743
0.5106927883699558
0.5106655301556496
0.5106382000796923
0.5106107979482399
0.5105833235669663
0.510555776741062
0.5105281572752324
0.5105004649736954
0.5104726996401813
0.5104448610779295
0.5104169490896885
0.5103889634777125
0.5103609040437607
0.510332770589096
0.510304562914482
0.5102762808201824
0.5102479241059588
0.510219492571069
0.5101909860142649
0.5101624042337916
0.5101337470273845
0.5101050141922677
0.5100762055251536
0.5100473208222388
0.510018359879204
0.5099893224912109
0.5099602084529011
0.5099310175583944
0.5099017496012859
0.5098724043746448
0.5098429816710119
0.5098134812823983
0.5097839030002835
0.5097542466156118
0.5097245119187923
0.5096946986996959
0.509664806747653
0.5096348358514524
0.5096047857993378
0.509574656379007
0.5095444473776091
0.5095141585817425
0.5094837897774528
0.5094533407502307
0.5094228112850094
0.5093922011661629
0.5093615101775033
0.5093307381022791
0.5092998847231726
0.5092689498222974
0.5092379331811967
0.5092068345808404
0.5091756538016228
0.509144390623361
0.5091130448252917
0.5090816161860687
0.5090501044837614
0.5090185094958515
0.5089868309992308
0.5089550687701994
0.5089232225844615
0.5088912922171253
0.508859277442698
0.5088271780350853
0.5087949937675871
0.5087627244128965
0.5087303697430959
0.5086979295296552
0.5086654035434288
0.5086327915546528
0.5086000933329428
0.5085673086472899
0.5085344372660606
0.5085014789569909
0.5084684334871855
0.5084353006231144
0.5084020801306102
0.5083687717748653
0.5083353753204288
0.5083018905312037
0.5082683171704442
0.5082346550007524
0.5082009037840757
0.5081670632817036
0.5081331332542647
0.5080991134617239
0.508065003663379
0.508030803617858
0.5079965130831159
0.5079621318164309
0.5079276595744022
0.5078930961129473
0.507858441187297
0.5078236945519932
0.5077888559608863
0.507753925167131
0.5077189019231833
0.5076837859807972
0.5076485770910215
0.5076132750041962
0.5075778794699493
0.5075423902371934
0.5075068070541221
0.5074711296682068
0.5074353578261931
0.5073994912740971
0.5073635297572023
0.5073274730200555
0.5072913208064638
0.5072550728594902
0.5072187289214513
0.5071822887339121
0.5071457520376834
0.5071091185728175
0.507072388078605
0.5070355602935706
0.506998634955469
0.5069616118012825
0.5069244905672151
0.5068872709886908
0.5068499528003477
0.5068125357360356
0.5067750195288111
0.5067374039109347
0.5066996886138647
0.5066618733682564
0.506623957903955
0.5065859419499928
0.5065478252345854
0.5065096074851275
0.5064712884281874
0.506432867789505
0.5063943452939854
0.5063557206656966
0.506316993627864
0.5062781639028662
0.5062392312122307
0.5062001952766306
0.5061610558158787
0.5061218125489239
0.5060824651938466
0.5060430134678541
0.5060034570872767
0.505963795767562
0.5059240292232718
0.5058841571680763
0.5058441793147506
0.5058040953751683
0.5057639050602993
0.505723608080203
0.5056832041440247
0.5056426929599901
0.5056020742354014
0.5055613476766317
0.5055205129891212
0.5054795698773706
0.5054385180449381
0.505397357194433
0.505356087027512
0.505314707244873
0.5052732175462511
0.5052316176304129
0.5051899071951518
0.5051480859372827
0.5051061535526373
0.5050641097360582
0.5050219541813945
0.5049796865814957
0.5049373066282075
0.5048948140123661
0.5048522084237923
0.5048094895512871
0.5047666570826259
0.504723710704553
0.5046806501027763
0.5046374749619625
0.5045941849657305
0.5045507797966465
0.5045072591362186
0.5044636226648911
0.5044198700620388
0.5043760010059614
0.5043320151738779
0.5042879122419215
0.5042436918851328
0.5041993537774547
0.5041548975917272
0.5041103229996802
0.5040656296719288
0.5040208172779674
0.5039758854861638
0.5039308339637525
0.5038856623768295
0.5038403703903468
0.5037949576681054
0.5037494238727498
0.5037037686657619
0.5036579917074553
0.5036120926569686
0.5035660711722596
0.5035199269100992
0.503473659526065
0.5034272686745356
0.5033807540086835
0.5033341151804702
0.5032873518406384
0.5032404636387067
0.5031934502229628
0.5031463112404577
0.5030990463369991
0.5030516551571437
0.5030041373441934
0.5029564925401864
0.5029087203858918
0.5028608205208036
0.5028127925831326
0.5027646362098016
0.5027163510364373
0.502667936697365
0.5026193928256008
0.5025707190528459
0.5025219150094793
0.5024729803245513
0.5024239146257772
0.5023747175395294
0.5023253886908319
0.5022759277033529
0.5022263341993978
0.5021766077999026
0.5021267481244275
0.5020767547911489
0.5020266274168533
0.5019763656169308
0.5019259690053668
0.5018754371947359
0.5018247697961951
0.5017739664194762
0.5017230266728794
0.5016719501632652
0.5016207364960484
0.5015693852751909
0.5015178961031937
0.5014662685810911
0.5014145023084419
0.5013625968833237
0.5013105519023252
0.5012583669605387
0.5012060416515536
0.5011535755674478
0.5011009682987824
0.5010482194345925
0.5009953285623814
0.5009422952681121
0.5008891191362015
0.5008357997495109
0.500782336689341
0.5007287295354228
0.5006749778659111
0.5006210812573768
0.5005670392847995
0.5005128515215602
0.5004585175394343
0.5004040369085829
0.5003494091975469
0.5002946339732385
0.500239710800934
0.5001846392442664
0.500129418865218
0.5000740492241129
0.5000185298796092
0.49996286038869175
0.4999070403066646
0.4998510691871437
0.4997949465820487
0.49973867204159633
0.49968224511429227
0.49962566534692354
0.499568932284551
0.4995120454705029
0.499455004446365
0.499397808751976
0.4993404579254168
0.4992829515030057
0.49922528901928925
0.49916747000703515
0.4991094939972249
0.49905136051904564
0.49899306909988356
0.49893461926531524
0.4988760105391012
0.4988172424431772
0.49875831449764807
0.4986992262207789
0.4986399771289885
0.498580566736841
0.4985209945570393
0.4984612601004167
0.4984013628759302
0.49834130239065233
0.4982810781497642
0.4982206896565476
0.4981601364123781
0.4980994179167173
0.4980385336671048
0.49797748315915297
0.49791626588653615
0.49785488134098677
0.49779332901228573
0.4977316083882556
0.49766971895475404
0.4976076601956656
0.49754543159289505
0.4974830326263597
0.4974204627739823
0.4973577215116843
0.4972948083133783
0.4972317226509606
0.4971684639943047
0.4971050318112537
0.49704142556761377
0.49697764472714656
0.49691368875156255
0.4968495571005141
0.49678524923158834
0.49672076460030035
0.4966561026600864
0.49659126286229693
0.4965262446561898
0.4964610474889237
0.4963956708055516
0.4963301140490136
0.4962643766601304
0.4961984580775973
0.4961323577379769
0.496066075075693
0.49599960952302435
0.49593296051009783
0.49586612746488234
0.49579910981318265
0.4957319069786325
0.4956645183826899
0.49559694344462857
0.4955291815815349
0.4954612322082995
0.49539309473761206
0.4953247685799559
0.4952562531436014
0.49518754783460106
0.49511865205678285
0.49504956521174526
0.4949802866988518
0.494910815915225
0.4948411522557412
0.49477129511302564
0.4947012438774463
0.4946309979371095
0.49456055667785465
0.4944899194832486
0.4944190857345814
0.49434805481086164
0.49427682608881024
0.49420539894285737
0.49413377274513703
0.4940619468654826
0.4939899206714225
0.49391769352817616
0.49384526479864843
0.4937726338434278
0.49369980002077984
0.4936267626866452
0.49355352119463447
0.49348007489602547
0.49340642313975874
0.4933325652724342
0.49325850063830834
0.4931842285792904
0.49310974843493893
0.4930350595424598
0.4929601612367016
0.4928850528501545
0.4928097337129465
0.49273420315284105
0.4926584604952349
0.4925825050631551
0.4925063361772579
0.49242995315582555
0.4923533553147653
0.4922765419676069
0.49219951242550125
0.4921222659972192
0.4920448019891497
0.4919671197052985
0.4918892184472881
0.49181109751435587
0.49173275620335316
0.49165419380874564
0.49157540962261215
0.49149640293464464
0.49141717303214805
0.4913377192000407
0.49125804072085366
0.49117813687473233
0.4910980069394359
0.49101765019033883
0.49093706590043157
0.4908562533403219
0.4907752117782357
0.4906939404800192
0.4906124387091395
0.4905307057266883
0.49044874079138207
0.49036654315956574
0.490284112085214
0.4902014468199352
0.4901185466129733
0.4900354107112116
0.4899520383591757
0.48986842879903747
0.48978458127061775
0.48970049501139173
0.48961616925649265
0.48953160323871575
0.4894467961885236
0.4893617473340508
0.4892764559011087
0.48919092111319196
0.4891051421914827
0.48901911835485756
0.4889328488198935
0.4888463328008735
0.48875956950979477
0.4886725581563741
0.4885852979480562
0.4884977880900202
0.48841002778518794
0.4883220162342323
0.48823375263558455
0.4881452361854441
0.48805646607778586
0.4879674415043709
0.48787816165475517
0.4877886257162991
0.4876988328741776
0.4876087823113913
0.48751847320877595
0.48742790474501424
0.48733707609664667
0.4872459864380833
0.4871546349416158
0.48706302077742913
0.4869711431136152
0.4868790011161845
0.48678659394908
0.48669392077419094
0.48660098075136626
0.48650777303842935
0.4864142967911921
0.4863205511634707
0.48622653530709997
0.4861322483719501
0.48603768950594195
0.48594285785506425
0.4858477525633893
0.48575237277309147
0.48565671762446383
0.48556078625593696
0.48546457780409646
0.48536809140370224
0.4852713261877075
0.48517428128727863
0.4850769558318147
0.4849793489489684
0.48488145976466634
0.4847832874031303
0.4846848309868999
0.484586089636853
0.4844870624722295
0.48438774861065403
0.4842881471681587
0.4841882572592082
0.4840880779967229
0.48398760849210387
0.48388684785525893
0.483785795194627
0.48368444961720497
0.4835828102285747
0.4834808761329291
0.4833786464331005
0.4832761202305882
0.48317329662558683
0.4830701747170165
0.482966753602551
0.48286303237864814
0.48275901014058076
0.48265468598246736
0.4825500589973033
0.4824451282769937
0.4823398929123853
0.48223435199329967
0.4821285046085672
0.48202234984606007
0.48191588679272895
0.48180911453463615
0.4817020321569927
0.4815946387441941
0.4814869333798573
0.48137891514685827
0.4812705831273695
0.4811619364028986
0.48105297405432834
0.48094369516195495
0.48083409880552935
0.4807241840642976
0.4806139500170417
0.48050339574212286
0.4803925203175232
0.48028132282088876
0.48016980232957396
0.48005795792068523
0.47994578867112625
0.47983329365764404
0.47972047195687384
0.47960732264538747
0.47949384479973917
0.4793800374965152
0.47926589981238077
0.4791514308241308
0.4790366296087387
0.47892149524340766
0.47880602680562145
0.4786902233731961
0.47857408402433277
0.4784576078376701
0.4783407938923385
0.47822364126801464
0.47810614904497556
0.47798831630415556
0.4778701421272015
0.47775162559653006
0.4776327657953859
0.4775135618078992
0.4773940127191448
0.47727411761520233
0.4771538755832159
0.47703328571145526
0.47691234708937735
0.4767910588076888
0.4766694199584091
0.47654742963493324
0.4764250869320972
0.47630239094624255
0.47617934077528157
0.4760559355187647
0.4759321742779462
0.4758080561558538
0.4756835802573547
0.4755587456892268
0.4754335515602271
0.4753079969811631
0.47518208106496274
0.4750558029267477
0.4749291616839046
0.47480215645615925
0.4746747863656498
0.4745470505370013
0.47441894809740126
0.4742904781766758
0.4741616399073656
0.4740324324248033
0.4739028548671924
0.4737729063756844
0.4736425860944589
0.4735118931708043
0.47338082675519716
0.4732493860013839
0.4731175700664632
0.4729853781109689
0.47285280929895224
0.472719862798067
0.4725865377796534
0.4724528334188235
0.47231874889454784
0.472184283389741
0.47204943609134997
0.4719142061904412
0.4717785928822894
0.4716425953664666
0.471506212846933
0.4713694445321251
0.47123228963504954
0.47109474737337287
0.47095681696951425
0.4708184976507388
0.47067978864925064
0.47054068920228725
0.47040119855221424
0.47026131594662024
0.4701210406384131
0.46998037188591646
0.46983930895296594
0.46969785110900775
0.4695559976291965
0.4694137477944931
0.4692711008917652
0.46912805621388604
0.46898461305983485
0.468840770734798
0.46869652855027005
0.4685518858241554
0.46840684188087056
0.46826139605144756
0.46811554767363617
0.4679692960920085
0.4678226406580626
0.46767558073032706
0.4675281156744665
0.4673802448633867
0.46723196767734054
0.467083283504034
0.4669341917387334
0.4667846917843719
0.46663478305165773
0.4664844649591805
0.4663337369335212
0.46618259840935894
0.46603104882958085
0.4658790876453913
0.4657267143164199
0.4655739283108326
0.46542072910544147
0.4652671161858142
0.4651130890463847
0.4649586471905649
0.46480379013085393
0.46464851738895063
0.4644928284958641
0.4643367229920251
0.4641802004273985
0.464023260361594
0.4638659023639785
0.4637081260137883
0.46354993090024066
0.4633913166226468
0.4632322827905226
0.463072829023703
0.46291295495245244
0.4627526602175781
0.46259194447054186
0.462430807373573
0.4622692485997797
0.46210726783326206
0.46194486476922375
0.46178203911408355
0.4616187905855887
0.46145511891292446
0.461291023836828
0.4611265051096982
0.46096156249570724
0.46079619577091224
0.4606304047233653
0.4604641891532243
0.4602975488728631
0.46013048370698184
0.4599629934927161
0.45979507807974623
0.45962673733040676
0.4594579711197945
0.45928877933587703
0.4591191618796003
0.4589491186649958
0.45877864961928794
0.4586077546829995
0.4584364338100585
0.45826468696790296
0.45809251413758556
0.45791991531387827
0.4577468905053753
0.4575734397345972
0.45739956303809204
0.4572252604665371
0.45705053208484114
0.456875377972243
0.45669979822241236
0.45652379294354806
0.45634736225847505
0.4561705063047442
0.45599322523472585
0.4558155192157068
0.4556373884299843
0.4554588330749603
0.45527985336323384
0.45510044952269296
0.45492062179660553
0.45474037044370896
0.45455969573829946
0.45437859797031926
0.454197077445444
0.4540151344851676
0.4538327694268871
0.453649982623986
0.453466774445917
0.45328314527828156
0.4530990955229111
0.45291462559794515
0.45272973593790755
0.45254442699378483
0.4523586992330982
0.4521725531399782
0.4519859892152368
0.45179900797643846
0.4516116099579671
0.451423795711097
0.45123556580405655
0.45104692082209397
0.450857861367541
0.45066838805987464
0.4504785015357772
0.4502882024491944
0.45009749147139366
0.449906369291019
0.4497148366141448
0.4495228941643282
0.4493305426826599
0.4491377829278122
0.448944615676087
0.4487510417214609
0.44855706187562827
0.448362676968044
0.44816788784596295
0.44797269537447826
0.4477771004365576
0.4475811039330781
0.4473847067828586
0.4471879099226904
0.4469907143073662
0.44679312090970685
0.4465951307205863
0.44639674474895485
0.44619796402185913
0.4459987895844621
0.44579922250006015
0.4455992638500961
0.44539891473417426
0.4451981762700697
0.4449970495937379
0.44479553585932036
0.4445936362391492
0.4443913519237507
0.44418868412184354
0.44398563406033786
0.4437822029843316
0.4435783921571025
0.44337420286010076
0.44316963639293866
0.442964694073376
0.4427593772373064
0.44255368723873834
0.4423476254497776
0.44214119326060275
0.44193439207944274
0.4417272233325495
0.44151968846416945
0.441311788936512
0.44110352622971727
0.44089490184181845
0.4406859172887058
0.44047657410408453
0.4402668738394334
0.4400568180639596
0.4398464083645501
0.4396356463457235
0.439424533629578
0.43921307185573566
0.43900126268128714
0.4387891077807316
0.43857660884591615
0.43836376758597184
0.43815058572724785
0.4379370650132417
0.43772320720453073
0.4375090140786972
0.43729448743025406
0.43707962907056597
0.4368644408277709
0.4366489245466955
0.4364330820887726
0.43621691533195267
0.4360004261706151
0.43578361651547665
0.4355664882934965
0.4353490434477815
0.43513128393748723
0.4349132117377158
0.43469482883941474
0.434476137249271
0.43425713898960283
0.43403783609825075
0.4338182306284656
0.4335983246487936
0.4333781202429615
0.43315761950975595
0.4329368245629046
0.43271573753095244
0.4324943605571369
0.43227269579926086
0.43205074542956357
0.4318285116345891
0.4316059966150529
0.43138320258570695
0.4311601317752022
0.4309367864259483
0.4307131687939736
0.4304892811487805
0.4302651257732011
0.43004070496324887
0.4298160210279706
0.42959107628929444
0.42936587308187757
0.4291404137529511
0.42891470066216364
0.4286887361814228
0.4284625226947355
0.4282360625980451
0.42800935829906883
0.42778241221713226
0.42755522678300206
0.4273278044387174
0.42710014763741966
0.4268722588431818
0.42664414053083266
0.426415795185785
0.42618722530385644
0.4259584333910934
0.4257294219635914
0.4255001935473137
0.4252707506779102
0.42504109590053285
0.42481123176965246
0.4245811608488712
0.4243508857107366
0.4241204089365516
0.4238897331161857
0.42365886084788484
0.42342779473807746
0.42319653740118357
0.42296509145941885
0.4227334595426002
0.42250164428795023
0.4222696483398987
0.42203747434988576
0.4218051249761621
0.4215726028835898
0.42133991074344107
0.4211070512331977
0.42087402703634746
0.4206408408421832
0.4204074953455972
0.4201739932468785
0.4199403372515073
0.4197065300699496
0.41947257441745167
0.4192384730138329
0.4190042285832794
0.4187698438541365
0.4185353215587012
0.418300664433013
0.4180658752166473
0.41783095665250486
0.41759591148660363
0.4173607424678699
0.41712545234792764
0.4168900438808905
0.41665451982315077
0.41641888293317064
0.41618313597127166
0.4159472816994256
0.4157113228810444
0.41547526228077025
0.41523910266426634
0.4150028467980074
0.4147664974490704
0.41453005738492493
0.41429352937322506
0.41405691618160084
0.41382022057744944
0.4135834453277274
0.4133465931987438
0.41310966695595164
0.4128726693637433
0.41263560318524195
0.41239847118209827
0.41216127611428316
0.4119240207398846
0.4116867078149027
0.4114493400930479
0.41121192032553633
0.41097445126088905
0.4107369356447313
0.4104993762195909
0.41026177572469896
0.41002413689579154
0.40978646246491157
0.4095487551602116
0.40931101770575673
0.40907325282133167
0.4088354632222441
0.4085976516191334
0.4083598207177767
0.4081219732188991
0.40788411181798256
0.4076462392050779
0.4074083580646164
0.40717047107522325
0.4069325809095318
0.4066946902340002
0.4064568017087273
0.4062189179872711
0.4059810417164693
0.4057431755362586
0.40550532207949813
0.4052674839717921
0.405029663831315
0.40479186426863856
0.4045540878865578
0.40431633727992194
0.404078615035464
0.4038409237316329
0.40360326593842794
0.4033656442172321
0.4031280611206507
0.4028905191923484
0.4026530209668888
0.40241556896957703
0.40217816571630055
0.4019408137133761
0.40170351545739424
0.4014662734350676
0.4012290901230809
0.4009919679879415
0.40075490948583214
0.4005179170624663
0.40028099315294363
0.4000441401816086
0.3998073605619103
0.3995706566962628
0.3993340309759097
0.3990974857807893
0.3988610234793997
0.3986246464286693
0.39838835697382635
0.39815215744827087
0.39791605017344933
0.3976800374587301
0.39744412160128134
0.39720830488595016
0.3969725895851441
0.3967369779587148
0.39650147225384225
0.39626607470492203
0.3960307875334544
0.39579561294793414
0.3955605531437436
0.39532561030304714
0.3950907865946866
0.3948560841740804
0.39462150518312256
0.3943870517500847
0.3941527259895206
0.3939185300021703
0.3936844658748688
0.39345053568045474
0.3932167414776816
0.3929830853111308
0.39274956921112714
0.39251619519365427
0.3922829652602744
0.39204988139804886
0.39181694557945956
0.3915841597623336
0.3913515258897695
0.39111904589006524
0.3908867216766469
0.3906545551480011
0.3904225481876086
0.390190702663878
0.3899590204300845
0.3897275033243074
0.38949615316937125
0.38926497177278735
0.3890339609266993
0.38880312240782733
0.3885724579774173
0.38834196938118903
0.3881116583492879
0.3878815265962376
0.3876515758208946
0.387421807706405
0.38719222392016195
0.386962826113765
0.38673361592298255
0.3865045949677137
0.38627576485195364
0.3860471271637598
0.38581868347521947
0.38559043534242055
0.38536238430542047
0.38513453188822133
0.3849068795987425
0.3846794289287979
0.3844521813540721
0.38422513833410027
0.3839983013122483
0.38377167171569526
0.38354525095541603
0.3833190404261672
0.38309304150647294
0.3828672555586135
0.3826416839286141
0.3824163279462351
0.3821911889249661
0.3819662681620174
0.3817415669383162
0.38151708651850236
0.38129282815092674
0.3810687930676486
0.3808449824844382
0.38062139760077573
0.38039803959985646
0.3801749096485938
0.37995200889762426
0.3797293384813149
0.37950689951777034
0.37928469310884266
0.3790627203401403
0.3788409822810406
0.37861947998470163
0.3783982144880752
0.37817718681192314
0.3779563979608313
0.3777358489232275
0.37751554067139914
0.37729547416151193
0.3770756503336301
0.37685607011173694
0.3766367344037575
0.3764176441015802
0.3761988000810823
0.3759802032021534
0.37576185430872144
0.37554375422877984
0.37532590377441344
0.37510830374182913
0.3748909549113826
0.37467385804761016
0.374457013899258
0.3742404231993155
0.3740240866650455
0.37380800499801947
0.37359217888414903
0.37337660899372277
0.3731612959814398
0.3729462404864468
0.3727314431323738
0.3725169045273713
0.3723026252641488
0.3720886059200129
0.3718748470569061
0.371661349221447
0.3714481129449697
0.37123513874356523
0.3710224271181219
0.3708099785543684
0.3705977935229146
0.3703858724792948
0.3701742158640113
0.36996282410257725
0.36975169760556115
0.3695408367686312
0.36933024197259956
0.36911991358346846
0.3689098519524748
0.36870005741613604
0.3684905302962975
0.3682812709001774
0.36807227952041444
0.3678635564351145
0.36765510190789796
0.36744691618794734
0.36723899951005506
0.3670313520946707
0.3668239741479503
0.3666168658618042
0.3664100274139447
0.36620345896793566
0.36599716067324073
0.36579113266527263
0.36558537506544164
0.3653798879812048
0.365174671506115
0.3649697257198701
0.3647650506883621
0.3645606464637263
0.36435651308439065
0.3641526505751247
0.3639490589470892
0.3637457381978846
0.36354268831160064
0.3633399092588655
0.3631374009968942
0.3629351634695377
0.3627331966073315
0.36253150032754494
0.3623300745342287
0.3621289191182639
0.3619280339574097
0.3617274189163518
0.36152707384675
0.36132699858728595
0.3611271929637103
0.36092765678889005
0.3607283898628554
0.3605293919728464
0.3603306628933601
0.36013220238619514
0.3599340102004987
0.35973608607281204
0.3595384297271156
0.35934104087487334
0.3591439192150778
0.35894706443429464
0.3587504762067055
0.3585541541941526
0.35835809804618063
0.3581623074000805
0.35796678188093073
0.3577715211016401
0.35757652466298845
0.3573817921536675
0.35718732315032214
0.3569931172175897
0.35679917390814
0.3566054927627138
0.3564120733101626
0.3562189150674848
0.35602601753986524
0.35583338022071065
0.3556410025916868
0.35544888412275466
0.3552570242722047
0.35506542248669315
0.3548740782012748
0.3546829908394371
0.35449215981313387
0.3543015845228156
0.354111264357464
0.35392119869462046
0.35373138690041883
0.3535418283296128
0.3533525223256076
0.35316346822048605
0.35297466533503774
0.35278611297878626
0.3525978104500147
0.35240975703579186
0.35222195201199713
0.3520343946433442
0.35184708418340577
0.3516600198746348
0.35147320094838785
0.35128662662494453
0.3511002961135298
0.3509142086123327
0.350728363308525
0.3505427593782797
0.35035739598678767
0.350172272288275
0.34998738742601754
0.34980274053235605
0.349618330728711
0.34943415712559295
0.3492502188226183
0.3490665149085177
0.34888304446114804
0.3486998065475011
0.34851680022371234
0.34833402453506945
0.34815147851601785
0.3479691611901676
0.3477870715702974
0.34760520865836
0.3474235714454833
0.34724215891197385
0.34706097002731817
0.3468800037501817
0.3466992590284089
0.3465187347990209
0.34633842998821335
0.34615834351135155
0.3459784742729671
0.3457988211667499
0.3456193830755441
0.34544015887133694
0.3452611474152524
0.34508234755754025
0.34490375813756413
0.3447253779837909
0.34454720591377586
0.34436924073414965
0.34419148124060234
0.34401392621786653
0.3438365744397005
0.3436594246688685
0.3434824756571217
0.3433057261451766
0.34312917486269334
0.34295282052825216
0.34277666184932826
0.3426006975222673
0.3424249262322584
0.342249346653305
0.3420739574481968
0.3418987572684795
0.3417237447544221
0.34154891853498526
0.3413742772277859
0.3411998194390644
0.3410255437636452
0.3408514487849005
0.34067753307471216
0.3405037951934293
0.34033023368982873
0.3401568471010712
0.3399836339526577
0.33981059275838305
0.33963772202029185
0.33946502022862735
0.3392924858617842
0.33912011738625747
0.3389479132565902
0.3387758719153208
0.3386039917929281
0.33843227130777587
0.33826070886605464
0.3380893028617237
0.33791805167645084
0.33774695367955143
0.3375760072279247
0.33740521066599066
0.33723456232562327
0.3370640605260844
0.33689370357395515
0.33672348976306576
0.33655341737442473
0.3363834846761464
0.33621368992337525
0.33604403135821254
0.33587450720963746
0.33570511569342965
0.33553585501208893
0.33536672335475387
0.3351977188971186
0.33502883980134895
0.33486008421599595
0.334691450275909
0.3345229361021467
0.334354539801886
0.33418625946833136
0.33401809318061976
0.3338500390037278
0.333682094988373
0.3335142591709169
0.33334652957326566
0.333178904202768
0.33301138105211425
0.3328439580992296
0.33267663330717023
0.33250940462401524
0.3323422699827582
0.3321752273011956
0.3320082744818159
0.3318414094116849
0.33167462996233205
0.33150793398963113
0.33134131933368427
0.3311747838187004
0.3310083252528744
0.3308419414282635
0.33067563012066253
0.33050938908947775
0.33034321607759887
0.3301771088112694
0.3300110649999544
0.3298450823362101
0.3296791584955471
0.3295132911362956
0.32934747789946733
0.3291817164086167
0.3290160042697002
0.3288503390709333
0.3286847183826464
0.328519139757141
0.3283536007285398
0.32818809881264044
0.3280226315067636
0.3278571962896022
0.327691790621067
0.32752641194213183
0.32736105767467777
0.32719572522133406
0.32703041196531824
0.326865115270277
0.32669983248012024
0.3265345609188592
0.3263692978904402
0.32620404067857695
0.3260387865465817
0.32587353273719594
0.325708276472417
0.3255430149533272
0.32537774535991687
0.3252124648509098
0.32504717056358584
0.32488185961360105
0.32471652909480864
0.3245511760790764
0.3243857976161042
0.3242203907332402
0.3240549524352946
0.32388947970435306
0.32372396949958865
0.3235584187570724
0.32339282438958294
0.3232271832864145
0.3230614923131842
0.3228957483116378
0.3227299480994544
0.32256408847005086
0.3223981661923836
0.32223217801075055
0.32206612064459217
0.3218999907882908
0.3217337851109694
0.3215675002562895
0.32140113284224847
0.32123467946097484
0.3210681366785251
0.3209015010346768
0.32073476904272447
0.32056793718927035
0.3204010019340197
0.32023395970957147
0.32006680692121015
0.3198995399466966
0.31973215513606057
0.31956464881138824
0.3193970172666145
0.31922925676731195
0.3190613635504802
0.31889333382433593
0.3187251637681019
0.3185568495317959
0.31838838723602125
0.31821977297175463
0.31805100280013715
0.3178820727522635
0.317712978828972
0.31754371700063544
0.3173742832069517
0.31720467335673574
0.3170348833277114
0.31686490896630376
0.3166947460874332
0.3165243904743098
0.31635383787822735
0.3161830840183618
0.3160121245815664
0.31584095522217165
0.31566957156178443
0.3154979691890897
0.31532614365965245
0.31515409049572224
0.3149818051860391
0.31480928318564116
0.31463651991567376
0.31446351076320145
0.31429025108102016
0.3141167361874754
0.31394296136627736
0.313768921866323
0.31359461290151913
0.31342002965060656
0.3132451672569898
0.3130700208285674
0.3128945854375668
0.31271885612038053
0.3125428278774084
0.31236649567290004
0.3121898544348029
0.3120128990546138
0.31183562438723317
0.3116580252508239
0.3114800964266754
0.31130183265906847
0.31112322865514924
0.3109442790848037
0.310764978580538
0.3105853217373647
0.31040530311269227
0.3102249172262217
0.31004415855984524
0.309863021557554
0.3096815006253486
0.3094995901311568
0.30931728440475637
0.30913457773770425
0.3089514643832723
0.30876793855638834
0.30858399443358464
0.30839962615295213
0.3082148278141035
0.3080295934781401
0.3078439171676292
0.3076577928665866
0.3074712145204671
0.30728417603616376
0.30709667128201257
0.3069086940878091
0.306720238244828
0.30653129750585684
0.30634186558523296
0.30615193615889325
0.3059615028644302
0.3057705593011581
0.3055790990301883
0.30538711557451453
0.3051946024191055
0.30500155301101056
0.30480796075947253
0.30461381903605156
0.3044191211747596
0.30422386047220534
0.3040280301877487
0.30383162354366666
0.3036346337253309
0.3034370538813943
0.30323887712399133
0.3030400965289472
0.30284070513600136
0.3026406959490396
0.30244006193634043
0.30223879603083215
0.3020368911303626
0.3018343400979814
0.30163113576223316
0.3014272709174656
0.30122273832414814
0.3010175307092047
0.30081164076635836
0.30060506115649055
0.3003977845080117
0.3001898034172471
0.29998111044883374
0.29977169813613314
0.2995615589816564
0.29935068545750304
0.2991390700058144
0.2989267050392397
0.29871358294141753
0.2984996960674705
0.29828503674451423
0.29806959727218063
0.2978533699231548
0.2976363469437284
0.297418520554364
0.29719988295027694
0.2969804263020309
0.29676014275614626
0.2965390244357253
0.29631706344109066
0.29609425185043914
0.2958705817205093
0.2956460450872646
0.29542063396658985
0.2951943403550042
0.29496715623038683
0.29473907355271867
0.29451008426483716
0.29428018029320746
0.2940493535487063
0.29381759592742174
0.29358489931146675
0.29335125556980607
0.2931166565590997
0.292881094124559
0.2926445601008168
0.2924070463128123
0.29216854457669034
0.2919290467007125
0.29168854448618575
0.2914470297284
0.2912044942175835
0.290960929739869
0.29071632807827563
0.29047068101370116
0.29022398032592944
0.289976217794651
0.28972738520049457
0.28947747432607385
0.28922647695704407
0.28897438488317406
0.2887211898994272
0.2884668838070576
0.2882114584147167
0.2879549055395705
0.2876972170084313
0.28743838465889904
0.2871784003405129
0.28691725591591616
0.2866549432620318
0.28639145427124596
0.2861267808526066
0.28586091493302845
0.2855938484585099
0.2853255733953605
0.28505608173143615
0.2847853654773873
0.2845134166679125
0.2842402273630244
0.28396578964932406
0.2836900956412831
0.2834131374825356
0.2831349073471781
0.2828553974410789
0.2825746000031936
0.2822925073068902
0.28200911166128184
0.2817244054125663
0.2814383809453749
0.28115103068412584
0.2808623470943865
0.2805723226842434
0.28028095000567743
0.27998822165594595
0.2796941302789724
0.279398668566741
0.27910182926069893
0.27880360515316294
0.2785039890887337
0.27820297396571475
0.27790055273753755
0.2775967184141914
0.2772914640636599
0.276984782813361
0.2766766678515949
0.27636711242899326
0.2760561098599774
0.2757436535242177
0.27542973686810035
0.2751143534061974
0.2747974967227407
0.27447916047310345
0.2741593383852809
0.2738380242613804
0.27351521197911266
0.27319089549328784
0.27286506883731554
0.27253772612470845
0.2722088615505911
0.27187846939321064
0.27154654401545214
0.27121307986635823
0.2708780714826494
0.27054151349025257
0.27020340060582776
0.2698637276383022
0.2695224894904041
0.26917968116020363
0.2688352977426529
0.2684893344311316
0.26814178651899334
0.26779264940111736
0.2674419185754603
0.2670895896446125
0.26673565831735524
0.26638012041022063
0.26602297184905455
0.26566420867058127
0.26530382702396804
0.2649418231723956
0.2645781934946258
0.26421293448657335
0.2638460427628781
0.2634775150584787
0.26310734823018633
0.26273553925825976
0.2623620852479809
0.26198698343122984
0.2616102311680611
0.261231825948278
0.26085176539300786
0.2604700472562754
0.2600866694265756
0.25970162992844464
0.25931492692402847
0.2589265587146516
0.2585365237423799
0.25814482059158295
0.2577514479904918
0.2573564048127551
0.25695969007898684
0.25656130295831425
0.2561612427699172
0.25575950898456323
0.25535610122613706
0.2549510192731617
0.254544263060314
0.25413583267993195
0.2537257283835125
0.253313950583203
0.2529004998532798
0.2524853769316185
0.25206858272115373
0.2516501182913262
0.25122998487951703
0.25080818389247017
0.250384716907702
0.24995958567489188
0.249532792117264
0.24910433833294715
0.24867422659632057
0.24824245935934197
0.24780903925285572
0.24737396908788195
0.24693725185688664
0.24649889073502743
0.2460588890813804
0.24561725044014202
0.2451739785418065
0.24472907730432003
0.24428255083420744
0.24383440342767126
0.2433846395716655
0.24293326394493758
0.24248028141904213
0.24202569705932206
0.2415695161258601
0.24111174407439426
0.24065238655720117
0.2401914494239439
0.2397289387224834
0.2392648606996523
0.23879922180199004
0.2383320286764417
0.23786328817101116
0.23739300733537716
0.2369211934214644
0.2364478538839737
0.23597299638086314
0.23549662877378855
0.2350187591284939
0.23453939571515464
0.23405854700867415
0.23357622168892797
0.23309242864095886
0.23260717695512023
0.23212047592716664
0.23163233505829064
0.23114276405510475
0.23065177282957033
0.23015937149886723
0.2296655703852084
0.22917038001559628
0.228673811121519
0.22817587463859001
0.22767658170612526
0.22717594366665883
0.22667397206539913
0.22617067864962206
0.22566607536800012
0.2251601743698683
0.2246529880044272
0.22414452881988015
0.22363480956250542
0.2231238431756628
0.22261164279873472
0.22209822176600053
0.22158359360544286
0.22106777203749003
0.22055077097368728
0.22003260451530385
0.21951328695186964
0.21899283275964587
0.21847125660002792
0.2179485733178779
0.21742479793979222
0.21689994567229914
0.21637403189999044
0.215847072183583
0.21531908225791535
0.21479007802987526
0.21426007557626267
0.21372909114158273
0.2131971411357756
0.2126642421318808
0.21213041086363257
0.21159566422299567
0.21106001925763296
0.2105234931683134
0.20998610330625297
0.20944786717039746
0.20890880240464252
0.20836892679499355
0.20782825826666573
0.20728681488112627
0.20674461483307982
0.20620167644739615
0.20565801817598195
0.2051136585946009
0.2045686163996393
0.2040229104048184
0.20347655953785884
0.20292958283709453
0.20238199944803847
0.20183382861990207
0.2012850897020702
0.20073580214053177
0.2001859854742682
0.19963565933160216
0.1990848434265064
0.1985335575548756
0.19798182159076194
0.19742965548257796
0.19687707924926542
0.19632411297643393
0.1957707768124722
0.19521709096462916
0.19466307569507302
0.19410875131692445
0.19355413819026937
0.19299925671815132
0.1924441273425468
0.1918887705403226
0.19133320681918226
0.19077745671359703
0.19022154078072906
0.18966547959634425
0.18910929375072105
0.18855300384455237
0.18799663048484702
0.18744019428083047
0.18688371583984464
0.18632721576325478
0.18577071464235886
0.18521423305430598
0.18465779155802287
0.18410141069015276
0.18354511096100523
0.1829889128505245
0.18243283680427025
0.18187690322942218
0.18132113249080042
0.1807655449069111
0.18021016074601634
0.17965500022222886
0.17910008349163545
0.1785454306484502
0.1779910617211979
0.1774369966689318
0.17688325537748534
0.17632985765575995
0.17577682323205188
0.17522417175041727
0.17467192276707855
0.1741200957468748
0.17356871005975308
0.17301778497730905
0.17246733966937045
0.17191739320063237
0.1713679645273391
0.17081907249401856
0.17027073583026808
0.16972297314759316
0.16917580293630066
0.168629243562448
0.1680833132648477
0.1675380301521302
0.1669934121998657
0.1664494772477434
0.16590624299681284
0.16536372700678537
0.1648219466933981
0.16428091932584005
0.1637406620242411
0.16320119175722592
0.16266252533953152
0.16212467942969033
0.161587670527779
0.16105151497323178
0.16051622894272274
0.15998182844811332
0.15944832933446573
0.15891574727812738
0.15838409778487839
0.1578533961881513
0.15732365764731443
0.15679489714602698
0.1562671294906598
0.15574036930878493
0.15521463104773353
0.154689928973221
0.15416627716804054
0.1536436895308245
0.15312217977487208
0.1526017614270454
0.15208244782673233
0.1515642521248753
0.15104718728306735
0.15053126607271292
0.15001650107425496
0.14950290467646687
0.14899048907580914
0.1484792662758491
0.1479692480867452
0.1474604461247942
0.14695287181203867
0.14644653637593918
0.14594145084910476
0.14543762606908517
0.14493507267822198
0.14443380112355883
0.14393382165680954
0.14343514433438342
0.14293777901746696
0.1424417353721615
0.14194702286967512
0.14145365078656894
0.14096162820505584
0.14047096401335202
0.13998166690607897
0.13949374538471607
0.13900720775810257
0.13852206214298823
0.13803831646463027
0.13755597845743806
0.13707505566566217
0.1365955554441285
0.13611748495901632
0.1356408511886769
0.13516566092449533
0.13469192077179282
0.1342196371507668
0.1337488162974705
0.1332794642648302
0.13281158692369788
0.13234518996393937
0.13188027889555728
0.1314168590498466
0.1309549355805828
0.13049451346524038
0.13003559750624322
0.12957819233224188
0.12912230239942124
0.12866793199283288
0.12821508522775563
0.12776376605108064
0.1273139782427195
0.12686572541703756
0.1264190110243067
0.12597383835218195
0.12553021052719743
0.12508813051628018
0.12464760112828457
0.12420862501554256
0.12377120467543155
0.12333534245195696
0.12290104053734964
0.12246830097367808
0.12203712565447238
0.12160751632636063
0.1211794745907169
0.12075300190531998
0.12032809958602027
0.11990476880841688
0.11948301060954197
0.11906282588955325
0.1186442154134313
0.11822717981268403
0.11781171958705583
0.11739783510624022
0.11698552661159684
0.11657479421787115
0.11616563791491542
0.11575805756941263
0.11535205292660027
0.11494762361199437
0.11454476913311326
0.11414348888120052
0.1137437821329462
0.11334564805220526
0.11294908569171429
0.11255409399480396
0.11216067179710873
0.11176881782827036
0.11137853071363893
0.11098980897596646
0.11060265103709616
0.11021705521964417
0.10983301974867575
0.10945054275337326
0.10906962226869767
0.10869025623704043
0.10831244250986888
0.10793617884936191
0.10756146293003567
0.1071882923403622
0.10681666458437558
0.10644657708326907
0.10607802717698323
0.10571101212578066
0.10534552911181103
0.10498157524066588
0.10461914754291893
0.1042582429756583
0.10389885842400315
0.10354099070261058
0.10318463655716874
0.10282979266587741
0.10247645564091615
0.10212462202989855
0.1017742883173142
0.10142545092595626
0.10107810621833636
0.10073225049808496
0.10038788001133839
0.10004499094811153
0.09970357944365717
0.09936364157980987
0.09902517338631675
0.09868817084215295
0.09835262987682385
0.09801854637165083
0.09768591616104497
0.09735473503376323
0.09702499873415238
0.09669670296337662
0.09636984338063151
0.09604441560434204
0.09572041521334637
0.0953978377480656
0.09507667871165643
0.09475693357115161
0.09443859775858345
0.09412166667209387
0.09380613567702902
0.09349200010701894
0.09317925526504285
0.09286789642447979
0.0925579188301438
0.09224931769930567
0.09194208822269848
0.09163622556551063
0.0913317248683623
0.09102858124826878
0.09072678979958912
0.09042634559496018
0.09012724368621707
0.08982947910529851
0.08953304686513888
0.08923794196054632
0.0889441593690663
0.08865169405183135
0.08836054095439823
0.08807069500757028
0.08778215112820596
0.08749490422001549
0.0872089491743428
0.0869242808709344
0.086640894178696
0.08635878395643456
0.08607794505358955
0.08579837231094907
0.0855200605613547
0.0852430046303939
0.08496719933707897
0.08469263949451455
0.08441931991055221
0.08414723538843355
0.08387638072742064
0.08360675072341553
0.08333834016956684
0.08307114385686562
0.08280515657472946
0.08254037311157514
0.08227678825537976
0.08201439679423159
0.08175319351686902
0.08149317321320894
0.08123433067486469
0.08097666069565315
0.08072015807209082
0.08046481760388055
0.08021063409438733
0.07995760235110415
0.07970571718610783
0.0794549734165049
0.07920536586486808
0.07895688935966289
0.0787095387356649
0.07846330883436725
0.07821819450437935
0.07797419060181693
0.07773129199068149
0.07748949354323306
0.07724879014035185
0.07700917667189423
0.07677064803703683
0.07653319914461494
0.07629682491345162
0.0760615202726784
0.07582728016204873
0.07559409953224305
0.0753619733451659
0.0751308965742361
0.07490086420466854
0.07467187123374922
0.0744439126711029
0.07421698353895274
0.07399107887237415
0.07376619371954068
0.07354232314196335
0.07331946221472345
0.07309760602669857
0.07287674968078175
0.07265688829409475
0.07243801699819455
0.07222013093927405
0.07200322527835622
0.07178729519148253
0.07157233586989581
0.0713583425202159
0.07114531036461184
0.07093323464096647
0.07072211060303599
0.07051193352060528
0.07030269867963632
0.07009440138241213
0.06988703694767595
0.06968060071076414
0.06947508802373592
0.0692704942554965
0.06906681479191656
0.06886404503594694
0.06866218040772773
0.0684612163446944
0.06826114830167848
0.06806197175100424
0.06786368218258074
0.06766627510399002
0.06746974604057182
0.06727409053550275
0.06707930414987312
0.06688538246275862
0.06669232107128917
0.06650011559071381
0.06630876165446123
0.0661182549141979
0.06592859103988225
0.06573976571981455
0.06555177466068512
0.06536461358761779
0.06517827824421096
0.06499276439257534
0.06480806781336838
0.06462418430582575
0.06444110968779045
0.06425883979573797
0.06407737048479964
0.0638966976287827
0.0637168171201876
0.06353772487022304
0.06335941680881804
0.0631818888846316
0.06300513706506009
0.06282915733624202
0.06265394570306047
0.06247949818914328
0.062305810836860626
0.062132879707321426
0.061960700880366065
0.061789270454558454
0.061618584547174914
0.06144863929419209
0.061279430850272015
0.06111095538874572
0.06094320910159498
0.060776188199432125
0.06060988891147806
0.06044430748553883
0.060279440187980024
0.060115283303699765
0.059951833136101
0.059789086007060094
0.05962703825689612
0.05946568624433725
0.05930502634648677
0.05914505495878658
0.058985768494980176
0.05882716338707389
0.05866923608529724
0.058511983058061365
0.05835540079191699
0.058199485791510755
0.05804423457954039
0.057889643696709035
0.05773570970167799
0.057582429171019314
0.05742979869916677
0.05727781489836492
0.05712647439861933
0.0569757738476442
0.05682570991080973
0.056676279271088294
0.05652747862899993
0.056379304702557434
0.05623175422720979
0.05608482395578549
0.05593851065843517
0.05579281112257285
0.055647722152817235
0.055503240570932214
0.05535936321576587
0.055216086943190336
0.05507340862603983
0.05493132515404871
0.05478983343378876
0.05464893038860603
0.05450861295855722
0.05436887810034553
0.0542297227872557
0.05409114400908951
0.05395313877209993
0.053815704098924874
0.05367883702852168
0.05354253461609977
0.05340679393305385
0.05327161206689648
0.05313698612119054
0.05300291321548106
0.0528693904852269
0.052736415081732296
0.05260398417207811
0.052472094939052596
0.05234074458108248
0.05220993031216285
0.05207964936178794
0.051949898974881295
0.0518206764117254
0.05169197894789184
0.05156380387417059
0.051436148496499884
0.05130901013589556
0.051182386128379956
0.051056273824911916
0.05093067059131515
0.05080557380820766
0.050680980870930925
0.05055688918947832
0.050433296188424376
0.05031019930685374
0.05018759599828981
0.05006548373062379
0.049943859986043296
