2.384260181420427
2.1210513156241557
2.2779837897301096
2.0960627540344774
2.3110281626061737
2.2075115706495674
1.9900492649733
2.116734661496357
2.053116581136726
2.401685931841947
2.1040565425897206
2.274584955757945
2.1797601985348716
2.353190245396363
2.578354410018177
2.1007483504774926
2.333789644081866
2.265991464522187
2.154434816978848
2.518621704273001
2.185614005575002
2.0993425916371233
2.2920010574586014
2.0434825790301105
2.4004096918548647
2.301675209062912
2.0532913347242854
2.276473503755021
2.087207039916318
2.262542016223839
2.348122436568536
2.0887435113327593
2.1948156019582514
2.1435629783557735
2.1466323352421144
2.318458579262673
2.138202431079465
2.114612573487614
2.154555545520244
2.09417654320702
2.267076467682737
2.1677811216778307
2.0842232603951896
2.148743505301387
2.0832754831667266
2.232276587302625
2.1858745149049277
2.0821274778163446
2.1446557656886576
2.0871930258073705
2.2030642569248133
2.1946368320862444
2.0866742882722225
2.135202390773417
2.093611859661449
2.1714285413453616
2.193812675777587
2.0944798098755797
2.1209658344583815
2.100627780872272
2.143249084490908
2.1852802282599493
2.1051425197414115
2.106179056162895
2.1041390656553918
2.120284127493653
2.167842895217233
2.1129373815390142
2.0926774651063655
2.1002633117934133
2.102959200110926
2.145602318350873
2.1158414202834797
2.0847221694785825
2.0932677926988283
2.093179163454034
2.1271667945009964
2.1170785701500825
2.0844805387631196
2.0890088658616905
2.0900250626023644
2.1150496223856714
2.117829488743447
2.0889002561333183
2.0872428129719
2.0892687075760783
2.105939653660381
2.1159456178399827
2.0937729140384027
2.086118729552186
2.088281027565927
2.098727896195226
2.111739935588886
2.097871849625848
2.0865346955098714
2.0877146458670555
2.0945524139103897
2.107612847553048
2.1011491206205557
2.088872871286028
2.088179501835924
2.0930483769048087
2.104673479877537
2.103245530814753
2.091849186118515
2.08930833506151
2.0930103032238536
2.10300330029116
2.104356696264529
2.0945545856540377
2.090901907225023
2.0939296148892472
2.102625242274899
2.1051764404287527
2.096880676920919
2.092791999083875
2.0953257398259195
2.1028220389501486
2.105457564174413
2.098178940958384
2.0938663671938906
2.0957573653175054
2.1018777602802325
2.103993212012548
2.0974325038165893
2.0930161358892896
2.0942765730703585
2.0992135396840372
2.1010558578902385
2.0955578171051292
2.091499658665307
2.0925471429074025
2.0968969884612703
2.099083955210067
2.095047016412815
2.0915188947168555
2.092331811036205
2.0961319845698854
2.0986686466121793
2.095931630021005
2.092650648996758
2.092900353632775
2.096049049498123
2.098925690765164
2.0975524627989173
2.094747621241673
2.0946786976126965
2.0975329860282224
2.1009152023683155
2.1008889115775187
2.098674632182382
2.0982807898416374
2.100633377931679
2.1038313015829546
2.1040320541246116
2.101524511258002
2.1002257069935255
2.101702939544573
2.104315296212055
2.104287977299014
2.101819499234099
2.1009891781370564
2.1034769889869875
2.1071592929621596
2.1080502741122116
2.1070248898154156
2.1082800220524316
2.112706590440532
2.1170454475441898
2.1176173768648607
2.1168282195555164
2.118487493288481
2.122048091842311
2.1233463679412643
2.120181891479472
2.116389144364509
2.114767364335314
2.1138106421742977
2.1098739689029946
2.103304189407453
2.0988684325517264
2.0983348513714515
2.099434740654017
2.098891716186534
2.09811262369781
2.100267912657869
2.1044754305721507
2.1067204748309303
2.10372701009967
2.097302273358054
2.0895769366462935
2.079182181972777
2.0623742320633527
2.0369132349423893
2.0060471692072257
1.9740240429429305
1.9420111028846698
1.9059846990004647
1.8655264335042447
1.8306896266995851
1.8037491163347488
1.7605439174324855
1.6828599376071138
1.599011361435518
1.5079515961777652
1.3660692374752506
1.2157878295709486
1.0805843758031917
0.9221992380525892
0.7277108397757216
0.5287652312382751
0.35005775345690093
0.2247139090880617
0.14232555082128073
0.09364538497838575
0.06603742687547387
0.049863693746637426
