2.6061500181550317
2.1722968979800568
2.259105267226162
2.145558943172349
2.2705275642185674
2.219434274977272
2.031166095153826
2.1197327307207727
2.0334689338896386
2.1768820131839655
2.1053668577148996
1.965637606461622
2.0708245345704843
2.0238249554704875
2.256341024003737
1.986877870827865
2.126943562463763
2.038080443358741
2.2036663968566996
2.27473845634741
1.8801683625894008
2.267569521035501
1.9567228671990484
2.3023061547274613
2.189237431901613
1.8546496312391767
2.2687751977412387
1.920194009752159
2.2930114848371845
2.000369289641815
1.814993064475391
2.083494774202217
1.8364267741102698
2.170272820764716
1.5793809680220399
1.8467290701910877
1.8213463451606717
1.8226876826638148
1.9089785529830907
1.221164340314898
1.61749608235817
1.4692553248758125
1.728843347230645
0.9639189791738545
1.1388014817543863
0.987524502410853
0.9719924045735822
0.29456440063017564
0.28958951147502576
0.2048696855371577
0.09199267078729807
0.05445854343218837
0.042238858077709926
