0.5348070701516453
0.5374042145501698
0.5326546074129392
0.5294321394777473
0.5272827674731125
0.5258651369684043
0.5249377569729364
0.524334876252644
0.523944974610581
0.5236940032434956
0.5235332282843608
0.5234307726888765
0.5233658786408386
0.5233250767183082
0.5232996539510768
0.5232839913919243
0.5232744774296402
0.5232687996637698
0.5232654845521187
0.5232635987252708
0.52326255555182
0.5232619901074318
0.5232616785342962
0.5232614861659449
0.5232613342634216
0.5232611787716426
0.5232609968223705
0.5232607782163708
0.5232605200952825
0.5232602236481577
0.523259892108778
0.5232595295659715
0.523259140281168
0.523258728318381
0.5232582973632327
0.5232578506534642
0.5232573909726831
0.523256920677738
0.5232564417419033
0.5232559558034545
0.5232554642137894
0.5232549680820684
0.523254468315007
0.5232539656514432
0.5232534606918212
0.5232529539230183
0.5232524457390514
0.523251936458218
0.5232514263372118
0.5232509155826939
0.5232504043607482
0.5232498928045867
0.5232493810208148
0.52324886909452
0.5232483570933955
0.5232478450710825
0.523247333069873
0.5232468211228973
0.5232463092558908
0.5232457974886217
0.5232452858360451
0.5232447743092338
0.523244262916129
0.5232437516621484
0.5232432405506746
0.5232427295834504
0.5232422187608975
0.523241708082373
0.5232411975463775
0.5232406871507216
0.5232401768926611
0.5232396667690052
0.5232391567762055
0.5232386469104249
0.523238137167596
0.5232376275434668
0.5232371180336375
0.5232366086335898
0.5232360993387128
0.5232355901443202
0.5232350810456676
0.5232345720379645
0.523234063116384
0.5232335542760721
0.5232330455121533
0.5232325368197359
0.5232320281939173
0.523231519629786
0.5232310111224258
0.5232305026669165
0.5232299942583373
0.5232294858917667
0.5232289775622847
0.5232284692649731
0.5232279609949169
0.5232274527472041
0.5232269445169261
0.5232264362991792
0.5232259280890638
0.5232254198816847
0.5232249116721518
0.5232244034555799
0.5232238952270883
0.5232233869818026
0.5232228787148516
0.5232223704213713
0.5232218620965015
0.5232213537353875
0.5232208453331799
0.5232203368850341
0.5232198283861109
0.5232193198315761
0.5232188112166004
0.5232183025363597
0.5232177937860347
0.5232172849608111
0.5232167760558794
0.5232162670664351
0.5232157579876786
0.5232152488148145
0.5232147395430529
0.5232142301676079
0.5232137206836988
0.5232132110865487
0.5232127013713861
0.5232121915334436
0.5232116815679582
0.5232111714701712
0.5232106612353287
0.5232101508586806
0.5232096403354815
0.5232091296609895
0.5232086188304679
0.523208107839183
0.5232075966824066
0.5232070853554129
0.5232065738534812
0.5232060621718944
0.5232055503059392
0.5232050382509063
0.5232045260020901
0.5232040135547886
0.5232035009043043
0.5232029880459423
0.5232024749750118
0.5232019616868255
0.5232014481766997
0.5232009344399544
0.5232004204719124
0.5231999062679006
0.5231993918232487
0.5231988771332899
0.5231983621933608
0.523197846998801
0.5231973315449533
0.5231968158271634
0.5231962998407806
0.5231957835811568
0.523195267043647
0.5231947502236092
0.523194233116404
0.5231937157173954
0.5231931980219493
0.5231926800254355
0.5231921617232255
0.5231916431106938
0.5231911241832179
0.5231906049361774
0.5231900853649545
0.5231895654649341
0.523189045231503
0.523188524660051
0.5231880037459702
0.5231874824846545
0.5231869608715004
0.5231864389019066
0.523185916571274
0.5231853938750055
0.5231848708085061
0.5231843473671826
0.5231838235464447
0.5231832993417023
0.5231827747483693
0.5231822497618597
0.5231817243775906
0.5231811985909796
0.5231806723974469
0.5231801457924148
0.5231796187713055
0.5231790913295444
0.5231785634625579
0.5231780351657738
0.5231775064346214
0.5231769772645313
0.5231764476509357
0.5231759175892681
0.5231753870749627
0.5231748561034559
0.5231743246701843
0.5231737927705863
0.5231732604001011
0.5231727275541691
0.5231721942282314
0.5231716604177302
0.5231711261181088
0.5231705913248114
0.5231700560332824
0.5231695202389676
0.5231689839373135
0.5231684471237668
0.5231679097937755
0.5231673719427875
0.5231668335662519
0.5231662946596177
0.5231657552183351
0.5231652152378539
0.5231646747136248
0.5231641336410986
0.5231635920157265
0.5231630498329599
0.5231625070882504
0.5231619637770498
0.52316141989481
0.5231608754369826
0.5231603303990198
0.5231597847763734
0.5231592385644951
0.5231586917588367
0.5231581443548499
0.5231575963479854
0.5231570477336948
0.5231564985074288
0.5231559486646378
0.5231553982007717
0.5231548471112802
0.5231542953916122
0.5231537430372166
0.5231531900435414
0.5231526364060337
0.5231520821201404
0.5231515271813078
0.5231509715849807
0.5231504153266041
0.5231498584016214
0.5231493008054756
0.5231487425336082
0.5231481835814604
0.5231476239444721
0.5231470636180819
0.5231465025977277
0.5231459408788458
0.5231453784568718
0.5231448153272398
0.5231442514853823
0.5231436869267313
0.5231431216467166
0.5231425556407671
0.5231419889043097
0.5231414214327705
0.5231408532215732
0.5231402842661409
0.5231397145618941
0.5231391441042522
0.5231385728886326
0.5231380009104512
0.5231374281651213
0.5231368546480556
0.5231362803546636
0.5231357052803539
0.5231351294205322
0.5231345527706027
0.5231339753259672
0.5231333970820256
0.5231328180341756
0.5231322381778123
0.5231316575083288
0.5231310760211161
0.5231304937115623
0.5231299105750535
0.523129326606973
0.523128741802702
0.5231281561576187
0.5231275696670987
0.5231269823265157
0.5231263941312397
0.5231258050766386
0.5231252151580774
0.5231246243709181
0.5231240327105199
0.5231234401722387
0.5231228467514285
0.523122252443439
0.5231216572436178
0.5231210611473087
0.523120464149853
0.5231198662465881
0.5231192674328489
0.5231186677039661
0.523118067055268
0.5231174654820787
0.5231168629797194
0.5231162595435077
0.5231156551687575
0.5231150498507793
0.5231144435848798
0.5231138363663623
0.5231132281905263
0.5231126190526671
0.5231120089480767
0.5231113978720434
0.5231107858198509
0.5231101727867795
0.5231095587681055
0.5231089437591006
0.5231083277550328
0.5231077107511664
0.5231070927427607
0.5231064737250712
0.523105853693349
0.5231052326428411
0.5231046105687898
0.5231039874664332
0.5231033633310044
0.5231027381577328
0.5231021119418429
0.5231014846785542
0.5231008563630822
0.5231002269906374
0.523099596556425
0.5230989650556462
0.523098332483497
0.5230976988351683
0.5230970641058463
0.5230964282907125
0.5230957913849427
0.5230951533837078
0.5230945142821738
0.5230938740755013
0.5230932327588458
0.5230925903273572
0.5230919467761804
0.5230913021004546
0.5230906562953141
0.523090009355887
0.5230893612772964
0.5230887120546595
0.5230880616830877
0.5230874101576877
0.5230867574735589
0.5230861036257963
0.5230854486094885
0.523084792419718
0.5230841350515615
0.5230834765000902
0.5230828167603687
0.5230821558274555
0.5230814936964037
0.523080830362259
0.5230801658200619
0.5230795000648463
0.5230788330916394
0.5230781648954627
0.5230774954713305
0.5230768248142512
0.5230761529192266
0.5230754797812516
0.5230748053953147
0.5230741297563974
0.523073452859475
0.5230727746995157
0.5230720952714807
0.5230714145703245
0.5230707325909947
0.5230700493284316
0.5230693647775688
0.5230686789333329
0.5230679917906427
0.5230673033444104
0.5230666135895408
0.5230659225209312
0.5230652301334718
0.5230645364220452
0.5230638413815266
0.5230631450067836
0.5230624472926764
0.5230617482340576
0.5230610478257717
0.5230603460626561
0.5230596429395398
0.5230589384512444
0.5230582325925834
0.5230575253583626
0.5230568167433794
0.5230561067424238
0.5230553953502767
0.5230546825617118
0.5230539683714941
0.5230532527743805
0.5230525357651196
0.5230518173384514
0.5230510974891076
0.5230503762118118
0.5230496535012785
0.5230489293522139
0.5230482037593155
0.5230474767172719
0.5230467482207632
0.5230460182644611
0.5230452868430274
0.5230445539511159
0.5230438195833709
0.5230430837344279
0.5230423463989133
0.5230416075714445
0.5230408672466291
0.5230401254190664
0.5230393820833457
0.5230386372340469
0.5230378908657408
0.5230371429729889
0.5230363935503426
0.5230356425923441
0.5230348900935258
0.5230341360484104
0.5230333804515112
0.523032623297331
0.5230318645803633
0.5230311042950915
0.5230303424359888
0.5230295789975187
0.5230288139741344
0.5230280473602787
0.5230272791503849
0.5230265093388754
0.5230257379201624
0.5230249648886477
0.5230241902387227
0.5230234139647683
0.5230226360611546
0.5230218565222416
0.5230210753423781
0.5230202925159023
0.5230195080371416
0.5230187219004129
0.5230179341000213
0.5230171446302617
0.5230163534854176
0.5230155606597617
0.523014766147555
0.523013969943048
0.5230131720404789
0.5230123724340758
0.5230115711180541
0.5230107680866188
0.5230099633339628
0.5230091568542674
0.5230083486417028
0.5230075386904265
0.5230067269945851
0.5230059135483129
0.5230050983457326
0.5230042813809548
0.5230034626480776
0.523002642141188
0.52300181985436
0.5230009957816555
0.5230001699171247
0.5229993422548047
0.5229985127887208
0.5229976815128855
0.5229968484212988
0.522996013507948
0.5229951767668082
0.5229943381918412
0.5229934977769963
0.5229926555162099
0.5229918114034057
0.5229909654324939
0.5229901175973719
0.5229892678919243
0.522988416310022
0.5229875628455233
0.5229867074922723
0.5229858502441003
0.5229849910948252
0.5229841300382513
0.5229832670681691
0.5229824021783558
0.5229815353625744
0.5229806666145747
0.5229797959280922
0.5229789232968488
0.5229780487145523
0.5229771721748961
0.5229762936715605
0.5229754131982103
0.5229745307484966
0.5229736463160568
0.5229727598945131
0.5229718714774731
0.5229709810585308
0.5229700886312648
0.5229691941892393
0.5229682977260037
0.5229673992350928
0.5229664987100261
0.5229655961443087
0.5229646915314299
0.5229637848648648
0.522962876138073
0.5229619653444983
0.5229610524775699
0.5229601375307014
0.522959220497291
0.5229583013707213
0.5229573801443592
0.5229564568115559
0.5229555313656473
0.5229546037999532
0.5229536741077774
0.5229527422824075
0.522951808317116
0.5229508722051582
0.5229499339397738
0.5229489935141864
0.5229480509216029
0.5229471061552137
0.5229461592081932
0.5229452100736987
0.5229442587448712
0.522943305214835
0.5229423494766975
0.5229413915235491
0.5229404313484636
0.5229394689444977
0.5229385043046906
0.522937537422065
0.5229365682896255
0.5229355969003605
0.5229346232472399
0.5229336473232167
0.5229326691212264
0.5229316886341863
0.5229307058549966
0.5229297207765395
0.5229287333916791
0.522927743693262
0.5229267516741163
0.5229257573270522
0.5229247606448617
0.5229237616203184
0.5229227602461777
0.5229217565151764
0.522920750420033
0.5229197419534474
0.5229187311081004
0.5229177178766545
0.5229167022517528
0.5229156842260202
0.5229146637920621
0.5229136409424647
0.5229126156697955
0.5229115879666023
0.5229105578254136
0.5229095252387388
0.5229084901990673
0.5229074526988691
0.5229064127305943
0.5229053702866739
0.5229043253595185
0.5229032779415186
0.5229022280250448
0.522901175602448
0.5229001206660582
0.5228990632081856
0.5228980032211197
0.5228969406971298
0.5228958756284645
0.5228948080073516
0.5228937378259984
0.522892665076591
0.5228915897512953
0.5228905118422555
0.5228894313415949
0.5228883482414157
0.5228872625337986
0.5228861742108031
0.5228850832644674
0.5228839896868076
0.5228828934698186
0.5228817946054738
0.5228806930857239
0.5228795889024984
0.5228784820477045
0.5228773725132274
0.5228762602909298
0.5228751453726526
0.5228740277502139
0.5228729074154093
0.5228717843600119
0.5228706585757725
0.5228695300544184
0.5228683987876542
0.5228672647671623
0.5228661279846009
0.5228649884316054
0.5228638460997888
0.5228627009807392
0.5228615530660226
0.5228604023471803
0.5228592488157313
0.5228580924631692
0.5228569332809652
0.5228557712605653
0.5228546063933928
0.5228534386708452
0.5228522680842971
0.5228510946250982
0.5228499182845738
0.5228487390540244
0.5228475569247261
0.5228463718879299
0.5228451839348626
0.5228439930567248
0.5228427992446936
0.5228416024899191
0.5228404027835277
0.5228392001166197
0.5228379944802696
0.5228367858655265
0.5228355742634143
0.5228343596649302
0.5228331420610459
0.5228319214427073
0.5228306978008335
0.5228294711263177
0.5228282414100269
0.5228270086428011
0.5228257728154542
0.522824533918773
0.5228232919435178
0.5228220468804219
0.5228207987201913
0.5228195474535051
0.522818293071015
0.522817035563345
0.5228157749210925
0.5228145111348268
0.5228132441950889
0.5228119740923927
0.5228107008172239
0.5228094243600404
0.5228081447112713
0.522806861861318
0.522805575800553
0.5228042865193204
0.5228029940079362
0.5228016982566868
0.5228003992558298
0.5227990969955947
0.5227977914661808
0.5227964826577584
0.5227951705604688
0.5227938551644233
0.5227925364597044
0.5227912144363637
0.522789889084424
0.5227885603938773
0.522787228354686
0.5227858929567822
0.5227845541900674
0.5227832120444127
0.5227818665096587
0.5227805175756154
0.5227791652320615
0.5227778094687452
0.5227764502753829
0.5227750876416606
0.5227737215572323
0.5227723520117209
0.5227709789947175
0.5227696024957807
0.522768222504439
0.5227668390101872
0.5227654520024885
0.5227640614707739
0.522762667404442
0.5227612697928585
0.5227598686253571
0.5227584638912377
0.5227570555797684
0.5227556436801828
0.5227542281816828
0.5227528090734359
0.5227513863445763
0.5227499599842047
0.5227485299813879
0.5227470963251589
0.5227456590045166
0.5227442180084255
0.5227427733258162
0.5227413249455841
0.522739872856591
0.5227384170476629
0.5227369575075915
0.5227354942251334
0.5227340271890099
0.5227325563879066
0.5227310818104743
0.522729603445328
0.5227281212810465
0.522726635306173
0.5227251455092146
0.5227236518786421
0.5227221544028899
0.5227206530703562
0.522719147869402
0.5227176387883522
0.5227161258154935
0.5227146089390771
0.5227130881473159
0.5227115634283851
0.5227100347704234
0.5227085021615308
0.5227069655897696
0.5227054250431649
0.522703880509702
0.5227023319773295
0.5227007794339563
0.522699222867453
0.5226976622656516
0.5226960976163451
0.5226945289072864
0.5226929561261906
0.5226913792607323
0.5226897982985466
0.522688213227229
0.522686624034335
0.5226850307073798
0.5226834332338383
0.522681831601145
0.5226802257966943
0.5226786158078387
0.5226770016218906
0.5226753832261207
0.5226737606077592
0.5226721337539941
0.5226705026519717
0.5226688672887971
0.522667227651533
0.5226655837271994
0.5226639355027756
0.5226622829651965
0.5226606261013554
0.5226589648981027
0.5226572993422453
0.5226556294205471
0.5226539551197287
0.522652276426467
0.5226505933273954
0.522648905809103
0.5226472138581348
0.522645517460992
0.5226438166041305
0.5226421112739623
0.5226404014568541
0.5226386871391278
0.52263696830706
0.5226352449468814
0.522633517044778
0.5226317845868896
0.5226300475593098
0.5226283059480862
0.5226265597392202
0.5226248089186665
0.5226230534723328
0.5226212933860805
0.5226195286457234
0.5226177592370277
0.522615985145713
0.52261420635745
0.5226124228578626
0.522610634632526
0.522608841666967
0.522607043946664
0.522605241457047
0.5226034341834966
0.5226016221113443
0.5225998052258729
0.5225979835123149
0.5225961569558533
0.5225943255416212
0.5225924892547018
0.5225906480801277
0.5225888020028804
0.5225869510078918
0.5225850950800417
0.5225832342041592
0.5225813683650222
0.5225794975473562
0.5225776217358358
0.5225757409150826
0.5225738550696665
0.5225719641841049
0.522570068242862
0.5225681672303498
0.5225662611309263
0.5225643499288969
0.5225624336085128
0.5225605121539715
0.5225585855494167
0.5225566537789377
0.522554716826569
0.5225527746762906
0.5225508273120276
0.52254887471765
0.5225469168769717
0.5225449537737518
0.522542985391693
0.5225410117144418
0.5225390327255888
0.5225370484086674
0.5225350587471548
0.5225330637244704
0.5225310633239769
0.5225290575289794
0.5225270463227244
0.5225250296884014
0.5225230076091409
0.5225209800680153
0.522518947048038
0.5225169085321633
0.5225148645032861
0.5225128149442424
0.5225107598378078
0.5225086991666981
0.5225066329135689
0.5225045610610147
0.5225024835915701
0.5225004004877081
0.5224983117318405
0.522496217306317
0.5224941171934268
0.5224920113753956
0.5224898998343874
0.5224877825525038
0.5224856595117828
0.5224835306942
0.5224813960816671
0.5224792556560323
0.5224771093990798
0.5224749572925297
0.5224727993180371
0.5224706354571932
0.5224684656915232
0.5224662900024876
0.5224641083714813
0.5224619207798327
0.522459727208805
0.5224575276395939
0.5224553220533292
0.5224531104310733
0.5224508927538216
0.5224486690025012
0.5224464391579722
0.5224442032010261
0.5224419611123858
0.5224397128727061
0.522437458462572
0.5224351978624993
0.5224329310529348
0.5224306580142546
0.522428378726765
0.5224260931707017
0.5224238013262293
0.5224215031734418
0.5224191986923614
0.5224168878629386
0.5224145706650518
0.5224122470785073
0.5224099170830382
0.5224075806583053
0.5224052377838952
0.5224028884393221
0.5224005326040253
0.5223981702573701
0.5223958013786475
0.5223934259470733
0.5223910439417879
0.522388655341857
0.5223862601262695
0.5223838582739389
0.5223814497637014
0.5223790345743168
0.5223766126844679
0.5223741840727598
0.5223717487177193
0.5223693065977959
0.5223668576913602
0.5223644019767033
0.5223619394320381
0.5223594700354975
0.5223569937651342
0.5223545105989215
0.5223520205147513
0.5223495234904347
0.5223470195037023
0.5223445085322018
0.5223419905535002
0.5223394655450809
0.5223369334843458
0.5223343943486127
0.5223318481151168
0.5223292947610089
0.522326734263356
0.5223241665991405
0.5223215917452598
0.5223190096785262
0.5223164203756665
0.5223138238133208
0.5223112199680435
0.5223086088163026
0.5223059903344777
0.5223033644988619
0.5223007312856602
0.5222980906709891
0.5222954426308768
0.5222927871412619
0.5222901241779938
0.5222874537168323
0.522284775733447
0.5222820902034162
0.5222793971022279
0.5222766964052785
0.5222739880878722
0.5222712721252212
0.5222685484924452
0.522265817164571
0.5222630781165313
0.5222603313231655
0.5222575767592186
0.522254814399341
0.5222520442180874
0.5222492661899177
0.5222464802891955
0.522243686490188
0.5222408847670662
0.5222380750939027
0.5222352574446731
0.5222324317932554
0.5222295981134283
0.5222267563788718
0.5222239065631666
0.5222210486397931
0.5222181825821324
0.5222153083634637
0.5222124259569657
0.5222095353357157
0.5222066364726884
0.5222037293407562
0.5222008139126884
0.5221978901611506
0.5221949580587055
0.5221920175778103
0.5221890686908182
0.5221861113699764
0.5221831455874268
0.5221801713152051
0.5221771885252401
0.5221741971893532
0.5221711972792586
0.5221681887665621
0.522165171622761
0.5221621458192435
0.5221591113272877
0.5221560681180621
0.5221530161626249
0.5221499554319224
0.5221468858967904
0.5221438075279513
0.5221407202960159
0.5221376241714818
0.5221345191247323
0.5221314051260376
0.5221282821455528
0.5221251501533177
0.5221220091192568
0.5221188590131781
0.5221156998047733
0.5221125314636165
0.5221093539591641
0.5221061672607545
0.5221029713376072
0.5220997661588223
0.5220965516933798
0.5220933279101396
0.5220900947778405
0.5220868522650998
0.522083600340413
0.5220803389721524
0.5220770681285675
0.5220737877777842
0.5220704978878038
0.5220671984265031
0.5220638893616327
0.5220605706608186
0.5220572422915589
0.5220539042212252
0.5220505564170614
0.5220471988461829
0.5220438314755764
0.5220404542720991
0.5220370672024783
0.52203367023331
0.5220302633310598
0.5220268464620611
0.5220234195925151
0.5220199826884893
0.5220165357159184
0.5220130786406025
0.5220096114282067
0.5220061340442606
0.522002646454158
0.5219991486231558
0.5219956405163737
0.5219921220987931
0.5219885933352568
0.5219850541904691
0.5219815046289936
0.5219779446152535
0.5219743741135311
0.5219707930879671
0.5219672015025588
0.5219635993211617
0.5219599865074864
0.5219563630250998
0.521952728837423
0.5219490839077322
0.5219454281991565
0.521941761674678
0.5219380842971313
0.5219343960292024
0.521930696833428
0.521926986672195
0.5219232655077402
0.5219195333021486
0.5219157900173534
0.5219120356151352
0.521908270057122
0.5219044933047864
0.5219007053194473
0.5218969060622678
0.5218930954942547
0.5218892735762583
0.5218854402689708
0.5218815955329261
0.5218777393284995
0.5218738716159057
0.5218699923551995
0.5218661015062741
0.5218621990288606
0.5218582848825273
0.5218543590266789
0.5218504214205558
0.5218464720232334
0.521842510793621
0.5218385376904612
0.52183455267233
0.5218305556976339
0.5218265467246116
0.5218225257113311
0.5218184926156905
0.5218144473954158
0.5218103900080623
0.5218063204110105
0.5218022385614682
0.5217981444164689
0.5217940379328696
0.5217899190673522
0.5217857877764206
0.5217816440164018
0.5217774877434433
0.5217733189135134
0.5217691374824
0.5217649434057097
0.521760736638867
0.521756517137114
0.5217522848555082
0.5217480397489226
0.5217437817720453
0.5217395108793774
0.5217352270252331
0.521730930163738
0.5217266202488294
0.5217222972342537
0.5217179610735674
0.5217136117201349
0.5217092491271277
0.5217048732475245
0.5217004840341088
0.5216960814394693
0.5216916654159981
0.5216872359158902
0.5216827928911426
0.5216783362935529
0.5216738660747191
0.5216693821860381
0.5216648845787046
0.521660373203711
0.5216558480118455
0.5216513089536914
0.5216467559796266
0.5216421890398222
0.5216376080842413
0.521633013062639
0.5216284039245596
0.521623780619338
0.5216191430960962
0.5216144913037448
0.5216098251909796
0.5216051447062822
0.5216004497979186
0.5215957404139377
0.5215910165021708
0.5215862780102307
0.5215815248855097
0.5215767570751796
0.5215719745261904
0.5215671771852686
0.5215623649989172
0.5215575379134136
0.5215526958748091
0.5215478388289281
0.5215429667213659
0.521538079497489
0.5215331771024332
0.5215282594811022
0.5215233265781676
0.5215183783380666
0.5215134147050015
0.5215084356229389
0.5215034410356075
0.5214984308864983
0.521493405118862
0.5214883636757096
0.5214833064998092
0.5214782335336869
0.521473144719624
0.5214680399996571
0.5214629193155752
0.5214577826089212
0.5214526298209878
0.5214474608928181
0.5214422757652043
0.5214370743786859
0.5214318566735483
0.521426622589823
0.521421372067284
0.5214161050454496
0.5214108214635782
0.521405521260669
0.5214002043754598
0.5213948707464264
0.5213895203117812
0.5213841530094709
0.5213787687771767
0.5213733675523125
0.5213679492720233
0.521362513873184
0.5213570612923981
0.521351591465997
0.5213461043300376
0.5213405998203019
0.5213350778722953
0.5213295384212454
0.5213239814021003
0.5213184067495276
0.5213128143979131
0.5213072042813591
0.5213015763336832
0.5212959304884173
0.5212902666788054
0.5212845848378032
0.5212788848980756
0.5212731667919962
0.5212674304516458
0.5212616758088103
0.5212559027949798
0.5212501113413475
0.5212443013788073
0.5212384728379533
0.5212326256490779
0.5212267597421701
0.5212208750469147
0.5212149714926905
0.5212090490085681
0.5212031075233099
0.5211971469653673
0.5211911672628797
0.5211851683436732
0.5211791501352587
0.5211731125648302
0.5211670555592645
0.5211609790451174
0.5211548829486243
0.5211487671956979
0.5211426317119263
0.5211364764225719
0.5211303012525691
0.5211241061265235
0.5211178909687101
0.5211116557030714
0.5211054002532163
0.5210991245424178
0.5210928284936118
0.5210865120293956
0.5210801750720258
0.521073817543417
0.5210674393651398
0.5210610404584197
0.5210546207441349
0.5210481801428147
0.521041718574638
0.5210352359594315
0.5210287322166677
0.5210222072654636
0.5210156610245789
0.5210090934124141
0.5210025043470089
0.5209958937460399
0.5209892615268201
0.5209826076062954
0.5209759319010446
0.5209692343272762
0.5209625148008271
0.520955773237161
0.5209490095513666
0.5209422236581553
0.5209354154718597
0.5209285849064318
0.5209217318754411
0.5209148562920722
0.5209079580691238
0.5209010371190068
0.5208940933537411
0.5208871266849554
0.5208801370238839
0.520873124281366
0.5208660883678421
0.520859029193354
0.5208519466675409
0.5208448406996393
0.5208377111984799
0.5208305580724854
0.5208233812296694
0.5208161805776343
0.5208089560235682
0.5208017074742446
0.5207944348360185
0.5207871380148261
0.5207798169161815
0.520772471445175
0.5207651015064718
0.5207577070043087
0.5207502878424926
0.5207428439243986
0.5207353751529679
0.5207278814307047
0.5207203626596755
0.5207128187415063
0.5207052495773801
0.5206976550680354
0.5206900351137634
0.5206823896144066
0.5206747184693559
0.5206670215775484
0.5206592988374662
0.520651550147133
0.520643775404112
0.5206359745055047
0.5206281473479474
0.5206202938276093
0.5206124138401909
0.520604507280921
0.5205965740445548
0.5205886140253708
0.5205806271171696
0.5205726132132711
0.5205645722065118
0.5205565039892431
0.5205484084533284
0.5205402854901409
0.5205321349905614
0.5205239568449758
0.5205157509432727
0.5205075171748407
0.5204992554285663
0.5204909655928317
0.5204826475555117
0.5204743012039714
0.5204659264250644
0.5204575231051297
0.5204490911299893
0.5204406303849451
0.5204321407547781
0.5204236221237438
0.5204150743755711
0.5204064973934592
0.5203978910600753
0.5203892552575514
0.5203805898674824
0.5203718947709233
0.5203631698483863
0.5203544149798386
0.5203456300446996
0.520336814921838
0.5203279694895699
0.5203190936256549
0.5203101872072943
0.5203012501111285
0.5202922822132336
0.5202832833891196
0.5202742535137267
0.5202651924614231
0.5202561001060025
0.5202469763206804
0.5202378209780923
0.5202286339502906
0.5202194151087411
0.5202101643243214
0.5202008814673174
0.5201915664074201
0.5201822190137235
0.5201728391547213
0.5201634266983041
0.5201539815117562
0.5201445034617536
0.5201349924143601
0.5201254482350248
0.5201158707885793
0.5201062599392343
0.520096615550577
0.520086937485568
0.5200772256065381
0.520067479775186
0.5200576998525742
0.5200478856991271
0.5200380371746267
0.5200281541382112
0.5200182364483701
0.5200082839629423
0.5199982965391129
0.5199882740334094
0.5199782163016996
0.5199681231991873
0.5199579945804107
0.5199478302992372
0.519937630208862
0.5199273941618041
0.5199171220099031
0.5199068136043167
0.5198964687955158
0.5198860874332834
0.5198756693667097
0.5198652144441895
0.5198547225134192
0.5198441934213931
0.5198336270143994
0.5198230231380186
0.5198123816371187
0.5198017023558523
0.5197909851376535
0.5197802298252342
0.519769436260581
0.5197586042849511
0.5197477337388704
0.5197368244621279
0.5197258762937743
0.519714889072117
0.5197038626347185
0.5196927968183904
0.5196816914591921
0.519670546392426
0.5196593614526349
0.5196481364735974
0.5196368712883255
0.5196255657290603
0.5196142196272681
0.5196028328136384
0.5195914051180784
0.5195799363697106
0.5195684263968684
0.5195568750270934
0.519545282087131
0.5195336474029265
0.5195219707996226
0.5195102521015545
0.5194984911322467
0.5194866877144094
0.5194748416699347
0.5194629528198926
0.5194510209845273
0.519439045983254
0.5194270276346541
0.5194149657564723
0.5194028601656124
0.5193907106781339
0.5193785171092473
0.5193662792733107
0.5193539969838263
0.5193416700534367
0.5193292982939193
0.5193168815161846
0.5193044195302713
0.5192919121453419
0.5192793591696798
0.5192667604106844
0.519254115674868
0.519241424767851
0.5192286874943585
0.519215903658216
0.5192030730623455
0.5191901955087614
0.519177270798567
0.5191642987319494
0.5191512791081764
0.5191382117255915
0.5191250963816112
0.5191119328727196
0.5190987209944646
0.5190854605414543
0.5190721513073522
0.5190587930848738
0.5190453856657816
0.5190319288408815
0.5190184224000182
0.5190048661320721
0.5189912598249531
0.5189776032655987
0.5189638962399676
0.5189501385330377
0.5189363299287995
0.5189224702102535
0.5189085591594057
0.5188945965572627
0.5188805821838277
0.5188665158180968
0.5188523972380535
0.5188382262206657
0.51882400254188
0.5188097259766188
0.5187953962987746
0.5187810132812067
0.5187665766957362
0.518752086313142
0.5187375419031557
0.5187229432344586
0.5187082900746757
0.518693582190372
0.5186788193470486
0.5186640013091374
0.5186491278399967
0.5186341987019081
0.5186192136560697
0.5186041724625935
0.5185890748805005
0.5185739206677158
0.5185587095810643
0.5185434413762666
0.5185281158079337
0.518512732629563
0.5184972915935341
0.5184817924511033
0.5184662349524002
0.518450618846422
0.5184349438810301
0.5184192098029444
0.5184034163577399
0.5183875632898409
0.5183716503425176
0.5183556772578806
0.518339643776877
0.5183235496392851
0.5183073945837104
0.5182911783475811
0.5182749006671423
0.5182585612774533
0.5182421599123812
0.5182256963045971
0.5182091701855718
0.5181925812855702
0.518175929333648
0.5181592140576452
0.5181424351841836
0.5181255924386601
0.5181086855452439
0.5180917142268706
0.5180746782052381
0.5180575772008015
0.5180404109327691
0.5180231791190971
0.5180058814764854
0.5179885177203727
0.5179710875649319
0.5179535907230652
0.5179360269064003
0.5179183958252845
0.5179006971887812
0.517882930704664
0.5178650960794134
0.5178471930182112
0.5178292212249362
0.5178111804021593
0.5177930702511395
0.5177748904718182
0.5177566407628155
0.5177383208214247
0.5177199303436092
0.5177014690239956
0.517682936555871
0.5176643326311773
0.5176456569405075
0.5176269091730996
0.5176080890168335
0.517589196158226
0.5175702302824251
0.5175511910732075
0.5175320782129718
0.5175128913827352
0.5174936302621288
0.5174742945293929
0.5174548838613723
0.517435397933512
0.5174158364198522
0.5173961989930245
0.5173764853242468
0.5173566950833192
0.5173368279386189
0.5173168835570963
0.5172968616042702
0.5172767617442235
0.517256583639599
0.517236326951594
0.5172159913399572
0.5171955764629828
0.5171750819775078
0.5171545075389061
0.5171338528010849
0.5171131174164805
0.5170923010360529
0.5170714033092829
0.5170504238841669
0.5170293624072129
0.5170082185234359
0.5169869918763541
0.5169656821079847
0.5169442888588388
0.5169228117679183
0.5169012504727114
0.5168796046091877
0.5168578738117954
0.5168360577134558
0.5168141559455603
0.5167921681379657
0.5167700939189905
0.5167479329154108
0.5167256847524557
0.5167033490538042
0.5166809254415812
0.5166584135363526
0.5166358129571226
0.5166131233213294
0.5165903442448403
0.5165674753419504
0.5165445162253757
0.516521466506252
0.5164983257941297
0.5164750936969701
0.5164517698211428
0.5164283537714209
0.5164048451509782
0.5163812435613848
0.5163575486026046
0.516333759872991
0.5163098769692838
0.5162858994866054
0.516261827018458
0.5162376591567195
0.5162133954916411
0.5161890356118433
0.5161645791043121
0.516140025554398
0.5161153745458098
0.5160906256606144
0.5160657784792311
0.5160408325804307
0.5160157875413312
0.5159906429373952
0.515965398342427
0.5159400533285701
0.5159146074663034
0.5158890603244393
0.515863411470121
0.5158376604688188
0.5158118068843285
0.5157858502787687
0.5157597902125773
0.5157336262445104
0.5157073579316387
0.5156809848293458
0.5156545064913253
0.5156279224695791
0.5156012323144147
0.5155744355744432
0.5155475317965774
0.5155205205260289
0.5154934013063073
0.5154661736792172
0.5154388371848567
0.5154113913616157
0.5153838357461741
0.5153561698734992
0.5153283932768457
0.5153005054877524
0.5152725060360417
0.5152443944498178
0.5152161702554654
0.5151878329776478
0.5151593821393065
0.5151308172616593
0.5151021378641993
0.515073343464694
0.5150444335791843
0.5150154077219828
0.5149862654056739
0.5149570061411126
0.5149276294374235
0.5148981348020003
0.5148685217405055
0.5148387897568694
0.5148089383532899
0.5147789670302317
0.5147488752864271
0.5147186626188743
0.5146883285228384
0.5146578724918505
0.5146272940177081
0.5145965925904754
0.514565767698483
0.5145348188283283
0.5145037454648761
0.5144725470912581
0.5144412231888748
0.5144097732373943
0.514378196714755
0.5143464930971646
0.5143146618591015
0.5142827024733159
0.5142506144108306
0.5142183971409422
0.5141860501312219
0.5141535728475171
0.5141209647539531
0.514088225312933
0.5140553539851411
0.5140223502295439
0.5139892135033907
0.5139559432622167
0.5139225389598445
0.513889000048386
0.5138553259782445
0.5138215161981166
0.5137875701549948
0.5137534872941698
0.5137192670592331
0.5136849088920787
0.5136504122329074
0.5136157765202275
0.513581001190859
0.5135460856799366
0.5135110294209118
0.5134758318455567
0.5134404923839673
0.5134050104645662
0.5133693855141073
0.5133336169576777
0.5132977042187024
0.5132616467189475
0.5132254438785253
0.5131890951158964
0.5131525998478749
0.5131159574896325
0.5130791674547021
0.513042229154983
0.5130051420007453
0.5129679054006335
0.5129305187616725
0.5128929814892711
0.5128552929872283
0.5128174526577371
0.5127794599013902
0.5127413141171852
0.5127030147025295
0.5126645610532464
0.5126259525635803
0.5125871886262022
0.5125482686322154
0.512509191971162
0.5124699580310279
0.5124305661982502
0.5123910158577218
0.5123513063927991
0.5123114371853077
0.5122714076155487
0.512231217062306
0.5121908649028524
0.5121503505129573
0.5121096732668924
0.5120688325374401
0.5120278276958993
0.5119866581120939
0.5119453231543799
0.5119038221896518
0.5118621545833519
0.5118203196994768
0.5117783169005856
0.511736145547808
0.5116938050008517
0.5116512946180114
0.5116086137561766
0.5115657617708395
0.5115227380161043
0.5114795418446954
0.5114361726079657
0.5113926296559058
0.5113489123371531
0.5113050199989997
0.5112609519874028
0.5112167076469931
0.5111722863210842
0.5111276873516818
0.5110829100794936
0.5110379538439386
0.5109928179831569
0.5109475018340195
0.5109020047321376
0.5108563260118737
0.5108104650063504
0.5107644210474613
0.5107181934658813
0.5106717815910766
0.5106251847513154
0.5105784022736777
0.5105314334840674
0.5104842777072212
0.510436934266721
0.5103894024850038
0.5103416816833728
0.5102937711820088
0.5102456702999806
0.5101973783552576
0.5101488946647195
0.5101002185441685
0.510051349308341
0.5100022862709181
0.5099530287445386
0.5099035760408093
0.5098539274703179
0.509804082342644
0.5097540399663714
0.5097037996491001
0.5096533606974583
0.5096027224171136
0.5095518841127873
0.5095008450882642
0.5094496046464065
0.5093981620891652
0.5093465167175935
0.5092946678318583
0.5092426147312531
0.5091903567142104
0.5091378930783151
0.5090852231203159
0.5090323461361388
0.5089792614208996
0.5089259682689172
0.5088724659737258
0.5088187538280878
0.5087648311240074
0.5087106971527425
0.508656351204819
0.5086017925700426
0.5085470205375126
0.5084920343956343
0.5084368334321331
0.508381416934067
0.5083257841878395
0.508269934479213
0.5082138670933226
0.5081575813146886
0.5081010764272296
0.5080443517142761
0.5079874064585835
0.5079302399423462
0.5078728514472091
0.5078152402542825
0.5077574056441547
0.507699346896905
0.5076410632921171
0.5075825541088926
0.5075238186258643
0.5074648561212085
0.507405665872659
0.5073462471575205
0.5072865992526809
0.5072267214346253
0.5071666129794481
0.507106273162867
0.5070457012602358
0.5069848965465569
0.5069238582964957
0.5068625857843913
0.5068010782842716
0.506739335069865
0.5066773554146136
0.5066151385916856
0.5065526838739886
0.506489990534182
0.5064270578446896
0.506363885077712
0.5063004715052398
0.5062368163990654
0.5061729190307953
0.5061087786718633
0.506044394593542
0.5059797660669554
0.5059148923630902
0.5058497727528095
0.5057844065068633
0.505718792895901
0.5056529311904829
0.5055868206610928
0.5055204605781485
0.5054538502120143
0.5053869888330116
0.5053198757114316
0.5052525101175455
0.5051848913216157
0.5051170185939078
0.5050488912047008
0.5049805084242982
0.5049118695230395
0.5048429737713096
0.5047738204395505
0.5047044087982717
0.5046347381180601
0.5045648076695903
0.5044946167236357
0.5044241645510769
0.5043534504229136
0.5042824736102727
0.5042112333844192
0.5041397290167653
0.5040679597788797
0.5039959249424975
0.5039236237795287
0.5038510555620682
0.503778219562404
0.5037051150530263
0.5036317413066365
0.5035580975961553
0.5034841831947316
0.5034099973757508
0.5033355394128431
0.5032608085798906
0.5031858041510369
0.5031105254006933
0.5030349716035483
0.5029591420345731
0.5028830359690306
0.5028066526824817
0.5027299914507932
0.5026530515501446
0.5025758322570348
0.5024983328482888
0.5024205526010647
0.5023424907928601
0.5022641467015178
0.5021855196052333
0.5021066087825599
0.5020274135124146
0.5019479330740853
0.5018681667472342
0.5017881138119061
0.5017077735485312
0.501627145237933
0.501546228161331
0.5014650216003478
0.5013835248370129
0.5013017371537682
0.5012196578334723
0.5011372861594054
0.5010546214152736
0.5009716628852131
0.5008884098537949
0.500804861606029
0.5007210174273681
0.5006368766037113
0.5005524384214083
0.5004677021672639
0.5003826671285403
0.5002973325929614
0.5002116978487159
0.5001257621844613
0.5000395248893261
0.4999529852529143
0.4998661425653075
0.4997789961170681
0.49969154519924297
0.4996037891033652
0.49951572712145825
0.49942735854603704
0.4993386826701126
0.4992496987871931
0.4991604061912871
0.49907080417690586
0.49898089203906654
0.49889066907329377
0.49880013457562244
0.4987092878425996
0.49861812817128826
0.49852665485926756
0.49843486720463737
0.49834276450601844
0.4982503460625563
0.49815761117392293
0.4980645591403189
0.49797118926247586
0.4978775008416591
0.49778349317966897
0.4976891655788446
0.4975945173420648
0.49749954777275185
0.49740425617487277
0.49730864185294243
0.49721270411202617
0.4971164422577417
0.49701985559626294
0.4969229434343212
0.49682570507920953
0.4967281398387845
0.4966302470214693
0.49653202593625756
0.49643347589271547
0.4963345962009858
0.4962353861717908
0.4961358451164358
0.4960359723468134
0.4959357671754058
0.4958352289152903
0.4957343568801422
0.4956331503842394
0.49553160874246693
0.49542973127032064
0.495327517283913
0.49522496609997707
0.49512207703587174
0.4950188494095872
0.49491528253975026
0.4948113757456295
0.49470712834714203
0.49460253966485895
0.49449760902001155
0.4943923357344982
0.49428671913089095
0.4941807585324426
0.49407445326309385
0.4939678026474812
0.4938608060109441
0.4937534626795343
0.4936457719800226
0.4935377332399085
0.4934293457874298
0.49332060895157026
0.49321152206207064
0.4931020844494378
0.4929922954449556
0.4928821543806948
0.49277166058952493
0.4926608134051244
0.4925496121619937
0.49243805619546593
0.49232614484172005
0.4922138774377938
0.49210125332159615
0.49198827183192173
0.49187493230846435
0.49176123409183137
0.4916471765235588
0.49153275894612636
0.4914179807029732
0.4913028411385141
0.4911873395981562
0.4910714754283152
0.49095524797643403
0.49083865659099996
0.4907217006215639
0.4906043794187578
0.4904866923343156
0.4903686387210925
0.49025021793308504
0.49013142932545284
0.49001227225453925
0.4898927460778933
0.4897728501542931
0.48965258384376764
0.48953194650762094
0.4894109375084563
0.4892895562102006
0.4891678019781296
0.4890456741788935
0.48892317218054393
0.48880029535255987
0.4886770430658759
0.48855341469291014
0.4884294096075925
0.48830502718539426
0.48818026680335813
0.48805512784012794
0.48792960967598076
0.4878037116928573
0.4876774332743957
0.48755077380596346
0.48742373267469064
0.48729630926950573
0.48716850298116804
0.4870403132023057
0.4869117393274497
0.4867827807530718
0.48665343687762225
0.4865237071015662
0.4863935908274241
0.4862630874598105
0.4861321964054741
0.48600091707333815
0.48586924887454247
0.48573719122248515
0.4856047435328657
0.4854719052237275
0.48533867571550326
0.48520505443105877
0.4850710407957392
0.48493663423741423
0.48480183418652634
0.484666640076137
0.484531051341976
0.4843950674224893
0.48425868775889036
0.48412191179520864
0.48398473897834177
0.48384716875810707
0.4837092005872939
0.483570833921717
0.48343206822027
0.48329290294498084
0.4831533375610655
0.48301337153698587
0.4828730043445046
0.4827322354587438
0.4825910643582426
0.4824494905250159
0.48230751344461376
0.482165132606182
0.4820223475025224
0.48187915763015493
0.4817355624893796
0.4815915615843396
0.48144715442308483
0.481302340517636
0.48115711938405037
0.48101149054248654
0.48086545351727183
0.48071900783696786
0.4805721530344399
0.4804248886469245
0.48027721421609826
0.48012912928814816
0.4799806334138418
0.4798317261485981
0.47968240705255927
0.4795326756906635
0.47938253163271716
0.47923197445346943
0.4790810037326855
0.47892961905522236
0.47877782001110364
0.4786256061955968
0.4784729772092884
0.47831993265816286
0.4781664721536792
0.4780125953128511
0.47785830175832467
0.47770359111845867
0.47754846302740556
0.47739291712519094
0.47723695305779634
0.47708057047724056
0.47692376904166245
0.4767665484154039
0.4766089082690934
0.47645084827973067
0.47629236813077064
0.4761334675122094
0.4759741461206691
0.47581440365948485
0.47565423983879085
0.4754936543756079
0.4753326469939309
0.4751712174248167
0.47500936540647287
0.4748470906843465
0.47468439301121357
0.4745212721472687
0.4743577278602157
0.4741937599253576
0.4740293681256874
0.473864552251981
0.47369931210288635
0.4735336474850179
0.47336755821304755
0.47320104410979774
0.47303410500633425
0.47286674074206003
0.4726989511648084
0.472530736130937
0.47236209550542163
0.47219302916195105
0.4720235369830222
0.4718536188600331
0.4716832746933797
0.47151250439255077
0.47134130787622247
0.471169685072355
0.47099763591828786
0.4708251603608351
0.4706522583563829
0.47047892987098394
0.47030517488045465
0.4701309933704715
0.469956385336666
0.4697813507847233
0.4696058897304767
0.46943000220000447
0.46925368822972696
0.46907694786650245
0.4688997811677233
0.46872218820141276
0.4685441690463206
0.4683657237920195
0.4681868525390015
0.468007555398773
0.4678278324939511
0.467647683958359
0.4674671099371214
0.46728611058675995
0.46710468607528766
0.4669228365823042
0.4667405622990901
0.466557863428701
0.4663747401860613
0.4661911927980589
0.4660072215036365
0.46582282655388635
0.46563800821214196
0.4654527667540704
0.4652671024677636
0.46508101565383075
0.4648945066254877
0.4647075757086486
0.4645202232420153
0.4643324495771661
0.46414425507864593
0.46395564012405316
0.46376660510412854
0.4635771504228413
0.46338727649747613
0.4631969837587192
0.4630062726507425
0.46281514363128895
0.46262359717175655
0.46243163375728047
0.4622392538868154
0.4620464580732177
0.4618532468433262
0.4616596207380409
0.46146558031240337
0.4612711261356739
0.46107625879140957
0.46088097887754015
0.46068528700644346
0.4604891838050203
0.46029266991476797
0.4600957459918519
0.45989841270717835
0.45970067074646437
0.45950252081030674
0.45930396361425085
0.4591049998888579
0.4589056303797707
0.45870585584777823
0.45850567706888035
0.4583050948343495
0.45810410995079226
0.4579027232402092
0.457700935540054
0.4574987477032907
0.45729616059845
0.45709317510968417
0.4568897921368202
0.4566860125954122
0.4564818374167923
0.4562772675481195
0.4560723039524276
0.4558669476086719
0.455661199511774
0.45545506067266456
0.45524853211832655
0.45504161489183403
0.45483431005239194
0.45462661867537285
0.45441854185235253
0.45421008069114416
0.45400123631582995
0.4537920098667927
0.45358240250074366
0.45337241539075074
0.4531620497262636
0.4529513067131369
0.45274018757365303
0.4525286935465419
0.45231682588699945
0.4521045858667044
0.45189197477383236
0.4516789939130698
0.4514656446056243
0.4512519281892335
0.45103784601817304
0.4508233994632616
0.4506085899118639
0.45039341876789335
0.45017788745180976
0.44996199740061804
0.44974575006786394
0.44952914692362655
0.44931218945451057
0.44909487916363544
0.44887721757062304
0.4486592062115829
0.448440846639095
0.4482221404221922
0.44800308914633813
0.4477836944134048
0.4475639578416477
0.4473438810656779
0.4471234657364335
0.44690271352114785
0.4466816261033157
0.44646020518265733
0.44623845247508176
0.44601636971264486
0.44579395864350874
0.4455712210318958
0.44534815865804334
0.44512477331815403
0.44490106682434505
0.4446770410045948
0.4444526977026872
0.44422803877815464
0.4440030661062178
0.44377778157772374
0.4435521870990801
0.4433262845921922
0.4431000759943898
0.44287356325835964
0.44264674835207085
0.4424196332586995
0.4421922199765518
0.4419645105189831
0.44173650691431754
0.44150821120576217
0.4412796254513218
0.44105075172371005
0.4408215921102583
0.44059214871282276
0.44036242364769024
0.44013241904547956
0.43990213705104275
0.4396715798233641
0.4394407495354543
0.4392096483742474
0.43897827854049065
0.43874664224863524
0.438514741726724
0.4382825792162762
0.4380501569721733
0.437817477262538
0.4375845423686152
0.43735135458464874
0.4371179162177573
0.4368842295878076
0.4366502970272855
0.4364161208811659
0.43618170350677943
0.43594704727367883
0.4357121545635017
0.4354770277698328
0.43524166929806346
0.43500608156524945
0.43477026699996685
0.4345342280421663
0.43429796714302604
0.43406148676480116
0.4338247893806736
0.43358787747459826
0.43335075354114905
0.4331134200853622
0.4328758796225779
0.43263813467828083
0.4324001877879392
0.4321620414968406
0.4319236983599287
0.4316851609416368
0.43144643181571934
0.43120751356508374
0.43096840878161935
0.43072912006602526
0.4304896500276373
0.4302500012842525
0.43001017646195316
0.42977017819492924
0.42953000912529915
0.42928967190293055
0.4290491691852571
0.42880850363709755
0.42856767793047135
0.42832669474441315
0.4280855567647875
0.42784426668410064
0.4276028272013136
0.4273612410216515
0.42711951085641425
0.42687763942278495
0.4266356294436375
0.426393483647344
0.42615120476758056
0.4259087955431323
0.42566625871769825
0.42542359703969523
0.4251808132620596
0.424937910142051
0.42469489044105324
0.42445175692437537
0.42420851236105184
0.4239651595236429
0.42372170118803376
0.42347814013323304
0.4232344791411717
0.42299072099650104
0.4227468684863897
0.4225029244003219
0.4222588915298936
0.42201477266860943
0.4217705706116801
0.42152628815581716
0.42128192809903
0.42103749324042183
0.42079298637998563
0.4205484103184
0.4203037678568247
0.42005906179669705
0.41981429493952727
0.4195694700866949
0.4193245900392448
0.41907965759768395
0.41883467556177667
0.41858964673034277
0.4183445739010535
0.4180994598702299
0.4178543074326393
0.41760911938129347
0.4173638985072482
0.4171186475994006
0.41687336944428927
0.4166280668258942
0.4163827425254359
0.4161373993211783
0.41589203998822855
0.4156466672983399
0.41540128401971443
0.4151558929168067
0.41491049675012737
0.41466509827604925
0.41441970024661223
0.41417430540932987
0.41392891650699815
0.41368353627750243
0.41343816745362666
0.41319281276286496
0.4129474749272319
0.41270215666307475
0.4124568606808869
0.41221158968512195
0.41196634637401003
0.4117211334393725
0.4114759535664414
0.4112308094336774
0.4109857037125898
0.4107406390675586
0.4104956181556554
0.4102506436264691
0.4100057181219294
0.4097608442761339
0.4095160247151761
0.4092712620569736
0.40902655891109996
0.4087819178786147
0.40853734155189864
0.40829283251448745
0.40804839334090837
0.4078040265965178
0.4075597348373411
0.40731552060991255
0.40707138645111857
0.4068273348880413
0.40658336843780407
0.4063394896074193
0.4060957008936364
0.4058520047827926
0.4056084037506649
0.40536490026232475
0.4051214967719925
0.40487819572289435
0.4046349995471231
0.40439191066549646
0.4041489314874213
0.4039060644107573
0.40366331182168186
0.4034206760945599
0.403178159591811
0.402935764663783
0.4026934936486236
0.40245134887215617
0.4022093326477558
0.4019674472762291
0.4017256950456938
0.4014840782314613
0.4012425990959215
0.4010012598884283
0.40076006284518784
0.4005190101891486
0.4002781041298926
0.4000373468635303
0.3997967405725949
0.39955628742594074
0.399315989578642
0.39907584917189487
0.3988358683329203
0.3985960491748693
0.39835639379673
0.39811690428323654
0.3978775827047806
0.39763843111732333
0.3973994515623107
0.3971606460665908
0.39692201664233073
0.3966835652869392
0.39644529398298745
0.3962072046981344
0.3959692993850525
0.39573157998135655
0.395494048409533
0.39525670657687256
0.39501955637540387
0.3947825996818292
0.39454583835746204
0.3943092742481673
0.3940729091843017
0.393836744980658
0.3936007834364096
0.39336502633505754
0.39312947544437987
0.3928941325163817
0.39265899928724807
0.392424077477298
0.3921893687909415
0.39195487491663605
0.39172059752684785
0.3914865382780122
0.39125269881049746
0.39101908074856995
0.390785685700361
0.39055251525783485
0.3903195709967596
0.390086854476679
0.3898543672408863
0.38962211081639925
0.38939008671393777
0.389158296427902
0.38892674143635375
0.38869542320099754
0.38846434316716477
0.3882335027637994
0.3880029034034437
0.38777254648222814
0.38754243337986094
0.3873125654596191
0.3870829440683423
0.38685357053642744
0.3866244461778253
0.38639557229003674
0.3861669501541143
0.3859385810346606
0.3857104661798319
0.3854826068213412
0.38525500417446334
0.38502765943804096
0.38480057379449345
0.3845737484098245
0.38434718443363375
0.3841208829991286
0.38389484522313716
0.38366907220612223
0.38344356503219823
0.3832183247691469
0.38299335246843713
0.38276864916524317
0.38254421587846565
0.3823200536107543
0.3820961633485303
0.3818725460620108
0.38164920270523484
0.38142613421608895
0.38120334151633595
0.38098082551164336
0.3807585870916123
0.3805366271298103
0.3803149464838019
0.3800935459951818
0.3798724264896092
0.37965158877684324
0.37943103365077785
0.37921076188947966
0.37899077425522487
0.37877107149453926
0.37855165433823723
0.3783325235014617
0.37811367968372656
0.3778951235689588
0.37767685582554095
0.37745887710635534
0.3772411880488291
0.37702378927497904
0.3768066813914582
0.37658986498960306
0.3763733406454802
0.3761571089199361
0.37594117035864494
0.3757255254921591
0.3755101748359591
0.37529511889050493
0.3750803581412874
0.37486589305888035
0.37465172409899417
0.3744378517025279
0.3742242762956237
0.37401099828972184
0.3737980180816151
0.3735853360535041
0.37337295257305336
0.37316086799344783
0.3729490826534497
0.37273759687745517
0.37252641097555317
0.37231552524358164
0.37210493996318844
0.3718946554018878
0.371684671813121
0.37147498943631485
0.371265608496942
0.3710565292065816
0.3708477517629786
0.3706392763501045
0.3704311031382193
0.3702232322839317
0.3700156639302612
0.3698083982066981
0.3696014352292674
0.3693947751005896
0.3691884179099427
0.3689823637333248
0.3687766126335165
0.36857116466014345
0.3683660198497387
0.3681611782258055
0.3679566397988808
0.3677524045665967
0.3675484725137449
0.3673448436123389
0.36714151782167637
0.3669384950884037
0.36673577534657764
0.36653335851772884
0.36633124451092486
0.3661294332228328
0.36592792453778245
0.36572671832782894
0.3655258144528158
0.3653252127604365
0.36512491308629863
0.3649249152539852
0.36472521907511696
0.364525824349415
0.36432673086476275
0.3641279383972671
0.3639294467113215
0.36373125555966623
0.36353336468344954
0.36333577381229026
0.36313848266433735
0.36294149094633077
0.36274479835366225
0.3625484045704357
0.36235230926952644
0.36215651211264144
0.3619610127503781
0.3617658108222844
0.3615709059569166
0.3613762977718989
0.3611819858739801
0.3609879698590927
0.36079424931241044
0.36060082380840497
0.360407692910903
0.36021485617314225
0.36002231313782845
0.3598300633371906
0.3596381062930365
0.35944644151680716
0.3592550685096326
0.35906398676238427
0.35887319575573073
0.3586826949601895
0.35849248383618054
0.3583025618340784
0.358112928394265
0.35792358294717996
0.35773452491337293
0.357545753703553
0.35735726871864015
0.3571690693498132
0.35698115497856064
0.3567935249767288
0.3566061787065691
0.356419115520787
0.3562323347625881
0.3560458357657255
0.3558596178545455
0.35567368034403285
0.35548802253985645
0.35530264373841347
0.3551175432268727
0.3549327202832191
0.3547481741762953
0.35456390416584443
0.35437990950255205
0.3541961894280863
0.354012743175139
0.3538295699674658
0.3536466690199243
0.353464039538514
0.3532816807204133
0.3530995917540177
0.3529177718189766
0.3527362200862283
0.3525549357180374
0.3523739178680282
0.35219316568122017
0.3520126782940606
0.35183245483445824
0.35165249442181556
0.35147279616706073
0.3512933591726778
0.35111418253273785
0.35093526533292885
0.350756606650584
0.3505782055547104
0.35040006110601757
0.35022217235694364
0.35004453835168087
0.3498671581262034
0.34969003070829074
0.34951315511755243
0.3493365303654514
0.3491601554553272
0.3489840293824179
0.3488081511338816
0.34863251968881737
0.3484571340182851
0.34828199308532476
0.34810709584497473
0.3479324412442908
0.34775802822236196
0.34758385571032735
0.34740992263139214
0.3472362279008421
0.34706277042605815
0.3468895491065298
0.34671656283386737
0.34654381049181493
0.3463712909562602
0.34619900309524654
0.3460269457689815
0.34585511782984624
0.34568351812240394
0.34551214548340686
0.34534099874180313
0.34517007671874306
0.34499937822758386
0.34482890207389416
0.34465864705545773
0.34448861196227654
0.34431879557657197
0.34414919667278737
0.3439798140175875
0.34381064636985914
0.34364169248070914
0.34347295109346343
0.34330442094366465
0.3431361007590667
0.3429679892596339
0.34280008515753296
0.3426323871571291
0.3424648939549785
0.34229760423982136
0.34213051669257444
0.34196362998632046
0.3417969427863002
0.3416304537499003
0.3414641615266436
0.34129806475817553
0.3411321620782521
0.3409664521127258
0.3408009334795315
0.34063560478867005
0.3404704646421934
0.3403055116341867
0.340140744350751
0.33997616136998476
0.33981176126196383
0.33964754258872215
0.33948350390423
0.3393196437543722
0.33915596067692644
0.33899245320153854
0.3388291198496988
0.3386659591347171
0.33850296956169645
0.3383401496275068
0.33817749782075746
0.3380150126217683
0.3378526925025412
0.3376905359267299
0.3375285413496085
0.33736670721804113
0.3372050319704488
0.33704351403677574
0.3368821518384565
0.3367209437883796
0.33655988829085354
0.33639898374156907
0.336238228527562
0.3360776210271753
0.3359171596100209
0.3357568426369385
0.3355966684599557
0.33543663542224705
0.3352767418580911
0.3351169860928278
0.3349573664428147
0.33479788121538223
0.3346385287087882
0.3344793072121721
0.3343202150055068
0.3341612503595523
0.33400241153580623
0.3338436967864538
0.3336851043543194
0.3335266324728134
0.3333682793658818
0.33321004324795317
0.33305192232388514
0.3328939147889102
0.3327360188285807
0.33257823261871344
0.3324205543253323
0.3322629821046113
0.3321055141028174
0.3319481484562498
0.33179088329118134
0.3316337167237986
0.3314766468601391
0.33131967179603083
0.33116278961702894
0.33100599839835143
0.33084929620481685
0.3306926810907769
0.33053615110005297
0.3303797042658677
0.33022333861077985
0.3300670521466136
0.32991084287439243
0.3297547087842683
0.3295986478554522
0.3294426580561419
0.32928673734345293
0.3291308836633436
0.32897509495054367
0.3288193691284802
0.328663704109203
0.3285080977933097
0.32835254806987046
0.32819705281635064
0.32804160989853415
0.32788621717044625
0.3277308724742741
0.32757557364028833
0.3274203184867636
0.32726510481989723
0.32710993043372955
0.32695479311006104
0.3267996906183711
0.3266446207157344
0.3264895811467383
0.3263345696433981
0.32617958392507296
0.32602462169838
0.3258696806571092
0.32571475848213755
0.3255598528413404
0.3254049613895063
0.325250081768247
0.32509521160591054
0.324940348517491
0.32478549010454005
0.32463063395507674
0.3244757776434962
0.3243209187304798
0.32416605476290283
0.3240111832737431
0.32385630178198893
0.32370140779254536
0.32354649879614183
0.32339157226923776
0.32323662567393086
0.323081656457859
0.3229266620541085
0.3227716398811175
0.3226165873425815
0.32246150182735633
0.3223063807093629
0.32215122134749063
0.3219960210855003
0.321840777251927
0.3216854871599834
0.3215301481074617
0.3213747573766355
0.32121931223416234
0.32106380993098477
0.32090824770223253
0.3207526227671233
0.320596932328864
0.32044117357455176
0.3202853436750744
0.32012943978501174
0.3199734590425358
0.319817398569311
0.3196612554703946
0.31950502683413773
0.3193487097320845
0.31919230121887265
0.3190357983321339
0.31887919809239407
0.31872249750297293
0.3185656935498846
0.3184087832017371
0.31825176340963424
0.31809463110707414
0.31793738320985043
0.31778001661595323
0.3176225282054691
0.3174649148404816
0.31730717336497355
0.31714930060472646
0.31699129336722276
0.31683314844154775
0.31667486259829
0.31651643258944434
0.3163578551483138
0.31619912698941155
0.3160402448083659
0.3158812052818189
0.31572200506733494
0.3155626408033007
0.31540310910883135
0.3152434065836741
0.31508352980811255
0.3149234753428739
0.3147632397290325
0.31460281948791746
0.31444221112101767
0.3142814111098912
0.31412041591607065
0.31395922198097215
0.31379782572580406
0.31363622355147613
0.3134744118385081
0.31331238694694125
0.3131501452162488
0.31298768296524687
0.31282499649200723
0.312662082073769
0.31249893596685324
0.31233555440657557
0.31217193360716167
0.3120080697616622
0.31184395904186857
0.3116795975982306
0.31151498155977275
0.3113501070340135
0.31118497010688306
0.3110195668426435
0.31085389328380986
0.3106879454510706
0.31052171934321005
0.31035521093703117
0.31018841618727855
0.31002133102656443
0.3098539513652925
0.30968627309158536
0.30951829207121034
0.30935000414750846
0.30918140514132286
0.3090124908509284
0.30884325705196236
0.3086736994973563
0.30850381391726794
0.30833359601901494
0.30816304148700846
0.30799214598268987
0.3078209051444654
0.30764931458764466
0.30747736990437685
0.3073050666635924
0.3071324004109409
0.3069593666687332
0.3067859609358831
0.3066121786878505
0.3064380153765858
0.30626346643047464
0.3060885272542835
0.3059131932291084
0.3057374597123208
0.305561322037519
0.30538477551447724
0.30520781542909714
0.30503043704336014
0.30485263559528125
0.30467440629886305
0.3044957443440522
0.30431664489669497
0.3041371030984962
0.3039571140669775
0.30377667289543775
0.30359577465291465
0.30341441438414574
0.30323258710953394
0.30305028782511023
0.30286751150250146
0.3026842530888958
0.30250050750701246
0.3023162696550705
0.3021315344067592
0.3019462966112121
0.30176055109297767
0.3015742926519965
0.3013875160635755
0.3012002160783668
0.301012387422345
0.30082402479678955
0.3006351228782637
0.30044567631859975
0.30025567974488293
0.300065127759437
0.29987401493981386
0.2996823358387799
0.2994900849843101
0.29929725687957864
0.29910384600295425
0.2989098468079968
0.29871525372345353
0.2985200611532616
0.2983242634765478
0.29812785504763395
0.29793083019604205
0.29773318322650255
0.2975349084189647
0.2973360000286094
0.29713645228586294
0.29693625939641616
0.2967354155412427
0.29653391487662245
0.29633175153416524
0.2961289196208402
0.29592541321900534
0.2957212263864417
0.29551635315639013
0.2953107875375901
0.2951045235143236
0.2948975550464621
0.2946898760695155
0.2944814804946859
0.2942723622089257
0.29406251507499825
0.29385193293154255
0.29364060959314414
0.29342853885040787
0.29321571447003575
0.29300213019491145
0.29278777974418524
0.29257265681336925
0.2923567550744336
0.29214006817590954
0.29192258974299845
0.2917043133776853
0.29148523265885906
0.2912653411424382
0.291044632361503
0.29082309982643484
0.2906007370250613
0.29037753742280753
0.2901534944628566
0.2899286015663157
0.2897028521323902
0.2894762395385656
0.2892487571407981
0.28902039827371223
0.28879115625080776
0.28856102436467523
0.28832999588722114
0.28809806406990063
0.2878652221439623
0.2876314633207007
0.28739678079171993
0.28716116772920736
0.2869246172862184
0.2866871225969719
0.28644867677715646
0.2862092729242496
0.28596890411784703
0.2857275634200059
0.2854852438755983
0.28524193851268087
0.28499764034287334
0.2847523423617543
0.28450603754926723
0.284258718870145
0.2840103792743439
0.28376101169749546
0.28351060906137243
0.2832591642743696
0.28300667023200243
0.2827531198174172
0.282498505901924
0.28224282134553946
0.281986058997552
0.2817282116971012
0.2814692722737757
0.2812092335482304
0.28094808833281926
0.28068582943224907
0.2804224496442523
0.2801579417602762
0.2798922985661957
0.27962551284304316
0.27935757736776007
0.2790884849139676
0.2788182282527603
0.27854680015351935
0.27827419338474735
0.27800040071492593
0.27772541491339325
0.27744922875124767
0.2771718350022696
0.27689322644386916
0.2766133958580563
0.276332336032434
0.27605003976121556
0.2757664998462648
0.2754817090981626
0.27519566033729526
0.2749083463949694
0.27461976011454986
0.2743298943526253
0.27403874198019523
0.27374629588388677
0.27345254896719234
0.2731574941517373
0.27286112437857063
0.2725634326094819
0.2722644118283465
0.2719640550424931
0.2716623552841023
0.2713593056116267
0.2710548991112415
0.27074912889831765
0.2704419881189264
0.2701334699513651
0.26982356760771353
0.2695122743354146
0.2691995834188816
0.268885488181134
0.26856998198545584
0.26825305823708445
0.26793471038492206
0.2676149319232756
0.2672937163936213
0.2669710573863958
0.2666469485428114
0.2663213835566983
0.2659943561763724
0.2656658602065244
0.2653358895101386
0.26500443801043216
0.2646714996928203
0.26433706860690515
0.2640011388684865
0.26366370466159833
0.26332476024056456
0.2629842999320806
0.2626423181373131
0.2622988093340242
0.2619537680787148
0.26160718900878815
0.261259066844734
0.26090939639233224
0.2605581725448734
0.26020539028539974
0.2598510446889615
0.2594951309248912
0.25913764425909447
0.25877858005635435
0.25841793378265293
0.2580557010075043
0.2576918774063028
0.2573264587626819
0.25695944097088647
0.25659082003815437
0.2562205920871076
0.2558487533581548
0.2554753002118982
0.2551002291315503
0.25472353672535675
0.25434521972902213
0.25396527500814214
0.25358369956063853
0.25320049051919374
0.25281564515369104
0.2524291608736496
0.25204103523066207
0.25165126592082754
0.2512598507871821
0.25086678782212446
0.25047207516983494
0.2500757111286888
0.24967769415366062
0.24927802285871623
0.24887669601919987
0.24847371257420298
0.24806907162892294
0.2476627724570067
0.24725481450287676
0.246845197384041
0.24643392089338273
0.2460209850014326
0.2456063898586151
0.24519013579747667
0.24477222333488413
0.24435265317420254
0.2439314262074416
0.24350854351737614
0.2430840063796349
0.24265781626475807
0.24222997484022185
0.24180048397242881
0.24136934572866187
0.24093656237900068
0.24050213639819987
0.24006607046752598
0.23962836747655356
0.23918903052491755
0.23874806292402104
0.23830546819869586
0.23786125008881848
0.237415412550873
0.23696795975946744
0.2365188961087949
0.23606822621404416
0.2356159549127541
0.23516208726611287
0.23470662856019928
0.23424958430716503
0.23379096024635865
0.2333307623453864
0.23286899680111098
0.23240567004058774
0.23194078872193288
0.23147435973512892
0.23100639020276031
0.23053688748068046
0.23006585915860997
0.22959331306066394
0.22911925724580676
0.22864370000823347
0.22816664987767876
0.22768811561964958
0.22720810623558269
0.22672663096292395
0.22624369927513283
0.2257593208816056
0.22527350572752086
0.22478626399360435
0.22429760609581356
0.22380754268494113
0.22331608464613595
0.22282324309834234
0.22232902939365476
0.22183345511659136
0.22133653208328263
0.22083827234057452
0.2203386881650493
0.21983779206196044
0.2193355967640825
0.21883211523047635
0.2183273606451677
0.2178213464157436
0.21731408617185938
0.21680559376366415
0.21629588326013788
0.2157849689473476
0.21527286532661388
0.21475958711259818
0.21424514923130128
0.2137295668179815
0.2132128552149888
0.2126950299695149
0.21217610683126348
0.21165610175003646
0.21113503087324195
0.21061291054332065
0.21008975729509272
0.2095655878530286
0.20904041912843851
0.20851426821658958
0.20798715239374438
0.20745908911412703
0.20693009600681586
0.20640019087256195
0.2058693916805404
0.20533771656502875
0.20480518382201957
0.20427181190576552
0.20373761942525848
0.2032026251406461
0.20266684795958537
0.2021303069335349
0.20159302125399017
0.20105501024866004
0.20051629337758659
0.19997689022921372
0.1994368205164019
0.19889610407239305
0.1983547608467276
0.19781281090111422
0.19727027440525613
0.19672717163263473
0.1961835229562519
0.19563934884433526
0.19509466985600593
0.19454950663691256
0.19400387991483403
0.19345781049525015
0.1929113192568862
0.19236442714723306
0.19181715517803977
0.19126952442078826
0.19072155600215027
0.19017327109942267
0.1896246909359528
0.18907583677655
0.18852672992288633
0.18797739170889102
0.18742784349613847
0.18687810666923366
0.18632820263119573
0.18577815279884505
0.18522797859819054
0.18467770145982587
0.1841273428143324
0.18357692408769166
0.18302646669671238
0.18247599204447015
0.18192552151576472
0.18137507647259674
0.18082467824966486
0.18027434814988663
0.17972410743994477
0.1791739773458599
0.17862397904859384
0.17807413367968355
0.177524462316909
0.17697498597999592
0.17642572562635622
0.175876702146867
0.17532793636169072
0.17477944901613818
0.17423126077657558
0.17368339222637885
0.1731358638619346
0.17258869608869057
0.1720419092172585
0.171495523459568
0.17094955892507588
0.17040403561703027
0.16985897342879136
0.16931439214021182
0.16877031141407495
0.1682267507925965
0.16768372969398446
0.16714126740906626
0.16659938309797823
0.16605809578692032
0.16551742436497727
0.16497738758100883
0.16443800404060557
0.1638992922031153
0.16336127037873963
0.1628239567257005
0.16228736924747766
0.16175152579011925
0.16121644403962324
0.16068214151939395
0.1601486355877699
0.15961594343562757
0.15908408208405758
0.15855306838211736
0.15802291900465743
0.15749365045022287
0.15696527903902993
0.15643782091102015
0.15591129202398615
0.15538570815177627
0.15486108488257255
0.1543374376172459
0.15381478156778414
0.15329313175579787
0.15277250301109938
0.152252909970356
0.1517343670758199
0.1512168885741293
0.15070048851518492
0.15018518075109974
0.14967097893522
0.14915789652122038
0.1486459467622699
0.14813514271026784
0.1476254972151537
0.14711702292428314
0.14660973228187552
0.14610363752852898
0.14559875070080458
0.145095083630876
0.14459264794624593
0.1440914550695291
0.14359151621829858
0.1430928424049961
0.14259544443690564
0.14209933291618876
0.14160451823998096
0.14111101060054837
0.14061881998550207
0.14012795617807397
0.13963842875744525
0.13915024709913465
0.1386634203754395
0.1381779575559324
0.13769386740800887
0.1372111584974887
0.13672983918926757
0.1362499176480171
0.13577140183893532
0.13529429952854333
0.1348186182855282
0.13434436548163306
0.13387154829258766
0.13340017369908558
0.13293024848780105
0.13246177925244693
0.13199477239487267
0.13152923412620016
0.1310651704679967
0.1306025872534855
0.13014149012878914
0.12968188455420843
0.12922377580553318
0.12876716897538576
0.12831206897459335
0.12785848053359133
0.12740640820385415
0.12695585635935347
0.1265068291980433
0.12605933074336795
0.12561336484579755
0.12516893518438282
0.12472604526833435
0.12428469843862146
0.12384489786959113
0.12340664657060674
0.12296994738770248
0.12253480300525652
0.12210121594768034
0.12166918858112023
0.12123872311517603
0.12080982160463116
0.12038248595119402
0.11995671790525311
0.11953251906763966
0.11910989089140174
0.11868883468358554
0.11826935160702547
0.11785144268214025
0.11743510878873584
0.11702035066781251
0.11660716892337869
0.11619556402426483
0.11578553630594428
0.11537708597235391
0.11497021309771621
0.114564917628364
0.11416119938456322
0.1137590580623369
0.11335849323528639
0.11295950435641179
0.11256209075993015
0.11216625166308918
0.11177198616797923
0.11137929326333906
0.11098817182635914
0.11059862062447706
0.11021063831716948
0.1098242234577358
0.10943937449507661
0.10905608977546387
0.10867436754430296
0.10829420594788794
0.10791560303514709
0.10753855675937903
0.10716306497998064
0.10678912546416408
0.10641673588866414
0.10604589384143424
0.10567659682333302
0.10530884224979732
0.10494262745250654
0.10457794968103229
0.10421480610447761
0.1038531938131029
0.10349310981994024
0.10313455106239315
0.10277751440382428
0.10242199663512899
0.10206799447629634
0.1017155045779552
0.1013645235229062
0.10101504782764062
0.1006670739438434
0.10032059825988314
0.09997561710228574
0.09963212673719497
0.09929012337181647
0.09894960315584767
0.09861056218289219
0.09827299649185883
0.0979369020683453
0.09760227484600678
0.09726911070790839
0.09693740548786246
0.09660715497174978
0.09627835489882583
0.09595100096301036
0.09562508881416192
0.09530061405933639
0.09497757226402971
0.09465595895340433
0.09433576961350083
0.09401699969243259
0.0936996446015657
0.09338369971668206
0.09306916037912787
0.09275602189694525
0.09244427954598886
0.09213392857102642
0.0918249641868245
0.09151738157921721
0.09121117590616083
0.09090634229877226
0.09060287586235201
0.09030077167739267
0.09000002480057079
0.089700630265725
0.08940258308481766
0.08910587824888304
0.0888105107289593
0.0885164754770061
0.08822376742680738
0.08793238149485995
0.08764231258124713
0.0873535555704975
0.08706610533243052
0.08677995672298694
0.08649510458504524
0.08621154374922473
0.08592926903467381
0.08564827524984514
0.08536855719325705
0.0850901096542413
0.08481292741367717
0.08453700524471336
0.0842623379134752
0.08398892017975974
0.08371674679771861
0.083445812516526
0.08317611208103617
0.08290764023242776
0.08264039170883501
0.08237436124596743
0.08210954357771788
0.08184593343675699
0.08158352555511753
0.08132231466476614
0.08106229549816354
0.08080346278881413
0.08054581127180219
0.08028933568431995
0.0800340307661822
0.07977989126033089
0.07952691191332915
0.07927508747584441
0.07902441270312102
0.07877488235544294
0.07852649119858549
0.07827923400425761
0.07803310555053429
0.07778810062227845
0.07754421401155397
0.07730144051802883
0.07705977494936869
0.07681921212162152
0.07657974685959276
0.07634137399721154
0.07610408837788882
0.0758678848548652
0.0756327582915514
0.07539870356186006
0.07516571555052845
0.07493378915343393
0.07470291927790036
0.07447310084299733
0.07424432877983089
0.07401659803182704
0.07378990355500717
0.07356424031825651
0.07333960330358422
0.07311598750637749
0.07289338793564758
0.07267179961426945
0.0724512175792136
0.07223163688177214
0.07201305258777728
0.07179545977781411
0.07157885354742606
0.07136322900731452
0.07114858128353212
0.07093490551766984
0.0707221968670383
0.07051045050484228
0.07029966162035078
0.07008982541906018
0.06988093712285241
0.06967299197014724
0.06946598521604969
0.0692599121324913
0.06905476800836682
0.06885054814966596
0.06864724787959886
0.06844486253871869
0.06824338748503693
0.06804281809413609
0.06784314975927687
0.06764437789149966
0.06744649791972407
0.06724950529084134
0.0670533954698046
0.06685816393971358
0.06666380620189541
0.066470317775982
0.06627769419998242
0.06608593103035246
0.06589502384205946
0.06570496822864355
0.06551575980227617
0.06532739419381316
0.06513986705284631
0.06495317404775029
0.0647673108657261
0.0645822732128419
0.0643980568140702
0.064214657413322
0.06403207077347751
0.06385029267641452
0.06366931892303324
0.06348914533327782
0.06330976774615657
0.06313118201975781
0.06295338403126355
0.06277636967696093
0.06260013487225051
0.062424675551652195
0.06224998766880896
0.06207606719648749
0.06190291012657741
0.06173051247008712
0.06155887025713841
0.06138797953695814
0.061217836377868165
0.061048436867272585
0.06087977711164423
0.06071185323650739
0.060544661386419896
0.06037819772495338
0.060212458434670255
0.060047439717100665
0.05988313779271652
0.059719548900904154
0.05955666929993525
0.059394495266936506
0.05923302309785705
0.05907224910743504
0.05891216962916199
0.05875278101524632
0.058594079636575175
0.05843606188267467
0.0582787241616695
0.05812206290024012
0.05796607454357979
0.057810755555349626
0.057656102417632735
0.05750211163088732
0.05734877971389829
0.05719610320372813
0.05704407865566634
0.05689270264317846
0.056741971757853206
0.05659188260934946
0.056442431825341866
0.05629361605146577
0.056145431951260864
0.055997876206114364
0.0558509455152037
0.05570463659543722
0.05555894618139557
0.05541387102527114
0.055269407896807614
0.05512555358323838
0.054982304889224426
0.054839658636791695
0.05469761166526736
0.054556160831216505
0.05441530300837678
0.054275035087593966
0.05413535397675598
0.05399625660072706
0.053857739901280774
0.05371980083703341
0.05358243638337591
0.05344564353240669
0.05330941929286257
0.05317376069005057
0.053038664765778364
0.052904128578285414
0.05277014920217296
0.052636723728333557
0.05250384926388148
0.0523715229320813
0.05223974187227774
0.052108503239823786
0.051977804206009816
0.05184764195799178
0.051718013698719666
0.05158891664686494
0.05146034803674903
0.05133230511827063
0.05120478515683336
0.05107778543327329
0.05095130324378583
0.05082533589985336
0.050699880728172234
0.050574935070579446
0.05045049628398013
0.05032656174027382
0.050203128826281765
0.05008019494367369
0.04995775750889418
