1.998791532644025
2.1086807666933685
2.111602317912924
2.099847028238344
2.0887665516049547
2.078701760196608
2.069325487313965
2.0604643814182846
2.052040719954773
2.044020488750837
2.0363887324968855
2.029138328774863
2.0222649349982085
2.015764744774898
2.0096334987534306
2.003866045478024
1.9984561424778358
1.9933963653853697
1.98867807000752
1.9842913846012502
1.980225222668979
1.9764673116686822
1.9730042349370045
1.9698214848223128
1.9669035252947467
1.9642338624321132
1.9617951212758413
1.959569127641924
1.9575369935660278
1.9556792051601992
1.9539757117595644
1.9524060153397393
1.9509492592881692
1.9495843157147634
1.9482898705885419
1.947044506087569
1.9458267796493087
1.9446152993078063
1.943388795002868
1.9421261856446217
1.9408066418141119
1.9394096440763895
1.9379150369759768
1.9363030788742512
1.9345544878729257
1.9326504841452747
1.9305728290652935
1.9283038615822041
1.9258265323314547
1.9231244360011668
1.920181842482732
1.916983727323764
1.913515801969082
1.9097645442194338
1.9057172292573823
1.9013619614850297
1.89668770728982
1.8916843287044793
1.8863426177583817
1.8806543311350916
1.87461222456092
1.868210086160148
1.861442767833975
1.8543062135634285
1.8467974834137728
1.8389147719420202
1.8306574196922605
1.8220259165163972
1.8130218955885975
1.803648117194379
1.7939084416688105
1.7838077912257437
1.7733521008477773
1.7625482588747017
1.751404038410693
1.739928021137327
1.728129515538169
1.7160184718791247
1.7036053965181486
1.6909012682154383
1.6779174590666435
1.6646656624829916
1.6511578303007046
1.637406120635862
1.6234228575375909
1.6092205028673587
1.594811640184617
1.580208969789915
1.5654253135043776
1.550473627282648
1.5353670193912012
1.5201187716525313
1.5047423611657473
1.4892514799638428
1.4736600502469959
1.457982233122423
1.4422324291618247
1.4264252695315607
1.410575596931006
1.394698436064389
1.378808953845936
1.3629224099758428
1.3470540989077835
1.3312192845444117
1.3154331292371526
1.2997106188267455
1.2840664855418704
1.2685151305787492
1.253070548122003
1.2377462524455254
1.2225552095626486
1.2075097746891377
1.1926216365524083
1.1779017693373333
1.1633603928136202
1.1490069409512884
1.1348500391070733
1.1208974896617097
1.107156265810465
1.0936325130597457
1.0803315578624328
1.0672579227337153
1.0544153471264586
1.0418068133085288
1.0294345764713282
1.0173001983060113
1.0054045833081027
0.9937480171092595
0.9823302061834221
0.9711503183305611
0.9602070234019778
0.9494985337941794
0.9390226443017451
0.9287767709816739
0.9187579887410788
0.9089630674158639
0.8993885061594316
0.8900305660071166
0.8808853005236885
0.8719485844779312
0.8632161405199525
0.8546835638639244
0.8463463450014682
0.8381998904894041
0.8302395418703352
0.8224605927959732
0.8148583044316151
0.8074279192261111
0.800164673135393
0.7930638063894635
0.7861205728930575
0.7793302483491276
0.7726881371922792
0.7661895784163476
0.7598299503767899
0.753604674644545
0.7475092189836362
0.7415390995202327
0.735689882166165
0.7299571833551435
0.7243366701452156
0.7188240597363127
0.7134151184472375
0.7081056601920241
0.7028915444914019
0.6977686740510596
0.692732991934578
0.6877804783553146
0.6829071471080825
0.6781090416583746
0.6733822309038977
0.668722804620533
0.664126868602387
0.6595905395034453
0.6551099393864201
0.6506811899828306
0.6463004066670428
0.6419636921461407
0.6376671298669565
0.6334067771415872
0.6291786579931986
0.6249787557250124
0.6208030052172195
0.6166472849591667
0.6125074088278215
0.6083791176282765
0.6042580704181788
0.6001398356456916
0.5960198821401477
0.5918935700063381
0.5877561414876843
0.5836027118808178
0.5794282606048496
0.5752276225532813
0.5709954798858112
0.5667263544516865
0.562414601076539
0.5580544019914085
0.5536397627365177
0.5491645099339879
0.5446222913933294
0.540006579091495
0.5353106756552538
0.5305277250668435
0.5256507284127128
0.5206725655970522
0.5155860240425866
0.5103838354949786
0.5050587221259882
0.49960345318344557
0.49401091344919135
0.4882741847221366
0.48238664142163384
0.4763420611827138
0.47013475096337126
0.4637596886788795
0.45721267969542834
0.4504905266386972
0.4435912098980118
0.43651407494844013
0.42926002121299006
0.42183168571926993
0.4142336133816312
0.40647240451064814
0.3985568292976749
0.39049789874028346
0.38230888195332724
0.37400526119792166
0.36560461832713853
0.3571264496513352
0.3485919102927499
0.3400234936171196
0.3314446558765092
0.3228794002880247
0.31435183793311117
0.30588574470493696
0.2975041338256351
0.28922886216705923
0.28108028590720213
0.27307697727955765
0.2652355097741016
0.25757031460981605
0.2500936070637201
0.24281537765801875
0.23574344049498994
0.22888352927484507
0.22223943070383534
0.21581314497972437
0.20960506365831166
0.2036141562676178
0.19783815836238464
0.19227375514232511
0.18691675616889128
0.18176225801940354
0.17680479286007716
0.17203846187487135
0.16745705325065766
0.1630541450014107
0.15882319333446926
0.15475760754450718
0.15085081259090488
0.1470963005959131
0.143487672516036
0.14001867120606262
0.13668320702949288
0.13347537708291576
0.13038947900465406
0.12742002023659335
0.12456172350761907
0.12180952921083306
0.1191585952568867
0.11660429490355137
0.11414221298759736
0.11176814091920137
0.10947807074119736
0.10726818850501167
0.10513486717151922
0.10307465920762081
0.10108428901744762
0.09916064532005221
0.09730077356268073
0.09550186843962316
0.09376126657074038
0.09207643938058374
0.090444986208149
0.08886462766842643
0.08733319927964403
0.08584864536427599
0.08440901322718865
0.08301244761059506
0.08165718542257781
0.08034155073370282
0.07906395003455563
0.0778228677457832
0.07661686197135185
0.07544456048514689
0.0743046569406941
0.07319590729362875
0.0721171264265342
0.07106718496588144
0.07004500628100391
0.06904956365531051
0.06807987762026033
0.06713501344297487
0.06621407875874166
0.06531622134005535
0.06444062699423798
0.06358651758207916
0.06275314915032883
0.061939810171263876
0.06114581988291975
0.06037052672394517
0.05961330685738549
0.05887356277803172
0.058150721998294616
0.057444235807862794
0.056753578102695136
0.056078244279165454
0.05541775018943836
0.054771631154397496
0.05413944103067331
0.05352075132853597
0.05291515037761897
0.05232224253762936
0.051741647451380865
0.051172999337647095
0.05061594632149731
0.05007014979991598
0.049535283840649626
