0.49422326656337995
0.5317574169369929
0.5192314799625937
0.5258406795902939
0.5282102735786215
0.5204142593572163
0.5149600523265594
0.5157692250037753
0.5166335050315567
0.5160693885039005
0.5163237316958654
0.5168801970224718
0.5163187386846256
0.5152144304473188
0.514663367849825
0.5146505155622385
0.5147437815571569
0.5148446112146783
0.514914273628615
0.5148195454239484
0.5145658159917855
0.5143126365252318
0.5141658177096258
0.5141108436619213
0.51409412687823
0.51407138587127
0.5140109527310165
0.5139072082314907
0.5137852906017593
0.5136767350990921
0.5135950141398428
0.5135341330119508
0.5134799642260677
0.5134200269614079
0.5133491463991899
0.5132706532719769
0.51319232780425
0.5131203412579532
0.5130560365398446
0.5129967509556772
0.5129385881115144
0.5128789154066723
0.5128174532619949
0.5127557602398338
0.5126957862995987
0.5126386097064327
0.5125840719108137
0.5125312380583769
0.5124791500673298
0.5124273631772766
0.5123760350569477
0.512325645659058
0.5122766140440609
0.5122290646970991
0.5121828334922249
0.5121376362555038
0.512093254353544
0.5120496272944044
0.51200682765272
0.5119649674525463
0.5119241099120871
0.5118842355012945
0.5118452653562834
0.5118071113686098
0.5117697164030618
0.5117330647330887
0.5116971656680881
0.5116620277273219
0.511627640931233
0.5115939748801445
0.5115609889707317
0.5115286452788236
0.511496915968503
0.5114657826489167
0.5114352304601203
0.5114052418403209
0.5113757936237984
0.5113468581241247
0.5113184063884921
0.5112904111164271
0.5112628476799652
0.5112356932330692
0.5112089249905463
0.5111825189059196
0.5111564493813193
0.511130689864102
0.5111052137229891
0.5110799948192886
0.5110550075377399
0.5110302264199446
0.5110056257267894
0.5109811791986524
0.5109568600886454
0.5109326413657745
0.5109084959187886
0.5108843966416491
0.5108603163845198
0.5108362278354278
0.510812103417503
0.5107879152521314
0.5107636351854561
0.5107392348400701
0.5107146856505679
0.5106899588629441
0.5106650255041594
0.5106398563430219
0.510614421861849
0.5105886922460957
0.5105626373864206
0.5105362268819034
0.5105094300355135
0.5104822158396672
0.510454552955646
0.5104264096926566
0.5103977539903906
0.5103685534054008
0.5103387750989237
0.5103083858232347
0.5102773519048925
0.510245639225038
0.5102132131980703
0.5101800387500677
0.5101460802975477
0.5101113017262696
0.5100756663693029
0.510039136983679
0.5100016757253731
0.5099632441227996
0.5099238030491692
0.5098833126939728
0.5098417325336021
0.509799021300933
0.5097551369536253
0.509710036640974
0.5096636766692633
0.5096160124656673
0.5095669985407483
0.5095165884495584
0.5094647347512855
0.5094113889673452
0.5093565015378183
0.5093000217761666
0.5092418978221813
0.5091820765931369
0.5091205037331146
0.5090571235604453
0.5089918790132011
0.5089247115926603
0.5088555613046746
0.5087843665988696
0.5087110643056173
0.50863558957072
0.5085578757877348
0.5084778545278671
0.5083954554673499
0.5083106063122316
0.5082232327204812
0.5081332582213322
0.5080406041317759
0.5079451894701111
0.5078469308664586
0.5077457424701355
0.5076415358537851
0.50753421991415
0.5074237007693725
0.5073098816527016
0.5071926628024774
0.5070719413482594
0.506947611192953
0.5068195628907853
0.5066876835209699
0.5065518565568872
0.5064119617306039
0.5062678748925387
0.5061194678660708
0.5059666082968755
0.5058091594967565
0.5056469802817305
0.5054799248041049
0.5053078423782692
0.5051305772999125
0.5049479686583489
0.5047598501416256
0.5045660498340625
0.5043663900058541
0.5041606868943436
0.503948750476559
0.5037303842325808
0.5035053848992909
0.5032735422140269
0.5030346386476587
0.5027884491265708
0.5025347407430337
0.5022732724534182
0.5020037947637088
0.5017260494017522
0.501439768975684
0.5011446766179688
0.5008404856145015
0.5005268990182287
0.5002036092467734
0.49987029766357344
0.49952663414209336
0.49917227661271596
0.49880687059199663
0.49843004869404317
0.4980414301238929
0.4976406201528816
0.4972272095761526
0.49680077415262497
0.49636087402796264
0.4959070531413137
0.4954388386168916
0.4949557401417889
0.4944572493318026
0.4939428390874882
0.4934119629431678
0.4928640544121909
0.4922985263324127
0.49171477021659743
0.4911121556133077
0.49049002948479914
0.48984771560951074
0.48918451401795215
0.48849970047212504
0.4877925260001009
0.4870622164990113
0.486307972421487
0.4855289685625167
0.4847243539657737
0.48389325197066235
0.4830347604236504
0.4821479520798606
0.48123187522331706
0.4802855545366791
0.4793079922536326
0.47829816962928745
0.4772550487658481
0.4761775748323481
0.47506467871824953
0.4739152801610297
0.4727282913873503
0.47150262130582193
0.4702371802865596
0.4689308855584356
0.4675826672490037
0.46619147508425524
0.46475628575554845
0.4632761109490386
0.46175000601868954
0.46017707926740825
0.4585565017821226
0.45688751774785263
0.4551694551433433
0.45340173669702716
0.45158389095757895
0.44971556330880946
0.44779652673500936
0.4458266921210822
0.4438061178530073
0.4417350184694838
0.43961377210622776
0.43744292647138316
0.4352232030949027
0.43295549960727187
0.43064088982410675
0.42828062144306467
0.4258761111978735
0.4234289373603679
0.42094082953399825
0.4184136557397071
0.4158494068552982
0.413250178530128
0.41061815075560865
0.40795556532608285
0.40526470147169885
0.40254784998280835
0.39980728617242123
0.39704524203814284
0.3942638779872374
0.3914652544780204
0.3886513039084239
0.3858238030495835
0.38298434628048494
0.38013431983131635
0.3772748771906914
0.3744069157779914
0.3715310549294091
0.36864761519744255
0.3657565989210608
0.3628576719897583
0.35995014670129744
0.357032965601915
0.354104686200854
0.3511634664698501
0.3482070510742475
0.3452327583373873
0.3422374680155482
0.3392176100589298
0.3361691546570027
0.33308760401603094
0.32996798649461856
0.32680485393115527
0.32359228323539646
0.3203238835838357
0.31699281085091063
0.313591791217416
0.3101131562100718
0.3065488917209679
0.3028907038020504
0.2991301041863018
0.2952585184998191
0.29126741993141747
0.28714849064272485
0.2828938123517583
0.2784960862322743
0.2739488804860257
0.26924690165235965
0.2643862829699663
0.2593648800364099
0.2541825608630564
0.2488414745433833
0.2433462805760156
0.23770431988568358
0.23192570920705682
0.2260233430507799
0.22001279204514726
0.21391209282891066
0.2077414323263887
0.20152273735353227
0.19527918810882353
0.18903468022565
0.18281326391623245
0.17663858986518088
0.1705333898859516
0.1645190162871441
0.1586150580672567
0.15283904529176515
0.1472062461417094
0.1417295548743769
0.13641946381507536
0.13128410877970192
0.12632937506663888
0.12155905023686557
0.11697501009450242
0.11257742530491377
0.10836497765801793
0.10433507684356692
0.1004840705435048
0.09680744250892556
0.09329999497262953
0.08995601319471878
0.08676941112543388
0.08373385809949731
0.08084288716946855
0.07808998617151021
0.07546867292917092
0.07297255617320363
0.07059538381976078
0.06833108023358407
0.06617377403081155
0.06411781786717372
0.06215780152696183
0.0602885594878713
0.058505173995199555
0.05680297454187201
0.055177534522296796
0.05362466571045199
0.05214041110701183
0.05072103660702555
0.0493630218583514
