0.48798236643447757
0.5290169720684296
0.5220310829114898
0.5291824792408557
0.5291475587381349
0.5214993441863095
0.5184402242985444
0.5195358619701926
0.5194651301648208
0.519458978437533
0.5203847648527279
0.5202915773157935
0.5190532904050449
0.5181793293350128
0.5180247104613067
0.5180989929224371
0.5182515797244649
0.5183810978314622
0.5182565308907083
0.5179080633869979
0.5175855706981851
0.5174157063109662
0.5173601854699471
0.5173460281741084
0.5173043020853924
0.5171898184652846
0.5170188320990037
0.5168476659776293
0.5167147891121382
0.5166203623240648
0.5165425241932317
0.5164569534418662
0.5163509853678009
0.5162294756281334
0.5161073296714289
0.5159961487489149
0.5158975444121694
0.51580548932904
0.5157124180305315
0.5156143416540898
0.5155124407457197
0.5154108663523613
0.5153131276012226
0.5152199924510309
0.5151298343939749
0.5150403828229101
0.5149503506881065
0.5148599721399523
0.5147704050709344
0.5146827009460191
0.5145971475886753
0.5145133027136762
0.5144304846850232
0.5143482700098319
0.5142666793876608
0.5141860230040705
0.5141066034121877
0.5140285104653347
0.5139516138312127
0.513875699034207
0.5138006171036408
0.5137263478618772
0.5136529615030136
0.5135805330306911
0.5135090786506034
0.513438548698191
0.513368864969933
0.5132999653488391
0.5132318248940574
0.5131644467645606
0.513097837708273
0.5130319884658844
0.5129668702786252
0.512902445011462
0.5128386783703565
0.5127755468023063
0.5127130355024392
0.5126511314338476
0.5125898173267658
0.5125290702346484
0.5124688642349847
0.5124091743147978
0.5123499785896034
0.5122912579164035
0.5122329939147765
0.5121751671357081
0.5121177565097926
0.5120607400490644
0.5120040959770825
0.5119478034292184
0.5118918423943648
0.511836193154262
0.511780835724496
0.5117257496517262
0.5116709141881598
0.5116163086155744
0.5115619124623464
0.5115077055016877
0.511453667593374
0.5113997785139947
0.5113460178858876
0.5112923652195156
0.5112388000073097
0.5111853017927885
0.511131850177756
0.5110784247818396
0.5110250051957755
0.5109715709624173
0.5109181015923849
0.51086457659779
0.5108109755215688
0.5107572779502622
0.5107034635131797
0.5106495118796653
0.5105954027648713
0.5105411159468505
0.510486631290647
0.5104319287728063
0.5103769885023826
0.51032179073891
0.5102663159106092
0.5102105446359825
0.5101544577498478
0.5100980363326986
0.5100412617414662
0.5099841156404059
0.5099265800320938
0.5098686372894001
0.5098102701893485
0.5097514619491934
0.5096921962643898
0.5096324573478436
0.509572229969968
0.509511499499425
0.5094502519447008
0.5093884739966873
0.5093261530722855
0.5092632773588359
0.5091998358590748
0.5091358184363339
0.5090712158597884
0.509006019849629
0.5089402231220415
0.508873819433822
0.5088068036263884
0.5087391716688939
0.5086709207001554
0.5086020490691023
0.5085325563734887
0.5084624434965874
0.5083917126415789
0.5083203673633121
0.5082484125971025
0.5081758546842198
0.5081027013937292
0.5080289619403466
0.5079546469979802
0.5078797687086232
0.5078043406862733
0.507728378015552
0.5076518972447104
0.5075749163727317
0.5074974548302542
0.50741953345407
0.5073411744549738
0.5072624013787738
0.5071832390603026
0.5071037135703077
0.5070238521551396
0.5069436831692061
0.5068632360001992
0.5067825409871617
0.5067016293315018
0.5066205330011234
0.506539284627889
0.5064579173986891
0.5063764649404449
0.5062949611994236
0.5062134403153008
0.5061319364904442
0.506050483854951
0.5059691163280036
0.5058878674761484
0.5058067703691408
0.5057258574340177
0.5056451603080876
0.5055647096915424
0.5054845352003958
0.5054046652204665
0.5053251267631087
0.505245945323384
0.5051671447413477
0.5050887470670986
0.505010772430204
0.5049332389140744
0.5048561624358214
0.504779556632077
0.5047034327511988
0.5046277995522359
0.5045526632109572
0.5044780272331912
0.504403892375658
0.5043302565744076
0.5042571148809185
0.5041844594058433
0.5041122792703259
0.5040405605647574
0.5039692863147801
0.5038984364542929
0.5038279878051662
0.503757914063329
0.5036881857908452
0.5036187704135715
0.5035496322239522
0.5034807323884826
0.5034120289593612
0.5033434768898345
0.5032750280527298
0.5032066312616795
0.5031382322945386
0.5030697739185146
0.5030011959165464
0.5029324351144895
0.5028634254087009
0.5027940977936478
0.5027243803892116
0.5026541984674011
0.5025834744782474
0.5025121280747102
0.502440076136494
0.50236723279274
0.5022935094436434
0.5022188147811234
0.5021430548087724
0.5020661328613955
0.5019879496245627
0.5019084031547032
0.5018273889003768
0.5017447997254827
0.5016605259352882
0.5015744553062755
0.5014864731209443
0.5013964622088232
0.5013043029950747
0.5012098735581999
0.5011130496984526
0.5010137050186907
0.5009117110194597
0.5008069372101924
0.5006992512384212
0.5005885190389397
0.5004746050047879
0.5003573721818755
0.5002366824889155
0.5001123969641418
0.49998437604000595
0.499852479846699
0.4997165685448875
0.49957650268751014
0.49943214360982274
0.4992833538461189
0.49912999757066795
0.49897194105943476
0.49880905316803736
0.49864120582022137
0.4984682744998515
0.49829013873809885
0.49810668258614926
0.4979177950624053
0.49772337056186156
0.4975233092141337
0.49731751717556494
0.49710590684000516
0.496888396952269
0.49666491260804474
0.49643538512413865
0.4961997517635016
0.4959579553004909
0.495709943413314
0.4954556678925791
0.4951950836573251
0.4949281475727894
0.49465481706741854
0.4943750485501912
0.4940887956330536
0.4937960071671007
0.4934966251049086
0.4931905822050139
0.4928777995978286
0.49255818423511977
0.49223162624749583
0.4918979962360232
0.491557142525089
0.49120888840389676
0.4908530293835464
0.4904893304955117
0.49011752365557737
0.4897373051149959
0.48934833301788583
0.4889502250808286
0.48854255640735406
0.4881248574466544
0.487696612102528
0.48725725599535535
0.4868061748768834
0.48634270319482886
0.48586612280182057
0.48537566180097647
0.48487049351846895
0.48434973559168565
0.4838124491600239
0.48325763814386846
0.4826842485958295
0.4820911681067701
0.48147722524746367
0.48084118902480044
0.48018176832928866
0.47949761134809266
0.4787873049150453
0.4780493737659528
0.4772822796641414
0.476484420357647
0.47565412832584775
0.47478966926981314
0.47388924029739976
0.4729509677513374
0.4719729046264981
0.47095302752143475
0.46988923306943126
0.4687793337959763
0.46762105335307186
0.46641202108638957
0.46514976589931467
0.46383170938863666
0.4624551582403842
0.46101729589133333
0.4595151734823869
0.45794570015462993
0.456305632767771
0.4545915651542662
0.4527999170610625
0.4509269229750179
0.4489686210780638
0.4469208426344291
0.44477920217505457
0.44253908891381344
0.4401956599062402
0.4377438355436851
0.4351782980632378
0.4324934938447843
0.42968364035877976
0.4267427387182927
0.42366459287197517
0.42044283654485615
0.4170709690837375
0.41354240138442494
0.40985051305835773
0.4059887219241887
0.4019505667718918
0.39772980412839076
0.3933205194393434
0.3887172526567962
0.3839151376740263
0.37891005436813435
0.37369879119635974
0.3682792153539543
0.3626504464672936
0.3568130287161128
0.3507690952308716
0.34452251770109055
0.33807903348708757
0.331446342290437
0.32463416473686296
0.3176542561508336
0.3105203703805314
0.30324817070564664
0.29585508747664185
0.288360124961466
0.2807836226364316
0.27314697857425474
0.2654723444246798
0.2577823026089183
0.2500995367201073
0.24244650579841365
0.23484513226382422
0.22731651200963954
0.21988065365113318
0.21255625232404313
0.2053605018329906
0.1983089474180156
0.19141537996795552
0.18469177117909574
0.17814824795219567
0.17179310326205793
0.16563283984825428
0.15967224239140904
0.15391447337857198
0.14836118763367323
0.143012660489206
0.13786792478159415
0.13292491223045802
0.12818059526798467
0.12363112597242643
0.11927196938479087
0.11509802911095486
0.1111037637015286
0.10728329283635055
0.10363049280552446
0.10013908116790188
0.09680269078030887
0.09361493363049486
0.09056945508056041
0.08765997924394303
0.08488034628707755
0.08222454247563366
0.07968672378328362
0.07726123385586292
0.07494261708217367
0.07272562747004102
0.07060523396708539
0.06857662280355187
0.06663519737214516
0.06477657609915417
0.06299658870359519
0.06129127118755284
0.05965685985188915
0.05808978458723353
0.05658666165067404
0.05514428610369268
0.053759624056369915
0.05242980483640871
0.05115211317873533
0.049923981511962374
