0.4913324119317455
0.5297325398027504
0.5175481583151076
0.5230748785595652
0.525833153268009
0.5190706755352184
0.5139988442495182
0.5146030663292396
0.5153593843272063
0.5148291486957356
0.5150561838829688
0.5155822908209373
0.5150771241908858
0.5140570387887361
0.5135285861410132
0.5134759249424736
0.5135149487599198
0.5135677190927417
0.5135937823298754
0.5134626816507493
0.5131810001622892
0.5128977884405076
0.5127073705736434
0.5125946841298299
0.5125122206335427
0.5124200288272618
0.5122882853438554
0.5121123259387043
0.5119164680415944
0.5117295790994556
0.5115628811754007
0.5114100175956601
0.5112577229386758
0.511094572170713
0.5109162206050077
0.5107263129481094
0.5105322306065116
0.5103393206696538
0.510148234952372
0.5099560565726342
0.5097590172378871
0.5095547862008598
0.5093433304631514
0.5091262260510229
0.5089051865005477
0.5086809314904794
0.5084529943800666
0.5082202795460634
0.5079818059401519
0.5077371620193967
0.5074864980716836
0.5072301892217232
0.5069684613077408
0.5067012134677312
0.5064280835133727
0.5061486440589328
0.5058625759963103
0.5055697251547601
0.5052700429435735
0.5049634794358363
0.5046499058648184
0.5043291036385579
0.5040008066082412
0.5036647558662479
0.5033207310255219
0.5029685463096529
0.5026080239214527
0.5022389669942199
0.5018611481955013
0.5014743160608779
0.5010782099890445
0.5006725723280563
0.5002571510756634
0.4998316941788956
0.4993959411390083
0.49894961758231693
0.4984924350392932
0.4980240944003001
0.4975442897505477
0.49705271000825046
0.49654903785049587
0.49603294719019947
0.4955041009755683
0.494962150377508
0.494406735283433
0.49383748524765325
0.49325402001632423
0.49265594925881306
0.4920428717301843
0.49141437437850016
0.49077003180610196
0.49010940617155313
0.48943204733779855
0.48873749299328056
0.48802526858797485
0.4872948871104501
0.486545848852765
0.48577764131113577
0.4849897392853005
0.4841816051458075
0.48335268919732877
0.48250243008905314
0.481630255278666
0.4807355816012694
0.47981781600433077
0.4788763564886165
0.4779105932654701
0.4769199101241872
0.47590368600682037
0.4748612968038268
0.47379211739887434
0.472695523995459
0.47157089675143804
0.4704176227365334
0.46923509921948153
0.46802273728886956
0.4667799658129032
0.46550623574404665
0.46420102477132763
0.46286384231560634
0.46149423485319785
0.46009179154329316
0.4586561501258996
0.45718700304911836
0.45568410377625984
0.45414727321365367
0.4525764061890271
0.45097147789892245
0.4493325502328695
0.447659777872738
0.44595341405807887
0.4442138159023591
0.4424414491408253
0.44063689218869284
0.4388008393890124
0.43693410333352073
0.43503761614740144
0.43311242964026053
0.43115971424063493
0.4291807566497463
0.42717695617169515
0.4251498197014753
0.4231009553785542
0.421032064941592
0.4189449348482873
0.41684142625232734
0.41472346395600046
0.41259302448118745
0.41045212342233894
0.40830280226185695
0.4061471148404206
0.4039871136817368
0.40182483637273225
0.39966229219627464
0.3975014492043697
0.3953442219058458
0.39319245972441763
0.3910479363614968
0.3889123401740337
0.38678726565193944
0.3846742060531844
0.3825745472283797
0.3804895626413227
0.3784204095683589
0.3763681264380186
0.37433363125368596
0.3723177210263058
0.3703210721315049
0.36834424149596307
0.3663876685113706
0.3644516775705967
0.3625364811195576
0.3606421831193362
0.35876878281606445
0.35691617872054254
0.3550841727051967
0.35327247413241525
0.35148070393526265
0.34970839857874636
0.3479550138369973
0.34621992832868675
0.34450244675961494
0.3428018028275265
0.3411171617497649
0.3394476223793111
0.3377922188790453
0.3361499219277307
0.3345196394342546
0.3329002167391488
0.3312904362843908
0.3296890167340495
0.3280946115296025
0.3265058068647948
0.32492111906592197
0.3233389913645215
0.3217577900508583
0.320175799998496
0.318591219552927
0.31700215478096455
0.31540661308274215
0.3138024961751179
0.3121875924644838
0.31055956883900276
0.30891596192568926
0.30725416887722473
0.30557143777765583
0.30386485778596334
0.30213134917271234
0.30036765344837574
0.29857032383320004
0.29673571637818286
0.2948599821151479
0.2929390606908931
0.2909686760252018
0.28894433462360253
0.2868613272705117
0.2847147349228637
0.2824994397130419
0.28021014204558875
0.27784138482569815
0.2753875858779459
0.27284307958868126
0.27020216872169756
0.2674591872010267
0.26460857441526175
0.261644961266232
0.25856326775786725
0.2553588114026091
0.2520274251255549
0.2485655826932931
0.24497052901747882
0.24124041202327545
0.23737441217584535
0.2333728652713957
0.22923737376669762
0.2249709017783528
0.22057784895504234
0.2160640987243903
0.21143703694070132
0.2067055377005981
0.20187991403342292
0.1969718322902747
0.19199419032308526
0.1869609609294508
0.18188700349502168
0.17678784823213023
0.17167945881155822
0.16657798041752836
0.16149948121791874
0.15645969582883287
0.1514737794801677
0.14655608120683927
0.141719943496729
0.13697753447257804
0.13233971697297145
0.12781595696801423
0.1234142717597721
0.11914121653680945
0.11500190621623525
0.1110000682192702
0.10713812094626798
0.10341727225704991
0.0998376321943969
0.09639833445385743
0.0930976616243183
0.08993316991694084
0.08690180988429197
0.08400004043661599
0.0812239342327326
0.07856927321973023
0.0760316336945796
0.07360646075139524
0.07128913236012935
0.06907501360314032
0.06695950178715007
0.06493806326366958
0.06300626284568725
0.06115978671623198
0.059394459697865755
0.05770625770193111
0.056091316111217385
0.054545934776529685
0.053066580231631424
0.051649885655973074
0.05029264904307881
0.04899182996608456
