0.4877023996776822
0.520800507550109
0.5200814628438497
0.5203249250406508
0.5214487456833248
0.5209305936195778
0.5195380830522056
0.5189697897718248
0.5190622505983871
0.519200177534824
0.5193943820070709
0.5195659836818571
0.519465565809318
0.5191655910544566
0.5189303998822407
0.5188505062886248
0.5188638827789831
0.5189055068102792
0.5189201278059544
0.5188668373837224
0.518759542317559
0.5186506503636541
0.5185757155330086
0.5185347924135756
0.5185090546090307
0.5184774912204422
0.5184275396424259
0.5183611478984924
0.5182905023111607
0.5182268037417497
0.5181732287525566
0.5181258203911481
0.5180781755281478
0.5180258499026773
0.5179684845330695
0.5179089368709519
0.5178505591657608
0.5177949487625129
0.5177415215438304
0.5176885469224881
0.5176345340228775
0.5175790648238475
0.5175227419871999
0.517466522549171
0.5174110271579996
0.517356265443349
0.5173018177499801
0.5172472205123106
0.51719226230889
0.5171370395664823
0.5170818083213653
0.5170267823308549
0.5169720171490729
0.5169174249895947
0.5168628716970836
0.5168082724590392
0.5167536288814134
0.516699002474836
0.5166444595393207
0.5165900294241571
0.5165356974582507
0.5164814264127605
0.5164271849675772
0.5163729639141527
0.5163187739984306
0.5162646322055588
0.5162105482320846
0.5161565192594277
0.5161025336978193
0.5160485789631808
0.5159946474061772
0.5159407373905072
0.5158868503359727
0.5158329867239859
0.5157791437875006
0.5157253157777653
0.5156714958846808
0.5156176781725852
0.5155638583762249
0.5155100334319769
0.5154562004147514
0.515402355705469
0.5153484948279153
0.5152946128611073
0.5152407050171004
0.5151867669983208
0.5151327949960094
0.515078785447032
0.5150247347749944
0.5149706392826995
0.5149164952221652
0.5148622989543451
0.514808047083331
0.5147537364992877
0.5146993643380742
0.5146449279122586
0.5145904246683602
0.5145358521926323
0.5144812082517126
0.5144264908374514
0.514371698191519
0.5143168288042805
0.5142618813988671
0.5142068549163743
0.5141517485121849
0.514096561563337
0.5140412936798715
0.5139859447123898
0.5139305147521512
0.5138750041250724
0.5138194133837003
0.5137637433007262
0.5137079948651526
0.513652169279859
0.5135962679584105
0.5135402925195893
0.5134842447794898
0.5134281267420491
0.5133719405891272
0.51331568867075
0.5132593734954514
0.5132029977202112
0.5131465641395
0.513090075673243
0.5130335353538567
0.5129769463126733
0.5129203117660099
0.512863635000975
0.5128069193609414
0.5127501682305713
0.5126933850203302
0.512636573150518
0.5125797360349139
0.5125228770641478
0.5124659995888675
0.5124091069027332
0.5123522022252344
0.5122952886843364
0.5122383692989751
0.5121814469614467
0.5121245244197461
0.5120676042599025
0.5120106888883488
0.5119537805143493
0.511896881132505
0.5118399925053574
0.5117831161461194
0.511726253301558
0.5116694049350594
0.5116125717098955
0.5115557539727118
0.5114989517372435
0.5114421646682759
0.5113853920658511
0.5113286328497311
0.5112718855441196
0.5112151482626444
0.5111584186935978
0.5111016940854247
0.5110449712324541
0.5109882464608537
0.5109315156147984
0.5108747740428284
0.5108180165843792
0.5107612375564563
0.5107044307404289
0.5106475893689084
0.5105907061126836
0.5105337730676707
0.5104767817418447
0.5104197230421093
0.5103625872610625
0.5103053640636155
0.5102480424734148
0.5101906108590213
0.5101330569197963
0.5100753676714415
0.5100175294311411
0.5099595278022511
0.5099013476584819
0.5098429731275157
0.5097843875740036
0.5097255735818824
0.5096665129359553
0.5096071866026725
0.5095475747100573
0.5094876565267124
0.5094274104398484
0.509366813932272
0.5093058435582725
0.5092444749183447
0.509182682632685
0.5091204403133981
0.5090577205353515
0.5089944948056137
0.5089307335314114
0.5088664059865426
0.5088014802761787
0.5087359232999896
0.5086697007135292
0.5086027768878087
0.508535114866993
0.508466676324151
0.5083974215149905
0.5083273092295045
0.5082562967414611
0.50818433975566
0.508111392352884
0.5080374069324686
0.5079623341524127
0.5078861228669526
0.5078087200615179
0.5077300707849884
0.507650118079168
0.5075688029053887
0.5074860640681599
0.5074018381357706
0.5073160593577553
0.5072286595791267
0.5071395681512822
0.5070487118394832
0.5069560147268058
0.5068613981144623
0.5067647804183822
0.5066660770619473
0.506565200364765
0.5064620594273687
0.5063565600117205
0.5062486044173992
0.5061380913533436
0.5060249158050234
0.5059089688969026
0.5057901377500559
0.5056683053347966
0.505543350318166
0.5054151469061323
0.5052835646803369
0.505148468429227
0.5050097179733974
0.5048671679849693
0.5047206678008136
0.5045700612294314
0.5044151863512872
0.5042558753123866
0.5040919541108814
0.5039232423764763
0.503749553142401
0.5035706926097068
0.5033864599036365
0.5031966468218072
0.5030010375739439
0.5027994085128905
0.5025915278566258
0.5023771554010074
0.502156042222967
0.5019279303738886
0.5016925525629036
0.5014496318298532
0.5011988812076887
0.5009400033741025
0.5006726902922172
0.5003966228402061
0.5001114704297697
0.4998168906134582
0.4995125286809133
0.499198017244197
0.49887297581248624
0.49853701035655096
0.4981897128635833
0.49783066088312716
0.49745941706506247
0.4970755286908324
0.4966785271993687
0.4962679277094672
0.495843228540703
0.49540391073535034
0.4949494375841875
0.4944792541595293
0.49399278685933923
0.49348944296683517
0.4929686102306108
0.49242965647097436
0.49187192921892775
0.4912947553950075
0.4906974410360672
0.49007927107900623
0.4894395092114477
0.4887773978004364
0.4880921579113662
0.4873829894305525
0.48664907130614604
0.48588956192340643
0.48510359963174315
0.4842903034423419
0.48344877391662
0.4825780942671603
0.48167733169414007
0.48074553898151773
0.4797817563783565
0.4787850137915406
0.4777543333167208
0.4766887321345112
0.47558722579863266
0.47444883194175824
0.47327257442310766
0.47205748793924573
0.47080262311590215
0.46950705209380333
0.4681698746153613
0.46679022461146236
0.46536727727844485
0.4639002566245719
0.4623884434528769
0.4608311837332122
0.45922789730076374
0.45757808680139656
0.45588134678624526
0.4541373728393129
0.45234597060301185
0.4505070645481093
0.4486207063171376
0.44668708245476096
0.4447065213256521
0.44267949901101694
0.44060664396983945
0.4384887402509944
0.43632672904829817
0.43412170840284736
0.4318749308759542
0.4295877990416747
0.427261858680069
0.4248987895903694
0.4225003939861949
0.42006858248161316
0.41760535772563867
0.41511279579190025
0.4125930254777726
0.41004820571128253
0.4074805013026308
0.4048920573085222
0.40228497230019233
0.3996612708390569
0.3970228754666915
0.3943715785083592
0.39170901397205377
0.3890366297990655
0.38635566068900096
0.3836671016839805
0.38097168265582515
0.37826984379905326
0.3755617121943101
0.3728470794743664
0.3701253806010191
0.36739567374895055
0.3646566212946385
0.3619064719272873
0.35914304393677937
0.35636370979277465
0.3535653822108088
0.35074450200642143
0.34789702816702806
0.3450184307222976
0.3421036871646286
0.3391472833573372
0.3361432200624777
0.3330850264129702
0.3299657818319559
0.3267781480497317
0.323514412965788
0.32016654812856365
0.3167262815355023
0.31318518726861694
0.3095347931570858
0.30576670718561727
0.30187276274172675
0.29784518202440086
0.2936767560412364
0.2893610386337352
0.28489255093366606
0.2802669916161603
0.27548144732809726
0.2705345967816646
0.26542690125708324
0.26016077369697543
0.25474071824115035
0.24917343199612502
0.2434678611230312
0.23763520403822946
0.23168885573562825
0.2256442890280439
0.21951887089804709
0.21333161511038695
0.20710287564131238
0.20085398909766594
0.19460687781406066
0.18838362835849004
0.18220606237283446
0.1760953177145462
0.17007145756019532
0.16415312345378363
0.15835724538065837
0.15269881812394412
0.14719074882343644
0.14184377625641065
0.13666645831777452
0.13166522083050283
0.12684445838220298
0.12220667644322841
0.11775266353794646
0.1134816825821489
0.10939167147704151
0.10547944445283161
0.10174088727989548
0.09817114113909639
0.0947647715316432
0.09151592002259837
0.08841843780029188
0.08546600097878332
0.08265220827881178
0.07997066221708456
0.07741503524577811
0.07497912244846679
0.07265688244933682
0.0704424681601958
0.0683302489007137
0.06631482530281854
0.06439103826677475
0.06255397308647243
0.06079895971351732
0.05912156998957653
0.05751761254759738
0.05598312596675596
0.05451437066390272
0.05310781991561293
0.05176015032895284
0.050468232014679995
0.049229118662570834
