0.49303153288234214
0.520261260014021
0.520380078757432
0.5203747789337977
0.5203700599282415
0.5203660743177159
0.5203625609426747
0.5203593480776253
0.5203563244329958
0.5203534183599248
0.5203505841206366
0.5203477928445229
0.5203450265836209
0.5203422744157423
0.5203395298984438
0.5203367894125681
0.5203340510903143
0.5203313141263433
0.5203285783390337
0.5203258438943927
0.5203231111351505
0.5203203804773939
0.5203176523501621
0.5203149271620363
0.5203122052843999
0.5203094870447535
0.5203067727258743
0.5203040625681835
0.5203013567736952
0.52029865551057
0.5202959589177076
0.5202932671090701
0.5202905801775894
0.520287898198601
0.5202852212328086
0.5202825493288055
0.5202798825252011
0.5202772208523971
0.5202745643340649
0.5202719129883678
0.5202692668289677
0.520266625865853
0.5202639901060179
0.5202613595540172
0.5202587342124207
0.5202561140821839
0.5202534991629488
0.5202508894532928
0.5202482849509251
0.5202456856528539
0.5202430915555155
0.5202405026548842
0.5202379189465594
0.5202353404258357
0.5202327670877624
0.5202301989271892
0.5202276359388045
0.520225078117167
0.520222525456729
0.5202199779518594
0.5202174355968574
0.5202148983859682
0.5202123663133922
0.5202098393732941
0.520207317559811
0.5202048008670571
0.5202022892891279
0.5201997828201056
0.5201972814540606
0.5201947851850546
0.5201922940071424
0.5201898079143736
0.5201873269007932
0.5201848509604438
0.520182380087365
0.5201799142755953
0.5201774535191713
0.5201749978121294
0.5201725471485049
0.5201701015223327
0.5201676609276478
0.5201652253584845
0.5201627948088775
0.5201603692728611
0.5201579487444699
0.5201555332177374
0.5201531226866984
0.5201507171453863
0.520148316587835
0.5201459210080774
0.520143530400147
0.5201411447580757
0.5201387640758952
0.5201363883476371
0.5201340175673316
0.5201316517290082
0.5201292908266956
0.5201269348544215
0.520124583806212
0.5201222376760926
0.520119896458087
0.5201175601462176
0.5201152287345054
0.5201129022169695
0.5201105805876273
0.5201082638404944
0.5201059519695846
0.5201036449689095
0.5201013428324783
0.5200990455542983
0.5200967531283744
0.520094465548709
0.5200921828093017
0.5200899049041499
0.5200876318272476
0.5200853635725867
0.5200831001341557
0.5200808415059401
0.520078587681922
0.5200763386560808
0.5200740944223923
0.5200718549748287
0.5200696203073585
0.5200673904139469
0.5200651652885553
0.5200629449251413
0.5200607293176583
0.520058518460056
0.52005631234628
0.5200541109702708
0.5200519143259658
0.5200497224072971
0.5200475352081931
0.5200453527225769
0.520043174944367
0.5200410018674775
0.520038833485817
0.5200366697932899
0.5200345107837948
0.5200323564512257
0.5200302067894708
0.5200280617924133
0.5200259214539311
0.5200237857678963
0.5200216547281753
0.5200195283286292
0.5200174065631129
0.5200152894254756
0.5200131769095605
0.5200110690092044
0.5200089657182388
0.5200068670304879
0.5200047729397705
0.5200026834398983
0.5200005985246767
0.5199985181879045
0.5199964424233743
0.5199943712248707
0.519992304586173
0.5199902425010522
0.5199881849632734
0.5199861319665935
0.5199840835047629
0.5199820395715249
0.5199800001606147
0.5199779652657603
0.5199759348806827
0.5199739089990949
0.5199718876147019
0.5199698707212013
0.5199678583122824
0.5199658503816276
0.5199638469229095
0.5199618479297947
0.51995985339594
0.5199578633149942
0.5199558776805983
0.5199538964863845
0.5199519197259765
0.5199499473929898
0.5199479794810304
0.5199460159836962
0.5199440568945758
0.5199421022072496
0.5199401519152884
0.5199382060122539
0.5199362644916989
0.5199343273471675
0.5199323945721932
0.5199304661603013
0.5199285421050069
0.5199266223998161
0.5199247070382254
0.5199227960137207
0.5199208893197798
0.5199189869498688
0.5199170888974456
0.5199151951559567
0.5199133057188398
0.5199114205795212
0.5199095397314184
0.5199076631679374
0.5199057908824745
0.5199039228684157
0.5199020591191359
0.5199001996280003
0.5198983443883625
0.519896493393566
0.5198946466369438
0.5198928041118176
0.5198909658114981
0.5198891317292852
0.519887301858468
0.5198854761923242
0.5198836547241203
0.5198818374471119
0.5198800243545425
0.5198782154396453
0.5198764106956413
0.5198746101157399
0.5198728136931396
0.5198710214210266
0.5198692332925757
0.51986744930095
0.5198656694393002
0.5198638937007656
0.5198621220784736
0.5198603545655394
0.5198585911550659
0.5198568318401439
0.5198550766138523
0.5198533254692573
0.519851578399413
0.519849835397361
0.5198480964561303
0.5198463615687376
0.5198446307281869
0.5198429039274693
0.5198411811595637
0.5198394624174356
0.5198377476940381
0.5198360369823114
0.519834330275182
0.5198326275655648
0.5198309288463603
0.5198292341104562
0.5198275433507277
0.5198258565600355
0.5198241737312281
0.5198224948571402
0.5198208199305929
0.5198191489443944
0.5198174818913386
0.5198158187642059
0.5198141595557637
0.5198125042587655
0.5198108528659505
0.5198092053700445
0.5198075617637593
0.5198059220397931
0.5198042861908296
0.5198026542095389
0.5198010260885769
0.5197994018205849
0.519797781398191
0.5197961648140081
0.5197945520606353
0.5197929431306574
0.5197913380166443
0.5197897367111525
0.5197881392067226
0.5197865454958818
0.5197849555711421
0.5197833694250011
0.5197817870499419
0.5197802084384322
0.5197786335829256
0.5197770624758605
0.5197754951096607
0.5197739314767345
0.5197723715694758
0.5197708153802633
0.5197692629014603
0.5197677141254159
0.5197661690444626
0.5197646276509194
0.5197630899370883
0.5197615558952574
0.5197600255176986
0.5197584987966688
0.5197569757244094
0.5197554562931465
0.5197539404950902
0.5197524283224353
0.519750919767361
0.5197494148220311
0.5197479134785932
0.5197464157291795
0.5197449215659066
0.5197434309808748
0.5197419439661688
0.5197404605138576
0.5197389806159938
0.5197375042646144
0.5197360314517404
0.5197345621693765
0.5197330964095113
0.5197316341641175
0.5197301754251517
0.5197287201845537
0.5197272684342479
0.5197258201661418
0.5197243753721267
0.5197229340440778
0.5197214961738533
0.5197200617532958
0.5197186307742307
0.5197172032284674
0.5197157791077988
0.5197143584040007
0.5197129411088326
0.5197115272140375
0.5197101167113413
0.519708709592454
0.5197073058490679
0.5197059054728591
0.5197045084554869
0.5197031147885932
0.519701724463804
0.5197003374727276
0.5196989538069556
0.5196975734580627
0.5196961964176064
0.5196948226771277
0.5196934522281496
0.5196920850621791
0.5196907211707055
0.5196893605452009
0.51968800317712
0.5196866490579013
0.5196852981789651
0.5196839505317147
0.5196826061075364
0.5196812648977986
0.519679926893853
0.5196785920870335
0.5196772604686569
0.5196759320300223
0.5196746067624114
0.5196732846570888
0.5196719657053008
0.5196706498982773
0.5196693372272294
0.5196680276833517
0.5196667212578208
0.5196654179417952
0.5196641177264165
0.5196628206028084
0.5196615265620766
0.5196602355953095
0.5196589476935776
0.5196576628479334
0.5196563810494119
0.5196551022890306
0.5196538265577884
0.5196525538466666
0.5196512841466295
0.5196500174486224
0.5196487537435732
0.5196474930223915
0.5196462352759698
0.5196449804951817
0.5196437286708833
0.5196424797939125
0.5196412338550895
0.5196399908452161
0.5196387507550762
0.5196375135754356
0.5196362792970421
0.5196350479106254
0.5196338194068968
0.5196325937765497
0.5196313710102595
0.5196301510986829
0.5196289340324591
0.5196277198022085
0.5196265083985335
0.5196252998120185
0.5196240940332293
0.5196228910527138
0.519621690861001
0.5196204934486024
0.5196192988060109
0.5196181069237008
0.5196169177921282
0.5196157314017311
0.5196145477429291
0.5196133668061231
0.5196121885816962
0.5196110130600124
0.5196098402314182
0.5196086700862408
0.5196075026147894
0.5196063378073548
0.5196051756542093
0.5196040161456068
0.5196028592717827
0.5196017050229539
0.5196005533893189
0.5195994043610578
0.5195982579283318
0.5195971140812843
0.5195959728100396
0.5195948341047034
0.5195936979553638
0.5195925643520892
0.5195914332849302
0.5195903047439189
0.5195891787190681
0.519588055200373
0.5195869341778098
0.5195858156413359
0.5195846995808905
0.5195835859863942
0.519582474847749
0.5195813661548379
0.519580259897526
0.5195791560656593
0.5195780546490657
0.5195769556375541
0.5195758590209145
0.5195747647889194
0.5195736729313214
0.5195725834378554
0.5195714962982371
0.5195704115021642
0.5195693290393155
0.519568248899351
0.5195671710719121
0.5195660955466224
0.5195650223130854
0.5195639513608872
0.5195628826795952
0.5195618162587574
0.519560752087904
0.519559690156546
0.5195586304541763
0.5195575729702688
0.5195565176942791
0.5195554646156442
0.519554413723782
0.5195533650080921
0.519552318457956
0.5195512740627358
0.5195502318117755
0.5195491916944002
0.5195481536999171
0.5195471178176138
0.5195460840367601
0.5195450523466068
0.5195440227363864
0.5195429951953128
0.5195419697125812
0.5195409462773685
0.5195399248788326
0.5195389055061135
0.519537888148332
0.5195368727945908
0.5195358594339743
0.5195348480555475
0.5195338386483578
0.5195328312014336
0.5195318257037851
0.5195308221444035
0.5195298205122625
0.5195288207963162
0.5195278229855012
0.5195268270687345
0.5195258330349163
0.5195248408729268
0.5195238505716284
0.5195228621198654
0.5195218755064634
0.5195208907202291
0.5195199077499519
0.519518926584402
0.5195179472123311
0.5195169696224734
0.5195159938035441
0.51951501974424
0.5195140474332401
0.5195130768592049
0.5195121080107762
0.5195111408765779
0.5195101754452156
0.5195092117052765
0.5195082496453298
0.5195072892539261
0.519506330519598
0.5195053734308601
0.5195044179762083
0.5195034641441209
0.5195025119230575
0.5195015613014597
0.5195006122677512
0.5194996648103375
0.5194987189176055
0.519497774577925
0.5194968317796467
0.5194958905111038
0.5194949507606111
0.5194940125164661
0.5194930757669474
0.5194921405003159
0.5194912067048149
0.5194902743686692
0.5194893434800858
0.5194884140272543
0.5194874859983455
0.5194865593815128
0.5194856341648918
0.5194847103365998
0.5194837878847369
0.5194828667973849
0.5194819470626076
0.5194810286684518
0.5194801116029457
0.5194791958541003
0.5194782814099087
0.5194773682583461
0.5194764563873701
0.5194755457849207
0.5194746364389204
0.5194737283372739
0.5194728214678682
0.5194719158185728
0.5194710113772395
0.5194701081317027
0.5194692060697794
0.5194683051792689
0.5194674054479528
0.5194665068635955
0.5194656094139444
0.5194647130867285
0.5194638178696599
0.5194629237504338
0.5194620307167267
0.5194611387561995
0.5194602478564946
0.5194593580052371
0.5194584691900358
0.519457581398481
0.5194566946181467
0.5194558088365892
0.5194549240413482
0.5194540402199457
0.5194531573598866
0.5194522754486591
0.5194513944737339
0.5194505144225647
0.5194496352825889
0.5194487570412256
0.5194478796858781
0.5194470032039321
0.5194461275827564
0.5194452528097036
0.5194443788721081
0.5194435057572887
0.519442633452547
0.5194417619451674
0.5194408912224179
0.5194400212715498
0.5194391520797976
0.5194382836343792
0.5194374159224953
0.5194365489313306
0.5194356826480531
0.519434817059814
0.519433952153748
0.5194330879169733
0.5194322243365918
0.5194313613996884
0.519430499093332
0.5194296374045755
0.5194287763204541
0.5194279158279881
0.5194270559141801
0.5194261965660179
0.5194253377704716
0.5194244795144959
0.5194236217850291
0.5194227645689934
0.5194219078532945
0.5194210516248224
0.5194201958704505
0.5194193405770369
0.5194184857314229
0.5194176313204341
0.5194167773308802
0.519415923749555
0.5194150705632361
0.5194142177586855
0.5194133653226489
0.5194125132418568
0.5194116615030235
0.5194108100928478
0.5194099589980126
0.5194091082051848
0.5194082577010164
0.5194074074721431
0.5194065575051849
0.5194057077867471
0.5194048583034185
0.5194040090417729
0.5194031599883687
0.5194023111297484
0.5194014624524395
0.5194006139429539
0.5193997655877884
0.5193989173734243
0.5193980692863274
0.5193972213129486
0.5193963734397236
0.5193955256530727
0.5193946779394013
0.5193938302850994
0.5193929826765418
0.5193921351000891
0.519391287542086
0.5193904399888623
0.5193895924267331
0.5193887448419989
0.5193878972209449
0.5193870495498414
0.519386201814944
0.5193853540024935
0.5193845060987162
0.5193836580898235
0.5193828099620124
0.5193819617014639
0.5193811132943469
0.5193802647268134
0.5193794159850021
0.519378567055037
0.5193777179230277
0.5193768685750686
0.5193760189972408
0.5193751691756106
0.5193743190962297
0.5193734687451362
0.5193726181083529
0.5193717671718896
0.5193709159217412
0.5193700643438883
0.5193692124242983
0.5193683601489232
0.5193675075037022
0.51936665447456
0.5193658010474074
0.5193649472081409
0.5193640929426435
0.5193632382367849
0.5193623830764197
0.51936152744739
0.5193606713355231
0.5193598147266332
0.519358957606521
0.5193580999609729
0.5193572417757626
0.5193563830366494
0.5193555237293797
0.519354663839686
0.5193538033532876
0.5193529422558906
0.5193520805331869
0.5193512181708562
0.5193503551545642
0.5193494914699637
0.5193486271026936
0.5193477620383807
0.5193468962626377
0.5193460297610651
0.5193451625192496
0.519344294522765
0.5193434257571723
0.5193425562080198
0.5193416858608424
0.5193408147011624
0.5193399427144892
0.5193390698863194
0.519338196202137
0.5193373216474131
0.5193364462076062
0.5193355698681623
0.5193346926145146
0.5193338144320838
0.5193329353062781
0.5193320552224934
0.5193311741661129
0.5193302921225071
0.5193294090770355
0.5193285250150437
0.5193276399218657
0.5193267537828231
0.5193258665832259
0.5193249783083707
0.5193240889435435
0.5193231984740172
0.5193223068850527
0.5193214141618994
0.5193205202897941
0.5193196252539624
0.5193187290396174
0.5193178316319609
0.5193169330161821
0.5193160331774594
0.5193151321009593
0.5193142297718352
0.5193133261752312
0.5193124212962781
0.5193115151200957
0.5193106076317919
0.519309698816464
0.5193087886591968
0.5193078771450648
0.5193069642591301
0.5193060499864438
0.5193051343120462
0.519304217220966
0.5193032986982205
0.5193023787288162
0.5193014572977483
0.5193005343900011
0.5192996099905476
0.5192986840843498
0.5192977566563594
0.5192968276915161
0.5192958971747497
0.5192949650909787
0.5192940314251111
0.5192930961620433
0.5192921592866624
0.5192912207838437
0.5192902806384523
0.5192893388353427
0.5192883953593589
0.5192874501953344
0.5192865033280918
0.519285554742444
0.5192846044231931
0.5192836523551312
0.5192826985230393
0.5192817429116892
0.5192807855058417
0.5192798262902476
0.5192788652496482
0.5192779023687739
0.5192769376323452
0.5192759710250728
0.5192750025316577
0.5192740321367905
0.5192730598251518
0.5192720855814131
0.5192711093902355
0.5192701312362704
0.5192691511041596
0.5192681689785351
0.5192671848440197
0.5192661986852259
0.5192652104867577
0.5192642202332081
0.5192632279091618
0.5192622334991941
0.5192612369878702
0.5192602383597463
0.5192592375993696
0.5192582346912779
0.5192572296199989
0.5192562223700528
0.5192552129259489
0.519254201272189
0.5192531873932649
0.5192521712736594
0.5192511528978471
0.5192501322502927
0.5192491093154523
0.5192480840777738
0.5192470565216956
0.5192460266316475
0.519244994392051
0.5192439597873182
0.5192429228018531
0.5192418834200511
0.5192408416262988
0.5192397974049747
0.5192387507404481
0.5192377016170808
0.5192366500192255
0.5192355959312269
0.5192345393374216
0.5192334802221376
0.5192324185696945
0.5192313543644044
0.5192302875905708
0.5192292182324891
0.519228146274447
0.5192270717007241
0.5192259944955914
0.519224914643313
0.5192238321281445
0.5192227469343339
0.519221659046121
0.5192205684477389
0.5192194751234115
0.5192183790573561
0.5192172802337824
0.5192161786368918
0.5192150742508789
0.5192139670599301
0.5192128570482253
0.519211744199936
0.5192106284992267
0.5192095099302553
0.5192083884771711
0.519207264124117
0.5192061368552284
0.5192050066546341
0.5192038735064548
0.519202737394805
0.5192015983037919
0.5192004562175152
0.5191993111200688
0.5191981629955383
0.5191970118280037
0.5191958576015373
0.519194700300205
0.5191935399080658
0.5191923764091726
0.5191912097875706
0.519190040027299
0.5191888671123907
0.5191876910268713
0.5191865117547609
0.5191853292800723
0.5191841435868123
0.519182954658981
0.5191817624805728
0.5191805670355756
0.5191793683079704
0.5191781662817329
0.5191769609408322
0.5191757522692315
0.519174540250888
0.5191733248697522
0.5191721061097696
0.519170883954879
0.5191696583890137
0.5191684293961012
0.5191671969600627
0.5191659610648142
0.5191647216942654
0.5191634788323215
0.5191622324628801
0.519160982569835
0.5191597291370732
0.5191584721484774
0.5191572115879237
0.5191559474392833
0.5191546796864218
0.5191534083131996
0.5191521333034719
0.5191508546410885
0.5191495723098936
0.5191482862937269
0.5191469965764227
0.5191457031418099
0.5191444059737124
0.5191431050559497
0.5191418003723358
0.5191404919066798
0.5191391796427859
0.5191378635644535
0.5191365436554775
0.5191352198996471
0.519133892280748
0.5191325607825605
0.5191312253888605
0.519129886083419
0.5191285428500028
0.5191271956723739
0.5191258445342899
0.5191244894195045
0.5191231303117662
0.5191217671948195
0.5191204000524046
0.5191190288682574
0.5191176536261101
0.5191162743096895
0.5191148909027198
0.5191135033889196
0.5191121117520043
0.5191107159756857
0.5191093160436704
0.5191079119396621
0.5191065036473603
0.5191050911504604
0.5191036744326545
0.5191022534776303
0.5191008282690726
0.5190993987906617
0.5190979650260747
0.5190965269589852
0.5190950845730632
0.5190936378519747
0.5190921867793827
0.519090731338947
0.5190892715143234
0.5190878072891648
0.5190863386471207
0.5190848655718372
0.5190833880469572
0.5190819060561209
0.5190804195829646
0.5190789286111221
0.5190774331242239
0.5190759331058976
0.5190744285397678
0.5190729194094559
0.519071405698581
0.5190698873907588
0.5190683644696027
0.5190668369187227
0.519065304721727
0.5190637678622199
0.5190622263238045
0.51906068009008
0.519059129144644
0.5190575734710913
0.5190560130530137
0.5190544478740017
0.5190528779176421
0.5190513031675204
0.5190497236072195
0.5190481392203199
0.5190465499903999
0.5190449559010359
0.519043356935802
0.5190417530782698
0.5190401443120098
0.5190385306205898
0.5190369119875756
0.5190352883965313
0.5190336598310196
0.5190320262746001
0.5190303877108321
0.5190287441232723
0.5190270954954754
0.5190254418109954
0.5190237830533841
0.5190221192061915
0.5190204502529665
0.5190187761772563
0.5190170969626069
0.5190154125925623
0.5190137230506661
0.5190120283204596
0.519010328385483
0.5190086232292761
0.5190069128353764
0.5190051971873209
0.519003476268645
0.5190017500628838
0.5190000185535709
0.5189982817242385
0.5189965395584184
0.5189947920396416
0.5189930391514379
0.5189912808773364
0.5189895172008652
0.5189877481055523
0.5189859735749245
0.5189841935925079
0.5189824081418282
0.5189806172064102
0.5189788207697791
0.5189770188154588
0.5189752113269727
0.5189733982878442
0.5189715796815964
0.5189697554917514
0.5189679257018325
0.5189660902953608
0.518964249255859
0.5189624025668488
0.5189605502118516
0.5189586921743895
0.5189568284379842
0.5189549589861572
0.51895308380243
0.5189512028703253
0.5189493161733646
0.5189474236950706
0.5189455254189657
0.5189436213285729
0.5189417114074152
0.5189397956390162
0.5189378740069002
0.5189359464945916
0.5189340130856152
0.5189320737634968
0.5189301285117625
0.5189281773139393
0.5189262201535543
0.5189242570141359
0.5189222878792134
0.5189203127323163
0.5189183315569754
0.5189163443367224
0.5189143510550899
0.5189123516956112
0.5189103462418211
0.5189083346772552
0.5189063169854503
0.5189042931499447
0.518902263154277
0.5189002269819881
0.5188981846166196
0.5188961360417146
0.5188940812408177
0.5188920201974748
0.5188899528952331
0.5188878793176417
0.5188857994482513
0.518883713270614
0.5188816207682833
0.5188795219248148
0.518877416723766
0.5188753051486955
0.5188731871831644
0.5188710628107357
0.518868932014974
0.5188667947794454
0.5188646510877192
0.518862500923366
0.5188603442699586
0.5188581811110722
0.5188560114302835
0.5188538352111725
0.5188516524373206
0.5188494630923123
0.5188472671597335
0.5188450646231736
0.5188428554662237
0.5188406396724778
0.5188384172255321
0.5188361881089861
0.5188339523064412
0.5188317098015021
0.5188294605777756
0.5188272046188717
0.5188249419084037
0.5188226724299868
0.51882039616724
0.5188181131037845
0.5188158232232454
0.5188135265092502
0.5188112229454294
0.5188089125154176
0.5188065952028518
0.5188042709913723
0.5188019398646231
0.5187996018062515
0.5187972567999078
0.518794904829246
0.5187925458779236
0.5187901799296017
0.5187878069679452
0.5187854269766221
0.5187830399393044
0.5187806458396679
0.518778244661392
0.51877583638816
0.5187734210036592
0.5187709984915809
0.51876856883562
0.5187661320194754
0.5187636880268507
0.518761236841453
0.5187587784469943
0.5187563128271897
0.5187538399657594
0.518751359846428
0.5187488724529236
0.5187463777689797
0.5187438757783338
0.5187413664647279
0.5187388498119088
0.5187363258036275
0.5187337944236401
0.5187312556557071
0.5187287094835941
0.5187261558910712
0.5187235948619133
0.5187210263799003
0.5187184504288174
0.5187158669924543
0.5187132760546064
0.5187106775990734
0.5187080716096608
0.518705458070179
0.5187028369644437
0.5187002082762763
0.5186975719895031
0.5186949280879556
0.5186922765554718
0.5186896173758941
0.518686950533071
0.5186842760108566
0.5186815937931107
0.5186789038636987
0.5186762062064919
0.5186735008053673
0.5186707876442078
0.5186680667069028
0.5186653379773466
0.5186626014394402
0.518659857077091
0.5186571048742119
0.5186543448147223
0.5186515768825478
0.5186488010616207
0.5186460173358788
0.5186432256892672
0.518640426105737
0.5186376185692458
0.5186348030637578
0.5186319795732445
0.5186291480816829
0.5186263085730575
0.5186234610313595
0.5186206054405867
0.5186177417847444
0.5186148700478441
0.5186119902139049
0.5186091022669528
0.5186062061910202
0.5186033019701479
0.5186003895883835
0.5185974690297814
0.5185945402784037
0.5185916033183202
0.5185886581336074
0.5185857047083506
0.5185827430266409
0.5185797730725785
0.5185767948302704
0.5185738082838321
0.5185708134173865
0.5185678102150642
0.5185647986610038
0.5185617787393522
0.5185587504342638
0.5185557137299012
0.5185526686104358
0.5185496150600463
0.5185465530629202
0.5185434826032531
0.5185404036652493
0.518537316233121
0.5185342202910895
0.518531115823384
0.5185280028142429
0.5185248812479128
0.5185217511086494
0.518518612380717
0.5185154650483891
0.5185123090959474
0.5185091445076829
0.5185059712678963
0.5185027893608963
0.5184995987710017
0.5184963994825397
0.5184931914798474
0.5184899747472709
0.5184867492691656
0.5184835150298971
0.5184802720138395
0.5184770202053771
0.5184737595889037
0.518470490148823
0.5184672118695483
0.5184639247355022
0.5184606287311185
0.5184573238408395
0.5184540100491186
0.5184506873404191
0.5184473556992137
0.5184440151099862
0.5184406655572303
0.5184373070254502
0.5184339394991602
0.5184305629628851
0.518427177401161
0.5184237827985333
0.5184203791395593
0.5184169664088063
0.5184135445908526
0.5184101136702874
0.5184066736317107
0.5184032244597336
0.5183997661389784
0.5183962986540783
0.5183928219896778
0.5183893361304324
0.5183858410610094
0.5183823367660872
0.5183788232303559
0.5183753004385167
0.5183717683752828
0.5183682270253785
0.518364676373541
0.5183611164045181
0.5183575471030697
0.5183539684539686
0.5183503804419982
0.518346783051955
0.5183431762686475
0.5183395600768955
0.5183359344615327
0.5183322994074038
0.5183286548993664
0.5183250009222908
0.5183213374610596
0.518317664500568
0.5183139820257244
0.5183102900214495
0.5183065884726767
0.5183028773643529
0.5182991566814377
0.5182954264089037
0.5182916865317366
0.5182879370349359
0.5182841779035138
0.5182804091224955
0.5182766306769211
0.5182728425518425
0.5182690447323259
0.5182652372034517
0.5182614199503134
0.5182575929580185
0.5182537562116882
0.518249909696458
0.518246053397477
0.5182421872999087
0.5182383113889308
0.5182344256497353
0.5182305300675285
0.5182266246275308
0.5182227093149774
0.5182187841151181
0.5182148490132172
0.5182109039945539
0.5182069490444221
0.5182029841481304
0.5181990092910026
0.5181950244583775
0.5181910296356089
0.5181870248080659
0.5181830099611328
0.5181789850802093
0.5181749501507107
0.5181709051580675
0.5181668500877259
0.5181627849251477
0.5181587096558109
0.5181546242652085
0.5181505287388501
0.5181464230622616
0.5181423072209835
0.5181381812005741
0.5181340449866071
0.5181298985646726
0.5181257419203773
0.5181215750393444
0.5181173979072133
0.5181132105096404
0.5181090128322989
0.5181048048608783
0.5181005865810858
0.5180963579786452
0.5180921190392968
0.5180878697487991
0.5180836100929271
0.5180793400574736
0.5180750596282483
0.518070768791079
0.5180664675318107
0.5180621558363061
0.5180578336904456
0.5180535010801278
0.5180491579912692
0.5180448044098036
0.5180404403216838
0.5180360657128803
0.5180316805693821
0.5180272848771965
0.5180228786223493
0.5180184617908848
0.5180140343688661
0.5180095963423746
0.518005147697511
0.5180006884203949
0.5179962184971647
0.5179917379139776
0.5179872466570108
0.5179827447124598
0.5179782320665404
0.5179737087054871
0.5179691746155546
0.5179646297830167
0.5179600741941672
0.5179555078353197
0.5179509306928078
0.5179463427529851
0.517941744002225
0.5179371344269217
0.5179325140134887
0.5179278827483613
0.517923240617994
0.5179185876088627
0.5179139237074635
0.5179092489003136
0.517904563173951
0.5178998665149341
0.5178951589098437
0.5178904403452804
0.5178857108078664
0.517880970284246
0.5178762187610837
0.517871456225067
0.5178666826629038
0.5178618980613243
0.5178571024070806
0.5178522956869466
0.517847477887718
0.5178426489962134
0.5178378089992727
0.5178329578837588
0.517828095636557
0.5178232222445747
0.5178183376947423
0.517813441974013
0.5178085350693629
0.5178036169677904
0.5177986876563178
0.5177937471219899
0.5177887953518755
0.517783832333066
0.5177788580526768
0.5177738724978463
0.5177688756557373
0.5177638675135356
0.5177588480584518
0.5177538172777196
0.5177487751585973
0.5177437216883674
0.5177386568543361
0.5177335806438348
0.5177284930442192
0.5177233940428693
0.5177182836271902
0.5177131617846117
0.5177080285025883
0.5177028837686
0.5176977275701513
0.5176925598947733
0.5176873807300209
0.5176821900634752
0.517676987882743
0.5176717741754565
0.5176665489292742
0.5176613121318803
0.5176560637709844
0.5176508038343234
0.5176455323096594
0.5176402491847816
0.5176349544475048
0.5176296480856719
0.517624330087151
0.517619000439838
0.5176136591316548
0.5176083061505514
0.5176029414845043
0.5175975651215173
0.5175921770496218
0.5175867772568767
0.5175813657313684
0.5175759424612107
0.5175705074345458
0.5175650606395439
0.5175596020644028
0.5175541316973487
0.517548649526636
0.5175431555405479
0.5175376497273957
0.5175321320755196
0.5175266025732885
0.5175210612091002
0.5175155079713818
0.5175099428485888
0.5175043658292067
0.5174987769017498
0.5174931760547624
0.5174875632768184
0.5174819385565207
0.5174763018825029
0.517470653243428
0.5174649926279893
0.5174593200249105
0.5174536354229454
0.517447938810878
0.5174422301775236
0.5174365095117277
0.5174307768023663
0.517425032038347
0.5174192752086085
0.5174135063021198
0.5174077253078821
0.517401932214928
0.5173961270123211
0.517390309689157
0.5173844802345631
0.5173786386376988
0.5173727848877554
0.5173669189739568
0.5173610408855587
0.5173551506118493
0.5173492481421498
0.5173433334658137
0.5173374065722274
0.5173314674508103
0.5173255160910146
0.5173195524823266
0.5173135766142649
0.5173075884763819
0.5173015880582639
0.5172955753495304
0.5172895503398351
0.517283513018866
0.5172774633763444
0.5172714014020263
0.5172653270857023
0.5172592404171966
0.5172531413863696
0.517247029983115
0.5172409061973621
0.5172347700190747
0.5172286214382527
0.5172224604449303
0.5172162870291775
0.5172101011811006
0.5172039028908402
0.5171976921485737
0.5171914689445141
0.5171852332689106
0.517178985112049
0.5171727244642507
0.517166451315874
0.5171601656573143
0.5171538674790028
0.5171475567714081
0.5171412335250366
0.5171348977304304
0.5171285493781699
0.5171221884588727
0.5171158149631943
0.5171094288818273
0.5171030302055026
0.517096618924989
0.5170901950310939
0.517083758514662
0.5170773093665775
0.5170708475777621
0.5170643731391773
0.5170578860418222
0.5170513862767365
0.5170448738349973
0.5170383487077223
0.5170318108860678
0.51702526036123
0.5170186971244446
0.5170121211669872
0.5170055324801739
0.5169989310553595
0.5169923168839408
0.5169856899573539
0.5169790502670755
0.5169723978046235
0.5169657325615559
0.5169590545294724
0.5169523637000135
0.516945660064861
0.5169389436157379
0.5169322143444086
0.51692547224268
0.5169187173024004
0.5169119495154595
0.5169051688737898
0.5168983753693664
0.5168915689942059
0.5168847497403677
0.5168779175999544
0.5168710725651111
0.5168642146280262
0.5168573437809305
0.5168504600160992
0.5168435633258499
0.5168366537025447
0.5168297311385885
0.5168227956264311
0.5168158471585655
0.5168088857275294
0.5168019113259045
0.5167949239463172
0.5167879235814387
0.5167809102239845
0.5167738838667155
0.5167668445024373
0.516759792124001
0.5167527267243033
0.5167456482962858
0.516738556832936
0.5167314523272879
0.5167243347724205
0.5167172041614598
0.5167100604875773
0.5167029037439916
0.5166957339239677
0.5166885510208168
0.5166813550278979
0.5166741459386169
0.5166669237464261
0.516659688444826
0.5166524400273641
0.516645178487636
0.516637903819285
0.5166306160160019
0.5166233150715264
0.5166160009796458
0.5166086737341963
0.5166013333290623
0.5165939797581773
0.5165866130155232
0.516579233095132
0.5165718399910836
0.516564433697508
0.5165570142085849
0.516549581518543
0.5165421356216615
0.516534676512269
0.5165272041847445
0.5165197186335175
0.5165122198530677
0.5165047078379255
0.5164971825826719
0.5164896440819391
0.5164820923304103
0.5164745273228198
0.5164669490539535
0.5164593575186485
0.5164517527117938
0.5164441346283307
0.5164365032632516
0.5164288586116021
0.5164212006684796
0.5164135294290337
0.5164058448884672
0.5163981470420355
0.5163904358850471
0.5163827114128631
0.5163749736208989
0.5163672225046221
0.5163594580595549
0.5163516802812729
0.5163438891654056
0.516336084707637
0.5163282669037045
0.5163204357494002
0.5163125912405715
0.5163047333731194
0.5162968621430004
0.5162889775462263
0.5162810795788635
0.516273168237034
0.5162652435169153
0.5162573054147408
0.5162493539267992
0.5162413890494358
0.5162334107790516
0.5162254191121043
0.5162174140451078
0.5162093955746326
0.5162013636973061
0.5161933184098129
0.5161852597088941
0.5161771875913488
0.5161691020540327
0.5161610030938601
0.5161528907078028
0.5161447648928891
0.5161366256462074
0.5161284729649032
0.516120306846181
0.5161121272873033
0.5161039342855912
0.5160957278384254
0.5160875079432452
0.5160792745975491
0.5160710277988949
0.5160627675449003
0.5160544938332424
0.516046206661658
0.5160379060279441
0.5160295919299576
0.5160212643656161
0.5160129233328978
0.5160045688298408
0.5159962008545448
0.5159878194051699
0.5159794244799377
0.515971016077131
0.5159625941950937
0.5159541588322314
0.5159457099870123
0.5159372476579651
0.515928771843682
0.5159202825428164
0.5159117797540846
0.5159032634762651
0.5158947337081996
0.5158861904487922
0.5158776336970106
0.5158690634518849
0.5158604797125094
0.5158518824780413
0.5158432717477017
0.5158346475207757
0.5158260097966121
0.515817358574624
0.5158086938542886
0.5158000156351479
0.5157913239168085
0.5157826186989413
0.5157738999812826
0.5157651677636339
0.5157564220458615
0.5157476628278971
0.5157388901097387
0.5157301038914492
0.5157213041731581
0.5157124909550599
0.5157036642374163
0.515694824020555
0.5156859703048702
0.5156771030908226
0.51566822237894
0.5156593281698171
0.5156504204641155
0.5156414992625644
0.5156325645659602
0.5156236163751671
0.5156146546911169
0.5156056795148093
0.5155966908473121
0.5155876886897612
0.5155786730433612
0.515569643909385
0.5155606012891739
0.5155515451841381
0.5155424755957575
0.5155333925255804
0.5155242959752243
0.5155151859463765
0.515506062440794
0.5154969254603029
0.5154877750067998
0.515478611082251
0.5154694336886932
0.5154602428282333
0.5154510385030487
0.5154418207153875
0.5154325894675681
0.5154233447619809
0.5154140866010865
0.5154048149874165
0.5153955299235752
0.5153862314122366
0.5153769194561478
0.5153675940581273
0.5153582552210652
0.5153489029479241
0.5153395372417389
0.5153301581056164
0.5153207655427364
0.5153113595563513
0.5153019401497863
0.5152925073264396
0.5152830610897823
0.5152736014433589
0.5152641283907874
0.5152546419357591
0.5152451420820395
0.5152356288334673
0.5152261021939551
0.5152165621674903
0.5152070087581343
0.5151974419700223
0.5151878618073645
0.515178268274446
0.5151686613756261
0.5151590411153394
0.5151494074980956
0.5151397605284792
0.5151301002111507
0.5151204265508452
0.5151107395523744
0.5151010392206249
0.5150913255605598
0.5150815985772175
0.5150718582757131
0.5150621046612379
0.5150523377390592
0.5150425575145218
0.5150327639930459
0.5150229571801292
0.5150131370813466
0.5150033037023489
0.5149934570488655
0.5149835971267017
0.5149737239417418
0.5149638374999461
0.5149539378073537
0.5149440248700806
0.5149340986943215
0.5149241592863489
0.5149142066525134
0.5149042407992434
0.5148942617330466
0.5148842694605088
0.5148742639882944
0.5148642453231467
0.5148542134718876
0.5148441684414184
0.5148341102387194
0.5148240388708502
0.5148139543449491
0.5148038566682348
0.5147937458480052
0.5147836218916375
0.5147734848065895
0.5147633346003984
0.5147531712806812
0.5147429948551355
0.5147328053315389
0.5147226027177497
0.514712387021706
0.5147021582514273
0.514691916415013
0.5146816615206433
0.5146713935765804
0.5146611125911659
0.5146508185728237
0.5146405115300581
0.5146301914714551
0.514619858405682
0.5146095123414879
0.5145991532877026
0.5145887812532384
0.5145783962470892
0.5145679982783304
0.5145575873561201
0.5145471634896973
0.5145367266883843
0.5145262769615853
0.5145158143187865
0.5145053387695565
0.5144948503235469
0.5144843489904917
0.5144738347802071
0.5144633077025926
0.5144527677676309
0.5144422149853867
0.5144316493660079
0.5144210709197259
0.5144104796568556
0.514399875587794
0.5143892587230227
0.5143786290731056
0.5143679866486907
0.5143573314605097
0.5143466635193771
0.5143359828361925
0.5143252894219379
0.5143145832876794
0.514303864444568
0.5142931329038375
0.5142823886768063
0.514271631774877
0.5142608622095362
0.5142500799923543
0.5142392851349868
0.5142284776491733
0.5142176575467376
0.514206824839588
0.5141959795397174
0.5141851216592036
0.5141742512102083
0.5141633682049788
0.5141524726558466
0.5141415645752279
0.514130643975624
0.514119710869621
0.5141087652698904
0.5140978071891876
0.5140868366403543
0.5140758536363164
0.514064858190085
0.5140538503147569
0.5140428300235135
0.5140317973296219
0.5140207522464338
0.5140096947873872
0.5139986249660043
0.5139875427958936
0.5139764482907484
0.5139653414643479
0.5139542223305562
0.5139430909033231
0.5139319471966841
0.5139207912247602
0.5139096230017577
0.5138984425419683
0.51388724985977
0.5138760449696259
0.5138648278860846
0.5138535986237804
0.5138423571974337
0.5138311036218497
0.5138198379119201
0.5138085600826219
0.5137972701490175
0.5137859681262554
0.5137746540295697
0.5137633278742801
0.5137519896757916
0.5137406394495958
0.5137292772112692
0.5137179029764738
0.513706516760958
0.5136951185805557
0.513683708451186
0.5136722863888536
0.5136608524096496
0.5136494065297497
0.5136379487654159
0.5136264791329955
0.513614997648921
0.513603504329711
0.5135919991919697
0.5135804822523857
0.5135689535277344
0.5135574130348755
0.5135458607907546
0.5135342968124027
0.5135227211169362
0.513511133721556
0.5134995346435489
0.5134879239002873
0.5134763015092276
0.5134646674879124
0.5134530218539686
0.5134413646251081
0.5134296958191287
0.5134180154539121
0.513406323547425
0.5133946201177195
0.5133829051829316
0.513371178761283
0.513359440871079
0.5133476915307097
0.5133359307586502
0.5133241585734598
0.5133123749937818
0.513300580038344
0.5132887737259585
0.5132769560755214
0.513265127106013
0.5132532868364974
0.5132414352861226
0.5132295724741206
0.5132176984198069
0.5132058131425805
0.5131939166619245
0.5131820089974048
0.5131700901686714
0.5131581601954566
0.5131462190975766
0.5131342668949302
0.5131223036074999
0.5131103292553498
0.5130983438586281
0.513086347437565
0.5130743400124724
0.5130623216037463
0.5130502922318637
0.5130382519173845
0.5130262006809498
0.5130141385432837
0.5130020655251912
0.5129899816475597
0.5129778869313574
0.5129657813976345
0.5129536650675224
0.5129415379622332
0.5129294001030605
0.5129172515113788
0.5129050922086427
0.5128929222163882
0.5128807415562309
0.5128685502498675
0.5128563483190743
0.5128441357857073
0.5128319126717032
0.5128196789990778
0.5128074347899261
0.5127951800664232
0.5127829148508224
0.512770639165457
0.5127583530327382
0.5127460564751565
0.5127337495152804
0.5127214321757575
0.5127091044793121
0.512696766448748
0.5126844181069453
0.5126720594768627
0.5126596905815359
0.5126473114440775
0.5126349220876775
0.5126225225356024
0.5126101128111951
0.5125976929378753
0.5125852629391385
0.5125728228385565
0.5125603726597763
0.5125479124265208
0.5125354421625882
0.5125229618918512
0.5125104716382587
0.5124979714258329
0.5124854612786707
0.5124729412209438
0.5124604112768969
0.5124478714708494
0.5124353218271934
0.5124227623703945
0.5124101931249917
0.5123976141155957
0.5123850253668907
0.512372426903633
0.5123598187506503
0.5123472009328425
0.5123345734751809
0.5123219364027082
0.5123092897405376
0.5122966335138531
0.5122839677479097
0.5122712924680317
0.5122586076996138
0.5122459134681203
0.5122332097990843
0.5122204967181085
0.5122077742508643
0.5121950424230911
0.5121823012605967
0.5121695507892569
0.5121567910350149
0.5121440220238812
0.5121312437819334
0.5121184563353158
0.5121056597102388
0.5120928539329789
0.5120800390298783
0.5120672150273449
0.5120543819518513
0.5120415398299353
0.5120286886881988
0.5120158285533081
0.512002959451993
0.511990081411047
0.5119771944573263
0.5119642986177507
0.5119513939193016
0.5119384803890229
0.5119255580540204
0.5119126269414609
0.5118996870785726
0.5118867384926441
0.5118737812110246
0.5118608152611229
0.5118478406704081
0.5118348574664078
0.511821865676709
0.5118088653289566
0.5117958564508547
0.5117828390701638
0.5117698132147027
0.511756778912347
0.5117437361910286
0.511730685078736
0.5117176256035131
0.5117045577934597
0.5116914816767302
0.5116783972815339
0.511665304636134
0.5116522037688478
0.5116390947080461
0.5116259774821523
0.5116128521196427
0.5115997186490453
0.5115865770989405
0.5115734274979593
0.5115602698747842
0.5115471042581476
0.5115339306768325
0.511520749159671
0.5115075597355446
0.5114943624333833
0.5114811572821655
0.5114679443109174
0.5114547235487124
0.5114414950246711
0.5114282587679605
0.511415014807793
0.5114017631734277
0.5113885038941677
0.5113752369993609
0.5113619625183996
0.5113486804807201
0.5113353909158009
0.511322093853164
0.5113087893223731
0.5112954773530343
0.5112821579747943
0.511268831217341
0.5112554971104017
0.5112421556837451
0.5112288069671777
0.5112154509905452
0.5112020877837318
0.5111887173766592
0.5111753397992866
0.5111619550816098
0.5111485632536605
0.5111351643455068
0.511121758387251
0.5111083454090312
0.5110949254410191
0.5110814985134196
0.5110680646564713
0.5110546239004446
0.5110411762756432
0.5110277218124006
0.5110142605410825
0.5110007924920843
0.5109873176958315
0.5109738361827787
0.5109603479834093
0.5109468531282348
0.5109333516477944
0.5109198435726543
0.5109063289334068
0.5108928077606708
0.51087928008509
0.5108657459373327
0.5108522053480918
0.5108386583480841
0.5108251049680484
0.5108115452387467
0.5107979791909626
0.5107844068555012
0.5107708282631876
0.510757243444868
0.5107436524314068
0.5107300552536886
0.5107164519426151
0.5107028425291065
0.5106892270440996
0.5106756055185476
0.5106619779834201
0.510648344469701
0.5106347050083898
0.5106210596304992
0.5106074083670554
0.5105937512490976
0.5105800883076769
0.5105664195738557
0.5105527450787077
0.5105390648533165
0.5105253789287751
0.5105116873361857
0.5104979901066584
0.5104842872713113
0.5104705788612695
0.5104568649076641
0.5104431454416319
0.5104294204943151
0.51041569009686
0.5104019542804161
0.5103882130761374
0.5103744665151781
0.5103607146286964
0.5103469574478496
0.5103331950037966
0.5103194273276954
0.5103056544507032
0.5102918764039754
0.5102780932186654
0.5102643049259228
0.5102505115568944
0.5102367131427218
0.5102229097145421
0.5102091013034862
0.5101952879406787
0.5101814696572368
0.5101676464842702
0.5101538184528794
0.5101399855941565
0.5101261479391825
0.5101123055190286
0.5100984583647541
0.5100846065074061
0.5100707499780193
0.5100568888076147
0.5100430230271983
0.5100291526677623
0.5100152777602821
0.5100013983357173
0.5099875144250103
0.5099736260590854
0.5099597332688476
0.509945836085184
0.5099319345389606
0.5099180286610223
0.5099041184821933
0.5098902040332752
0.5098762853450459
0.5098623624482603
0.5098484353736483
0.5098345041519147
0.5098205688137382
0.5098066293897705
0.5097926859106359
0.5097787384069304
0.5097647869092211
0.509750831448045
0.5097368720539086
0.5097229087572872
0.5097089415886238
0.5096949705783285
0.5096809957567776
0.5096670171543134
0.5096530348012434
0.5096390487278377
0.509625058964331
0.5096110655409202
0.5095970684877633
0.5095830678349802
0.5095690636126503
0.5095550558508123
0.509541044579464
0.509527029828561
0.5095130116280153
0.5094989900076958
0.5094849649974266
0.5094709366269864
0.5094569049261078
0.5094428699244765
0.5094288316517308
0.50941479013746
0.5094007454112042
0.5093866975024537
0.509372646440648
0.5093585922551739
0.5093445349753669
0.5093304746305087
0.5093164112498269
0.509302344862494
0.5092882754976271
0.5092742031842867
0.5092601279514759
0.5092460498281398
0.5092319688431642
0.5092178850253757
0.5092037984035396
0.5091897090063605
0.5091756168624803
0.5091615220004779
0.5091474244488694
0.5091333242361047
0.5091192213905689
0.5091051159405809
0.5090910079143927
0.5090768973401876
0.5090627842460812
0.5090486686601183
0.5090345506102749
0.5090204301244541
0.5090063072304878
0.5089921819561349
0.5089780543290807
0.5089639243769359
0.5089497921272359
0.5089356576074396
0.5089215208449294
0.5089073818670092
0.508893240700905
0.508879097373763
0.5088649519126485
0.5088508043445463
0.5088366546963593
0.5088225029949066
0.5088083492669248
0.5087941935390653
0.5087800358378942
0.508765876189892
0.5087517146214514
0.5087375511588778
0.5087233858283875
0.5087092186561077
0.5086950496680752
0.5086808788902348
0.5086667063484407
0.5086525320684532
0.5086383560759388
0.5086241783964702
0.5086099990555244
0.5085958180784815
0.5085816354906258
0.5085674513171428
0.5085532655831191
0.5085390783135426
0.5085248895333
0.5085106992671772
0.5084965075398574
0.5084823143759216
0.5084681197998465
0.5084539238360045
0.5084397265086623
0.5084255278419803
0.508411327860012
0.5083971265867024
0.5083829240458881
0.5083687202612963
0.508354515256543
0.5083403090551333
0.5083261016804599
0.5083118931558027
0.5082976835043272
0.5082834727490854
0.5082692609130119
0.5082550480189265
0.5082408340895315
0.5082266191474104
0.5082124032150285
0.5081981863147308
0.5081839684687425
0.5081697496991665
0.5081555300279841
0.5081413094770533
0.508127088068108
0.5081128658227574
0.5080986427624855
0.5080844189086495
0.508070194282479
0.5080559689050761
0.5080417427974138
0.508027515980335
0.5080132884745527
0.5079990603006475
0.5079848314790684
0.5079706020301311
0.5079563719740177
0.5079421413307746
0.5079279101203138
0.50791367836241
0.5078994460767008
0.5078852132826861
0.5078709799997265
0.507856746247043
0.5078425120437162
0.5078282774086849
0.5078140423607458
0.5077998069185529
0.5077855711006156
0.5077713349252999
0.507757098410825
0.5077428615752639
0.5077286244365434
0.5077143870124413
0.5077001493205873
0.5076859113784606
0.5076716732033913
0.5076574348125569
0.5076431962229835
0.5076289574515445
0.5076147185149587
0.5076004794297916
0.5075862402124524
0.5075720008791947
0.5075577614461148
0.5075435219291513
0.5075292823440847
0.5075150427065351
0.5075008030319639
0.5074865633356695
0.5074723236327904
0.5074580839383015
0.5074438442670143
0.5074296046335762
0.5074153650524699
0.5074011255380118
0.5073868861043517
0.5073726467654722
0.5073584075351877
0.5073441684271431
0.5073299294548144
0.5073156906315055
0.5073014519703506
0.5072872134843105
0.5072729751861732
0.5072587370885534
0.5072444992038905
0.5072302615444491
0.5072160241223171
0.5072017869494061
0.5071875500374493
0.5071733133980019
0.5071590770424391
0.5071448409819569
0.5071306052275698
0.5071163697901104
0.5071021346802297
0.5070878999083949
0.5070736654848886
0.5070594314198101
0.5070451977230722
0.5070309644044011
0.5070167314733363
0.5070024989392294
0.5069882668112435
0.5069740350983519
0.5069598038093379
0.5069455729527936
0.5069313425371195
0.5069171125705239
0.506902883061021
0.5068886540164319
0.5068744254443823
0.5068601973523024
0.5068459697474264
0.5068317426367906
0.5068175160272346
0.5068032899253981
0.5067890643377224
0.5067748392704485
0.5067606147296162
0.5067463907210634
0.5067321672504266
0.5067179443231377
0.5067037219444263
0.5066895001193159
0.5066752788526256
0.506661058148968
0.5066468380127483
0.506632618448165
0.5066183994592073
0.5066041810496555
0.5065899632230804
0.5065757459828416
0.5065615293320879
0.5065473132737551
0.5065330978105674
0.506518882945034
0.5065046686794505
0.5064904550158978
0.50647624195624
0.5064620295021253
0.5064478176549844
0.5064336064160296
0.5064193957862552
0.5064051857664356
0.5063909763571247
0.5063767675586562
0.5063625593711409
0.5063483517944684
0.506334144828304
0.50631993847209
0.5063057327250438
0.5062915275861575
0.5062773230541968
0.5062631191277011
0.5062489158049818
0.506234713084122
0.5062205109629764
0.5062063094391698
0.5061921085100959
0.5061779081729183
0.5061637084245679
0.5061495092617436
0.5061353106809106
0.5061211126783001
0.5061069152499083
0.5060927183914967
0.5060785220985902
0.5060643263664766
0.5060501311902059
0.5060359365645907
0.5060217424842033
0.5060075489433771
0.5059933559362045
0.5059791634565373
0.5059649714979846
0.5059507800539134
0.505936589117447
0.5059223986814647
0.5059082087386014
0.5058940192812459
0.5058798303015413
0.5058656417913829
0.5058514537424199
0.5058372661460513
0.5058230789934287
0.5058088922754523
0.5057947059827733
0.5057805201057904
0.5057663346346514
0.5057521495592506
0.5057379648692297
0.5057237805539757
0.505709596602621
0.5056954130040426
0.505681229746861
0.5056670468194403
0.5056528642098865
0.505638681906047
0.5056244998955108
0.5056103181656066
0.5055961367034028
0.5055819554957063
0.5055677745290622
0.5055535937897531
0.5055394132637978
0.5055252329369516
0.5055110527947043
0.5054968728222804
0.5054826930046383
0.505468513326469
0.5054543337721966
0.5054401543259759
0.5054259749716926
0.505411795692963
0.5053976164731327
0.5053834372952756
0.5053692581421939
0.5053550789964167
0.5053408998401999
0.5053267206555248
0.5053125414240978
0.5052983621273498
0.5052841827464354
0.5052700032622315
0.5052558236553373
0.5052416439060734
0.5052274639944809
0.5052132839003212
0.505199103603074
0.5051849230819381
0.5051707423158299
0.5051565612833825
0.5051423799629449
0.5051281983325818
0.5051140163700727
0.5050998340529109
0.5050856513583026
0.5050714682631666
0.5050572847441335
0.5050431007775447
0.5050289163394514
0.5050147314056143
0.5050005459515032
0.5049863599522951
0.5049721733828745
0.5049579862178317
0.504943798431463
0.5049296099977696
0.5049154208904562
0.5049012310829303
0.5048870405483032
0.5048728492593867
0.5048586571886938
0.5048444643084377
0.5048302705905302
0.5048160760065827
0.5048018805279033
0.5047876841254979
0.5047734867700673
0.5047592884320085
0.5047450890814129
0.5047308886880653
0.5047166872214429
0.5047024846507164
0.5046882809447464
0.5046740760720843
0.504659870000971
0.5046456626993364
0.504631454134798
0.5046172442746608
0.5046030330859158
0.5045888205352392
0.504574606588992
0.5045603912132194
0.5045461743736481
0.5045319560356886
0.5045177361644312
0.5045035147246467
0.5044892916807863
0.5044750669969784
0.5044608406370301
0.5044466125644247
0.5044323827423216
0.5044181511335557
0.5044039177006354
0.5043896824057427
0.5043754452107317
0.5043612060771284
0.5043469649661291
0.5043327218385995
0.5043184766550746
0.5043042293757564
0.5042899799605148
0.5042757283688849
0.5042614745600669
0.5042472184929253
0.5042329601259877
0.504218699417444
0.5042044363251449
0.5041901708066014
0.5041759028189847
0.5041616323191234
0.5041473592635033
0.5041330836082677
0.5041188053092143
0.5041045243217956
0.5040902406011175
0.5040759541019381
0.5040616647786674
0.504047372585365
0.5040330774757409
0.5040187794031521
0.5040044783206042
0.5039901741807487
0.5039758669358816
0.5039615565379438
0.5039472429385196
0.5039329260888344
0.5039186059397555
0.5039042824417893
0.5038899555450819
0.5038756251994163
0.5038612913542129
0.5038469539585271
0.503832612961049
0.5038182683101016
0.5038039199536408
0.5037895678392532
0.503775211914155
0.5037608521251918
0.5037464884188363
0.5037321207411881
0.5037177490379715
0.5037033732545356
0.5036889933358522
0.5036746092265144
0.5036602208707366
0.5036458282123519
0.503631431194812
0.5036170297611852
0.5036026238541557
0.5035882134160214
0.5035737983886949
0.5035593787136989
0.5035449543321682
0.5035305251848465
0.5035160912120851
0.503501652353843
0.5034872085496841
0.5034727597387766
0.5034583058598914
0.5034438468514019
0.5034293826512803
0.5034149131970989
0.5034004384260267
0.5033859582748292
0.5033714726798668
0.5033569815770926
0.503342484902053
0.5033279825898835
0.5033134745753097
0.5032989607926448
0.5032844411757879
0.5032699156582234
0.5032553841730187
0.5032408466528241
0.5032263030298691
0.5032117532359628
0.5031971972024917
0.5031826348604183
0.5031680661402793
0.5031534909721846
0.5031389092858157
0.503124321010423
0.5031097260748263
0.5030951244074108
0.5030805159361275
0.5030659005884912
0.5030512782915779
0.5030366489720239
0.5030220125560243
0.5030073689693312
0.5029927181372515
0.5029780599846464
0.5029633944359284
0.5029487214150604
0.5029340408455538
0.5029193526504668
0.5029046567524025
0.5028899530735076
0.5028752415354698
0.5028605220595167
0.5028457945664142
0.5028310589764634
0.5028163152095009
0.5028015631848948
0.5027868028215444
0.5027720340378772
0.5027572567518483
0.502742470880937
0.502727676342146
0.5027128730519992
0.5026980609265398
0.5026832398813282
0.5026684098314397
0.5026535706914632
0.5026387223754996
0.5026238647971577
0.5026089978695548
0.5025941215053128
0.5025792356165565
0.502564340114913
0.5025494349115073
0.5025345199169612
0.5025195950413921
0.5025046601944096
0.5024897152851138
0.502474760222093
0.5024597949134217
0.5024448192666584
0.5024298331888428
0.5024148365864951
0.5023998293656113
0.5023848114316637
0.5023697826895954
0.502354743043822
0.502339692398225
0.5023246306561527
0.5023095577204167
0.5022944734932887
0.5022793778764993
0.5022642707712354
0.5022491520781364
0.502234021697294
0.5022188795282481
0.5022037254699844
0.5021885594209325
0.5021733812789636
0.5021581909413861
0.5021429883049455
0.5021277732658201
0.502112545719619
0.5020973055613794
0.5020820526855638
0.5020667869860576
0.5020515083561656
0.502036216688611
0.5020209118755303
0.5020055938084728
0.5019902623783958
0.5019749174756637
0.5019595589900437
0.5019441868107035
0.5019288008262082
0.5019134009245181
0.5018979869929847
0.5018825589183491
0.5018671165867372
0.5018516598836583
0.5018361886940018
0.5018207029020332
0.5018052023913921
0.5017896870450892
0.5017741567455014
0.5017586113743715
0.5017430508128021
0.501727474941255
0.5017118836395462
0.5016962767868434
0.5016806542616622
0.501665015941864
0.5016493617046509
0.5016336914265646
0.5016180049834805
0.5016023022506063
0.501586583102478
0.5015708474129558
0.5015550950552214
0.5015393259017742
0.5015235398244282
0.5015077366943073
0.5014919163818425
0.5014760787567695
0.5014602236881225
0.5014443510442319
0.5014284606927211
0.5014125525005023
0.5013966263337716
0.5013806820580078
0.5013647195379655
0.501348738637674
0.5013327392204319
0.5013167211488027
0.5013006842846127
0.5012846284889456
0.5012685536221391
0.5012524595437802
0.5012363461127022
0.5012202131869795
0.5012040606239242
0.501187888280082
0.5011716960112271
0.5011554836723593
0.5011392511176986
0.5011229982006813
0.5011067247739565
0.5010904306893799
0.501074115798011
0.5010577799501088
0.5010414229951254
0.501025044781704
0.5010086451576719
0.500992223970039
0.5009757810649894
0.5009593162878804
0.5009428294832354
0.5009263204947402
0.5009097891652378
0.5008932353367238
0.5008766588503425
0.50086005954638
0.5008434372642615
0.5008267918425447
0.5008101231189157
0.5007934309301837
0.500776715112276
0.500759975500233
0.500743211928203
0.5007264242294373
0.5007096122362841
0.5006927757801843
0.5006759146916657
0.5006590288003377
0.5006421179348866
0.5006251819230682
0.5006082205917052
0.5005912337666789
0.5005742212729263
0.5005571829344322
0.5005401185742248
0.5005230280143703
0.5005059110759662
0.5004887675791359
0.5004715973430233
0.5004544001857868
0.5004371759245929
0.5004199243756114
0.5004026453540076
0.5003853386739382
0.5003680041485443
0.5003506415899448
0.5003332508092311
0.5003158316164609
0.500298383820651
0.5002809072297717
0.5002634016507412
0.5002458668894169
0.5002283027505914
0.5002107090379845
0.500193085554237
0.5001754321009049
0.5001577484784512
0.50014003448624
0.5001222899225306
0.500104514584469
0.500086708268082
0.5000688707682708
0.5000510018788024
0.5000331013923041
0.5000151691002559
0.4999972047929832
0.4999792082596494
0.4999611792882502
0.49994311766560373
0.4999250231773452
0.4999068956079189
0.4998887347405705
0.4998705403573399
0.4998523122390534
0.4998340501653161
0.49981575391450417
0.49979742326375765
0.49977905798897143
0.49976065786478885
0.49974222266459206
0.49972375216049586
0.4997052461233382
0.4996867043226733
0.49966812652676207
0.4996495125025648
0.499630862015733
0.4996121748306004
0.4995934507101746
0.4995746894161293
0.4995558907087952
0.49953705434715084
0.4995181800888151
0.4994992676900373
0.4994803169056895
0.4994613274892568
0.4994422991928283
0.49942323176708864
0.499404124961309
0.4993849785233369
0.49936579219958854
0.499346565735038
0.4993272988732085
0.4993079913561634
0.4992886429244961
0.49926925331732064
0.49924982227226206
0.49923034952544654
0.4992108348114918
0.4991912778634975
0.49917167841303434
0.49915203619013504
0.4991323509232839
0.49911262233940634
0.49909285016385907
0.4990730341204199
0.4990531739312759
0.4990332693170159
0.49901331999661636
0.49899332568743326
0.49897328610519076
0.49895320096396967
0.4989330699761977
0.49891289285263773
0.498892669302377
0.49887239903281577
0.49885208174965645
0.4988317171568927
0.4988113049567965
0.4987908448499083
0.49877033653502545
0.4987497797091891
0.4987291740676737
0.4987085193039752
0.4986878151097992
0.4986670611750476
0.49864625718780825
0.49862540283434226
0.4986044977990713
0.49858354176456604
0.49856253441153264
0.4985414754188011
0.49852036446331305
0.4984992012201076
0.49847798536230986
0.4984567165611172
0.498435394485787
0.4984140188036227
0.4983925891799615
0.4983711052781606
0.498349566759584
0.4983279732835886
0.49830632450751133
0.498284620086655
0.4982628596742747
0.4982410429215635
0.49821916947763983
0.4981972389895313
0.4981752511021624
0.49815320545833913
0.4981311016987357
0.49810893946187756
0.49808671838413054
0.49806443809968326
0.4980420982405329
0.4980196984364714
0.497997238315069
0.49797471750166006
0.4979521356193275
0.4979294922888872
0.4979067871288731
0.4978840197555212
0.4978611897827538
0.49783829682216413
0.49781534048299997
0.49779232037214843
0.4977692360941181
0.4977460872510248
0.49772287344257415
0.4976995942660448
0.49767624931627275
0.4976528381856339
0.4976293604640268
0.4976058157388574
0.49758220359502
0.49755852361488084
0.4975347753782615
0.4975109584624197
0.49748707244203355
0.4974631168891824
0.49743909137332987
0.49741499546130563
0.4973908287172874
0.49736659070278244
0.49734228097660893
0.4973178990948788
0.49729344461097763
0.49726891707554677
0.49724431603646424
0.4972196410388253
0.4971948916249245
0.49717006733423474
0.4971451677033895
0.49712019226616144
0.49709514055344545
0.4970700120932356
0.49704480641060733
0.4970195230276975
0.49699416146368225
0.4969687212347585
0.49694320185412255
0.49691760283194975
0.4968919236753734
0.49686616388846405
0.4968403229722082
0.4968144004244873
0.4967883957400561
0.4967623084105216
0.4967361379243203
0.496709883766698
0.4966835454196861
0.49665712236208137
0.4966306140694215
0.49660402001396403
0.496577339664664
0.4965505724871507
0.4965237179437039
0.49649677549323296
0.49646974459125176
0.49644262468985556
0.4964154152376991
0.4963881156799707
0.49636072545836984
0.4963332440110828
0.4963056707727588
0.4962780051744848
0.49625024664376227
0.4962223946044817
0.49619444847689803
0.49616640767760545
0.49613827161951346
0.49611003971181983
0.4960817113599858
0.4960532859657113
0.49602476292690845
0.49599614163767547
0.49596742148827067
0.49593860186508626
0.49590968215062214
0.495880661723459
0.4958515399582309
0.4958223162255997
0.4957929898922267
0.49576356032074564
0.4957340268697358
0.4957043888936926
0.4956746457430029
0.4956447967639136
0.4956148412985051
0.4955847786846634
0.49555460825604947
0.49552432934207347
0.4954939412678633
0.49546344335423687
0.49543283491767204
0.4954021152702781
0.49537128371976463
0.49534033956941403
0.49530928211804864
0.4952781106600033
0.49524682448509266
0.4952154228785822
0.49518390512115706
0.4951522704888909
0.4951205182532146
0.4950886476808857
0.4950566580339562
0.49502454856974154
0.49499231854078835
0.49495996719484175
0.4949274937748146
0.49489489751875404
0.494862177659809
0.4948293334261982
0.49479636404117544
0.4947632687229981
0.4947300466848933
0.49469669713502407
0.4946632192764554
0.4946296123071209
0.49459587541978856
0.4945620078020262
0.49452800863616697
0.4944938770992746
0.49445961236310915
0.49442521359409036
0.4943906799532646
0.49435601059626766
0.49432120467328944
0.4942862613290392
0.4942511797027074
0.4942159589279317
0.49418059813275883
0.49414509643960924
0.49410945296523945
0.4940736668207059
0.49403773711132587
0.4940016629366431
0.4939654433903876
0.4939290775604387
0.4938925645287876
0.4938559033714997
0.49381909315867417
0.493782132954407
0.493745021816753
0.49370775879768514
0.49367034294305645
0.4936327732925603
0.49359504887969224
0.4935571687317089
0.4935191318695882
0.4934809373079907
0.49344258405521824
0.49340407111317364
0.493365397477321
0.4933265621366443
0.4932875640736059
0.49324840226410765
0.49320907567744704
0.4931695832762774
0.4931299240165657
0.49309009684755145
0.4930501007117035
0.4930099345446791
0.49296959727528133
0.49292908782541633
0.49288840511005055
0.49284754803716935
0.4928065155077318
0.4927653064156299
0.49272391964764317
0.49268235408339756
0.4926406085953194
0.4925986820485936
0.4925565733011191
0.4925142812034647
0.4924718045988249
0.4924291423229758
0.49238629320423055
0.4923432560633948
0.4923000297137221
0.49225661296086826
0.49221300460284784
0.49216920342998705
0.49212520822488065
0.49208101776234475
0.4920366308093719
0.4919920461250863
0.491947262460697
0.49190227855945223
0.49185709315659365
0.4918117049793106
0.49176611274669313
0.4917203151696861
0.49167431095104375
0.49162809878528163
0.4915816773586306
0.491535045348991
0.4914882014258852
0.49144114425041097
0.4913938724751944
0.49134638474434333
0.4912986796934003
0.49125075594929535
0.49120261213029953
0.49115424684597647
0.4911056586971361
0.4910568462757878
0.49100780816509204
0.490958542939314
0.4909090491637758
0.49085932539480925
0.49080937017970855
0.4907591820566831
0.4907087595548094
0.49065810119398484
0.4906072054848797
0.49055607092888914
0.49050469601808766
0.49045307923518017
0.49040121905345546
0.4903491139367395
0.49029676233934677
0.49024416270603466
0.49019131347195616
0.4901382130626122
0.49008485989380524
0.49003125237159284
0.4899773888922403
0.4899232678421743
0.4898688875979365
0.4898142465261376
0.48975934298340973
0.48970417531636223
0.4896487418615342
0.48959304094534883
0.4895370708840691
0.48948082998375037
0.4894243165401967
0.4893675288389144
0.48931046515506826
0.48925312375343655
0.4891955028883657
0.48913760080372715
0.4890794157328728
0.48902094589859124
0.4889621895130647
0.4889031447778246
0.48884380988371035
0.4887841830108254
0.488724262328495
0.4886640459952248
0.4886035321586589
0.4885427189555378
0.48848160451165845
0.48842018694183276
0.4883584643498483
0.488296434828427
0.48823409645918703
0.48817144731260276
0.48810848544796714
0.4880452089133523
0.4879816157455729
0.48791770397014855
0.48785347160126674
0.48778891664174684
0.4877240370830044
0.4876588309050157
0.4875932960762834
0.4875274305538025
0.4874612322830262
0.4873946991978335
0.4873278292204969
0.4872606202616506
0.4871930702202588
0.4871251769835868
0.4870569384271699
0.4869883524147844
0.48691941679842055
0.48685012941825356
0.486780488102618
0.48671049066797956
0.486640134918913
0.4865694186480748
0.4864983396361804
0.4864268956519824
0.4863550844522464
0.48628290378173183
0.48621035137317103
0.4861374249472499
0.4860641222125888
0.48599044086572674
0.48591637859110354
0.4858419330610448
0.485767101935748
0.48569188286326753
0.4856162734795045
0.4855402714081937
0.4854638742608946
0.4853870796369811
0.4853098851236347
0.4852322882958372
0.48515428671636573
0.485075877935787
0.48499705949245603
0.484917828912513
0.48483818370988324
0.4847581213862778
0.4846776394311952
0.4845967353219254
0.48451540652355374
0.4844336504889688
0.4843514646588675
0.48426884646176593
0.48418579331400946
0.4841023026197847
0.48401837177113266
0.4839339981479639
0.483849179118076
0.4837639120371701
0.4836781942488724
0.4835920230847544
0.48350539586435726
0.48341830989521484
0.48333076247288165
0.4832427508809616
0.48315427239113584
0.48306532426319687
0.48297590374508087
0.4828860080729036
0.48279563447099805
0.4827047801519534
0.4826134423166557
0.4825216181543325
0.48242930484259644
0.48233649954749247
0.48224319942354843
0.482149401613825
0.48205510324996886
0.48196030145226876
0.4818649933297124
0.4817691759800464
0.48167284648983855
0.4815760019345405
0.48147863937855573
0.481380755875307
0.4812823484673069
0.4811834141862319
0.4810839500529968
0.4809839530778333
0.4808834202603698
0.48078234858971397
0.48068073504453757
0.4805785765931643
0.4804758701936589
0.4803726127939209
0.48026880133177796
0.4801644327350845
0.4800595039218213
0.4799540118001979
0.47984795326875807
0.47974132521648793
0.4796341245229257
0.47952634805827526
0.47941799268352286
0.4793090552505537
0.4791995326022753
0.47908942157274
0.4789787189872735
0.4788674216626019
0.47875552640698693
0.4786430300203593
0.47852992929445715
0.4784162210129679
0.4783019019516708
0.4781869688785843
0.4780714185541157
0.4779552477312134
0.4778384531555222
0.4777210315655423
0.4776029796927896
0.47748429426196154
0.4773649719911026
0.47724500959177607
0.47712440376923615
0.4770031512226054
0.47688124864505244
0.47675869272397586
0.4766354801411884
0.4765116075731061
0.4763870716909385
0.47626186916088487
0.4761359966443297
0.4760094507980449
0.47588222827439214
0.4757543257215299
0.4756257397836231
0.47549646710105586
0.47536650431064764
0.4752358480458706
0.47510449493707263
0.4749724416117019
0.47483968469453464
0.47470622080790603
0.474572046571944
0.4744371586048055
0.47430155352291814
0.47416522794122007
0.4740281784734094
0.47389040173218894
0.4737518943295215
0.4736126528768811
0.4734726739855141
0.47333195426669566
0.4731904903319959
0.4730482787935437
0.472905316264298
0.47276159935831663
0.47261712469103256
0.47247188887953057
0.47232588854282714
0.4721791203021522
0.47203158078123564
0.47188326660659374
0.4717341744078203
0.4715843008178794
0.4714336424734006
0.47128219601497795
0.4711299580874684
0.47097692534029634
0.47082309442775805
0.47066846200932877
0.47051302474997325
0.4703567793204575
0.47019972239766283
0.470041850664902
0.4698831608122375
0.4697236495368035
0.46956331354312647
0.4694021495434498
0.4692401542580622
0.4690773244156231
0.46891365675349433
0.46874914801807105
0.4685837949651158
0.46841759436009234
0.4682505429785034
0.46808263760622737
0.46791387503985915
0.4677442520870494
0.4675737655668478
0.46740241231004526
0.46723018915951964
0.4670570929705799
0.46688312061131404
0.46670826896293455
0.46653253492012936
0.46635591539140914
0.4661784072994571
0.4660000075814807
0.465820713189562
0.4656405210910092
0.4654594282687092
0.4652774317214785
0.46509452846441807
0.4649107155292639
0.46472598996474074
0.4645403488369156
0.464353789229549
0.46416630824444877
0.46397790300182207
0.463788570640627
0.4635983083189243
0.46340711321422934
0.4632149825238612
0.4630219134652926
0.4628279032765002
0.4626329492163108
0.4624370485647498
0.46224019862338683
0.46204239671568065
0.46184364018732216
0.46164392640657853
0.4614432527646316
0.46124161667591934
0.4610390155784725
0.46083544693425066
0.460630908229477
0.46042539697496965
0.46021891070647286
0.4600114469849851
0.4598030033970846
0.4595935775552528
0.45938316709819715
0.4591717696911677
0.45895938302627604
0.45874600482280603
0.4585316328275267
0.458316264815
0.4580998985878847
0.4578825319772394
0.457664162842821
0.45744478907337993
0.45722440858695335
0.4570030193311532
0.4567806192834513
0.45655720645146225
0.45633277887321977
0.4561073346174528
0.4558808717838543
0.4556533885033487
0.4554248829383529
0.45519535328303684
0.45496479776357446
0.45473321463839617
0.45450060219843186
0.45426695876735346
0.45403228270180973
0.45379657239165894
0.45355982626019486
0.4533220427643698
0.4530832203950107
0.45284335767703165
0.45260245316964187
0.4523605054665467
0.45211751319614524
0.45187347502172137
0.4516283896416304
0.4513822557894802
0.4511350722343063
0.45088683778074184
0.4506375512691823
0.45038721157594336
0.45013581761341526
0.44988336833020837
0.4496298627112958
0.44937529977814883
0.44911967858886526
0.4488629982382948
0.4486052578581545
0.4483464566171429
0.44808659372104204
0.4478256684128198
0.4475636799727201
0.44730062771835155
0.44703651100476627
0.4467713292245353
0.4465050818078144
0.4462377682224068
0.4459693879738176
0.44569994060530094
0.4454294256979035
0.44515784287049825
0.44488519177981395
0.44461147212045704
0.444336683624927
0.44406082606362574
0.44378389924485917
0.44350590301483334
0.4432268372576439
0.4429467018952573
0.4426654968874877
0.4423832222319652
0.4420998779640982
0.4418154641570305
0.44152998092158785
0.44124342840622294
0.44095580679694973
0.4406671163172723
0.4403773572281089
0.4400865298277063
0.43979463445154887
0.4395016714722635
0.4392076412995132
0.4389125443798882
0.4386163811967879
0.4383191522702987
0.4380208581570634
0.4377214994501452
0.4374210767788842
0.43711959080874985
0.43681704224118373
0.43651343181343966
0.43620876029841404
0.43590302850447343
0.43559623727527286
0.43528838748957016
0.4349794800610331
0.43466951593804115
0.43435849610348115
0.4340464215745362
0.43373329340247074
0.43341911267240707
0.43310388050309834
0.4327875980466954
0.4324702664885073
0.4321518870467566
0.4318324609723295
0.4315119895485204
0.43119047409077077
0.430867915946404
0.43054431649435204
0.43021967714488124
0.4298939993393095
0.42956728454972015
0.42923953427867056
0.4289107500588955
0.42858093345300746
0.42825008605318937
0.42791820948088577
0.42758530538648737
0.4272513754490125
0.42691642137578345
0.42658044490209873
0.42624344779090134
0.42590543183244334
0.4255663988439457
0.4252263506692552
0.424885289178496
0.4245432162677192
0.42420013385854843
0.4238560438978209
0.42351094835722675
0.42316484923294273
0.4228177485452659
0.4224696483382404
0.42212055067928533
0.42177045765881593
0.4214193713898642
0.42106729400769627
0.42071422766942734
0.4203601745536326
0.42000513685995877
0.4196491168087301
0.41929211664055466
0.4189341386159261
0.4185751850148259
0.4182152581363211
0.4178543602981643
0.4174924938363856
0.4171296611048897
0.41676586447504627
0.41640110633528166
0.4160353890906695
0.41566871516251747
0.41530108698795576
0.41493250701952333
0.41456297772475303
0.41419250158575593
0.41382108109880605
0.41344871877392203
0.41307541713445184
0.4127011787166531
0.4123260060692757
0.4119499017531443
0.4115728683407377
0.41119490841577283
0.4108160245727835
0.4104362194167047
0.41005549556245224
0.4096738556345054
0.40929130226649
0.40890783810076115
0.40852346578798604
0.40813818798672924
0.40775200736303685
0.4073649265900227
0.4069769483474552
0.4065880753213441
0.4061983102035307
0.40580765569127675
0.4054161144868559
0.40502368929714694
0.40463038283322683
0.40423619780996717
0.4038411369456295
0.40344520296146597
0.4030483985813189
0.4026507265312223
0.40225218953900743
0.4018527903339073
0.40145253164616523
0.40105141620664586
0.40064944674644526
0.4002466259965075
0.39984295668724085
0.3994384415481353
0.39903308330738646
0.3986268846915177
0.39821984842500774
0.397811977229919
0.3974032738255301
0.39699374092796974
0.39658338124985404
0.3961721974999279
0.3957601923827056
0.3953473685981188
0.39493372884116507
0.3945192758015593
0.39410401216338925
0.39368794060477397
0.39327106379752497
0.39285338440681167
0.3924349050908281
0.3920156285004663
0.3915955572789888
0.3911746940617097
0.39075304147567336
0.39033060213934234
0.3899073786622857
0.38948337364486973
0.38905858967795687
0.3886330293426038
0.3882066952097658
0.3877795898400038
0.3873517157831967
0.3869230755782548
0.386493671752841
0.38606350682309243
0.38563258329334726
0.3852009036558772
0.384768470390621
0.3843352859649247
0.3839013528332844
0.38346667343709445
0.3830312502043982
0.3825950855496443
0.3821581818734475
0.3817205415623527
0.3812821669886032
0.3808430605099143
0.38040322446925184
0.3799626611946128
0.37952137299881283
0.3790793621792765
0.37863663101783335
0.3781931817805181
0.3777490167173744
0.3773041380622657
0.3768585480326879
0.37641224882958824
0.37596524263718994
0.3755175316228181
0.37506911793673536
0.37462000371197685
0.37417019106419513
0.3737196820915071
0.37326847887434533
0.372816583475317
0.37236399793906527
0.3719107242921371
0.371456764542856
0.37100212068119837
0.37054679467867857
0.3700907884882342
0.3696341040441208
0.3691767432618087
0.3687187080378893
0.3682600002499804
0.3678006217566429
0.3673405743972998
0.36687985999216044
0.3664184803421525
0.3659564372288564
0.36549373241444766
0.36503036764164354
0.3645663446336561
0.36410166509415026
0.3636363307072086
0.3631703431372993
0.36270370402925395
0.3622364150082468
0.3617684776797841
0.36129989362969495
0.3608306644241322
0.360360791609577
0.35989027671284857
0.3594191212411237
0.3589473266819585
0.35847489450331754
0.3580018261536111
0.3575281230617351
0.35705378663712145
0.3565788182697902
0.35610321933041333
0.3556269911703789
0.35515013512186794
0.35467265249793334
0.35419454459258687
0.35371581268089275
0.35323645801906906
0.35275648184459296
0.35227588537631627
0.3517946698145852
0.3513128363413669
0.35083038612038636
0.3503473202972647
0.34986363999966985
0.34937934633747086
0.34889444040290085
0.34840892327072615
0.347922795998423
0.34743605962636204
0.34694871517799974
0.34646076366007655
0.3459722060628231
0.34548304336017327
0.34499327650998524
0.34450290645427
0.34401193411942704
0.34352036041648754
0.3430281862413652
0.3425354124751159
0.3420420399842022
0.3415480696207694
0.3410535022229257
0.34055833861503304
0.3400625796080028
0.3395662259996026
0.3390692785747689
0.3385717381059276
0.33807360535332254
0.33757488106535377
0.3370755659789209
0.3365756608197768
0.3360751663028877
0.3355740831328025
0.3350724120040294
0.3345701536014204
0.33406730860056594
0.33356387766819334
0.33305986146257793
0.3325552606339596
0.332050075824968
0.3315443076710558
0.33103795680094
0.3305310238370523
0.33002350939599573
0.3295154140890106
0.32900673852244794
0.3284974832982518
0.32798764901444777
0.3274772362656418
0.3269662456435247
0.32645467773738684
0.32594253313463806
0.325429812421338
0.3249165161827328
0.32440264500379945
0.32388819946979935
0.32337318016683636
0.3228575876824272
0.32234142260607485
0.32182468552985166
0.32130737704899015
0.3207894977624801
0.32027104827367314
0.319752029190895
0.319232441128065
0.3187122847053214
0.31819156054965525
0.3176702692955495
0.31714841158562646
0.3166259880713005
0.31610299941343806
0.3155794462830233
0.31505532936183267
0.31453064934311026
0.3140054069322558
0.31347960284751275
0.31295323782066686
0.3124263125977465
0.311898827939731
0.31137078462326423
0.3108421834413714
0.3103130252041824
0.30978331073966103
0.30925304089433653
0.3087222165340404
0.30819083854465007
0.30765890783283223
0.3071264253267935
0.3065933919770346
0.3060598087571064
0.3055256766643705
0.30499099672076396
0.304455769973564
0.30391999749615933
0.3033836803888206
0.30284681977947464
0.30230941682448237
0.30177147270941446
0.30123298864983294
0.30069396589207104
0.3001544057140159
0.29961430942589207
0.29907367837104326
0.29853251392671826
0.29799081750485457
0.2974485905528612
0.29690583455440306
0.2963625510301828
0.29581874153872306
0.2952744076771465
0.29472955108195437
0.294184173429803
0.29363827643827967
0.29309186186667247
0.2925449315167429
0.2919974872334883
0.2914495309059084
0.2909010644677619
0.29035208989832245
0.28980260922313045
0.2892526245147379
0.2887021378934503
0.28815115152806253
0.2875996676365893
0.28704768848698936
0.28649521639788444
0.285942253739269
0.2853888029332179
0.2848348664545806
0.2842804468316733
0.2837255466469604
0.2831701685377277
0.2826143151967478
0.28205798937293725
0.28150119387200206
0.28094393155707653
0.28038620534935
0.2798280182286843
0.27926937323422185
0.27871027346497906
0.2781507220804336
0.27759072230109594
0.27703027740907143
0.2764693907486089
0.27590806572663784
0.2753463058132918
0.27478411454241886
0.27422149551207947
0.2736584523850294
0.27309498888918926
0.2725311088180991
0.2719668160313596
0.27140211445505685
0.2708370080821715
0.2702715009729762
0.26970559725541077
0.2691393011254469
0.26857261684743416
0.26800554875442945
0.2674381012485094
0.2668702788010664
0.26630208595308563
0.2657335273154076
0.2651646075689681
0.2645953314650246
0.26402570382536156
0.26345572954247803
0.26288541357975587
0.2623147609716101
0.26174377682361977
0.26117246631263796
0.260600834686884
0.260028887266016
0.25945662944118136
0.2588840666750503
0.25831120450182654
0.25773804852723853
0.2571646044285111
0.2565908779543161
0.2560168749247014
0.2554426012309985
0.2548680628357128
0.2542932657723892
0.2537182161454581
0.25314292013006007
0.2525673839718494
0.25199161398677683
0.25141561656084965
0.25083939814987266
0.25026296527916464
0.2496863245432579
0.2491094826055713
0.24853244619806739
0.24795522212088264
0.2473778172419424
0.24680023849654814
0.24622249288694997
0.24564458748189325
0.24506652941614626
0.2444883258900066
0.24390998416878656
0.24333151158227878
0.2427529155241985
0.24217420345160912
0.24159538288432447
0.24101646140429173
0.24043744665495445
0.23985834634059575
0.23927916822566125
0.23869992013406255
0.23812060994846201
0.2375412456095369
0.2369618351152266
0.23638238651995924
0.2358029079338606
0.23522340752194437
0.23464389350328493
0.23406437415017195
0.23348485778724798
0.23290535279062605
0.23232586758699605
0.23174641065270796
0.2311669905128428
0.23058761574026523
0.23000829495466343
0.22942903682156887
0.22884985005136482
0.22827074339827816
0.22769172565935694
0.22711280567343486
0.22653399232007934
0.22595529451852947
0.22537672122661728
0.22479828143967964
0.22421998418945518
0.22364183854297054
0.22306385360141442
0.22248603849900042
0.22190840240181967
0.22133095450668114
0.22075370403994407
0.22017666025633978
0.21959983243778353
0.21902322989217698
0.21844686195220578
0.21787073797412332
0.21729486733653208
0.21671925943915457
0.2161439237015974
0.2155688695621113
0.21499410647634243
0.2144196439160796
0.21384549136799522
0.21327165833238187
0.2126981543218855
0.21212498886023318
0.2115521714809569
0.21097971172611663
0.21040761914501793
0.20983590329292884
0.20926457372979468
0.20869364001895024
0.20812311172583298
0.20755299841669256
0.20698330965730383
0.20641405501167576
0.2058452440407649
0.20527688630118712
0.20470899134393072
0.2041415687130734
0.2035746279444984
0.2030081785646162
0.2024422300890864
0.20187679202154485
0.2013118738523321
0.20074748505722917
0.20018363509619463
0.1996203334121079
0.19905758942951798
0.19849541255339612
0.1979338121678961
0.19737279763511967
0.19681237829388792
0.19625256345852146
0.19569336241762625
0.19513478443288657
0.1945768387378674
0.19401953453682425
0.1934628810035207
0.19290688728005556
0.19235156247569998
0.19179691566574122
0.1912429558903399
0.1906896921533936
0.19013713342141247
0.18958528862240664
0.1890341666447816
0.18848377633624663
0.1879341265027342
0.1873852259073307
0.186837083269219
0.1862897072626343
0.1857431065158291
0.18519728961005544
0.18465226507855614
0.18410804140556936
0.18356462702534992
0.18302203032119888
0.18248025962451045
0.1819393232138323
0.1813992293139377
0.1808599860949146
0.18032160167126712
0.17978408410103217
0.17924744138491205
0.17871168146541966
0.17817681222603998
0.177642841490407
0.17710977702149538
0.1765776265208278
0.17604639762769753
0.17551609791840697
0.1749867349055229
0.174458316037145
0.17393084869619385
0.17340434019971215
0.17287879779818388
0.1723542286748689
0.17183063994515435
0.17130803865592287
0.17078643178493508
0.17026582624023257
0.16974622885955393
0.169227646409769
0.16871008558633005
0.16819355301273875
0.16767805524003115
0.16716359874627823
0.16665018993610434
0.1661378351402217
0.1656265406149819
0.165116312541945
0.16460715702746448
0.16409908010228885
0.16359208772118206
0.1630861857625584
0.1625813800281349
0.16207767624260133
0.16157508005330537
0.16107359702995694
0.16057323266434537
0.16007399237007697
0.1595758814823266
0.15907890525760712
0.1585830688735541
0.1580883774287273
0.15759483594242907
0.15710244935453777
0.15661122252535728
0.15612116023548406
0.15563226718568818
0.15514454799681052
0.15465800720967685
0.154172649285026
0.15368847860345383
0.15320549946537348
0.15272371609098925
0.15224313262028685
0.15176375311303772
0.15128558154881824
0.15080862182704435
0.1503328777670203
0.14985835310800066
0.14938505150926779
0.148912976550224
0.14844213173049556
0.14797252047005124
0.14750414610933635
0.14703701190941684
0.14657112105213907
0.14610647664030224
0.14564308169784257
0.14518093917003144
0.1447200519236855
0.1442604227473892
0.14380205435172982
0.14334494936954334
0.14288911035617383
0.14243453978974238
0.1419812400714295
0.14152921352576725
0.14107846240094285
0.14062898886911296
0.1401807950267288
0.13973388289487135
0.1392882544195971
0.13884391147229336
0.13840085585004386
0.13795908927600295
0.13751861339978053
0.13707942979783497
0.13664153997387601
0.13620494535927466
0.13576964731348398
0.13533564712446666
0.13490294600912997
0.13447154511377107
0.13404144551452754
0.1336126482178371
0.1331851541609035
0.1327589642121696
0.13233407917179763
0.13191049977215688
0.13148822667831533
0.13106726048854042
0.13064760173480364
0.13022925088329224
0.12981220833492524
0.1293964744258772
0.12898204942810354
0.12856893354987464
0.1281571269363119
0.12774662966992975
0.12733744177118217
0.12692956319901225
0.12652299385140678
0.1261177335659546
0.12571378212040762
0.12531113923324666
0.12490980456424901
0.12450977771505989
0.12411105822976715
0.1237136455954777
0.12331753924289707
0.12292273854691022
0.1225292428271666
0.12213705134866504
0.1217461633223414
0.12135657790565768
0.12096829420319295
0.12058131126723445
0.12019562809837134
0.11981124364608806
0.11942815680935913
0.11904636643724485
0.11866587132948658
0.1182866702371034
0.11790876186298799
0.11753214486250366
0.11715681784408018
0.11678277936980956
0.1164100279560422
0.11603856207398226
0.11566838015028136
0.11529948056763284
0.11493186166536434
0.11456552174002968
0.11420045904599962
0.11383667179605074
0.11347415816195364
0.11311291627505936
0.11275294422688421
0.11239424006969279
0.11203680181707873
0.11168062744454539
0.11132571489008075
0.11097206205473512
0.11061966680319214
0.11026852696433999
0.10991864033183935
0.10957000466468908
0.10922261768778876
0.10887647709249998
0.10853158053720263
0.1081879256478503
0.10784551001852202
0.10750433121197069
0.10716438676016929
0.1068256741648523
0.1064881908980568
0.1061519344026574
0.10581690209289862
0.10548309135492559
0.10515049954730868
0.104819124001567
0.10448896202268626
0.10416001088963497
0.10383226785587517
0.10350573014987104
0.10318039497559285
0.10285625951301716
0.10253332091862331
0.10221157632588673
0.10189102284576676
0.10157165756719246
0.1012534775575427
0.10093647986312382
0.10062066150964134
0.10030601950266979
0.09999255082811703
0.09968025245268486
0.09936912132432557
0.0990591543726938
0.09875034850959556
0.09844270062943125
0.09813620760963643
0.09783086631111611
0.09752667357867767
0.09722362624145661
0.09692172111333974
0.09662095499338465
0.09632132466623246
0.09602282690251991
0.09572545845928299
0.09542921608036037
0.09513409649678932
0.09484009642719957
0.09454721257820162
0.09425544164477113
0.09396478031062971
0.09367522524862026
0.0933867731210787
0.09309942058020142
0.09281316426840877
0.09252800081870419
0.09224392685502768
0.09196093899260796
0.09167903383830782
0.09139820799096653
0.09111845804173768
0.09083978057442313
0.0905621721658028
0.09028562938595965
0.09001014879860164
0.08973572696137905
0.08946236042619711
0.08919004573952617
0.08891877944270565
0.08864855807224632
0.08837937816012661
0.08811123623408594
0.08784412881791426
0.08757805243173679
0.08731300359229582
0.08704897881322757
0.08678597460533641
0.08652398747686427
0.08626301393375643
0.08600305047992371
0.08574409361750125
0.0854861398471026
0.08522918566807057
0.08497322757872516
0.08471826207660585
0.08446428565871303
0.08421129482174299
0.08395928606232143
0.0837082558772322
0.08345820076364309
0.08320911721932803
0.08296100174288568
0.08271385083395463
0.0824676609934251
0.08222242872364782
0.0819781505286385
0.08173482291428003
0.08149244238852082
0.08125100546156995
0.08101050864608905
0.080770948457381
0.08053232141357608
0.0802946240358137
0.08005785284842187
0.07982200437909358
0.07958707515906
0.07935306172326036
0.0791199606105095
0.07888776836366151
0.07865648152977146
0.07842609666025357
0.0781966103110362
0.07796801904271533
0.07774031942070363
0.0775135080153779
0.07728758140222299
0.07706253616197341
0.0768383688807524
0.07661507615020782
0.07639265456764555
0.0761711007361604
0.07595041126476496
0.07573058276851492
0.07551161186863214
0.07529349519262571
0.0750762293744102
0.07485981105442137
0.07464423687972996
0.07442950350415219
0.07421560758835888
0.07400254579998165
0.07379031481371724
0.07357891131142914
0.07336833198224728
0.0731585735226652
0.07294963263663554
0.07274150603566298
0.07253419043889493
0.07232768257321054
0.07212197917330765
0.07191707698178702
0.07171297274923509
0.07150966323430485
0.07130714520379448
0.07110541543272395
0.07090447070440971
0.07070430781053812
0.07050492355123614
0.07030631473514037
0.0701084781794651
0.06991141071006707
0.06971510916150994
0.06951957037712633
0.06932479120907757
0.06913076851841313
0.0689374991751272
0.06874498005821428
0.06855320805572236
0.06836218006480581
0.06817189299177512
0.0679823437521464
0.06779352927068875
0.06760544648146984
0.06741809232790062
0.06723146376277829
0.0670455577483276
0.06686037125624102
0.06667590126771772
0.06649214477350002
0.0663090987739102
0.06612676027888446
0.06594512630800677
0.06576419389053989
0.06558396006545705
0.06540442188147061
0.0652255763970605
0.06504742068050094
0.06486995180988663
0.06469316687315653
0.06451706296811804
0.06434163720246848
0.0641668866938166
0.06399280856970234
0.06381939996761576
0.06364665803501485
0.06347457992934219
0.0633031628180404
0.06313240387856742
0.06296230029840977
0.06279284927509468
0.06262404801620261
0.062455893739377454
0.0622883836723367
0.062121515052879606
0.06195528512889595
0.061789691158372205
0.061624730409398344
0.061460400160172575
0.061296697699006586
0.06113362032432802
0.06097116534468407
0.06080933007874306
0.06064811185529586
0.060487508013255975
0.06032751590165949
0.06016813287966337
0.0600093563165444
0.059851183591695896
0.05969361209462466
0.059536639224947056
0.05938026239238406
0.05922447901675636
0.05906928652797755
0.058914682366048424
0.05876066398104872
0.058607228833130104
0.05845437439250659
0.0583020981394465
0.05815039756426191
0.05799927016729863
0.05784871345892548
0.0576987249595225
0.05754930219946941
0.05740044271913268
0.057252144068852914
0.057104403808930865
0.05695721950961398
0.05681058875108113
0.05666450912342854
0.05651897822665332
0.05637399367063824
0.05622955307513511
0.05608565406974801
0.05594229429391575
0.0557994713968947
0.055657183037740254
0.055515426885288585
0.05537420061813766
0.055233501924627955
0.05509332850282283
0.05495367806048867
0.05481454831507416
0.054675936993689736
0.05453784183308667
0.05440026057963539
0.054263190989303864
0.05412663082763564
0.05399057786972719
0.053855029900205645
0.05371998471320533
0.0535854401123449
0.053451393910703804
0.053317843930797984
0.053184788004556595
0.05305222397329672
0.052920149687699605
0.052788563007785214
0.05265746180288762
0.05252684395162912
0.05239670734189522
0.05226704987080864
0.05213786944470325
0.05200916397909799
0.05188093139867041
0.05175316963723006
0.05162587663769172
0.051499050352048714
0.05137268874134501
0.05124678977564877
0.05112135143402413
0.050996371704504176
0.050871848584062365
0.05074778007858549
0.05062416420284464
0.0505009989804676
0.05037828244391017
0.050256012634427596
0.05013418760204609
0.05001280540553371
0.04989186411237198
