0.5157519554427015
0.5784606611083609
0.5662685403280167
0.5562091371121789
0.548316200071162
0.5422764783391992
0.5377473502617319
0.534404310645178
0.5319661862432343
0.530203617819879
0.5289372489988448
0.528030966208624
0.5273836613276759
0.5269213745604908
0.5265906012749153
0.5263529450355995
0.5261810138667039
0.5260553524456058
0.5259621891828394
0.525891801951029
0.5258373427651247
0.5257939977000351
0.5257583890834863
0.5257281514807272
0.5257016316881944
0.5256776768769122
0.5256554852204628
0.5256345007216408
0.5256143392520356
0.5255947366047967
0.5255755120547694
0.5255565428316992
0.5255377462657165
0.5255190673212617
0.5255004699113551
0.5254819308608448
0.5254634357233141
0.525444975893046
0.5254265466200689
0.5254081456535351
0.5253897723210796
0.5253714269096916
0.5253531102542581
0.525334823468423
0.5253165677723587
0.5252983443859998
0.525280154466037
0.5252619990717633
0.5252438791495876
0.525225795529312
0.52520774892753
0.525189739955066
0.5251717691264463
0.5251538368701131
0.5251359435385892
0.5251180894181278
0.5251002747375932
0.5250824996764661
0.5250647643719453
0.5250470689251776
0.525029413406675
0.5250117978609903
0.5249942223107344
0.5249766867600094
0.5249591911973338
0.5249417355981278
0.5249243199268195
0.524906944138626
0.524889608181058
0.5248723119951878
0.5248550555167188
0.5248378386768843
0.5248206614032036
0.5248035236201176
0.5247864252495228
0.5247693662112185
0.5247523464232833
0.5247353658023894
0.5247184242640672
0.5247015217229272
0.5246846580928435
0.5246678332871116
0.5246510472185764
0.5246342997997411
0.5246175909428594
0.5246009205600101
0.524584288563161
0.5245676948642224
0.5245511393750903
0.5245346220076849
0.5245181426739787
0.5245017012860254
0.5244852977559781
0.5244689319961084
0.5244526039188209
0.5244363134366647
0.5244200604623441
0.5244038449087256
0.5243876666888455
0.5243715257159152
0.5243554219033246
0.5243393551646468
0.5243233254136406
0.5243073325642515
0.5242913765306154
0.5242754572270578
0.5242595745680956
0.5242437284684376
0.5242279188429853
0.524212145606832
0.5241964086752635
0.5241807079637579
0.5241650433879845
0.5241494148638046
0.5241338223072698
0.524118265634623
0.524102744762296
0.5240872596069102
0.5240718100852755
0.5240563961143889
0.5240410176114354
0.5240256744937857
0.5240103666789964
0.5239950940848083
0.5239798566291468
0.5239646542301203
0.5239494868060195
0.5239343542753172
0.5239192565566668
0.5239041935689016
0.5238891652310347
0.5238741714622572
0.5238592121819385
0.5238442873096248
0.5238293967650387
0.523814540468078
0.5237997183388152
0.5237849302974973
0.5237701762645441
0.5237554561605483
0.5237407699062738
0.5237261174226561
0.5237114986308009
0.5236969134519833
0.5236823618076474
0.523667843619406
0.5236533588090385
0.523638907298492
0.5236244890098795
0.5236101038654788
0.5235957517877333
0.5235814326992505
0.5235671465228007
0.5235528931813178
0.5235386725978971
0.5235244846957963
0.523510329398433
0.5234962066293856
0.5234821163123922
0.5234680583713495
0.5234540327303128
0.5234400393134949
0.5234260780452663
0.5234121488501537
0.5233982516528397
0.5233843863781623
0.5233705529511141
0.5233567512968426
0.5233429813406478
0.5233292430079838
0.5233155362244565
0.523301860915824
0.5232882170079959
0.523274604427032
0.523261023099143
0.5232474729506892
0.52323395390818
0.5232204658982729
0.5232070088477744
0.523193582683638
0.5231801873329649
0.523166822723002
0.5231534887811427
0.523140185434926
0.5231269126120357
0.5231136702403003
0.5231004582476922
0.5230872765623276
0.5230741251124651
0.5230610038265068
0.523047912632996
0.5230348514606182
0.5230218202382
0.5230088188947082
0.5229958473592504
0.5229829055610735
0.522969993429564
0.5229571108942472
0.5229442578847863
0.522931434330983
0.5229186401627766
0.5229058753102427
0.5228931397035943
0.5228804332731805
0.5228677559494852
0.5228551076631293
0.5228424883448671
0.5228298979255881
0.5228173363363158
0.5228048035082073
0.5227922993725531
0.5227798238607761
0.5227673769044323
0.5227549584352094
0.5227425683849265
0.5227302066855344
0.5227178732691143
0.5227055680678785
0.5226932910141687
0.5226810420404566
0.5226688210793435
0.5226566280635592
0.522644462925962
0.5226323255995389
0.5226202160174044
0.5226081341128004
0.522596079819096
0.522584053069787
0.5225720537984955
0.5225600819389697
0.5225481374250838
0.5225362201908363
0.5225243301703518
0.5225124672978788
0.5225006315077905
0.5224888227345834
0.5224770409128782
0.5224652859774185
0.5224535578630708
0.5224418565048246
0.522430181837791
0.5224185337972033
0.5224069123184165
0.5223953173369067
0.522383748788271
0.5223722066082273
0.5223606907326128
0.522349201097386
0.5223377376386246
0.5223263002925251
0.5223148889954038
0.522303503683695
0.5222921442939521
0.5222808107628459
0.5222695030271658
0.5222582210238181
0.5222469646898262
0.522235733962331
0.5222245287785896
0.5222133490759752
0.5222021947919773
0.5221910658642013
0.5221799622303676
0.5221688838283118
0.5221578305959846
0.5221468024714513
0.5221357993928908
0.5221248212985969
0.5221138681269765
0.52210293981655
0.5220920363059511
0.5220811575339264
0.5220703034393347
0.5220594739611476
0.5220486690384487
0.522037888610433
0.5220271326164071
0.5220164009957892
0.5220056936881079
0.5219950106330029
0.5219843517702243
0.521973717039632
0.5219631063811963
0.5219525197349967
0.5219419570412223
0.5219314182401712
0.5219209032722505
0.5219104120779755
0.5218999445979704
0.5218895007729673
0.5218790805438058
0.521868683851433
0.5218583106369042
0.5218479608413809
0.5218376344061314
0.5218273312725312
0.5218170513820617
0.5218067946763102
0.52179656109697
0.5217863505858402
0.521776163084825
0.5217659985359334
0.5217558568812797
0.5217457380630829
0.5217356420236656
0.5217255687054553
0.5217155180509829
0.5217054900028831
0.5216954845038939
0.5216855014968566
0.5216755409247152
0.5216656027305168
0.52165568685741
0.5216457932486472
0.5216359218475812
0.5216260725976671
0.5216162454424618
0.5216064403256233
0.5215966571909103
0.5215868959821827
0.5215771566434011
0.521567439118626
0.521557743352018
0.5215480692878385
0.5215384168704472
0.5215287860443043
0.5215191767539687
0.5215095889440986
0.5215000225594505
0.52149047754488
0.5214809538453403
0.5214714514058836
0.5214619701716593
0.5214525100879142
0.5214430710999935
0.5214336531533386
0.5214242561934883
0.5214148801660785
0.5214055250168408
0.5213961906916038
0.5213868771362917
0.5213775842969252
0.5213683121196198
0.5213590605505872
0.5213498295361341
0.5213406190226618
0.5213314289566668
0.5213222592847402
0.5213131099535672
0.5213039809099271
0.5212948721006934
0.5212857834728328
0.5212767149734063
0.5212676665495675
0.521258638148563
0.5212496297177328
0.521240641204509
0.5212316725564166
0.521222723721072
0.5212137946461847
0.5212048852795552
0.5211959955690755
0.5211871254627294
0.5211782749085917
0.521169443854828
0.5211606322496947
0.5211518400415386
0.521143067178797
0.5211343136099975
0.5211255792837567
0.5211168641487819
0.5211081681538692
0.5210994912479041
0.5210908333798614
0.5210821944988044
0.5210735745538851
0.5210649734943441
0.5210563912695102
0.5210478278287998
0.5210392831217177
0.5210307570978556
0.5210222497068933
0.5210137608985973
0.5210052906228213
0.5209968388295055
0.520988405468677
0.5209799904904491
0.5209715938450211
0.5209632154826785
0.5209548553537923
0.5209465134088191
0.5209381895983012
0.5209298838728652
0.5209215961832235
0.5209133264801726
0.5209050747145938
0.5208968408374528
0.5208886247997988
0.5208804265527658
0.5208722460475709
0.5208640832355145
0.5208559380679811
0.5208478104964376
0.5208397004724339
0.5208316079476027
0.5208235328736593
0.5208154752024008
0.5208074348857071
0.5207994118755395
0.5207914061239406
0.5207834175830353
0.5207754462050294
0.5207674919422096
0.5207595547469437
0.52075163457168
0.5207437313689474
0.5207358450913548
0.5207279756915919
0.5207201231224272
0.5207122873367094
0.5207044682873672
0.5206966659274075
0.5206888802099169
0.5206811110880607
0.5206733585150832
0.5206656224443065
0.5206579028291316
0.520650199623037
0.52064251277958
0.5206348422523941
0.5206271879951916
0.5206195499617616
0.5206119281059701
0.5206043223817602
0.5205967327431515
0.5205891591442404
0.5205816015391992
0.5205740598822765
0.5205665341277965
0.5205590242301597
0.5205515301438413
0.5205440518233925
0.5205365892234393
0.5205291422986823
0.5205217110038974
0.5205142952939346
0.5205068951237182
0.5204995104482468
0.5204921412225928
0.5204847874019026
0.5204774489413956
0.5204701257963649
0.5204628179221766
0.5204555252742697
0.5204482478081562
0.5204409854794207
0.5204337382437194
0.5204265060567814
0.5204192888744077
0.5204120866524706
0.5204048993469146
0.5203977269137551
0.5203905693090787
0.5203834264890433
0.5203762984098776
0.5203691850278805
0.5203620862994218
0.5203550021809408
0.5203479326289475
0.5203408776000218
0.5203338370508126
0.5203268109380387
0.5203197992184881
0.520312801849018
0.5203058187865537
0.5202988499880902
0.5202918954106904
0.5202849550114856
0.5202780287476754
0.5202711165765268
0.5202642184553752
0.520257334341623
0.5202504641927399
0.5202436079662635
0.5202367656197971
0.520229937111012
0.5202231223976453
0.5202163214375009
0.5202095341884484
0.520202760608424
0.5201960006554291
0.5201892542875316
0.5201825214628637
0.5201758021396239
0.520169096276075
0.5201624038305452
0.5201557247614268
0.5201490590271772
0.5201424065863179
0.5201357673974343
0.5201291414191759
0.5201225286102559
0.5201159289294512
0.5201093423356018
0.5201027687876112
0.5200962082444457
0.5200896606651344
0.5200831260087689
0.5200766042345037
0.5200700953015551
0.5200635991692016
0.5200571157967837
0.5200506451437035
0.5200441871694244
0.5200377418334714
0.5200313090954308
0.5200248889149495
0.5200184812517351
0.5200120860655564
0.520005703316242
0.5199993329636807
0.5199929749678222
0.5199866292886748
0.5199802958863075
0.5199739747208482
0.5199676657524845
0.5199613689414627
0.5199550842480887
0.5199488116327264
0.519942551055799
0.5199363024777872
0.5199300658592313
0.5199238411607283
0.5199176283429336
0.5199114273665608
0.5199052381923799
0.5198990607812192
0.5198928950939637
0.5198867410915555
0.5198805987349936
0.5198744679853332
0.5198683488036864
0.5198622411512213
0.5198561449891623
0.5198500602787894
0.5198439869814387
0.5198379250585016
0.5198318744714249
0.5198258351817107
0.5198198071509159
0.5198137903406528
0.5198077847125877
0.5198017902284418
0.5197958068499906
0.5197898345390637
0.5197838732575448
0.5197779229673712
0.5197719836305338
0.5197660552090773
0.5197601376650993
0.519754230960751
0.5197483350582364
0.5197424499198117
0.5197365755077862
0.5197307117845219
0.5197248587124326
0.5197190162539843
0.5197131843716951
0.5197073630281348
0.5197015521859245
0.5196957518077373
0.5196899618562967
0.5196841822943783
0.519678413084808
0.5196726541904623
0.5196669055742688
0.5196611671992051
0.5196554390282991
0.5196497210246293
0.5196440131513234
0.5196383153715592
0.5196326276485641
0.5196269499456148
0.5196212822260374
0.5196156244532072
0.5196099765905478
0.5196043386015324
0.5195987104496824
0.5195930920985677
0.5195874835118061
0.5195818846530644
0.5195762954860567
0.5195707159745449
0.5195651460823388
0.5195595857732956
0.5195540350113198
0.5195484937603627
0.5195429619844236
0.5195374396475474
0.5195319267138268
0.5195264231474
0.5195209289124525
0.5195154439732154
0.519509968293966
0.5195045018390276
0.5194990445727692
0.5194935964596055
0.5194881574639966
0.5194827275504474
0.5194773066835087
0.5194718948277757
0.5194664919478886
0.5194610980085327
0.5194557129744368
0.5194503368103752
0.5194449694811657
0.5194396109516702
0.5194342611867948
0.5194289201514893
0.5194235878107469
0.5194182641296042
0.5194129490731416
0.5194076426064822
0.5194023446947925
0.5193970553032812
0.5193917743972005
0.5193865019418445
0.5193812379025506
0.5193759822446976
0.5193707349337066
0.5193654959350411
0.5193602652142062
0.5193550427367487
0.5193498284682568
0.5193446223743603
0.5193394244207303
0.5193342345730793
0.5193290527971599
0.5193238790587665
0.5193187133237334
0.5193135555579362
0.5193084057272908
0.5193032637977527
0.5192981297353179
0.5192930035060233
0.5192878850759441
0.5192827744111964
0.5192776714779357
0.519272576242356
0.5192674886706924
0.5192624087292174
0.5192573363842437
0.5192522716021222
0.519247214349243
0.5192421645920353
0.5192371222969655
0.5192320874305395
0.5192270599593011
0.519222039849832
0.519217027068752
0.5192120215827194
0.5192070233584288
0.519202032362614
0.5191970485620448
0.5191920719235297
0.519187102413913
0.5191821400000773
0.5191771846489416
0.5191722363274613
0.5191672950026295
0.5191623606414749
0.5191574332110636
0.5191525126784966
0.5191475990109125
0.5191426921754855
0.5191377921394253
0.5191328988699779
0.5191280123344251
0.5191231325000837
0.5191182593343063
0.5191133928044811
0.5191085328780312
0.5191036795224144
0.5190988327051242
0.5190939923936888
0.5190891585556705
0.519084331158667
0.5190795101703102
0.5190746955582661
0.5190698872902356
0.5190650853339531
0.5190602896571873
0.5190555002277408
0.5190507170134503
0.5190459399821854
0.5190411691018502
0.5190364043403815
0.51903164566575
0.5190268930459595
0.5190221464490464
0.5190174058430812
0.5190126711961662
0.5190079424764371
0.5190032196520619
0.5189985026912419
0.5189937915622104
0.5189890862332325
0.5189843866726064
0.5189796928486622
0.5189750047297619
0.5189703222842996
0.5189656454807012
0.5189609742874242
0.518956308672958
0.5189516486058231
0.5189469940545717
0.5189423449877875
0.5189377013740848
0.5189330631821096
0.5189284303805389
0.5189238029380803
0.5189191808234719
0.5189145640054836
0.5189099524529148
0.5189053461345965
0.5189007450193887
0.5188961490761831
0.5188915582739009
0.5188869725814933
0.5188823919679425
0.5188778164022594
0.5188732458534853
0.5188686802906917
0.5188641196829793
0.5188595639994781
0.5188550132093479
0.5188504672817782
0.5188459261859873
0.518841389891223
0.5188368583667619
0.51883233158191
0.5188278095060022
0.5188232921084017
0.5188187793585017
0.5188142712257227
0.5188097676795144
0.518805268689355
0.5188007742247513
0.5187962842552383
0.5187917987503791
0.5187873176797648
0.5187828410130156
0.5187783687197784
0.5187739007697291
0.5187694371325704
0.5187649777780338
0.5187605226758779
0.5187560717958889
0.518751625107881
0.518747182581695
0.5187427441872001
0.5187383098942919
0.5187338796728942
0.5187294534929567
0.5187250313244574
0.5187206131374001
0.5187161989018169
0.5187117885877655
0.5187073821653307
0.5187029796046251
0.5186985808757859
0.5186941859489789
0.5186897947943949
0.518685407382252
0.5186810236827942
0.518676643666292
0.5186722673030422
0.5186678945633674
0.5186635254176165
0.5186591598361645
0.5186547977894124
0.5186504392477866
0.5186460841817397
0.5186417325617506
0.5186373843583227
0.5186330395419859
0.5186286980832954
0.5186243599528317
0.5186200251212013
0.5186156935590357
0.5186113652369916
0.5186070401257514
0.5186027181960222
0.5185983994185368
0.5185940837640526
0.5185897712033523
0.5185854617072434
0.5185811552465589
0.5185768517921556
0.5185725513149162
0.5185682537857476
0.5185639591755813
0.5185596674553739
0.5185553785961063
0.518551092568784
0.5185468093444369
0.5185425288941197
0.5185382511889112
0.5185339761999145
0.5185297038982571
0.5185254342550912
0.5185211672415923
0.5185169028289607
0.5185126409884206
0.5185083816912208
0.5185041249086332
0.5184998706119542
0.518495618772504
0.5184913693616273
0.5184871223506915
0.5184828777110887
0.5184786354142346
0.5184743954315686
0.5184701577345534
0.5184659222946759
0.5184616890834463
0.5184574580723986
0.5184532292330899
0.5184490025371014
0.5184447779560373
0.5184405554615252
0.5184363350252166
0.5184321166187857
0.5184279002139305
0.5184236857823723
0.5184194732958549
0.5184152627261464
0.5184110540450373
0.5184068472243417
0.5184026422358967
0.518398439051562
0.5183942376432216
0.5183900379827812
0.5183858400421699
0.5183816437933406
0.5183774492082681
0.5183732562589506
0.5183690649174091
0.5183648751556877
0.5183606869458531
0.5183565002599947
0.5183523150702253
0.5183481313486797
0.5183439490675162
0.5183397681989156
0.5183355887150807
0.5183314105882384
0.5183272337906368
0.518323058294548
0.5183188840722655
0.5183147110961066
0.5183105393384101
0.5183063687715381
0.5183021993678755
0.5182980310998289
0.5182938639398279
0.5182896978603249
0.5182855328337941
0.5182813688327331
0.5182772058296614
0.5182730437971209
0.5182688827076763
0.5182647225339146
0.5182605632484455
0.5182564048239005
0.518252247232934
0.518248090448223
0.5182439344424663
0.5182397791883858
0.518235624658725
0.5182314708262505
0.5182273176637511
0.5182231651440379
0.5182190132399438
0.5182148619243252
0.5182107111700601
0.5182065609500492
0.5182024112372152
0.5181982620045035
0.5181941132248816
0.5181899648713397
0.51818581691689
0.5181816693345671
0.5181775220974283
0.5181733751785528
0.5181692285510426
0.5181650821880217
0.5181609360626369
0.5181567901480568
0.5181526444174729
0.5181484988440987
0.5181443534011705
0.5181402080619465
0.5181360627997078
0.5181319175877579
0.5181277723994218
0.5181236272080482
0.5181194819870075
0.5181153367096931
0.51811119134952
0.5181070458799267
0.5181029002743731
0.5180987545063427
0.5180946085493405
0.5180904623768948
0.518086315962556
0.5180821692798975
0.5180780223025145
0.5180738750040254
0.5180697273580713
0.5180655793383153
0.5180614309184439
0.5180572820721656
0.5180531327732117
0.5180489829953365
0.518044832712317
0.5180406818979524
0.5180365305260652
0.5180323785705004
0.518028226005126
0.5180240728038328
0.5180199189405341
0.5180157643891662
0.5180116091236888
0.5180074531180838
0.5180032963463566
0.517999138782535
0.5179949804006703
0.5179908211748365
0.517986661079131
0.5179825000876741
0.5179783381746087
0.5179741753141016
0.5179700114803425
0.517965846647544
0.5179616807899423
0.5179575138817968
0.5179533458973898
0.5179491768110276
0.5179450065970392
0.5179408352297774
0.517936662683618
0.517932488932961
0.517928313952229
0.5179241377158686
0.5179199601983501
0.517915781374167
0.517911601217837
0.5179074197039004
0.5179032368069225
0.5178990525014915
0.5178948667622199
0.5178906795637435
0.5178864908807224
0.5178823006878402
0.5178781089598051
0.5178739156713487
0.5178697207972267
0.5178655243122191
0.5178613261911301
0.5178571264087879
0.5178529249400445
0.517848721759777
0.5178445168428861
0.5178403101642972
0.51783610169896
0.5178318914218487
0.5178276793079619
0.5178234653323225
0.5178192494699786
0.5178150316960022
0.5178108119854907
0.5178065903135657
0.5178023666553739
0.5177981409860866
0.5177939132809
0.5177896835150356
0.5177854516637392
0.5177812177022825
0.5177769816059615
0.5177727433500979
0.5177685029100381
0.5177642602611545
0.5177600153788439
0.517755768238529
0.5177515188156583
0.517747267085705
0.517743013024168
0.5177387566065721
0.5177344978084679
0.517730236605431
0.5177259729730636
0.517721706886993
0.5177174383228731
0.5177131672563828
0.5177088936632281
0.5177046175191405
0.5177003387998774
0.517696057481223
0.5176917735389872
0.5176874869490067
0.5176831976871441
0.5176789057292889
0.5176746110513566
0.5176703136292902
0.5176660134390582
0.5176617104566563
0.5176574046581075
0.5176530960194607
0.5176487845167924
0.5176444701262056
0.5176401528238308
0.5176358325858254
0.5176315093883739
0.5176271832076881
0.517622854020007
0.5176185218015974
0.5176141865287531
0.5176098481777957
0.5176055067250742
0.5176011621469654
0.5175968144198737
0.5175924635202315
0.5175881094244992
0.5175837521091649
0.5175793915507445
0.5175750277257826
0.5175706606108517
0.5175662901825523
0.5175619164175136
0.5175575392923931
0.5175531587838766
0.517548774868679
0.517544387523543
0.5175399967252406
0.5175356024505724
0.5175312046763678
0.5175268033794855
0.5175223985368128
0.5175179901252662
0.5175135781217911
0.5175091625033632
0.517504743246986
0.517500320329694
0.5174958937285496
0.5174914634206464
0.5174870293831061
0.5174825915930812
0.5174781500277537
0.5174737046643355
0.5174692554800682
0.5174648024522239
0.5174603455581047
0.5174558847750428
0.517451420080401
0.5174469514515718
0.5174424788659793
0.517438002301077
0.5174335217343499
0.5174290371433131
0.5174245485055131
0.517420055798527
0.5174155589999629
0.5174110580874597
0.5174065530386881
0.5174020438313494
0.5173975304431768
0.5173930128519343
0.5173884910354178
0.5173839649714551
0.5173794346379049
0.5173749000126581
0.5173703610736375
0.5173658177987979
0.5173612701661257
0.5173567181536399
0.5173521617393917
0.5173476009014643
0.5173430356179731
0.5173384658670669
0.5173338916269258
0.5173293128757638
0.5173247295918267
0.5173201417533937
0.5173155493387768
0.5173109523263207
0.5173063506944037
0.5173017444214372
0.5172971334858653
0.5172925178661666
0.5172878975408519
0.5172832724884667
0.5172786426875895
0.5172740081168328
0.5172693687548428
0.5172647245802998
0.5172600755719179
0.5172554217084457
0.5172507629686657
0.5172460993313946
0.5172414307754842
0.5172367572798201
0.5172320788233227
0.5172273953849473
0.5172227069436833
0.517218013478556
0.5172133149686251
0.517208611392985
0.5172039027307662
0.5171991889611336
0.5171944700632878
0.5171897460164648
0.5171850167999363
0.5171802823930097
0.5171755427750275
0.5171707979253688
0.517166047823448
0.5171612924487159
0.5171565317806593
0.5171517657988014
0.5171469944827012
0.5171422178119546
0.5171374357661938
0.5171326483250875
0.5171278554683414
0.5171230571756976
0.5171182534269353
0.5171134442018704
0.5171086294803565
0.5171038092422837
0.5170989834675795
0.5170941521362092
0.517089315228175
0.5170844727235169
0.5170796246023125
0.5170747708446771
0.5170699114307641
0.5170650463407646
0.5170601755549075
0.5170552990534605
0.5170504168167287
0.5170455288250562
0.517040635058825
0.5170357354984563
0.5170308301244089
0.5170259189171809
0.5170210018573097
0.5170160789253705
0.5170111501019783
0.5170062153677868
0.517001274703489
0.5169963280898172
0.516991375507543
0.5169864169374777
0.5169814523604717
0.5169764817574153
0.5169715051092385
0.5169665223969114
0.5169615336014439
0.5169565387038858
0.5169515376853271
0.516946530526898
0.5169415172097689
0.5169364977151507
0.5169314720242955
0.5169264401184946
0.5169214019790812
0.5169163575874285
0.5169113069249514
0.5169062499731047
0.516901186713385
0.5168961171273304
0.5168910411965193
0.5168859589025719
0.5168808702271499
0.5168757751519565
0.5168706736587363
0.5168655657292761
0.5168604513454039
0.51685533048899
0.5168502031419467
0.5168450692862282
0.5168399289038305
0.5168347819767927
0.5168296284871957
0.5168244684171627
0.5168193017488601
0.5168141284644964
0.5168089485463223
0.5168037619766326
0.5167985687377639
0.5167933688120963
0.5167881621820525
0.5167829488300987
0.5167777287387445
0.5167725018905424
0.5167672682680886
0.5167620278540224
0.5167567806310271
0.5167515265818297
0.5167462656892003
0.5167409979359538
0.5167357233049481
0.5167304417790859
0.5167251533413134
0.516719857974621
0.5167145556620438
0.5167092463866608
0.5167039301315959
0.5166986068800168
0.5166932766151362
0.5166879393202117
0.5166825949785453
0.5166772435734839
0.516671885088419
0.5166665195067879
0.5166611468120724
0.5166557669877991
0.5166503800175407
0.5166449858849145
0.5166395845735836
0.5166341760672563
0.5166287603496864
0.5166233374046737
0.5166179072160632
0.516612469767746
0.516607025043659
0.5166015730277848
0.516596113704152
0.5165906470568356
0.5165851730699565
0.5165796917276819
0.5165742030142249
0.5165687069138454
0.5165632034108497
0.5165576924895904
0.5165521741344665
0.5165466483299239
0.5165411150604555
0.5165355743106004
0.5165300260649448
0.5165244703081215
0.5165189070248108
0.5165133361997396
0.5165077578176823
0.51650217186346
0.5164965783219416
0.5164909771780425
0.5164853684167259
0.516479752023003
0.5164741279819314
0.5164684962786169
0.5164628568982128
0.5164572098259201
0.5164515550469875
0.5164458925467111
0.5164402223104356
0.516434544323553
0.5164288585715032
0.5164231650397748
0.5164174637139038
0.5164117545794745
0.5164060376221195
0.5164003128275196
0.5163945801814037
0.5163888396695493
0.516383091277782
0.5163773349919765
0.5163715707980547
0.5163657986819886
0.5163600186297975
0.5163542306275503
0.5163484346613637
0.5163426307174038
0.5163368187818853
0.5163309988410717
0.5163251708812753
0.5163193348888571
0.5163134908502277
0.5163076387518462
0.5163017785802205
0.5162959103219085
0.5162900339635159
0.516284149491699
0.5162782568931623
0.5162723561546598
0.5162664472629945
0.5162605302050194
0.5162546049676364
0.5162486715377965
0.5162427299025005
0.5162367800487986
0.5162308219637907
0.5162248556346254
0.5162188810485016
0.5162128981926676
0.5162069070544208
0.5162009076211092
0.5161948998801293
0.516188883818928
0.516182859425002
0.516176826685897
0.5161707855892091
0.5161647361225841
0.5161586782737171
0.5161526120303535
0.5161465373802883
0.5161404543113661
0.5161343628114823
0.5161282628685812
0.5161221544706571
0.5161160376057548
0.5161099122619686
0.5161037784274424
0.5160976360903708
0.5160914852389982
0.5160853258616181
0.5160791579465753
0.5160729814822635
0.516066796457127
0.5160606028596599
0.5160544006784064
0.5160481899019606
0.5160419705189664
0.5160357425181183
0.5160295058881602
0.5160232606178865
0.5160170066961415
0.516010744111819
0.5160044728538639
0.5159981929112697
0.5159919042730812
0.5159856069283925
0.5159793008663477
0.5159729860761411
0.515966662547017
0.5159603302682694
0.5159539892292424
0.5159476394193304
0.5159412808279771
0.5159349134446763
0.515928537258972
0.5159221522604578
0.5159157584387773
0.5159093557836241
0.5159029442847409
0.515896523931921
0.5158900947150076
0.5158836566238925
0.5158772096485187
0.5158707537788778
0.5158642890050118
0.5158578153170121
0.5158513327050195
0.5158448411592248
0.515838340669868
0.515831831227239
0.5158253128216769
0.5158187854435705
0.5158122490833581
0.5158057037315271
0.5157991493786143
0.5157925860152062
0.5157860136319382
0.5157794322194951
0.5157728417686109
0.5157662422700687
0.515759633714701
0.5157530160933887
0.5157463893970627
0.5157397536167019
0.5157331087433348
0.5157264547680385
0.515719791681939
0.515713119476211
0.5157064381420781
0.5156997476708123
0.5156930480537343
0.5156863392822134
0.5156796213476675
0.515672894241563
0.5156661579554143
0.5156594124807842
0.5156526578092839
0.515645893932573
0.5156391208423587
0.5156323385303967
0.5156255469884903
0.5156187462084909
0.515611936182298
0.5156051169018583
0.5155982883591667
0.5155914505462657
0.5155846034552448
0.5155777470782416
0.5155708814074407
0.5155640064350744
0.5155571221534218
0.5155502285548091
0.5155433256316103
0.5155364133762457
0.5155294917811826
0.5155225608389351
0.5155156205420642
0.5155086708831775
0.5155017118549293
0.5154947434500198
0.515487765661196
0.5154807784812511
0.5154737819030242
0.5154667759194009
0.5154597605233127
0.5154527357077365
0.5154457014656955
0.5154386577902582
0.5154316046745392
0.5154245421116977
0.5154174700949393
0.5154103886175139
0.5154032976727169
0.515396197253889
0.5153890873544154
0.5153819679677263
0.5153748390872966
0.515367700706646
0.5153605528193379
0.5153533954189811
0.5153462284992276
0.5153390520537744
0.5153318660763617
0.5153246705607741
0.5153174655008399
0.5153102508904306
0.5153030267234615
0.5152957929938912
0.5152885496957217
0.5152812968229976
0.5152740343698072
0.5152667623302811
0.5152594806985925
0.5152521894689576
0.5152448886356347
0.5152375781929246
0.5152302581351696
0.5152229284567554
0.5152155891521083
0.5152082402156966
0.5152008816420304
0.5151935134256611
0.5151861355611814
0.5151787480432252
0.5151713508664673
0.5151639440256232
0.5151565275154494
0.5151491013307429
0.5151416654663405
0.5151342199171198
0.5151267646779986
0.5151192997439339
0.5151118251099231
0.5151043407710029
0.515096846722249
0.5150893429587773
0.5150818294757418
0.5150743062683361
0.5150667733317922
0.515059230661381
0.5150516782524114
0.5150441161002308
0.5150365442002245
0.5150289625478158
0.5150213711384657
0.5150137699676728
0.515006159030973
0.5149985383239392
0.5149909078421816
0.5149832675813469
0.5149756175371191
0.5149679577052174
0.5149602880813987
0.5149526086614549
0.5149449194412143
0.5149372204165407
0.5149295115833336
0.5149217929375276
0.5149140644750925
0.514906326192033
0.5148985780843889
0.5148908201482338
0.5148830523796761
0.5148752747748584
0.5148674873299574
0.5148596900411824
0.5148518829047779
0.5148440659170203
0.5148362390742199
0.5148284023727201
0.514820555808896
0.5148126993791563
0.5148048330799411
0.5147969569077233
0.5147890708590074
0.514781174930329
0.514773269118256
0.514765353419387
0.5147574278303516
0.5147494923478105
0.5147415469684546
0.5147335916890052
0.5147256265062141
0.5147176514168625
0.5147096664177612
0.5147016715057511
0.5146936666777014
0.5146856519305113
0.5146776272611078
0.5146695926664469
0.514661548143513
0.5146534936893181
0.5146454293009027
0.514637354975334
0.5146292707097075
0.5146211765011451
0.5146130723467959
0.5146049582438357
0.514596834189466
0.5145887001809156
0.5145805562154384
0.514572402290314
0.5145642384028477
0.5145560645503702
0.5145478807302362
0.5145396869398259
0.5145314831765437
0.5145232694378183
0.514515045721102
0.5145068120238709
0.5144985683436247
0.514490314677886
0.5144820510242004
0.5144737773801363
0.5144654937432844
0.5144572001112574
0.5144488964816898
0.5144405828522379
0.5144322592205797
0.5144239255844133
0.5144155819414584
0.5144072282894553
0.5143988646261639
0.5143904909493651
0.5143821072568586
0.5143737135464639
0.5143653098160199
0.5143568960633845
0.5143484722864339
0.514340038483063
0.5143315946511843
0.514323140788729
0.5143146768936451
0.5143062029638983
0.5142977189974711
0.5142892249923627
0.514280720946589
0.5142722068581822
0.5142636827251896
0.5142551485456749
0.5142466043177168
0.5142380500394088
0.5142294857088597
0.5142209113241926
0.5142123268835443
0.514203732385066
0.5141951278269222
0.514186513207291
0.5141778885243633
0.5141692537763426
0.5141606089614452
0.5141519540778993
0.514143289123945
0.5141346140978338
0.5141259289978287
0.5141172338222034
0.5141085285692425
0.5140998132372407
0.5140910878245033
0.5140823523293444
0.5140736067500886
0.5140648510850688
0.5140560853326275
0.5140473094911151
0.5140385235588906
0.5140297275343209
0.5140209214157805
0.5140121052016512
0.5140032788903219
0.513994442480188
0.513985595969652
0.5139767393571214
0.5139678726410103
0.513958995819738
0.513950108891729
0.5139412118554126
0.513932304709223
0.5139233874515979
0.5139144600809797
0.5139055225958138
0.5138965749945491
0.5138876172756378
0.513878649437534
0.5138696714786949
0.5138606833975793
0.5138516851926476
0.513842676862362
0.5138336584051855
0.5138246298195817
0.5138155911040149
0.5138065422569491
0.5137974832768487
0.5137884141621769
0.5137793349113965
0.5137702455229688
0.5137611459953535
0.5137520363270087
0.5137429165163906
0.5137337865619522
0.5137246464621441
0.5137154962154139
0.5137063358202051
0.513697165274958
0.5136879845781085
0.5136787937280881
0.5136695927233232
0.5136603815622357
0.5136511602432414
0.5136419287647509
0.5136326871251682
0.5136234353228908
0.5136141733563099
0.5136049012238091
0.5135956189237647
0.5135863264545455
0.5135770238145118
0.5135677110020154
0.5135583880153998
0.5135490548529987
0.5135397115131369
0.5135303579941292
0.51352099429428
0.5135116204118835
0.5135022363452233
0.5134928420925714
0.5134834376521885
0.5134740230223234
0.513464598201213
0.5134551631870814
0.5134457179781398
0.5134362625725868
0.5134267969686065
0.5134173211643701
0.5134078351580339
0.5133983389477399
0.5133888325316153
0.513379315907772
0.5133697890743063
0.5133602520292986
0.5133507047708129
0.5133411472968968
0.513331579605581
0.5133220016948785
0.5133124135627852
0.5133028152072787
0.5132932066263185
0.5132835878178451
0.51327395877978
0.5132643195100258
0.5132546700064652
0.5132450102669603
0.513235340289354
0.5132256600714672
0.5132159696111004
0.5132062689060326
0.5131965579540206
0.5131868367528001
0.513177105300083
0.5131673635935596
0.5131576116308961
0.5131478494097359
0.5131380769276981
0.5131282941823777
0.5131185011713453
0.5131086978921463
0.5130988843423013
0.5130890605193048
0.5130792264206261
0.5130693820437072
0.5130595273859642
0.5130496624447862
0.5130397872175347
0.5130299017015438
0.5130200058941189
0.5130100997925381
0.51300018339405
0.5129902566958743
0.5129803196952013
0.5129703723891917
0.512960414774976
0.5129504468496542
0.5129404686102953
0.5129304800539376
0.5129204811775875
0.5129104719782195
0.5129004524527765
0.5128904225981683
0.5128803824112719
0.5128703318889309
0.5128602710279558
0.5128501998251228
0.5128401182771739
0.5128300263808165
0.5128199241327228
0.51280981152953
0.5127996885678392
0.5127895552442163
0.5127794115551896
0.5127692574972517
0.5127590930668577
0.5127489182604255
0.5127387330743349
0.5127285375049279
0.5127183315485079
0.5127081152013394
0.5126978884596483
0.5126876513196202
0.5126774037774012
0.5126671458290977
0.5126568774707746
0.5126465986984569
0.5126363095081276
0.5126260098957284
0.5126156998571595
0.5126053793882782
0.5125950484848995
0.5125847071427956
0.5125743553576949
0.5125639931252826
0.5125536204411997
0.512543237301043
0.5125328437003646
0.5125224396346717
0.5125120250994256
0.5125016000900426
0.5124911646018926
0.512480718630299
0.5124702621705386
0.5124597952178415
0.5124493177673893
0.5124388298143172
0.5124283313537111
0.5124178223806093
0.5124073028900009
0.5123967728768258
0.512386232335975
0.5123756812622888
0.5123651196505581
0.5123545474955229
0.5123439647918726
0.5123333715342451
0.5123227677172271
0.5123121533353534
0.5123015283831063
0.5122908928549162
0.5122802467451599
0.5122695900481615
0.5122589227581914
0.5122482448694659
0.5122375563761473
0.5122268572723435
0.5122161475521074
0.5122054272094361
0.512194696238272
0.512183954632501
0.5121732023859531
0.5121624394924015
0.5121516659455624
0.5121408817390953
0.5121300868666012
0.5121192813216242
0.5121084650976493
0.5120976381881034
0.5120868005863543
0.5120759522857106
0.5120650932794214
0.5120542235606756
0.5120433431226021
0.5120324519582693
0.5120215500606842
0.5120106374227931
0.5119997140374805
0.511988779897569
0.5119778349958187
0.5119668793249278
0.5119559128775308
0.5119449356461997
0.5119339476234421
0.5119229488017027
0.5119119391733614
0.5119009187307334
0.5118898874660694
0.5118788453715549
0.5118677924393095
0.5118567286613874
0.5118456540297762
0.5118345685363973
0.5118234721731053
0.5118123649316874
0.5118012468038633
0.5117901177812852
0.511778977855537
0.5117678270181338
0.5117566652605225
0.5117454925740806
0.5117343089501163
0.5117231143798677
0.5117119088545031
0.5117006923651206
0.5116894649027471
0.511678226458339
0.5116669770227807
0.5116557165868855
0.5116444451413941
0.5116331626769757
0.5116218691842259
0.5116105646536682
0.5115992490757523
0.5115879224408544
0.5115765847392766
0.511565235961247
0.5115538760969193
0.5115425051363719
0.5115311230696082
0.5115197298865561
0.5115083255770678
0.511496910130919
0.5114854835378093
0.5114740457873611
0.51146259686912
0.5114511367725544
0.5114396654870542
0.5114281830019323
0.5114166893064223
0.5114051843896793
0.5113936682407804
0.511382140848722
0.5113706022024217
0.5113590522907168
0.5113474911023645
0.5113359186260418
0.5113243348503441
0.5113127397637864
0.5113011333548014
0.5112895156117407
0.5112778865228732
0.5112662460763859
0.5112545942603826
0.5112429310628845
0.5112312564718289
0.5112195704750699
0.5112078730603775
0.511196164215437
0.5111844439278499
0.5111727121851319
0.5111609689747141
0.5111492142839416
0.5111374481000742
0.5111256704102851
0.5111138812016615
0.511102080461203
0.511090268175823
0.5110784443323471
0.5110666089175134
0.5110547619179717
0.5110429033202837
0.5110310331109225
0.5110191512762723
0.5110072578026279
0.5109953526761946
0.510983435883088
0.5109715074093336
0.5109595672408662
0.51094761536353
0.510935651763078
0.510923676425172
0.510911689335382
0.5108996904791862
0.5108876798419701
0.5108756574090271
0.5108636231655574
0.5108515770966681
0.5108395191873725
0.5108274494225907
0.5108153677871481
0.5108032742657759
0.5107911688431105
0.5107790515036935
0.5107669222319707
0.5107547810122929
0.5107426278289142
0.5107304626659932
0.510718285507591
0.5107060963376728
0.5106938951401063
0.5106816818986613
0.5106694565970107
0.5106572192187282
0.51064496974729
0.5106327081660735
0.5106204344583565
0.5106081486073181
0.5105958505960377
0.5105835404074948
0.5105712180245684
0.5105588834300371
0.5105465366065788
0.5105341775367704
0.510521806203087
0.5105094225879022
0.5104970266734873
0.5104846184420119
0.5104721978755422
0.5104597649560416
0.5104473196653708
0.5104348619852862
0.5104223918974408
0.510409909383383
0.5103974144245571
0.5103849070023025
0.5103723870978535
0.5103598546923389
0.5103473097667818
0.5103347523020996
0.5103221822791028
0.5103095996784954
0.510297004480875
0.5102843966667315
0.5102717762164473
0.5102591431102967
0.5102464973284466
0.5102338388509545
0.5102211676577697
0.510208483728732
0.510195787043572
0.5101830775819108
0.5101703553232593
0.5101576202470177
0.5101448723324761
0.5101321115588131
0.5101193379050968
0.5101065513502829
0.5100937518732156
0.5100809394526271
0.5100681140671364
0.5100552756952504
0.5100424243153623
0.5100295599057524
0.5100166824445865
0.5100037919099172
0.5099908882796819
0.5099779715317034
0.5099650416436903
0.5099520985932346
0.5099391423578135
0.5099261729147879
0.5099131902414025
0.5099001943147853
0.5098871851119473
0.5098741626097826
0.5098611267850671
0.5098480776144593
0.5098350150744992
0.5098219391416087
0.5098088497920902
0.5097957470021275
0.5097826307477843
0.5097695010050052
0.5097563577496139
0.5097432009573142
0.5097300306036884
0.5097168466641986
0.5097036491141846
0.5096904379288649
0.5096772130833359
0.5096639745525713
0.5096507223114217
0.5096374563346155
0.5096241765967573
0.5096108830723272
0.5095975757356823
0.5095842545610546
0.5095709195225515
0.5095575705941553
0.5095442077497228
0.5095308309629852
0.5095174402075475
0.509504035456888
0.5094906166843588
0.5094771838631842
0.5094637369664613
0.5094502759671597
0.5094368008381204
0.5094233115520561
0.5094098080815507
0.5093962903990589
0.5093827584769056
0.5093692122872862
0.5093556518022658
0.5093420769937786
0.5093284878336285
0.5093148842934875
0.5093012663448963
0.5092876339592635
0.5092739871078654
0.5092603257618458
0.5092466498922151
0.5092329594698507
0.5092192544654959
0.50920553484976
0.5091918005931179
0.5091780516659095
0.5091642880383396
0.5091505096804776
0.5091367165622568
0.5091229086534742
0.5091090859237899
0.5090952483427277
0.5090813958796729
0.5090675285038743
0.5090536461844417
0.5090397488903462
0.509025836590421
0.5090119092533592
0.5089979668477145
0.5089840093419005
0.5089700367041904
0.5089560489027171
0.5089420459054714
0.5089280276803035
0.5089139941949212
0.50889994541689
0.5088858813136325
0.508871801852429
0.5088577070004148
0.508843596724583
0.5088294709917818
0.5088153297687141
0.5088011730219384
0.5087870007178676
0.5087728128227692
0.5087586093027634
0.5087443901238242
0.5087301552517792
0.5087159046523075
0.5087016382909407
0.5086873561330625
0.5086730581439075
0.5086587442885611
0.5086444145319592
0.5086300688388882
0.5086157071739834
0.5086013295017298
0.5085869357864614
0.50857252599236
0.5085581000834556
0.5085436580236258
0.5085291997765954
0.5085147253059354
0.5085002345750634
0.508485727547243
0.5084712041855824
0.5084566644530356
0.5084421083124004
0.5084275357263192
0.5084129466572773
0.5083983410676042
0.5083837189194711
0.5083690801748918
0.5083544247957221
0.5083397527436592
0.5083250639802408
0.5083103584668452
0.5082956361646909
0.5082808970348358
0.5082661410381768
0.5082513681354495
0.5082365782872273
0.5082217714539219
0.5082069475957814
0.5081921066728915
0.5081772486451732
0.508162373472384
0.5081474811141165
0.5081325715297977
0.5081176446786894
0.508102700519887
0.5080877390123192
0.5080727601147477
0.5080577637857664
0.5080427499838013
0.5080277186671092
0.5080126697937783
0.5079976033217272
0.5079825192087036
0.5079674174122856
0.507952297889879
0.507937160598719
0.5079220054958676
0.5079068325382148
0.5078916416824769
0.5078764328851969
0.5078612061027429
0.5078459612913088
0.5078306984069123
0.5078154174053963
0.5078001182424263
0.5077848008734914
0.5077694652539031
0.5077541113387947
0.5077387390831207
0.507723348441657
0.5077079393689995
0.5076925118195637
0.5076770657475844
0.5076616011071151
0.5076461178520271
0.5076306159360096
0.5076150953125681
0.5075995559350251
0.5075839977565186
0.5075684207300016
0.5075528248082417
0.5075372099438211
0.5075215760891345
0.5075059231963902
0.5074902512176084
0.5074745601046211
0.5074588498090711
0.5074431202824117
0.5074273714759064
0.5074116033406275
0.5073958158274561
0.5073800088870812
0.5073641824699994
0.5073483365265137
0.5073324710067333
0.5073165858605732
0.5073006810377528
0.5072847564877963
0.5072688121600308
0.5072528480035872
0.5072368639673978
0.507220860000197
0.5072048360505201
0.507188792066703
0.507172727996881
0.507156643788988
0.5071405393907573
0.5071244147497189
0.5071082698132005
0.5070921045283254
0.5070759188420134
0.5070597127009783
0.5070434860517289
0.507027238840567
0.5070109710135882
0.5069946825166789
0.5069783732955183
0.5069620432955754
0.5069456924621096
0.50692932074017
0.5069129280745936
0.5068965144100062
0.5068800796908195
0.5068636238612325
0.50684714686523
0.5068306486465811
0.5068141291488397
0.5067975883153428
0.5067810260892103
0.506764442413344
0.5067478372304268
0.506731210482922
0.5067145621130728
0.5066978920629011
0.5066812002742068
0.5066644866885672
0.5066477512473365
0.506630993891644
0.5066142145623945
0.5065974132002664
0.5065805897457124
0.5065637441389563
0.5065468763199951
0.5065299862285957
0.5065130738042956
0.5064961389864011
0.5064791817139876
0.5064622019258977
0.5064451995607405
0.5064281745568917
0.5064111268524912
0.5063940563854437
0.5063769630934173
0.5063598469138423
0.5063427077839104
0.5063255456405746
0.5063083604205477
0.5062911520603011
0.5062739204960642
0.5062566656638242
0.5062393874993242
0.5062220859380626
0.5062047609152928
0.5061874123660209
0.5061700402250066
0.5061526444267607
0.5061352249055451
0.5061177815953714
0.5061003144300004
0.5060828233429402
0.5060653082674467
0.5060477691365217
0.5060302058829119
0.506012618439108
0.5059950067373447
0.5059773707095976
0.5059597102875848
0.5059420254027636
0.5059243159863313
0.505906581969223
0.5058888232821113
0.5058710398554046
0.5058532316192468
0.5058353985035162
0.5058175404378236
0.5057996573515127
0.5057817491736576
0.5057638158330625
0.505745857258261
0.5057278733775148
0.5057098641188115
0.5056918294098651
0.5056737691781139
0.505655683350721
0.5056375718545703
0.5056194346162687
0.5056012715621422
0.5055830826182369
0.5055648677103168
0.5055466267638624
0.5055283597040708
0.5055100664558536
0.5054917469438356
0.5054734010923546
0.5054550288254595
0.5054366300669089
0.5054182047401713
0.5053997527684224
0.5053812740745445
0.5053627685811254
0.5053442362104574
0.5053256768845357
0.5053070905250571
0.5052884770534193
0.5052698363907195
0.505251168457753
0.5052324731750116
0.5052137504626836
0.5051950002406513
0.5051762224284903
0.505157416945468
0.5051385837105424
0.5051197226423617
0.5051008336592612
0.5050819166792633
0.5050629716200765
0.5050439983990928
0.5050249969333875
0.5050059671397172
0.5049869089345193
0.5049678222339093
0.5049487069536811
0.5049295630093041
0.5049103903159234
0.5048911887883567
0.5048719583410942
0.5048526988882973
0.5048334103437956
0.5048140926210882
0.5047947456333394
0.5047753692933792
0.5047559635137012
0.5047365282064615
0.5047170632834767
0.5046975686562227
0.5046780442358338
0.5046584899331008
0.5046389056584686
0.5046192913220365
0.5045996468335555
0.5045799721024271
0.5045602670377018
0.504540531548078
0.5045207655418994
0.5045009689271542
0.5044811416114745
0.5044612835021325
0.5044413945060405
0.5044214745297496
0.5044015234794469
0.504381541260955
0.5043615277797298
0.5043414829408586
0.5043214066490596
0.5043012988086791
0.5042811593236911
0.5042609880976942
0.5042407850339108
0.5042205500351857
0.5042002830039836
0.5041799838423882
0.5041596524520998
0.5041392887344346
0.5041188925903219
0.5040984639203029
0.5040780026245288
0.5040575086027597
0.5040369817543617
0.5040164219783062
0.5039958291731673
0.503975203237121
0.5039545440679425
0.5039338515630044
0.5039131256192758
0.5038923661333193
0.5038715730012907
0.503850746118935
0.5038298853815867
0.5038089906841667
0.5037880619211805
0.5037670989867171
0.5037461017744459
0.5037250701776158
0.5037040040890529
0.5036829034011586
0.5036617680059076
0.5036405977948459
0.5036193926590892
0.5035981524893203
0.5035768771757878
0.5035555666083036
0.5035342206762413
0.5035128392685336
0.5034914222736707
0.5034699695796985
0.5034484810742158
0.503426956644373
0.5034053961768692
0.5033837995579513
0.5033621666734105
0.5033404974085812
0.5033187916483385
0.5032970492770958
0.5032752701788036
0.5032534542369461
0.5032316013345398
0.5032097113541308
0.5031877841777936
0.5031658196871277
0.5031438177632558
0.5031217782868219
0.5030997011379886
0.5030775861964351
0.5030554333413548
0.5030332424514529
0.5030110134049444
0.5029887460795516
0.5029664403525017
0.5029440961005245
0.5029217131998501
0.5028992915262067
0.5028768309548174
0.5028543313603993
0.5028317926171593
0.5028092145987934
0.5027865971784826
0.5027639402288919
0.5027412436221672
0.5027185072299319
0.5026957309232865
0.5026729145728042
0.5026500580485291
0.502627161219974
0.5026042239561174
0.5025812461254002
0.502558227595725
0.5025351682344518
0.5025120679083961
0.5024889264838261
0.5024657438264605
0.5024425198014649
0.5024192542734498
0.5023959471064678
0.5023725981640113
0.5023492073090088
0.5023257744038228
0.502302299310247
0.5022787818895037
0.5022552220022403
0.5022316195085273
0.5022079742678554
0.502184286139132
0.5021605549806788
0.5021367806502293
0.5021129630049246
0.5020891019013127
0.5020651971953436
0.5020412487423671
0.5020172563971296
0.5019932200137716
0.5019691394458247
0.501945014546208
0.5019208451672251
0.5018966311605624
0.5018723723772841
0.5018480686678304
0.5018237198820142
0.5017993258690178
0.5017748864773895
0.5017504015550412
0.5017258709492451
0.5017012945066295
0.5016766720731766
0.5016520034942192
0.5016272886144376
0.5016025272778553
0.501577719327837
0.5015528646070846
0.5015279629576344
0.5015030142208526
0.5014780182374341
0.5014529748473967
0.5014278838900791
0.5014027452041376
0.5013775586275422
0.5013523239975726
0.5013270411508166
0.5013017099231645
0.5012763301498067
0.50125090166523
0.5012254243032144
0.5011998978968287
0.5011743222784275
0.5011486972796481
0.501123022731405
0.5010972984638887
0.5010715243065602
0.5010457000881484
0.5010198256366455
0.5009939007793041
0.5009679253426327
0.5009418991523928
0.5009158220335942
0.5008896938104916
0.500863514306581
0.5008372833445953
0.5008110007465012
0.5007846663334939
0.5007582799259952
0.5007318413436478
0.5007053504053118
0.5006788069290613
0.5006522107321798
0.5006255616311565
0.5005988594416817
0.5005721039786432
0.5005452950561224
0.5005184324873895
0.5004915160849
0.5004645456602895
0.5004375210243711
0.50041044198713
0.5003833083577196
0.5003561199444568
0.5003288765548185
0.5003015779954367
0.5002742240720945
0.5002468145897213
0.500219349352389
0.500191828163307
0.500164250824818
0.5001366171383939
0.5001089269046302
0.5000811799232434
0.5000533759930641
0.5000255149120347
0.499997596477203
0.4999696204847186
0.49994158672982825
0.4999134950068703
0.49988534510927124
0.4998571368295401
0.49982886995926396
0.49980054428910353
0.4997721596087875
0.49974371570710874
0.4997152123719185
0.4996866493901223
0.49965802654767455
0.49962934362957384
0.49960060041985815
0.4995717967015989
0.4995429322568976
0.4995140068668793
0.4994850203116881
0.4994559723704822
0.49942686282142884
0.49939769144169877
0.499368458007461
0.4993391622938781
0.49930980407510056
0.499280383124262
0.4992508992134731
0.499221352113817
0.49919174159534363
0.49916206742706437
0.49913232937694657
0.49910252721190834
0.499072660697813
0.4990427295994631
0.49901273368059584
0.49898267270387664
0.49895254643089404
0.49892235462215423
0.4988920970370746
0.49886177343397925
0.4988313835700918
0.49880092720153135
0.4987704040833055
0.49873981396930483
0.49870915661229726
0.49867843176392224
0.49864763917468474
0.49861677859394893
0.4985858497699331
0.4985548524497029
0.4985237863791657
0.49849265130306486
0.49846144696497274
0.49843017310728543
0.4983988294712164
0.49836741579679
0.4983359318228355
0.49830437728698135
0.498272751925648
0.4982410554740424
0.4982092876661509
0.4981774482347336
0.49814553691131785
0.4981135534261912
0.49808149750839575
0.49804936888572127
0.49801716728469864
0.49798489243059335
0.49795254404739897
0.49792012185783063
0.4978876255833181
0.4978550549439993
0.49782240965871316
0.49778968944499413
0.49775689401906353
0.49772402309582414
0.49769107638885285
0.49765805361039395
0.49762495447135213
0.4975917786812848
0.49755852594839667
0.4975251959795315
0.49749178848016523
0.49745830315439915
0.49742473970495305
0.497391097833157
0.49735737723894535
0.4973235776208489
0.4972896986759878
0.49725574010006407
0.49722170158735435
0.49718758283070286
0.49715338352151356
0.497119103349743
0.49708474200389274
0.49705029917100163
0.49701577453663887
0.49698116778489576
0.4969464785983789
0.49691170665820167
0.496876851643977
0.4968419132338096
0.4968068911042886
0.49677178493047924
0.4967365943859149
0.4967013191425901
0.49666595887095216
0.4966305132398927
0.49659498191674056
0.4965593645672541
0.4965236608556113
0.4964878704444043
0.4964519929946294
0.49641602816567937
0.49637997561533603
0.4963438349997612
0.4963076059734888
0.4962712881894168
0.49623488129879845
0.4961983849512347
0.4961617987946648
0.49612512247535895
0.4960883556379091
0.49605149792522135
0.4960145489785062
0.4959775084372712
0.49594037593931206
0.4959031511207034
0.4958658336157913
0.49582842305718366
0.49579091907574196
0.4957533213005723
0.4957156293590171
0.4956778428766457
0.49563996147724615
0.4956019847828156
0.49556391241355235
0.4955257439878463
0.49548747912227
0.49544911743156994
0.4954106585286574
0.4953721020245995
0.4953334475286103
0.495294694648041
0.4952558429883716
0.49521689215320125
0.4951778417442394
0.49513869136129635
0.495099440602274
0.4950600890631565
0.4950206363380017
0.49498108201893
0.4949414256961173
0.494901666957784
0.4948618053901862
0.49482184057760575
0.4947817721023413
0.49474159954469926
0.4947013224829825
0.49466094049348264
0.4946204531504697
0.4945798600261825
0.49453916069081905
0.49449835471252684
0.4944574416573935
0.4944164210894366
0.49437529257059426
0.4943340556607154
0.4942927099175498
0.4942512548967385
0.49420969015180355
0.4941680152341387
0.4941262296929998
0.49408433307549354
0.4940423249265691
0.4940002047890076
0.49395797220341187
0.4939156267081971
0.4938731678395805
0.49383059513157146
0.4937879081159614
0.49374510632231355
0.49370218927795395
0.4936591565079599
0.4936160075351511
0.49357274188007916
0.4935293590610173
0.49348585859395055
0.4934422399925653
0.49339850276824015
0.4933546464300341
0.4933106704846782
0.4932665744365641
0.49322235778773466
0.4931780200378733
0.49313356068429426
0.4930889792219321
0.4930442751433318
0.4929994479386385
0.4929544970955868
0.49290942209949196
0.492864222433238
0.49281889757726866
0.4927734470095774
0.49272787020569575
0.4926821666386853
0.4926363357791255
0.4925903770951049
0.49254429005221023
0.49249807411351665
0.49245172873957777
0.4924052533884148
0.49235864751550695
0.4923119105737818
0.4922650420136044
0.4922180412827671
0.4921709078264809
0.49212364108736306
0.4920762405054298
0.49202870551808414
0.49198103556010714
0.4919332300636471
0.49188528845821067
0.4918372101706517
0.4917889946251629
0.49174064124326433
0.4916921494437946
0.4916435186429009
0.4915947482540294
0.49154583768791515
0.4914967863525723
0.49144759365328555
0.4913982589925988
0.49134878177030705
0.4912991613834461
0.4912493972262836
0.491199488690309
0.4911494351642247
0.4910992360339366
0.4910488906825445
0.49099839849033294
0.4909477588347626
0.49089697109046027
0.4908460346292107
0.4907949488199468
0.4907437130287413
0.4906923266187973
0.49064078895044033
0.4905890993811086
0.4905372572653447
0.4904852619547874
0.49043311279816276
0.49038080914127563
0.4903283503270015
0.49027573569527805
0.49022296458309667
0.4901700363244956
0.4901169502505498
0.4900637056893649
0.4900103019660685
0.48995673840280246
0.48990301431871563
0.4898491290299555
0.4897950818496617
0.48974087208795813
0.48968649905194556
0.48963196204569515
0.48957726037024085
0.4895223933235726
0.48946736020063
0.4894121602932949
0.4893567928903856
0.48930125727765006
0.48924555273775944
0.4891896785503027
0.4891336339917798
0.48907741833559615
0.48902103085205717
0.48896447080836203
0.48890773746859895
0.48885083009373953
0.4887937479416336
0.48873649026700433
0.4886790563214436
0.4886214453534072
0.48856365660821
0.48850568932802235
0.4884475427518658
0.48838921611560837
0.48833070865196193
0.4882720195904774
0.4882131481575427
0.4881540935763783
0.4880948550670349
0.4880354318463904
0.4879758231281476
0.4879160281228313
0.48785604603778626
0.48779587607717506
0.48773551744197746
0.4876749693299867
0.48761423093581047
0.48755330145086817
0.4874921800633909
0.4874308659584203
0.48736935831780853
0.4873076563202185
0.48724575914112267
0.48718366595280493
0.48712137592436
0.48705888822169535
0.48699620200753124
0.48693331644140336
0.48687023067966306
0.48680694387548085
0.48674345517884743
0.48667976373657673
0.4866158686923089
0.4865517691865129
0.48648746435649015
0.48642295333637875
0.48635823525715627
0.4862933092466455
0.48622817442951793
0.4861628299272999
0.4860972748583764
0.4860315083379977
0.48596552947828564
0.48589933738823876
0.48583293117373993
0.4857663099375628
0.4856994727793792
0.48563241879576713
0.4855651470802187
0.4854976567231482
0.48542994681190155
0.4853620164307646
0.4852938646609737
0.48522549058072495
0.48515689326518424
0.4850880717864992
0.48501902521380913
0.48494975261325657
0.48488025304800053
0.4848105255782269
0.48474056926116305
0.4846703831510895
0.48459996629935487
0.48452931775438846
0.4844584365617163
0.48438732176397487
0.4843159724009273
0.484244387509478
0.48417256612369075
0.48410050727480364
0.4840282099912473
0.4839556732986624
0.48388289621991737
0.4838098777751275
0.4837366169816742
0.4836631128542235
0.4835893644047473
0.48351537064254374
0.48344113057425736
0.4833666432039018
0.48329190753288137
0.4832169225600136
0.48314168728155205
0.483066200691211
0.48299046178018845
0.4829144695371913
0.48283822294846046
0.4827617209977967
0.48268496266658656
0.48260794693383013
0.48253067277616696
0.4824531391679054
0.48237534508104973
0.48229728948533085
0.4822189713482341
0.4821403896350306
0.48206154330880713
0.4819824313304987
0.48190305265891886
0.48182340625079323
0.48174349106079184
0.4816633060415634
0.4815828501437686
0.4815021223161156
0.4814211215053952
0.4813398466565167
0.48125829671254405
0.4811764706147336
0.4810943673025716
0.4810119857138123
0.4809293247845171
0.48084638344909403
0.48076316064033753
0.48067965528946927
0.4805958663261804
0.4805117926786714
0.48042743327369675
0.48034278703660704
0.4802578528913926
0.4801726297607277
0.4800871165660162
0.48000131222743675
0.4799152156639882
0.47982882579353736
0.4797421415328659
0.4796551617977182
0.4795678855028503
0.47948031156207793
0.47939243888832783
0.4793042663936866
0.4792157929894525
0.47912701758618675
0.4790379390937651
0.4789485564214313
0.47885886847784975
0.47876887417115943
0.47867857240902834
0.4785879620987087
0.47849704214709154
0.478405811460764
0.4783142689460652
0.47822241350914363
0.47813024405601445
0.47803775949261845
0.4779449587248805
0.47785184065876857
0.47775840420035404
0.4776646482558716
0.4775705717317804
0.4774761735348256
0.4773814525720996
0.4772864077511042
0.477191037979815
0.47709534216674265
0.47699931922099775
0.47690296805235455
0.47680628757131593
0.4767092766891776
0.476611934318095
0.47651425937114755
0.4764162507624059
0.4763179074069984
0.4762192282211782
0.47612021212238975
0.4760208580293378
0.4759211648620546
0.4758211315419689
0.47572075699197397
0.47562004013649684
0.47551897990156766
0.47541757521488975
0.47531582500590824
0.475213728205881
0.475111283747949
0.47500849056720584
0.47490534760076936
0.4748018537878522
0.47469800806983253
0.47459380939032575
0.47448925669525494
0.4743843489329229
0.47427908505408384
0.47417346401201393
0.47406748476258376
0.47396114626432945
0.47385444747852457
0.47374738736925226
0.4736399649034749
0.4735321790511089
0.47342402878509254
0.47331551308146014
0.4732066309194119
0.47309738128138606
0.4729877631531285
0.4728777755237652
0.4727674173858717
0.4726566877355432
0.47254558557246684
0.4724341098999887
0.4723222597251854
0.47221003405893314
0.4720974319159755
0.471984452314993
0.47187109427867163
0.4717573568337691
0.47164323901118405
0.47152873984602106
0.47141385837765837
0.47129859364981364
0.4711829447106079
0.47106691061263206
0.4709504904130098
0.47083368317346186
0.47071648796036814
0.4705989038448306
0.47048092990273443
0.4703625652148088
0.4702438088666869
0.47012465994896513
0.47000511755726115
0.4698851807922727
0.4697648487598323
0.46964412057096505
0.4695229953419424
0.4694014721943356
0.4692795502550704
0.46915722865647735
0.4690345065363437
0.4689113830379625
0.468787857310182
0.4686639285074533
0.4685395957898768
0.4684148583232468
0.46828971527909724
0.4681641658347432
0.46803820917332395
0.4679118444838417
0.4677850709612026
0.4676578878062533
0.4675302942258179
0.46740228943273315
0.46727387264588227
0.46714504309022664
0.46701579999683723
0.46688614260292405
0.46675607015186393
0.46662558189322645
0.46649467708279946
0.46636335498261255
0.46623161486095754
0.4660994559924102
0.4659668776578474
0.4658338791444651
0.4657004597457929
0.4655666187617076
0.46543235549844525
0.46529766926861127
0.4651625593911886
0.46502702519154476
0.46489106600143626
0.4647546811590119
0.46461787000881494
0.4644806319017806
0.4643429661952361
0.4642048722528947
0.4640663494448506
0.46392739714757114
0.46378801474388676
0.4636482016229799
0.46350795718037086
0.4633672808179034
0.46322617194372656
0.4630846299722764
0.46294265432425463
0.4628002444266054
0.4626573997124914
0.4625141196212658
0.46237040359844506
0.46222625109567694
0.46208166157070946
0.46193663448735545
0.461791169315457
0.461645265530847
0.46149892261530867
0.4613521400565347
0.46120491734808255
0.4610572539893289
0.4609091494854225
0.4607606033472344
0.46061161509130705
0.46046218423980045
0.46031231032043884
0.4601619928664526
0.4600112314165202
0.4598600255147083
0.4597083747104099
0.45955627855827985
0.4594037366181706
0.45925074845506436
0.45909731363900463
0.4589434317450261
0.4587891023530821
0.45863432504797197
0.45847909941926496
0.4583234250612245
0.4581673015727291
0.4580107285571943
0.45785370562248995
0.4576962323808586
0.4575383084488316
0.4573799334471445
0.4572211070006498
0.45706182873822915
0.45690209829270567
0.4567419153007523
0.4565812794028014
0.4564201902429523
0.4562586474688776
0.45609665073172934
0.45593419968604204
0.4557712939896384
0.4556079333035303
0.4554441172918211
0.45527984562160767
0.4551151179628792
0.45494993398841754
0.45478429337369636
0.45461819579677915
0.45445164093821655
0.45428462848094486
0.4541171581101811
0.4539492295133208
0.45378084237983385
0.45361199640115896
0.4534426912706009
0.45327292668322405
0.4531027023357491
0.45293201792644683
0.452760873155034
0.45258926772256747
0.45241720133133995
0.4522446736847752
0.452071684487323
0.4518982334443551
0.45172432026206083
0.4515499446473439
0.4513751063077185
0.45119980495120693
0.451024040286237
0.4508478120215401
0.45067111986605085
0.45049396352880566
0.45031634271884335
0.4501382571451069
0.4499597065163444
0.44978069054101244
0.4496012089271805
0.4494212613824341
0.4492408476137826
0.44905996732756487
0.4488786202293583
0.4486968060238876
0.44851452441493633
0.44833177510525823
0.4481485577964902
0.44796487218906883
0.44778071798214514
0.4475960948735029
0.4474110025594784
0.4472254407348813
0.44703940909291723
0.4468529073251123
0.4466659351212395
0.4464784921692463
0.4462905781551849
0.4461021927631444
0.44591333567518276
0.44572400657126476
0.44553420512919795
0.4453439310245729
0.445153183930705
0.44496196351857875
0.4447702694567932
0.44457810141151005
0.4443854590464051
0.4441923420226199
0.44399874999871747
0.44380468263063894
0.44361013957166373
0.4434151204723714
0.44321962498060596
0.44302365274144234
0.44282720339715625
0.4426302765871951
0.4424328719481528
0.4422349891137461
0.442036627714793
0.44183778737919577
0.4416384677319244
0.44143866839500245
0.44123838898749773
0.44103762912551353
0.4408363884221827
0.44063466648766514
0.44043246292914673
0.4402297773508426
0.44002660935400006
0.4398229585369077
0.4396188244949044
0.439414206820392
0.43920910510285005
0.439003518928854
0.4387974478820953
0.4385908915434039
0.43838384949077397
0.43817632129939127
0.4379683065416647
0.43775980478725746
0.4375508156031243
0.4373413385535484
0.4371313732001822
0.43692091910209047
0.43670997581579496
0.43649854289532264
0.43628661989225587
0.4360742063557847
0.4358613018327618
0.4356479058677595
0.43543401800312975
0.43521963777906525
0.43500476473366323
0.4347893984029925
0.43457353832116136
0.43435718402038775
0.43414033503107213
0.43392299088187253
0.43370515109978025
0.4334868152101996
0.433267982737028
0.4330486532027387
0.4328288261284654
0.4326085010340878
0.4323876774383214
0.4321663548588055
0.4319445328121961
0.4317222108142582
0.4314993883799618
0.4312760650235779
0.43105224025877587
0.4308279135987238
0.43060308455618973
0.4303777526436432
0.4301519173733596
0.4299255782575248
0.42969873480834153
0.42947138653813777
0.42924353295947343
0.4290151735852524
0.4287863079288317
0.4285569355041343
0.4283270558257613
0.42809666840910543
0.4278657727704669
0.4276343684271675
0.42740245489766576
0.42717003170167656
0.426937098360286
0.4267036543960701
0.42646969933321394
0.4262352326976301
0.42600025401707775
0.425764762821283
0.4255287586420587
0.4252922410134254
0.4250552094717311
0.42481766355577194
0.4245796028069146
0.42434102676921465
0.4241019349895402
0.42386232701769005
0.42362220240651693
0.42338156071204636
0.42314040149359816
0.42289872431390524
0.42265652873923437
0.4224138143395062
0.4221705806884124
0.42192682736353626
0.4216825539464692
0.4214377600229293
0.42119244518287774
0.4209466090206347
0.42070025113499543
0.42045337112934483
0.4202059686117709
0.4199580431951789
0.41970959449740197
0.4194606221413143
0.4192111257549397
0.41896110497156136
0.4187105594298303
0.41845948877387257
0.41820789265339386
0.4179557707237857
0.41770312264622755
0.4174499480877898
0.41719624672153377
0.4169420182266122
0.41668726228836594
0.41643197859842096
0.4161761668547839
0.415919826761935
0.41566295803092024
0.4154055603794413
0.4151476335319451
0.4148891772197101
0.4146301911809317
0.4143706751608066
0.41411062891161354
0.41385005219279425
0.4135889447710308
0.41332730642032317
0.4130651369220627
0.41280243606510425
0.41253920364583874
0.4122754394682592
0.4120111433440299
0.4117463150925489
0.41148095454101197
0.4112150615244724
0.4109486358858997
0.41068167747623574
0.41041418615444847
0.4101461617875855
0.40987760425082126
0.40960851342750715
0.40933888920921546
0.4090687314957828
0.40879804019535176
0.408526815224408
0.40825505650781807
0.4079827639788628
0.40770993757926904
0.40743657725923904
0.40716268297747843
0.4068882547012192
0.40661329240624355
0.40633779607690373
0.40606176570613906
0.4057852012954912
0.40550810285511807
0.4052304704038033
0.4049523039689643
0.4046736035866586
0.40439436930158695
0.40411460116709286
0.4038342992451629
0.4035534636064219
0.4032720943301261
0.4029901915041546
0.4027077552249984
0.4024247855977462
0.4021412827360684
0.40185724676219897
0.4015726778069138
0.4012875760095081
0.40100194151776963
0.40071577448795154
0.40042907508474124
0.40014184348122694
0.3998540798588638
0.39956578440743445
0.39927695732501023
0.39898759881790785
0.39869770910064517
0.39840728839589357
0.39811633693442894
0.39782485495507913
0.3975328427046715
0.39724030043797415
0.3969472284176397
0.3966536269141424
0.3963594962057163
0.39606483657828917
0.3957696483254151
0.395473931748205
0.3951776871552537
0.39488091486256754
0.39458361519348584
0.3942857884786041
0.3939874350556935
0.3936885552696171
0.3933891494722468
0.39308921802237484
0.392788761285627
0.3924877796343707
0.3921862734476222
0.3918842431109528
0.39158168901639206
0.391278611562329
0.3909750111534117
0.3906708882004458
0.39036624312029045
0.39006107633575154
0.3897553882754757
0.3894491793738396
0.3891424500708404
0.38883520081198125
0.38852743204815904
0.3882191442355466
0.38791033783547735
0.38760101331432384
0.38729117114337863
0.3869808117987322
0.38666993576114883
0.38635854351594184
0.3860466355528472
0.38573421236589633
0.38542127445328594
0.3851078223172485
0.38479385646392056
0.3844793774032098
0.38416438564866096
0.3838488817173205
0.3835328661296007
0.3832163394091417
0.3828993020826741
0.38258175467987854
0.38226369773324553
0.38194513177793454
0.38162605735163174
0.3813064749944065
0.3809863852485678
0.38066578865851947
0.3803446857706153
0.3800230771330125
0.3797009632955248
0.3793783448094758
0.3790552222275506
0.37873159610364726
0.37840746699272865
0.3780828354506716
0.3777577020341191
0.37743206730032847
0.37710593180702145
0.3767792961122339
0.3764521607741643
0.376124526351023
0.37579639340087984
0.3754677624815148
0.3751386341502638
0.37480900896386954
0.37447888747832825
0.3741482702487398
0.37381715782915487
0.37348555077242473
0.37315344963004987
0.3728208549520291
0.37248776728670957
0.37215418718063553
0.3718201151784
0.37148555182249443
0.37115049765315966
0.37081495320823754
0.37047891902302427
0.3701423956301205
0.3698053835592876
0.3694678833372988
0.3691298954877961
0.36879142053114444
0.3684524589842887
0.36811301136060975
0.36777307816978366
0.36743265991763935
0.3670917571060195
0.3667503702326407
0.3664084997909557
0.36606614627001643
0.36572331015433746
0.3653799919237626
0.3650361920533304
0.3646919110131421
0.3643471492682311
0.36400190727843346
0.36365618549825857
0.3633099843767644
0.3629633043574301
0.36261614587803387
0.3622685093705294
0.361920395260926
0.3615718039691696
0.3612227359090244
0.3608731914879584
0.36052317110702803
0.36017267516076695
0.3598217040370756
0.359470258117112
0.3591183377751849
0.3587659433786499
0.3584130752878056
0.35805973385579304
0.35770591942849694
0.35735163234444894
0.35699687293473165
0.35664164152288824
0.3562859384248291
0.3559297639487456
0.355573118395023
0.35521600205615667
0.35485841521667016
0.3545003581530364
0.3541418311336
0.35378283441850195
0.35342336825960924
0.3530634329004426
0.35270302857611063
0.35234215551324366
0.3519808139299311
0.3516190040356626
0.3512567260312689
0.3508939801088676
0.3505307664518103
0.35016708523463314
0.349802936623009
0.3494383207737036
0.34907323783453253
0.34870768794432305
0.34834167123287646
0.3479751878209351
0.3476082378201499
0.3472408213330545
0.3468729384530367
0.34650458926431693
0.34613577384192934
0.3457664922517022
0.34539674455024555
0.3450265307849389
0.3446558509939224
0.3442847052060915
0.34391309344109317
0.34354101570932766
0.3431684720119494
0.3427954623408744
0.34242198667878815
0.3420480449991579
0.341673637266247
0.34129876343513255
0.34092342345172694
0.3405476172527997
0.34017134476600636
0.3397946059099164
0.33941740059404635
0.3390397287188962
0.3386615901759873
0.3382829848479043
0.33790391260834024
0.3375243733221437
0.33714436684537064
0.33676389302533793
0.33638295170067983
0.3360015427014091
0.3356196658489795
0.33523732095635234
0.3348545078280654
0.3344712262603054
0.33408747604098443
0.3337032569498176
0.33331856875840477
0.3329334112303159
0.33254778412117847
0.33216168717876865
0.33177512014310584
0.3313880827465499
0.33100057471390043
0.33061259576250157
0.33022414560234803
0.3298352239361953
0.329445830459672
0.32905596486139604
0.3286656268230943
0.3282748160197243
0.3278835321196002
0.32749177478452063
0.3270995436699015
0.32670683842491016
0.3263136586926041
0.3259200041100713
0.3255258743085757
0.3251312689137037
0.32473618754551614
0.3243406298187016
0.32394459534273295
0.32354808372202903
0.32315109455611696
0.3227536274397994
0.32235568196332487
0.3219572577125599
0.32155835426916624
0.32115897121078013
0.32075910811119446
0.32035876454054696
0.31995794006550626
0.31955663424946756
0.31915484665274596
0.3187525768327769
0.3183498243443187
0.3179465887396559
0.31754286956881184
0.3171386663797574
0.31673397871862796
0.3163288061299423
0.31592314815682365
0.31551700434122654
0.3151103742241643
0.3147032573459415
0.314295653246389
0.31388756146510355
0.31347898154168863
0.3130699130160013
0.31266035542839943
0.3122503083199953
0.31183977123290996
0.31142874371053353
0.311017225297786
0.3106052155413844
0.3101927139901113
0.3097797201950867
0.3093662337100459
0.30895225409161686
0.30853778089960465
0.3081228136972767
0.30770735205165306
0.30729139553379947
0.3068749437191242
0.30645799618767716
0.30604055252445506
0.3056226123197068
0.305204175169245
0.30478524067475893
0.30436580844413247
0.3039458780917648
0.3035254492388947
0.30310452151392747
0.30268309455276654
0.3022611679991484
0.30183874150497947
0.30141581473067836
0.3009923873455199
0.30056845902798396
0.3001440294661055
0.29971909835783167
0.29929366541137786
0.29886773034559033
0.298441292890311
0.29801435278674476
0.2975869097878322
0.2971589636586229
0.2967305141766543
0.2963015611323322
0.29587210432931477
0.2954421435849009
0.2950116787304202
0.2945807096116255
0.29414923608909116
0.29371725803861143
0.2932847753516039
0.2928517879355141
0.29241829571422484
0.29198429862846575
0.2915497966362298
0.2911147897131873
0.2906792778531071
0.290243261068278
0.2898067393899332
0.2893697128686776
0.2889321815749174
0.2884941455992919
0.2880556050531075
0.28761656006877434
0.2871770108002458
0.2867369574234575
0.2862964001367716
0.2858553391614212
0.28541377474195684
0.28497170714669334
0.28452913666816376
0.2840860636235671
0.2836424883552233
0.2831984112310284
0.28275383264490844
0.2823087530172791
0.2818631727955022
0.28141709245434543
0.2809705124964431
0.28052343345275677
0.28007585588303696
0.2796277803762851
0.2791792075512162
0.2787301380567236
0.2782805725723396
0.27783051180870033
0.27737995650800956
0.27692890744450016
0.2764773654248983
0.27602533128888546
0.2755728059095602
0.2751197901938993
0.2746662850832181
0.27421229155362936
0.27375781061650206
0.2733028433189177
0.2728473907441261
0.2723914540119982
0.2719350342794796
0.27147813274104005
0.2710207506291204
0.27056288921458016
0.2701045498071407
0.26964573375582496
0.2691864424493968
0.2687266773167962
0.26826643982757087
0.26780573149230613
0.26734455386305067
0.26688290853373786
0.26642079714060474
0.2659582213626071
0.26549518292182817
0.26503168358388696
0.26456772515833854
0.2641033094990716
0.2636384385047014
0.26317311411895594
0.2627073383310597
0.2622411131761095
0.2617744407354458
0.26130732313702004
0.2608397625557525
0.26037176121388717
0.25990332138133965
0.25943444537603766
0.2589651355642559
0.2584953943609442
0.258025224230048
0.25755462768482246
0.25708360728813856
0.2566121656527822
0.25614030544174604
0.25566802936851246
0.25519534019732826
0.2547222407434739
0.2542487338735211
0.2537748225055829
0.2533005096095568
0.2528257982073558
0.2523506913731338
0.251875192233499
0.2513993039677198
0.2509230298079208
0.25044637303926737
0.2499693370001432
0.24949192508231655
0.24901414073109499
0.24853598744547245
0.24805746877826407
0.2475785883362303
0.2470993497801918
0.24661975682513246
0.24613981324029013
0.24565952284923978
0.2451788895299614
0.24469791721489922
0.24421660989100802
0.24373497159978866
0.2432530064373114
0.24277071855422683
0.2422881121557668
0.24180519150173077
0.24132196090646094
0.24083842473880657
0.2403545874220738
0.23987045343396365
0.23938602730649872
0.23890131362593534
0.23841631703266458
0.23793104222109937
0.23744549393955006
0.23695967699008585
0.2364735962283839
0.23598725656356537
0.23550066295801864
0.23501382042720873
0.23452673403947455
0.2340394089158123
0.2335518502296464
0.23306406320658604
0.23257605312416965
0.23208782531159566
0.23159938514944034
0.23111073806936183
0.23062188955379181
0.23013284513561272
0.22964361039782322
0.22915419097318912
0.22866459254388266
0.22817482084110696
0.22768488164470815
0.2271947807827763
0.2267045241312291
0.22621411761338647
0.22572356719953166
0.2252328789064569
0.22474205879699985
0.22425111297956518
0.22376004760763404
0.2232688688792615
0.22277758303656056
0.22228619636517535
0.2217947151937407
0.22130314589333033
0.22081149487689275
0.2203197685986767
0.21982797355364136
0.21933611627685948
0.21884420334290505
0.21835224136523226
0.21786023699554224
0.2173681969231389
0.21687612787427335
0.21638403661147915
0.21589192993289424
0.21539981467157635
0.21490769769480353
0.21441558590336982
0.21392348623086635
0.21343140564295524
0.21293935113663384
0.21244732973948952
0.21195534850894465
0.21146341453149373
0.2109715349219315
0.21047971682257205
0.20998796740246076
0.2094962938565767
0.20900470340502897
0.208513203292244
0.20802180078614652
0.2075305031773326
0.20703931777823645
0.20654825192229007
0.206057312963077
0.2055665082734799
0.20507584524482103
0.2045853312859987
0.20409497382261838
0.20360478029611553
0.20311475816287894
0.20262491489336368
0.20213525797120432
0.20164579489232118
0.20115653316402324
0.20066748030410914
0.20017864383996237
0.1996900313076448
0.19920165025098788
0.1987135082206793
0.19822561277335082
0.19773797147066002
0.19725059187837302
0.1967634815654456
0.19627664810310233
0.19579009906391462
0.19530384202087886
0.19481788454649507
0.1943322342118426
0.19384689858565887
0.19336188523341735
0.1928772017164062
0.19239285559080804
0.19190885440678132
0.19142520570754282
0.19094191702845167
0.19045899589609624
0.18997644982738265
0.18949428632862672
0.1890125128946461
0.18853113700786076
0.18805016613739056
0.1875696077381609
0.1870894692500103
0.18660975809680325
0.1861304816855451
0.1856516474055045
0.18517326262733863
0.18469533470222382
0.1842178709609919
0.18374087871327266
0.18326436524663947
0.18278833782576462
0.1823128036915769
0.1818377700604299
0.18136324412327184
0.18088923304482785
0.1804157439627837
0.17994278398698133
0.17947036019861973
0.17899847964946258
0.17852714936105615
0.1780563763239529
0.1775861674969456
0.17711652980630574
0.17664747014503718
0.17617899537213125
0.17571111231183514
0.17524382775292902
0.1747771484480109
0.1743110811127911
0.17384563242539738
0.17338080902568898
0.17291661751458018
0.17245306445337438
0.17199015636310766
0.17152789972390284
0.17106630097433387
0.17060536651080088
0.1701451026869148
0.16968551581289393
0.16922661215496976
0.16876839793480514
0.16831087932892289
0.16785406246814402
0.16739795343703917
0.16694255827339055
0.1664878829676636
0.16603393346249248
0.1655807156521749
0.1651282353821798
0.16467649844866522
0.1642255105980088
0.16377527752634918
0.16332580487913978
0.16287709825071292
0.16242916318385747
0.16198200516940628
0.16153562964583718
0.16109004199888372
0.1606452475611601
0.16020125161179577
0.1597580593760828
0.15931567602513508
0.1588741066755588
0.15843335638913572
0.1579934301725161
0.15755433297692645
0.15711606969788625
0.1566786451749379
0.15624206419138797
0.15580633147405948
0.15537145169305677
0.1549374294615417
0.15450426933552092
0.1540719758136451
0.15364055333701884
0.15321000628902307
0.15278033899514792
0.1523515557228375
0.15192366068134475
0.15149665802159906
0.15107055183608326
0.150645346158723
0.15022104496478572
0.1497976521707922
0.14937517163443623
0.14895360715451889
0.14853296247088812
0.1481132412643943
0.14769444715685198
0.14727658371101432
0.14685965443055607
0.1464436627600697
0.14602861208506618
0.14561450573199125
0.14520134696824855
0.14478913900223245
0.14437788498337156
0.14396758800218057
0.1435582510903222
0.14314987722067865
0.14274246930743054
0.14233603020614738
0.14193056271388452
0.14152606956928993
0.1411225534527201
0.14072001698636347
0.14031846273437282
0.13991789320300568
0.13951831084077315
0.1391197180385965
0.13872211712997137
0.1383255103911404
0.13792990004127345
0.13753528824265407
0.137141677100875
0.13674906866504008
0.1363574649279725
0.135966867826432
0.13557727924133667
0.13518870099799352
0.134801134866333
0.13441458256115363
0.1340290457423687
0.13364452601526255
0.133261024930751
0.13287854398564816
0.13249708462293958
0.13211664823205962
0.13173723614917582
0.13135884965747785
0.13098148998747106
0.13060515831727737
0.1302298557729374
0.12985558342872144
0.129482342307443
0.12911013338077562
0.12873895756957787
0.1283688157442185
0.127999708724909
0.1276316372820382
0.1272646021365117
0.12689860396009478
0.12653364337575917
0.12616972095803272
0.12580683723335362
0.12544499268042697
0.1250841877305849
0.12472442276814923
0.1243656981307977
0.12400801410993348
0.12365137095105509
0.12329576885413167
0.12294120797397932
0.1225876884206394
0.12223521025976006
0.12188377351297885
0.12153337815830843
0.12118402413052318
0.12083571132154838
0.12048843958085052
0.12014220871582944
0.11979701849221103
0.1194528686344436
0.11910975882609298
0.11876768871023934
0.11842665788987736
0.11808666592831317
0.11774771234956632
0.11740979663876971
0.11707291824257171
0.11673707656953772
0.11640227099055338
0.11606850083922715
0.11573576541229418
0.11540406397001907
0.11507339573660075
0.11474375990057478
0.11441515561521828
0.11408758199895272
0.11376103813574812
0.11343552307552536
0.11311103583455961
0.11278757539588255
0.11246514070968354
0.11214373069371232
0.11182334423367866
0.11150398018365222
0.11118563736646254
0.11086831457409713
0.11055201056809767
0.11023672407995873
0.10992245381152127
0.10960919843536805
0.10929695659521567
0.10898572690630824
0.1086755079558064
0.10836629830317777
0.10805809648058427
0.10775090099326905
0.10744471031994146
0.1071395229131602
0.10683533719971605
0.10653215158101138
0.10622996443343906
0.10592877410875949
0.10562857893447564
0.10532937721420631
0.10503116722805764
0.10473394723299277
0.10443771546319892
0.10414247013045429
0.10384820942449063
0.10355493151335536
0.1032626345437706
0.10297131664149153
0.10268097591166112
0.10239161043916356
0.10210321828897408
0.10181579750651015
0.10152934611797526
0.10124386213070466
0.10095934353350691
0.1006757882970037
0.10039319437396617
0.10011155969965077
0.09983088219213125
0.0995511597526288
0.09927239026583931
0.0989945716002588
0.09871770160850635
0.09844177812764388
0.09816679897949357
0.09789276197095408
0.09761966489431209
0.09734750552755281
0.09707628163466811
0.09680599096596025
0.09653663125834543
0.0962682002356531
0.09600069560892321
0.09573411507670078
0.09546845632532865
0.0952037170292356
0.09493989485122419
0.09467698744275467
0.09441499244422634
0.09415390748525637
0.09389373018495677
0.09363445815220686
0.09337608898592546
0.09311862027533835
0.09286204960024516
0.09260637453128077
0.09235159263017692
0.09209770145002014
0.09184469853550625
0.09159258142319307
0.09134134764175088
0.0910909947122091
0.09084152014820104
0.09059292145620648
0.09034519613579031
0.09009834167984013
0.08985235557480009
0.08960723530090263
0.08936297833239726
0.08911958213777794
0.08887704418000572
0.0886353619167312
0.08839453280051328
0.088154554279034
0.08791542379531431
0.08767713878792388
0.08743969669119055
0.08720309493540587
0.08696733094702927
0.08673240214888915
0.08649830596038159
0.08626503979766659
0.08603260107386246
0.08580098719923607
0.08557019558139302
0.08534022362546377
0.08511106873428731
0.08488272830859404
0.08465519974718434
0.08442848044710588
0.08420256780382829
0.08397745921141603
0.08375315206269802
0.08352964374943554
0.0833069316624876
0.08308501319197464
0.08286388572743915
0.08264354665800429
0.08242399337253127
0.08220522325977239
0.08198723370852447
0.0817700221077777
0.08155358584686422
0.08133792231560359
0.08112302890444598
0.08090890300461401
0.08069554200824193
0.0804829433085128
0.08027110429979367
0.08006002237776878
0.07984969493957064
0.07964011938390923
0.07943129311119894
0.07922321352368364
0.07901587802555986
0.07880928402309839
0.07860342892476307
0.07839831014132827
0.0781939250859945
0.07799027117450168
0.07778734582524141
0.07758514645936654
0.07738367050089898
0.07718291537683661
0.0769828785172568
0.07678355735541992
0.0765849493278703
0.07638705187453443
0.07618986243881931
0.07599337846770794
0.07579759741185355
0.07560251672567135
0.07540813386742999
0.07521444629934027
0.07502145148764237
0.0748291469026923
0.07463753001904545
0.07444659831553993
0.07425634927537714
0.07406678038620156
0.07387788914017879
0.07368967303407223
0.07350212956931765
0.07331525625209746
0.07312905059341215
0.0729435101091515
0.07275863232016308
0.07257441475232106
0.0723908549365917
0.07220795040909887
0.07202569871118798
0.0718440973894873
0.07166314399597024
0.07148283608801424
0.07130317122845906
0.07112414698566427
0.07094576093356506
0.07076801065172608
0.07059089372539594
0.0704144077455582
0.07023855030898299
0.07006331901827603
0.06988871148192759
0.06971472531435992
0.0695413581359726
0.06936860757318879
0.06919647125849793
0.06902494683049956
0.06885403193394375
0.06868372421977337
0.06851402134516228
0.06834492097355405
0.06817642077470011
0.06800851842469528
0.06784121160601371
0.06767449800754301
0.06750837532461779
0.06734284125905189
0.06717789351917046
0.06701352981983963
0.06684974788249648
0.06668654543517782
0.06652392021254797
0.06636186995592532
0.06620039241330816
0.0660394853394005
0.06587914649563523
0.0657193736501987
0.0655601645780523
0.06540151706095473
0.0652434288874824
0.06508589785305001
0.06492892175992944
0.06477249841726873
0.06461662564110927
0.0644613012544035
0.06430652308703032
0.06415228897581124
0.063998596764525
0.06384544430392151
0.06369282945173536
0.06354075007269833
0.06338920403855194
0.0632381892280577
0.06308770352700897
0.06293774482824008
0.06278831103163618
0.06263940004414172
0.06249100977976899
0.062343138159605
0.062195783111818705
0.06204894257166737
0.061902614481502416
0.06175679679077418
0.0616114874560367
0.061466684440951685
0.06132238571629251
0.06117858925994603
0.061035293056916226
0.06089249509932527
0.06075019338641538
0.060608385924549354
0.06046707072721118
0.0603262458150061
0.060185909215659264
0.0600460589640158
0.05990669310203815
0.05976780967880527
0.05962940675050908
0.05949148238045258
0.05935403463904586
0.05921706160380267
0.05908056135933655
0.05894453199735571
0.05880897161665873
0.058673878323128724
0.05853925022972811
0.0584050854564918
0.0582713821305217
0.05813813838597893
0.05800535236407739
0.05787302221307561
0.05774114608826935
0.057609722151983116
0.057478748573561556
0.05734822352936061
0.05721814520273859
0.057088511784046184
0.05695932147061693
0.056830572466757136
0.05670226298373504
0.05657439123977066
0.05644695546002425
0.056319953876585546
0.05619338472846164
0.0560672462615658
0.055941536728704576
0.05581625438956646
0.05569139751070846
0.05556696436554351
0.05544295323432762
0.05531936240414642
0.055196190168901337
0.055073434829296414
0.05495109469282388
0.05482916807374986
0.05470765329310047
0.054586548678646735
0.05446585256488997
0.054345563293046746
0.05422567921103363
0.054106198673451955
0.053987120041571954
0.053868441683317225
0.05375016197324883
0.053632279292548976
0.053514792029005054
0.053397698576992954
0.053280997337460556
0.053164686717911115
0.05304876513238621
0.05293323100144866
0.05281808275216575
0.0527033188180915
0.05258893763924922
0.05247493766211441
0.0523613173395962
0.0522480751310209
0.05213520950211205
0.05202271892497457
0.051910601878074975
0.05179885684622371
0.0516874823205568
0.05157647679851706
0.05146583878383593
0.051355566786514435
0.05124565932280429
0.05113611491518957
0.05102693209236726
0.05091810938922844
0.05080964534683895
0.05070153851242058
0.05059378743933106
0.05048639068704565
0.0503793468211369
0.0502726544132558
0.050166312041111626
0.05006031828845249
0.04995467174504624
