3.096338904472884
2.7894302029004856
2.607144830297284
2.470249895063813
2.3862283776299984
2.341978969676496
2.3168940594413314
2.2985927581831285
2.282453182412579
2.267165882327347
2.2524103878613486
2.2381011728568763
2.2241943651837697
2.2106480229272516
2.197417982779194
2.184459963979129
2.1717316883445523
2.1591941685956737
2.1468123575647677
2.134555426366276
2.1223968540148737
2.110314431776367
2.0982902341129095
2.0863105780528177
2.07436597605021
2.0624510783173977
2.0505645959346657
2.0387091939862243
2.026891343623277
2.015121122865842
2.0034119578957994
1.9917802994134173
1.9802452321706336
1.9688280198494008
1.957551591750713
1.946439981972422
1.935517735525128
1.924809298818627
1.914338413853622
1.9041275360759915
1.8941972951194745
1.8845660156393833
1.875249312316611
1.8662597691827953
1.8576067090427881
1.849296054325627
1.8413302765284865
1.8337084278145275
1.8264262454827735
1.8194763180484355
1.8128483005670257
1.8065291665412637
1.8005034841480636
1.7947537054640894
1.7892604586924945
1.7840028349471042
1.7789586627987937
1.7741047654227724
1.769417196723638
1.7648714542027575
1.7604426675391025
1.7561057628687045
1.751835603572563
1.7476071090316874
1.7433953533003455
1.7391756460071461
1.7349235980409796
1.7306151747363638
1.7262267393588064
1.7217350897198553
1.7171174907339901
1.7123517056707769
1.7074160287568338
1.7022893216392099
1.6969510560268692
1.6913813645684943
1.6855611016887562
1.679471915676702
1.673096332785445
1.6664178534527445
1.6594210599858314
1.6520917341813244
1.644416982398109
1.6363853646124946
1.6279870230263713
1.6192138049558173
1.6100593741007825
1.6005193039939394
1.590591147550324
1.580274477267812
1.569570891799384
1.558483986311198
1.5470192861658303
1.5351841458668258
1.5229876176465922
1.5104402963148018
1.4975541487447035
1.4843423374314395
1.4708190477544383
1.456999327861847
1.4428989485303103
1.4285342881084975
1.4139222449825537
1.399080177208188
1.3840258663428084
1.3687775003492197
1.3533536689260786
1.3377733638559717
1.3220559769617843
1.3062212889538927
1.2902894436973655
1.2742809040526302
1.2582163872535446
1.242116779600987
1.2260030319120554
1.2098960385567916
1.1938165039609816
1.1777848011220478
1.161820826979749
1.1459438594380749
1.1301724205041384
1.1145241494601998
1.0990156892866136
1.0836625887738343
1.0684792219609052
1.0534787257656701
1.0386729559663301
1.0240724610808956
1.0096864731856359
0.9955229143213661
0.9815884168552897
0.9678883559883605
0.954426892512139
0.941207023911016
0.9282306419608899
0.9154985950791845
0.9030107538201729
0.8907660780715675
0.8787626846830622
0.8669979144362516
0.8554683974414297
0.844170116215099
0.8330984658489279
0.8222483108242455
0.8116140381545632
0.8011896066518678
0.7909685922107694
0.7809442290888512
0.7711094472330005
0.761456905761379
0.7519790227607134
0.7426680016002298
0.7335158539984952
0.7245144201091628
0.7156553859177195
0.706930298265066
0.6983305778364798
0.6898475304773695
0.6814723572210963
0.6731961634400121
0.6650099675591845
0.6569047098035988
0.6488712614839052
0.640900435362897
0.6329829976841281
0.6251096824841975
0.6172712088495863
0.6094583018148044
0.6016617176277831
0.5938722741265294
0.5860808869727631
0.5782786124672232
0.570456697620291
0.5626066380625203
0.5547202442441643
0.5467897161827332
0.538807726765691
0.5307675132965596
0.5226629765849885
0.5144887864276038
0.5062404918154645
0.4979146336520061
0.48950885719650694
0.4810220208950553
0.4724542977634895
0.46380726509039527
0.455083977980983
0.4462890222110514
0.43742854204457954
0.42851023911791725
0.4195433392212739
0.41053852480769026
0.40150783230217724
0.3924645147169876
0.3834228716289171
0.3743980501477867
0.3654058219954679
0.35646234311050595
0.34758390318849397
0.3387866731737295
0.33008645887268606
0.3214984685413718
0.3130371015264394
0.3047157638756864
0.29654671537483474
0.2885409508354748
0.28070811678437474
0.27305646311128573
0.2655928278258942
0.25832265193098397
0.2512500205814818
0.2443777261788235
0.2377073488299962
0.23123934964263837
0.22497317258074567
0.21890735101327788
0.21303961559480422
0.20736700067324423
0.2018859469832622
0.19659239892304625
0.19148189520479653
0.1865496521016014
0.18179063887919206
0.17719964529952056
0.17277134131754124
0.16850032926886543
0.16438118897146564
0.16040851624724756
0.15657695541687677
0.15288122634103943
0.14931614657983644
0.14587664922484572
0.1425577969302594
0.13935479263419914
0.13626298742185652
0.1332778859408279
0.1303951497376493
0.12761059884429923
0.12492021190524417
0.12232012509991567
0.11980663008272013
0.11737617113284336
0.11502534167928942
0.1127508803426382
0.11054966661381489
0.10841871627149936
0.10635517662350855
0.10435632164329299
0.1024195470604096
0.10054236545327329
0.0987224013834116
0.09695738660272225
0.09524515535864284
0.09358363981659384
0.0919708656143566
0.09040494755912923
0.08888408547472193
0.08740656020364766
0.08597072976662078
0.08457502568015476
0.08321794943146954
0.08189806910873244
0.08061401618371894
0.07936448244324945
0.07814821706520403
0.07696402383450826
0.07581075849419078
0.07468732622643093
0.07359267925840077
0.07252581458767297
0.07148577182197541
0.07047163112813039
0.06948251128511254
0.06851756783627416
0.06757599133592412
0.06665700568560329
0.06575986655556251
0.06488385988711823
0.06402830047173845
0.06319253060288738
0.06237591879683607
0.06157785857881513
0.06079776733106656
0.06003508519951161
0.05928927405591743
0.05855981651260621
0.05784621498689721
0.057147990812621785
0.056464683396194024
0.055795849414846777
0.0551410620547793
0.05449991028707972
0.05387199817940256
0.053256944241493624
0.05265438080275861
0.05206395342016935
0.051485320314900426
0.05091815183617301
0.05036212995086907
0.04981694775756111
