0.5056051074439294
0.5489178102337459
0.5414992868350046
0.5360426000867295
0.5321505658468131
0.5294145283254025
0.5275094006482359
0.5261899389641786
0.5252776639927692
0.5246458284161313
0.5242059121580178
0.5238967896657293
0.5236765736030711
0.523516705920361
0.5233977807926605
0.5233066387038264
0.5232343661439376
0.523174928379234
0.523124239329688
0.5230795307849203
0.5230389254922467
0.5230011485890359
0.5229653326844909
0.5229308862346069
0.5228974046514535
0.5228646102498185
0.5228323116492274
0.5228003763024565
0.5227687118831331
0.5227372536555284
0.5227059558869946
0.5226747859951333
0.5226437205473338
0.5226127425170538
0.5225818393944277
0.5225510018790454
0.5225202229705829
0.5224894973322638
0.5224588208421662
0.5224281902744804
0.522397603071149
0.522367057176769
0.5223365509180745
0.5223060829150903
0.5222756520149653
0.5222452572422078
0.5222148977608865
0.5221845728456536
0.5221542818593387
0.52212402423548
0.5220937994646107
0.5220636070834179
0.5220334466661268
0.5220033178176187
0.5219732201679066
0.5219431533676903
0.5219131170847626
0.5218831110010993
0.5218531348104968
0.52182318821665
0.5217932709315863
0.521763382674388
0.5217335231701481
0.5217036921491164
0.5216738893460005
0.5216441144993926
0.5216143673513004
0.5215846476467598
0.521554955133519
0.521525289561777
0.5214956506839687
0.5214660382545876
0.5214364520300392
0.5214068917685202
0.5213773572299172
0.5213478481757238
0.52131836436897
0.5212889055741653
0.5212594715572476
0.5212300620855439
0.5212006769277341
0.5211713158538207
0.5211419786351046
0.5211126650441609
0.5210833748548214
0.5210541078421562
0.521024863782459
0.5209956424532342
0.5209664436331832
0.5209372671021953
0.5209081126413352
0.5208789800328357
0.5208498690600862
0.5208207795076271
0.5207917111611395
0.5207626638074393
0.5207336372344682
0.5207046312312879
0.5206756455880729
0.5206466800961029
0.5206177345477581
0.5205888087365101
0.5205599024569183
0.5205310155046221
0.520502147676335
0.5204732987698385
0.5204444685839762
0.5204156569186486
0.5203868635748057
0.5203580883544425
0.5203293310605923
0.5203005914973222
0.5202718694697261
0.5202431647839192
0.5202144772470336
0.5201858066672113
0.5201571528536
0.5201285156163461
0.5200998947665907
0.5200712901164632
0.5200427014790763
0.5200141286685213
0.5199855714998607
0.519957029789126
0.5199285033533093
0.5198999920103605
0.5198714955791809
0.5198430138796182
0.5198145467324619
0.5197860939594372
0.5197576553832011
0.5197292308273364
0.5197008201163473
0.5196724230756546
0.5196440395315899
0.5196156693113911
0.5195873122431987
0.519558968156048
0.5195306368798682
0.5195023182454741
0.5194740120845637
0.5194457182297116
0.5194174365143666
0.5193891667728449
0.5193609088403255
0.519332662552848
0.5193044277473051
0.5192762042614398
0.5192479919338405
0.5192197906039356
0.5191916001119907
0.5191634202991023
0.5191352510071949
0.5191070920790164
0.519078943358132
0.5190508046889223
0.5190226759165775
0.5189945568870936
0.5189664474472677
0.5189383474446948
0.5189102567277619
0.5188821751456455
0.5188541025483066
0.5188260387864863
0.5187979837117029
0.5187699371762462
0.5187418990331747
0.518713869136311
0.518685847340238
0.5186578335002947
0.5186298274725727
0.5186018291139114
0.5185738382818953
0.518545854834849
0.5185178786318342
0.5184899095326451
0.5184619473978049
0.5184339920885629
0.5184060434668889
0.5183781013954709
0.5183501657377114
0.5183222363577221
0.518294313120323
0.5182663958910361
0.5182384845360829
0.518210578922381
0.5181826789175399
0.5181547843898585
0.5181268952083207
0.5180990112425912
0.5180711323630136
0.5180432584406065
0.5180153893470592
0.5179875249547287
0.5179596651366374
0.5179318097664677
0.5179039587185603
0.5178761118679098
0.5178482690901627
0.5178204302616123
0.5177925952591971
0.5177647639604961
0.517736936243727
0.5177091119877419
0.517681291072025
0.517653473376688
0.5176256587824685
0.5175978471707263
0.5175700384234398
0.517542232423204
0.5175144290532259
0.5174866281973228
0.517458829739919
0.5174310335660419
0.5174032395613203
0.5173754476119805
0.5173476576048436
0.5173198694273224
0.5172920829674195
0.5172642981137223
0.5172365147554023
0.5172087327822115
0.5171809520844782
0.5171531725531067
0.5171253940795721
0.517097616555919
0.5170698398747585
0.5170420639292648
0.5170142886131728
0.516986513820776
0.5169587394469224
0.5169309653870138
0.5169031915370005
0.5168754177933814
0.5168476440531995
0.5168198702140402
0.5167920961740275
0.5167643218318237
0.5167365470866242
0.5167087718381566
0.5166809959866775
0.5166532194329705
0.5166254420783435
0.5165976638246254
0.5165698845741649
0.5165421042298272
0.5165143226949918
0.5164865398735505
0.516458755669904
0.5164309699889601
0.516403182736132
0.516375393817334
0.5163476031389816
0.5163198106079872
0.5162920161317586
0.5162642196181968
0.5162364209756933
0.5162086201131281
0.5161808169398674
0.5161530113657611
0.5161252033011408
0.5160973926568178
0.5160695793440802
0.5160417632746916
0.5160139443608883
0.515986122515377
0.5159582976513333
0.5159304696823986
0.5159026385226793
0.5158748040867436
0.5158469662896197
0.5158191250467933
0.5157912802742073
0.5157634318882567
0.5157355798057893
0.5157077239441026
0.5156798642209415
0.5156520005544967
0.5156241328634021
0.5155962610667342
0.5155683850840084
0.5155405048351782
0.515512620240633
0.5154847312211955
0.515456837698121
0.5154289395930945
0.5154010368282287
0.5153731293260633
0.5153452170095616
0.5153172998021094
0.5152893776275138
0.5152614504099998
0.5152335180742097
0.5152055805452006
0.5151776377484432
0.5151496896098192
0.5151217360556204
0.5150937770125462
0.515065812407702
0.5150378421685977
0.5150098662231457
0.5149818844996592
0.5149538969268502
0.5149259034338289
0.5148979039501002
0.5148698984055633
0.5148418867305098
0.5148138688556216
0.51478584471197
0.5147578142310125
0.5147297773445934
0.5147017339849399
0.514673684084662
0.5146456275767504
0.5146175643945744
0.5145894944718812
0.5145614177427934
0.5145333341418084
0.5145052436037953
0.5144771460639952
0.5144490414580184
0.514420929721843
0.5143928107918132
0.5143646846046388
0.5143365510973925
0.5143084102075084
0.5142802618727818
0.5142521060313657
0.5142239426217713
0.514195771582865
0.5141675928538675
0.5141394063743525
0.5141112120842452
0.5140830099238198
0.5140547998337001
0.514026581754856
0.5139983556286033
0.5139701213966016
0.5139418790008534
0.5139136283837024
0.513885369487832
0.5138571022562644
0.5138288266323583
0.513800542559808
0.5137722499826425
0.5137439488452236
0.5137156390922438
0.5136873206687269
0.5136589935200246
0.5136306575918161
0.513602312830107
0.5135739591812276
0.513545596591831
0.5135172250088927
0.5134888443797092
0.5134604546518957
0.5134320557733862
0.5134036476924311
0.513375230357596
0.5133468037177613
0.5133183677221198
0.513289922320176
0.5132614674617448
0.5132330030969501
0.5132045291762233
0.5131760456503027
0.5131475524702317
0.5131190495873574
0.5130905369533298
0.5130620145201006
0.5130334822399213
0.5130049400653429
0.5129763879492137
0.5129478258446782
0.5129192537051774
0.5128906714844453
0.5128620791365093
0.5128334766156881
0.512804863876591
0.5127762408741167
0.5127476075634515
0.5127189639000689
0.5126903098397279
0.512661645338472
0.512632970352628
0.5126042848388045
0.5125755887538914
0.512546882055058
0.5125181646997524
0.5124894366456996
0.5124606978509014
0.5124319482736344
0.5124031878724491
0.5123744166061683
0.5123456344338871
0.5123168413149705
0.5122880372090531
0.5122592220760372
0.5122303958760923
0.5122015585696541
0.512172710117422
0.51214385048036
0.512114979619694
0.5120860974969108
0.5120572040737585
0.5120282993122429
0.5119993831746287
0.5119704556234366
0.5119415166214433
0.5119125661316802
0.5118836041174316
0.5118546305422348
0.5118256453698775
0.5117966485643977
0.5117676400900824
0.5117386199114664
0.5117095879933313
0.5116805443007042
0.5116514887988566
0.5116224214533032
0.5115933422298011
0.5115642510943494
0.5115351480131857
0.5115060329527876
0.5114769058798704
0.5114477667613857
0.5114186155645215
0.5113894522566995
0.511360276805575
0.5113310891790364
0.5113018893452023
0.511272677272422
0.5112434529292738
0.5112142162845632
0.5111849673073239
0.5111557059668141
0.5111264322325171
0.5110971460741398
0.5110678474616113
0.5110385363650819
0.5110092127549224
0.5109798766017226
0.5109505278762905
0.5109211665496505
0.5108917925930432
0.5108624059779239
0.510833006675961
0.510803594659036
0.5107741698992416
0.5107447323688805
0.5107152820404647
0.5106858188867145
0.5106563428805564
0.5106268539951239
0.5105973522037539
0.5105678374799877
0.510538309797569
0.5105087691304426
0.5104792154527538
0.5104496487388468
0.5104200689632639
0.5103904761007441
0.5103608701262226
0.5103312510148285
0.5103016187418851
0.5102719732829075
0.5102423146136026
0.5102126427098665
0.5101829575477852
0.510153259103632
0.5101235473538669
0.5100938222751354
0.510064083844268
0.510034332038277
0.5100045668343581
0.5099747882098876
0.5099449961424212
0.5099151906096935
0.5098853715896163
0.5098555390602783
0.5098256929999424
0.5097958333870459
0.5097659602001994
0.5097360734181838
0.5097061730199518
0.5096762589846243
0.5096463312914907
0.5096163899200075
0.509586434849796
0.509556466060643
0.5095264835324975
0.5094964872454719
0.5094664771798381
0.5094364533160285
0.5094064156346338
0.5093763641164016
0.5093462987422357
0.5093162194931947
0.5092861263504911
0.5092560192954888
0.5092258983097037
0.5091957633748012
0.5091656144725949
0.5091354515850466
0.5091052746942636
0.5090750837824981
0.5090448788321458
0.5090146598257451
0.5089844267459753
0.5089541795756553
0.5089239182977424
0.5088936428953317
0.5088633533516534
0.5088330496500734
0.5088027317740897
0.5087723997073335
0.5087420534335657
0.5087116929366776
0.508681318200688
0.5086509292097424
0.5086205259481124
0.5085901084001928
0.5085596765505023
0.5085292303836801
0.5084987698844862
0.5084682950377988
0.5084378058286139
0.5084073022420434
0.508376784263314
0.5083462518777655
0.5083157050708497
0.5082851438281291
0.5082545681352751
0.5082239779780673
0.5081933733423909
0.5081627542142368
0.5081321205796994
0.5081014724249745
0.5080708097363595
0.5080401325002508
0.5080094407031419
0.507978734331624
0.5079480133723824
0.5079172778121956
0.5078865276379354
0.5078557628365632
0.5078249833951296
0.5077941893007728
0.5077633805407178
0.5077325571022735
0.5077017189728323
0.5076708661398679
0.5076399985909351
0.5076091163136662
0.5075782192957714
0.5075473075250359
0.5075163809893194
0.507485439676554
0.5074544835747427
0.5074235126719577
0.50739252695634
0.5073615264160953
0.5073305110394954
0.5072994808148745
0.5072684357306284
0.5072373757752128
0.5072063009371424
0.5071752112049877
0.5071441065673747
0.5071129870129829
0.5070818525305437
0.5070507031088386
0.5070195387366976
0.5069883594029977
0.5069571650966611
0.5069259558066539
0.5068947315219835
0.5068634922316981
0.5068322379248839
0.5068009685906644
0.506769684218198
0.5067383847966767
0.5067070703153238
0.5066757407633932
0.5066443961301663
0.5066130364049517
0.5065816615770823
0.5065502716359138
0.5065188665708238
0.5064874463712089
0.5064560110264831
0.506424560526077
0.5063930948594346
0.5063616140160128
0.5063301179852779
0.5062986067567062
0.5062670803197798
0.5062355386639862
0.5062039817788159
0.5061724096537606
0.5061408222783117
0.5061092196419578
0.5060776017341833
0.5060459685444665
0.5060143200622772
0.5059826562770757
0.5059509771783098
0.5059192827554141
0.5058875729978067
0.5058558478948886
0.5058241074360407
0.5057923516106225
0.5057605804079701
0.5057287938173937
0.5056969918281757
0.50566517442957
0.5056333416107981
0.5056014933610483
0.5055696296694734
0.5055377505251885
0.5055058559172693
0.5054739458347497
0.5054420202666203
0.5054100792018255
0.5053781226292622
0.5053461505377773
0.5053141629161662
0.5052821597531694
0.5052501410374721
0.5052181067577006
0.505186056902422
0.5051539914601392
0.5051219104192919
0.505089813768252
0.5050577014953235
0.5050255735887387
0.5049934300366563
0.5049612708271606
0.5049290959482573
0.5048969053878729
0.5048646991338513
0.5048324771739527
0.504800239495851
0.5047679860871302
0.5047357169352845
0.5047034320277147
0.5046711313517256
0.5046388148945249
0.5046064826432197
0.5045741345848154
0.5045417707062121
0.5045093909942034
0.5044769954354739
0.5044445840165956
0.5044121567240281
0.5043797135441135
0.5043472544630757
0.5043147794670179
0.5042822885419193
0.504249781673634
0.5042172588478877
0.5041847200502757
0.5041521652662599
0.5041195944811676
0.5040870076801875
0.5040544048483688
0.5040217859706173
0.5039891510316942
0.503956500016213
0.5039238329086366
0.5038911496932761
0.5038584503542867
0.5038257348756668
0.503793003241254
0.5037602554347237
0.503727491439586
0.5036947112391831
0.5036619148166873
0.5036291021550977
0.5035962732372384
0.5035634280457548
0.5035305665631123
0.503497688771593
0.5034647946532931
0.5034318841901202
0.5033989573637911
0.5033660141558287
0.5033330545475596
0.5033000785201115
0.5032670860544104
0.5032340771311772
0.5032010517309266
0.5031680098339633
0.5031349514203791
0.5031018764700512
0.5030687849626384
0.5030356768775788
0.5030025521940874
0.5029694108911525
0.502936252947534
0.5029030783417595
0.5028698870521225
0.502836679056679
0.5028034543332442
0.5027702128593917
0.5027369546124477
0.5027036795694912
0.5026703877073486
0.5026370790025926
0.5026037534315381
0.5025704109702405
0.5025370515944917
0.5025036752798179
0.5024702820014764
0.502436871734453
0.5024034444534583
0.502370000132926
0.5023365387470086
0.5023030602695753
0.5022695646742088
0.5022360519342025
0.5022025220225572
0.5021689749119779
0.5021354105748715
0.5021018289833434
0.5020682301091944
0.5020346139239177
0.5020009803986956
0.5019673295043969
0.501933661211574
0.501899975490459
0.501866272310961
0.5018325516426633
0.5017988134548202
0.501765057716353
0.5017312843958486
0.5016974934615543
0.5016636848813766
0.5016298586228762
0.5015960146532665
0.5015621529394095
0.5015282734478124
0.501494376144625
0.5014604609956366
0.5014265279662714
0.5013925770215875
0.5013586081262715
0.5013246212446366
0.501290616340619
0.501256593377774
0.5012225523192737
0.5011884931279031
0.5011544157660569
0.5011203201957366
0.5010862063785458
0.5010520742756889
0.5010179238479662
0.5009837550557705
0.5009495678590854
0.50091536221748
0.5008811380901064
0.500846895435696
0.5008126342125567
0.5007783543785689
0.5007440558911816
0.5007097387074104
0.5006754027838327
0.5006410480765849
0.5006066745413584
0.5005722821333971
0.5005378708074928
0.5005034405179818
0.5004689912187428
0.500434522863191
0.500400035404277
0.5003655287944814
0.5003310029858123
0.5002964579298009
0.5002618935774988
0.5002273098794738
0.5001927067858066
0.5001580842460871
0.5001234422094102
0.5000887806243735
0.500054099439072
0.500019398601096
0.49998467805752606
0.4999499377549308
0.49991517763936133
0.4998803976563494
0.4998455977509024
0.4998107778675003
0.4997759379500918
0.4997410779420899
0.4997061977863695
0.49967129742526256
0.4996363768005544
0.4996014358534803
0.4995664745247216
0.49953149275440145
0.4994964904820817
0.4994614676467585
0.49942642418685873
0.4993913600402357
0.49935627514416636
0.4993211694353458
0.4992860428498847
0.49925089532330524
0.4992157267905359
0.49918053718590966
0.4991453264431582
0.49911009449540883
0.4990748412751804
0.4990395667143795
0.49900427074429565
0.4989689532955984
0.49893361429833283
0.4988982536819152
0.4988628713751294
0.4988274673061227
0.49879204140240185
0.4987565935908287
0.498721123797616
0.4986856319483246
0.4986501179678572
0.498614581780456
0.4985790233096977
0.49854344247848986
0.49850783920906616
0.4984722134229826
0.49843656504111367
0.4984008939836472
0.4983652001700808
0.49832948351921796
0.49829374394916315
0.49825798137731775
0.49822219572037585
0.49818638689432043
0.498150554814418
0.4981146993952157
0.49807882055053576
0.49804291819347185
0.49800699223638456
0.49797104259089703
0.4979350691678909
0.4978990718775014
0.49786305062911346
0.4978270053313568
0.4977909358921022
0.49775484221845656
0.49771872421675845
0.4976825817925743
0.4976464148506928
0.49761022329512156
0.497574007029082
0.49753776595500526
0.49750149997452675
0.497465208988483
0.4974288928969061
0.49739255159901963
0.4973561849932337
0.49731979297714046
0.4972833754475099
0.49724693230028527
0.4972104634305776
0.4971739687326616
0.49713744809997124
0.4971009014250951
0.4970643285997712
0.4970277295148821
0.4969911040604517
0.49695445212563844
0.4969177735987319
0.4968810683671483
0.4968443363174243
0.49680757733521363
0.49677079130528157
0.4967339781115003
0.4966971376368441
0.49666026976338434
0.4966233743722854
0.4965864513437982
0.4965495005572571
0.4965125218910738
0.4964755152227329
0.4964384804287869
0.4964014173848511
0.4963643259655991
0.4963272060447571
0.49629005749509936
0.4962528801884436
0.4962156739956449
0.49617843878659135
0.4961411744301992
0.4961038807944073
0.4960665577461723
0.4960292051514632
0.49599182287525695
0.49595441078153224
0.4959169687332653
0.4958794965924244
0.4958419942199645
0.4958044614758223
0.4957668982189106
0.4957293043071138
0.495691679597282
0.4956540239452257
0.4956163372057114
0.49557861923245483
0.495540869878117
0.49550308899429835
0.49546527643153304
0.4954274320392839
0.4953895556659371
0.49535164715879704
0.49531370636407995
0.4952757331269093
0.49523772729131044
0.49519968870020403
0.49516161719540164
0.49512351261760035
0.49508537480637593
0.4950472036001786
0.49500899883632676
0.49497076035100185
0.49493248797924194
0.49489418155493736
0.49485584091082385
0.49481746587847764
0.4947790562883092
0.4947406119695583
0.4947021327502877
0.49466361845737744
0.49462506891651903
0.4945864839522105
0.49454786338774914
0.49450920704522733
0.49447051474552506
0.49443178630830553
0.49439302155200815
0.4943542202938433
0.49431538234978634
0.4942765075345714
0.4942375956616859
0.49419864654336393
0.4941596599905805
0.4941206358130461
0.49408157381919976
0.4940424738162034
0.49400333560993626
0.4939641590049876
0.49392494380465196
0.4938856898109218
0.49384639682448217
0.4938070646447043
0.49376769306963897
0.4937282818960111
0.4936888309192127
0.4936493399332975
0.49360980873097327
0.4935702371035971
0.4935306248411677
0.4934909717323206
0.49345127756431995
0.49341154212305316
0.49337176519302484
0.49333194655734924
0.4932920859977449
0.49325218329452747
0.49321223822660326
0.4931722505714629
0.4931322201051751
0.4930921466023791
0.49305202983627905
0.49301186957863685
0.4929716655997659
0.4929314176685242
0.492891125552307
0.4928507890170417
0.49281040782717955
0.49276998174568964
0.492729510534052
0.49268899395225074
0.49264843175876716
0.4926078237105733
0.4925671695631244
0.49252646907035247
0.492485721984659
0.49244492805690876
0.49240408703642197
0.4923631986709677
0.4923222627067567
0.4922812788884347
0.49224024695907487
0.49219916666017105
0.49215803773163047
0.4921168599117668
0.4920756329372928
0.4920343565433129
0.4919930304633169
0.4919516544291712
0.4919102281711137
0.4918687514177439
0.49182722389601785
0.4917856453312395
0.49174401544705393
0.49170233396543933
0.4916606006067008
0.49161881508946165
0.49157697713065623
0.4915350864455231
0.4914931427475967
0.4914511457487005
0.4914090951589388
0.4913669906866897
0.4913248320385969
0.491282618919563
0.4912403510327405
0.4911980280795255
0.4911556497595487
0.4911132157706691
0.49107072580896455
0.4910281795687259
0.490985576742447
0.49094291702081866
0.49090020009272023
0.4908574256452113
0.4908145933635243
0.4907717029310559
0.49072875402936
0.49068574633813944
0.49064267953523705
0.4905995532966287
0.49055636729641533
0.4905131212068135
0.4904698146981491
0.49042644743884767
0.49038301909542714
0.4903395293324895
0.49029597781271195
0.4902523641968398
0.49020868814367696
0.49016494931007887
0.49012114735094314
0.4900772819192017
0.4900333526658124
0.4899893592397509
0.4899453012880016
0.48990117845555003
0.48985699038537306
0.4898127367184323
0.4897684170936639
0.4897240311479712
0.48967957851621524
0.489635058831207
0.4895904717236982
0.4895458168223724
0.48950109375383793
0.48945630214261754
0.4894114416111401
0.4893665117797322
0.4893215122666096
0.48927644268786774
0.48923130265747367
0.4891860917872564
0.48914080968689966
0.48909545596393067
0.4890500302237135
0.48900453206943895
0.488958961102116
0.48891331692056234
0.4888675991213969
0.4888218072990287
0.48877594104564964
0.4887299999512249
0.4886839836034833
0.48863789158790916
0.4885917234877327
0.4885454788839211
0.488499157355169
0.48845275847789005
0.4884062818262074
0.4883597269719438
0.4883130934846142
0.4882663809314145
0.48821958887721395
0.4881727168845446
0.48812576451359285
0.4880787313221899
0.4880316168658023
0.4879844206975238
0.48793714236806346
0.487889781425739
0.48784233741646577
0.48779480988374857
0.48774719836867053
0.4876995024098856
0.48765172154360803
0.48760385530360284
0.48755590322117737
0.4875078648251706
0.4874597396419444
0.4874115271953741
0.48736322700683854
0.48731483859521063
0.4872663614768482
0.48721779516558444
0.48716913917271776
0.4871203930070028
0.48707155617464093
0.4870226281792702
0.48697360852195626
0.4869244967011824
0.48687529221284054
0.48682599455022035
0.4867766032040015
0.4867271176622425
0.486677537410372
0.48662786193117835
0.48657809070480124
0.4865282232087208
0.48647825891774854
0.4864281973040178
0.48637803783697414
0.4863277799833655
0.4862774232072326
0.4862269669698996
0.48617641072996404
0.4861257539432876
0.48607499606298654
0.4860241365394215
0.48597317482018865
0.4859221103501096
0.48587094257122215
0.48581967092277006
0.48576829484119444
0.48571681376012343
0.48566522711036275
0.4856135343198864
0.48556173481382714
0.4855098280144664
0.48545781334122584
0.48540569021065655
0.4853534580364305
0.485301116229331
0.4852486641972424
0.4851961013451419
0.48514342707508923
0.4850906407862177
0.4850377418747245
0.48498472973386136
0.48493160375392563
0.4848783633222507
0.4848250078231966
0.48477153663814054
0.48471794914546856
0.48466424472056524
0.4846104227358055
0.4845564825605445
0.48450242356110895
0.4844482451007886
0.484393946539826
0.48433952723540874
0.48428498654165925
0.4842303238096269
0.48417553838727834
0.4841206296194891
0.4840655968480346
0.48401043941158123
0.4839551566456776
0.4838997478827465
0.48384421245207493
0.48378854967980695
0.48373275888893424
0.4836768393992874
0.4836207905275283
0.48356461158714154
0.48350830188842486
0.4834518607384829
0.4833952874412169
0.4833385812973182
0.48328174160425913
0.48322476765628514
0.48316765874440704
0.48311041415639294
0.48305303317676024
0.4829955150867681
0.48293785916440946
0.48288006468440364
0.4828221309181889
0.4827640571339143
0.48270584259643246
0.482647486567293
0.4825889883047343
0.4825303470636772
0.48247156209571634
0.4824126326491156
0.4823535579687984
0.4822943372963432
0.4822349698699757
0.48217545492456165
0.4821157916916019
0.4820559793992242
0.4819960172721778
0.48193590453182716
0.4818756403961456
0.48181522407970934
0.48175465479369134
0.4816939317458562
0.4816330541405531
0.4815720211787115
0.48151083205783496
0.4814494859719963
0.4813879821118316
0.4813263196645356
0.48126449781385683
0.4812025157400924
0.48114037262008336
0.48107806762720995
0.4810155999313873
0.4809529686990617
0.480890173093205
0.48082721227331177
0.4807640853953947
0.4807007916119817
0.4806373300721113
0.4805736999213291
0.4805099003016863
0.4804459303517341
0.48038178920652225
0.48031747599759606
0.48025298985299314
0.4801883298972417
0.4801234952513574
0.4800584850328422
0.4799932983556815
0.479927934330343
0.47986239206377435
0.4797966706594026
0.479730769217133
0.47966468683334673
0.4795984226009014
0.47953197560912963
0.47946534494383947
0.47939852968731295
0.4793315289183069
0.4792643417120532
0.4791969671402587
0.4791294042711059
0.47906165216925406
0.4789937098958403
0.4789255765084803
0.47885725106127064
0.4787887326047896
0.4787200201861002
0.4786511128487515
0.4785820096327814
0.4785127095747196
0.4784432117075901
0.4783735150609145
0.4783036186607158
0.4782335215295222
0.47816322268637007
0.47809272114680934
0.47802201592290766
0.4779511060232548
0.47787999045296836
0.4778086682136987
0.47773713830363473
0.47766539971750954
0.4775934514466072
0.4775212924787693
0.47744892179840026
0.47737633838647653
0.477303541220553
0.4772305292747706
0.47715730151986474
0.47708385692317334
0.47701019444864573
0.47693631305685175
0.4768622117049911
0.4767878893469024
0.4767133449330743
0.4766385774106551
0.47656358572346336
0.47648836881199913
0.4764129256134564
0.4763372550617331
0.476261356087444
0.47618522761793375
0.4761088685772895
0.47603227788635316
0.47595545446273635
0.47587839722083397
0.47580110507183826
0.4757235769237543
0.47564581168141407
0.4755678082464935
0.47548956551752686
0.4754110823899251
0.4753323577559907
0.47525339050493615
0.47517417952290103
0.47509472369297084
0.4750150218951944
0.47493507300660387
0.4748548759012335
0.4747744294501395
0.47469373252142083
0.474612783980239
0.4745315826888404
0.47445012750657733
0.47436841728993007
0.4742864508925295
0.4742042271651806
0.4741217449558852
0.4740390031098671
0.4739560004695952
0.47387273587481005
0.473789208162548
0.4737054161671683
0.4736213587203786
0.47353703465126284
0.4734524427863085
0.4733675819494345
0.4732824509620196
0.47319704864293244
0.47311137380855994
0.47302542527283864
0.47293920184728433
0.47285270234102433
0.47276592556082875
0.4726788703111427
0.47259153539412
0.47250391960965543
0.47241602175542036
0.4723278406268959
0.4722393750174092
0.4721506237181685
0.4720615855183002
0.47197225920488484
0.47188264356299586
0.471792737375737
0.4717025394242811
0.47161204848790955
0.47152126334405253
0.47143018276832865
0.4713388055345883
0.4712471304149525
0.47115515617985787
0.47106288159809806
0.470970305436869
0.4708774264618116
0.4707842434370577
0.4706907551252762
0.4705969602877176
0.4705028576842629
0.47040844607347004
0.4703137242126225
0.470218690857778
0.47012334476381873
0.47002768468450046
0.46993170937250495
0.46983541757949016
0.4697388080561435
0.46964187955223413
0.4695446308166673
0.46944706059753827
0.4693491676421873
0.46925095069725586
0.4691524085087425
0.4690535398220601
0.4689543433820944
0.4688548179332617
0.46875496221956836
0.46865477498467123
0.46855425497193776
0.4684534009245078
0.46835221158535567
0.46825068569735273
0.4681488220033316
0.4680466192461494
0.4679440761687542
0.4678411915142499
0.4677379640259627
0.4676343924475085
0.46753047552286137
0.4674262119964216
0.4673216006130849
0.4672166401183141
0.4671113292582081
0.4670056667795753
0.4668996514300048
0.46679328195794023
0.4666865571127535
0.4665794756448193
0.46647203630559086
0.46636423784767567
0.4662560790249131
0.46614755859245105
0.46603867530682563
0.46592942792603864
0.4658198152096394
0.46570983591880366
0.46559948881641655
0.46548877266715327
0.4653776862375631
0.4652662282961528
0.4651543976134701
0.4650421929621903
0.46492961311720105
0.4648166568556892
0.464703322957229
0.46458961020386835
0.4644755173802198
0.4643610432735481
0.4642461866738625
0.46413094637400565
0.46401532116974736
0.4638993098598754
0.46378291124629
0.46366612413409675
0.46354894733170204
0.46343137965090764
0.4633134199070077
0.46319506691888446
0.4630763195091064
0.4629571765040263
0.4628376367338799
0.46271769903288545
0.4625973622393436
0.4624766251957396
0.4623554867488435
0.4622339457498126
0.4621120010542946
0.46198965152253174
0.4618668960194638
0.4617437334148339
0.46162016258329336
0.4614961824045086
0.4613717917632669
0.461246989549585
0.46112177465881543
0.4609961459917569
0.4608701024547626
0.46074364295984943
0.46061676642480964
0.4604894717733209
0.46036175793505774
0.4602336238458041
0.460105068447566
0.459976090688684
0.4598466895239475
0.45971686391470884
0.45958661282899776
0.45945593524163675
0.4593248301343572
0.4591932964959149
0.45906133332220694
0.45892893961638903
0.458796114388993
0.4586628566580448
0.4585291654491828
0.4583950397957767
0.4582604787390472
0.45812548132818476
0.45799004662047055
0.4578541736813968
0.45771786158478645
0.4575811094129156
0.4574439162566339
0.45730628121548716
0.45716820339783915
0.4570296819209928
0.4568907159113147
0.4567513045043563
0.4566114468449781
0.4564711420874723
0.45633038939568676
0.45618918794314833
0.45604753691318695
0.45590543549906004
0.455762882904076
0.4556198783417195
0.4554764210357748
0.45533251022045174
0.455188145140509
0.4550433250513795
0.4548980492192959
0.4547523169214134
0.45460612744593687
0.4544594800922438
0.45431237417101045
0.4541648090043354
0.45401678392586564
0.4538682982809195
0.45371935142661246
0.4535699427319811
0.4534200715781071
0.453269737358242
0.45311893947793025
0.45296767735513366
0.4528159504203543
0.45266375811675824
0.4525110999002983
0.45235797523983684
0.45220438361726795
0.4520503245276402
0.4518957974792774
0.45174080199390076
0.4515853376067497
0.45142940386670216
0.4512730003363951
0.451116126592344
0.4509587822250621
0.45080096683917914
0.4506426800535598
0.4504839215014205
0.4503246908304477
0.4501649877029135
0.45000481179579194
0.4498441628008738
0.449683040424882
0.44952144438958447
0.4493593744319084
0.44919683030405144
0.4490338117735944
0.44887031862361193
0.4487063506527827
0.448541907675498
0.44837698952197125
0.4482115960383444
0.4480457270867955
0.4478793825456443
0.4477125623094561
0.44754526628914687
0.4473774944120852
0.4472092466221942
0.447040522880052
0.44687132316299233
0.44670164746520163
0.4465314957978176
0.44636086818902504
0.44618976468415106
0.4460181853457585
0.4458461302537394
0.44567359950540547
0.4455005932155796
0.44532711151668297
0.4451531545588238
0.4449787225098833
0.4448038155556
0.444628433899654
0.4444525777637479
0.4442762473876883
0.4440994430294642
0.4439221649653249
0.44374441348985627
0.4435661889160543
0.44338749157539953
0.44320832181792746
0.44302868001229795
0.4428485665458639
0.44266798182473843
0.44248692627385766
0.44230540033704635
0.4421234044770766
0.4419409391757294
0.4417580049338514
0.4415746022714116
0.441390731727555
0.44120639386065474
0.4410215892483639
0.44083631848766214
0.4406505821949044
0.4404643810058646
0.4402777155757781
0.44009058657938355
0.4399029947109614
0.4397149406843702
0.43952642523308266
0.43933744911021727
0.43914801308856966
0.43895811796064116
0.4387677645386652
0.4385769536546319
0.43838568616031054
0.4381939629272692
0.43800178484689317
0.43780915283040045
0.43761606780885576
0.43742253073318144
0.43722854257416643
0.4370341043224738
0.43683921698864475
0.4366438816031015
0.43644809921614675
0.43625187089796136
0.43605519773860013
0.4358580808479847
0.4356605213558945
0.43546252041195443
0.43526407918562127
0.43506519886616724
0.43486588066266135
0.4346661258039476
0.4344659355386223
0.4342653111350066
0.4340642538811194
0.4338627650846458
0.43366084607290395
0.43345849819280796
0.43325572281083197
0.4330525213129671
0.4328488951046797
0.43264484561086486
0.43244037427579785
0.4322354825630845
0.43203017195560733
0.4318244439554696
0.43161830008393737
0.431411741881379
0.4312047709072015
0.4309973887397852
0.43078959697641483
0.4305813972332092
0.43037279114504845
0.430163780365497
0.4299543665667266
0.42974455143943446
0.42953433669276053
0.4293237240542016
0.4291127152695226
0.4289013121026667
0.428689516335661
0.4284773297685215
0.4282647542191541
0.42805179152325534
0.4278384435342071
0.4276247121229728
0.42741059917798835
0.42719610660505175
0.4269812363272105
0.4267659902846459
0.4265503704345549
0.4263343787510306
0.42611801722493947
0.42590128786379605
0.42568419269163554
0.4254667337488849
0.4252489130922297
0.42503073279448084
0.4248121949444371
0.42459330164674625
0.42437405502176456
0.42415445720541206
0.42393451034902774
0.4237142166192211
0.42349357819772204
0.42327259728122874
0.42305127608125254
0.42282961682396114
0.4226076217500205
0.42238529311443357
0.4221626331863762
0.42193964424903374
0.42171632859943176
0.4214926885482686
0.4212687264197431
0.42104444455138174
0.420819845293863
0.42059493101084056
0.42036970407876434
0.4201441668866991
0.4199183218361418
0.4196921713408371
0.4194657178265908
0.41923896373108116
0.4190119115036696
0.41878456360520855
0.4185569225078474
0.4183289906948392
0.4181007706603411
0.4178722649092185
0.4176434759568437
0.4174144063288948
0.4171850585611521
0.41695543519929446
0.41672553879869206
0.4164953719242
0.4162649371499485
0.4160342370591337
0.4158032742438044
0.41557205130465114
0.41534057085079007
0.4151088354995489
0.4148768478762496
0.4146446106139904
0.4144121263534273
0.4141793977425534
0.41394642743647847
0.41371321809720535
0.4134797723934087
0.41324609300020837
0.41301218259894645
0.4127780438769597
0.4125436795273535
0.412309092248773
0.41207428474517543
0.4118392597256007
0.4116040199039408
0.41136856799870924
0.41113290673280906
0.4108970388333023
0.41066096703117505
0.41042469406110627
0.4101882226612325
0.40995155557291485
0.4097146955405029
0.409477645311101
0.409240407634332
0.4090029852621011
0.40876538094836057
0.4085275974488731
0.40828963752097436
0.40805150392333694
0.40781319941573363
0.4075747267587989
0.4073360887137938
0.407097288042366
0.4068583275063151
0.40661920986735345
0.40637993788687005
0.4061405143256922
0.4059009419438501
0.40566122350033873
0.40542136175288057
0.40518135945769107
0.40494121936924105
0.4047009442400207
0.4044605368203045
0.404219999857916
0.40397933609799214
0.40373854828274974
0.403497639151251
0.40325661143917013
0.4030154678785601
0.4027742111976207
0.40253284412046664
0.40229136936689547
0.40204978965215854
0.40180810768672937
0.40156632617607574
0.40132444782043053
0.40108247531456487
0.40084041134755993
0.4005982586025819
0.40035601975665713
0.4001136974804463
0.3998712944380227
0.3996288132866487
0.3993862566765545
0.3991436272507181
0.3989009276446456
0.39865816048615255
0.3984153283951472
0.3981724339834137
0.39792947985439725
0.3976864686029906
0.39744340281532065
0.39720028506853766
0.3969571179306043
0.3967139039600866
0.39647064570594726
0.39622734570733775
0.3959840064933943
0.3957406305830331
0.3954972204847492
0.39525377869641404
0.3950103077050768
0.3947668099867662
0.39452328800629244
0.39427974421705403
0.3940361810608422
0.3937926009676499
0.39354900635547957
0.3933053996301556
0.39306178318513524
0.392818159401323
0.3925745306468867
0.39233089927707365
0.3920872676340298
0.3918436380466198
0.39160001283024987
0.3913563942866902
0.39111278470390126
0.3908691863558601
0.3906256015023896
0.3903820323889885
0.3901384812466643
0.38989495029176596
0.3896514417258206
0.38940795773537007
0.38916450049181106
0.38892107215123484
0.38867767485427107
0.38843431072593176
0.38819098187545736
0.3879476903961655
0.3877044383653006
0.3874612278438849
0.3872180608765737
0.38697493949150913
0.38673186570017803
0.38648884149727086
0.38624586886054335
0.38600294975067834
0.3857600861111501
0.38551727986809226
0.38527453293016506
0.3850318471884254
0.38478922451619924
0.3845466667689561
0.38430417578418336
0.38406175338126525
0.3838194013613618
0.38357712150728973
0.38333491558340643
0.38309278533549473
0.3828507324906496
0.38260875875716716
0.382366865824435
0.38212505536282515
0.3818833290235882
0.38164168843874896
0.3814001352210051
0.38115867096362666
0.3809172972403579
0.38067601560532033
0.38043482759291863
0.3801937347177471
0.37995273847449906
0.3797118403378775
0.37947104176250723
0.37923034418284934
0.3789897490131173
0.37874925764719525
0.3785088714585564
0.3782685918001852
0.3780284200045005
0.3777883573832801
0.37754840522758726
0.37730856480769875
0.37706883737303554
0.3768292241520933
0.376589726352377
0.376350345160335
0.3761110817412957
0.37587193723940715
0.3756329127775745
0.3753940094574042
0.37515522835914583
0.3749165705416369
0.3746780370422499
0.3744396288768391
0.3742013470396915
0.3739631925034771
0.37372516621920104
0.37348726911615915
0.3732495021018923
0.37301186606214426
0.37277436186081964
0.3725369903399454
0.37229975231963
0.3720626485980297
0.3718256799513096
0.3715888471336114
0.3713521508770207
0.3711155918915344
0.37087917086503225
0.37064288846324656
0.3704067453297356
0.3701707420858582
0.36993487933074765
0.3696991576412897
0.36946357757209886
0.36922813965549905
0.3689928444015027
0.3687576922977931
0.36852268380970604
0.36828781938021554
0.36805309942991726
0.36781852435701573
0.36758409453731106
0.3673498103241882
0.367115672048606
0.3668816800190883
0.3666478345217157
0.36641413582011767
0.36618058415546817
0.36594717974647833
0.3657139227893943
0.36548081345799277
0.3652478519035798
0.36501503825498954
0.364782372618583
0.3645498550782502
0.3643174856954111
0.36408526450901735
0.3638531915355573
0.3636212667690587
0.3633894901810948
0.36315786172078934
0.36292638131482424
0.362695048867446
0.36246386426047505
0.36223282735331386
0.3620019379829569
0.3617711959640016
0.3615406010886588
0.3613101531267655
0.36107985182579627
0.3608496969108776
0.36061968808480077
0.3603898250280372
0.3601601073987531
0.3599305348328245
0.35970110694385515
0.35947182332319194
0.3592426835399427
0.35901368714099435
0.35878483365103087
0.35855612257255315
0.3583275533858973
0.35809912554925516
0.35787083849869483
0.3576426916481814
0.35741468438959784
0.3571868160927667
0.3569590861054733
0.3567314937534867
0.35650403834058325
0.3562767191485701
0.3560495354373086
0.35582248644473785
0.3555955713868992
0.3553687894579609
0.35514213983024306
0.3549156216542425
0.35468923405865854
0.3544629761504182
0.3542368470147027
0.3540108457149732
0.35378497129299763
0.35355922276887747
0.3533335991410735
0.3531080993864343
0.35288272246022256
0.35265746729614306
0.35243233280636954
0.3522073178815733
0.3519824213909508
0.35175764218225103
0.351532979081805
0.3513084308945526
0.3510839964040718
0.35085967437260757
0.3506354635410992
0.35041136262921047
0.35018737033535685
0.34996348533673594
0.34973970628935497
0.3495160318280607
0.34929246056656826
0.34906899109748996
0.34884562199236435
0.34862235180168577
0.34839917905493295
0.3481761022605989
0.34795311990621935
0.347730230458403
0.34750743236285897
0.34728472404442806
0.347062103907111
0.34683957033409746
0.34661712168779546
0.34639475630986094
0.3461724725212269
0.34595026862213174
0.3457281428921494
0.3455060935902184
0.34528411895467015
0.3450622172032597
0.3448403865331923
0.3446186251211554
0.34439693112334496
0.3441753026754967
0.3439537378929139
0.3437322348704961
0.3435107916827691
0.34328940638391325
0.3430680770077922
0.3428468015679826
0.34262557805780186
0.34240440445033793
0.3421832786984782
0.34196219873493755
0.3417411624722877
0.341520167802987
0.3412992125994073
0.3410782947138643
0.3408574119786473
0.3406365622060451
0.3404157431883788
0.3401949526980277
0.33997418848745986
0.33975344828926163
0.3395327298161655
0.3393120307610803
0.3390913487971203
0.338870681577634
0.3386500267362358
0.3384293818868323
0.3382087446236553
0.337988112521289
0.3377674831347021
0.3375468539992764
0.3373262226308379
0.3371055865256877
0.3368849431606314
0.33666428999301085
0.3364436244607352
0.33622294398231223
0.33600224595687916
0.33578152776423564
0.3355607867648747
0.33534002030001625
0.3351192256916384
0.3348984002425117
0.3346775412362317
0.3344566459372527
0.33423571159092214
0.334014735423515
0.33379371464226804
0.3335726464354156
0.3333515279722259
0.33313035640303545
0.3329091288592878
0.33268784245356936
0.3324664942796477
0.33224508141250964
0.33202360090840005
0.3318020498048621
0.3315804251207756
0.3313587238564001
0.3311369429934138
0.33091507949495785
0.3306931303056784
0.3304710923517693
0.33024896254101754
0.330026737762849
0.3298044148883724
0.32958199077042866
0.32935946224363644
0.32913682612444267
0.32891407921117105
0.3286912182840733
0.32846824010538045
0.32824514141935557
0.32802191895234795
0.3277985694128476
0.3275750894915416
0.3273514758613708
0.3271277251775886
0.3269038340778212
0.326679799182127
0.32645561709306015
0.3262312843957345
0.3260067976578867
0.3257821534299452
0.3255573482450953
0.32533237861935166
0.32510724105162647
0.32488193202380367
0.32465644800081217
0.3244307854307026
0.32420494074472367
0.3239789103574021
0.32375269066662393
0.3235262780537163
0.3232996688835336
0.323072859504542
0.3228458462489106
0.3226186254326001
0.3223911933554558
0.32216354630130295
0.32193568053804267
0.3217075923177518
0.3214792778767828
0.3212507334358691
0.321021955200229
0.32079293935967534
0.3205636820887249
0.32033417954671195
0.3201044278779038
0.31987442321161863
0.31964416166234594
0.3194136393298707
0.3191828522993976
0.31895179664168205
0.31872046841316
0.3184888636560825
0.3182569783986535
0.31802480865516985
0.31779235042616427
0.317559599698551
0.3173265524457768
0.31709320462797125
0.3168595521921039
0.3166255910721423
0.31639131718921454
0.31615672645177456
0.31592181475577075
0.3156865779848189
0.3154510120103773
0.315215112691926
0.31497887587715084
0.3147422974021281
0.31450537309151666
0.31426809875875017
0.3140304702062364
0.31379248322555725
0.31355413359767514
0.3133154170931426
0.3130763294723139
0.31283686648556475
0.3125970238735114
0.31235679736723815
0.31211618268852515
0.3118751755500835
0.3116337716557929
0.3113919667009438
0.3111497563724841
0.31090713634927036
0.3106641023023237
0.310420649895088
0.31017677478369654
0.30993247261723855
0.30968773903803487
0.3094425696819142
0.3091969601784961
0.30895090615147924
0.30870440321893255
0.30845744699359123
0.30821003308315975
0.30796215709061736
0.3077138146145287
0.30746500124936027
0.3072157125858004
0.3069659442110859
0.3067156917093318
0.3064649506618664
0.3062137166475726
0.30596198524323187
0.3057097520238765
0.3054570125631421
0.3052037624336299
0.30494999720727145
0.30469571245569793
0.30444090375061655
0.3041855666641893
0.30392969676941994
0.3036732896405422
0.303416340853417
0.3031588459859306
0.3029008006184014
0.30264220033398886
0.3023830407191096
0.30212331736385634
0.3018630258624241
0.3016021618135386
0.30134072082089236
0.30107869849358315
0.30081609044655927
0.3005528923010679
0.3002890996851103
0.3000247082338988
0.29975971359032133
0.29949411140540916
0.299227897338809
0.29896106705926073
0.29869361624507923
0.2984255405846389
0.2981568357768658
0.29788749753173216
0.297617521570754
0.2973469036274957
0.29707563944807736
0.29680372479168543
0.2965311554310883
0.2962579271531559
0.29598403575938237
0.29570947706641326
0.2954342469065758
0.2951583411284133
0.29488175559722185
0.29460448619559176
0.2943265288239523
0.29404787940111804
0.29376853386483953
0.2934884881723574
0.2932077383009578
0.29292628024853173
0.2926441100341365
0.2923612236985602
0.29207761730488874
0.2917932869390724
0.2915082287105001
0.2912224387525696
0.29093591322326445
0.2906486483057287
0.2903606402088467
0.29007188516782295
0.2897823794447615
0.2894921193292499
0.2892011011389424
0.28890932122014357
0.2886167759483942
0.2883234617290559
0.2880293749978987
0.2877345122216871
0.2874388698987662
0.2871424445596493
0.28684523276760343
0.28654723111923724
0.2862484362450858
0.2859488448101959
0.28564845351471124
0.2853472590944551
0.28504525832151417
0.284742448004819
0.28443882499072387
0.2841343861635854
0.28382912844633956
0.2835230488010757
0.2832161442296104
0.2829084117740567
0.28259984851739295
0.2822904515840291
0.281980218140369
0.28166914539537036
0.2813572306011033
0.2810444710533023
0.2807308640919197
0.28041640710167065
0.2801010975125786
0.279784932800514
0.27946791048773173
0.27915002814340245
0.2788312833841409
0.2785116738745293
0.27819119732763653
0.2778698515055337
0.27754763421980244
0.27722454333204116
0.2769005767543649
0.27657573244989964
0.27625000843327324
0.27592340277109867
0.2755959135824532
0.2752675390393523
0.27493827736721677
0.2746081268453342
0.27427708580731636
0.2739451526415471
0.2736123257916275
0.27327860375681345
0.2729439850924464
0.2726084684103781
0.2722720523793905
0.27193473572560595
0.27159651723289324
0.27125739574326646
0.27091737015727635
0.2705764394343957
0.2702346025933967
0.2698918587127231
0.2695482069308538
0.2692036464466598
0.26885817651975374
0.26851179647083445
0.26816450568202016
0.2678163035971782
0.2674671897222459
0.26711716362554455
0.26676622493808466
0.26641437335386614
0.26606160863017003
0.26570793058784103
0.2653533391115669
0.26499783415014533
0.2646414157167472
0.2642840838891709
0.26392583881008835
0.2635666806872857
0.2632066097938943
0.26284562646861587
0.2624837311159383
0.2621209242063472
0.2617572062765256
0.26139257792954984
0.2610270398350768
0.26066059272952213
0.26029323741623395
0.2599249747656569
0.25955580571548903
0.25918573127083183
0.25881475250433356
0.25844287055632265
0.258070086634937
0.257696402016243
0.25732181804434917
0.25694633613151185
0.2565699577582323
0.25619268447335003
0.2558145178941234
0.2554354597063084
0.25505551166422674
0.25467467559082757
0.25429295337774216
0.2539103469853317
0.2535268584427262
0.25314248984785864
0.2527572433674894
0.2523711212372257
0.2519841257615317
0.25159625931373275
0.25120752433601296
0.2508179233394028
0.25042745890376344
0.25003613367776006
0.2496439503788302
0.2492509117931448
0.24885702077556057
0.24846228024956618
0.24806669320722147
0.24767026270908826
0.24727299188415458
0.24687488392975118
0.2464759421114612
0.2460761697630218
0.24567557028621934
0.24527414715077536
0.24487190389422775
0.24446884412180103
0.24406497150627302
0.24366028978783077
0.24325480277391962
0.2428485143390865
0.2424414284248123
0.2420335490393407
0.24162488025749468
0.24121542622048883
0.24080519113573262
0.24039417927662476
0.23998239498234183
0.2395698426576167
0.23915652677251148
0.23874245186217946
0.23832762252662196
0.23791204343043493
0.23749571930254834
0.23707865493595748
0.23666085518744567
0.23624232497729886
0.2358230692890125
0.23540309316898775
0.23498240172622398
0.23456100013199707
0.23413889361953433
0.2337160874836777
0.23329258708053985
0.23286839782715144
0.23244352520110056
0.23201797474016167
0.2315917520419183
0.23116486276337506
0.2307373126205639
0.2303091073881374
0.22988025289895703
0.22945075504367268
0.22902061977029037
0.22858985308373492
0.22815846104540155
0.2277264497727005
0.22729382543859175
0.22686059427111194
0.22642676255289154
0.22599233662066573
0.22555732286477373
0.22512172772865238
0.2246855577083194
0.2242488193518487
0.22381151925883777
0.22337366407986622
0.2229352605159461
0.22249631531796382
0.22205683528611483
0.22161682726932846
0.22117629816468626
0.22073525491683155
0.22029370451737187
0.21985165400427203
0.21940911046124184
0.2189660810171134
0.21852257284521387
0.2180785931627277
0.21763414923005459
0.2171892483501572
0.21674389786790504
0.21629810516940826
0.21585187768134706
0.2154052228702919
0.21495814824202086
0.21451066134082564
0.21406276974881616
0.21361448108521477
0.21316580300564786
0.21271674320142936
0.21226730939883937
0.21181750935839724
0.21136735087412956
0.21091684177283193
0.21046598991332635
0.21001480318571472
0.2095632895106254
0.20911145683845644
0.20865931314861594
0.20820686644875486
0.20775412477399927
0.2073010961861761
0.2068477887730378
0.20639421064748123
0.20594036994676423
0.20548627483172066
0.20503193348596987
0.20457735411512545
0.20412254494600057
0.20366751422581214
0.20321227022138189
0.20275682121833585
0.20230117552030272
0.20184534144810995
0.20138932733897913
0.20093314154572015
0.20047679243592456
0.2000202883911583
0.19956363780615405
0.19910684908800297
0.19864993065534584
0.19819289093756695
0.19773573837398464
0.19727848141304502
0.19682112851151512
0.19636368813367744
0.19590616875052622
0.19544857883896244
0.19499092688099393
0.19453322136293388
0.19407547077460335
0.19361768360853454
0.19315986835917634
0.19270203352210294
0.1922441875932244
0.191786339067999
0.1913284964406508
0.19087066820338816
0.1904128628456249
0.1899550888532076
0.18949735470764323
0.18903966888533247
0.18858203985680574
0.18812447608596305
0.1876669860293182
0.18720957813524783
0.1867522608432436
0.18629504258316865
0.18583793177451982
0.1853809368256938
0.184924066133257
0.1844673280812231
0.184010731040332
0.18355428336733687
0.18309799340429495
0.1826418694778628
0.18218591989859972
0.18173015296027326
0.1812745769391724
0.18081920009342656
0.18036403066232837
0.17990907686566368
0.17945434690304785
0.17899984895326676
0.17854559117362384
0.17809158169929415
0.17763782864268413
0.17718434009279638
0.17673112411460246
0.17627818874842077
0.17582554200930134
0.1753731918864152
0.17492114634245348
0.1744694133130293
0.17401800070608875
0.17356691640132652
0.17311616824960943
0.17266576407240522
0.1722157116612187
0.17176601877703432
0.17131669314976472
0.17086774247770656
0.17041917442700238
0.1699709966311099
0.1695232166902766
0.16907584217102156
0.16862888060562448
0.16818233949162087
0.1677362262913022
0.16729054843122643
0.1668453133017309
0.16640052825645418
0.1659562006118654
0.16551233764679651
0.1650689466019849
0.16462603467962064
0.1641836090429008
0.16374167681558924
0.1633002450815849
0.16285932088449476
0.16241891122721386
0.1619790230715117
0.16153966333762634
0.16110083890386218
0.16066255660619622
0.16022482323789083
0.15978764554911165
0.15935103024655273
0.15891498399306664
0.15847951340730335
0.15804462506335298
0.15761032549039558
0.1571766211723586
0.15674351854757732
0.15631102400846517
0.1558791439011875
0.1554478845253428
0.1550172521336498
0.15458725293164055
0.15415789307735955
0.15372917868106956
0.1533011158049622
0.15287371046287662
0.15244696862002172
0.1520208961927068
0.15159549904807612
0.1511707830038512
0.15074675382807795
0.15032341723888032
0.14990077890421896
0.149478844441658
0.14905761941813514
0.14863710934973928
0.14821731970149316
0.14779825588714374
0.1473799232689552
0.14696232715751073
0.14654547281151947
0.14612936543762842
0.14571401019024116
0.14529941217134162
0.14488557643032446
0.14447250796383113
0.14406021171559147
0.143648692576271
0.14323795538332484
0.1428280049208568
0.14241884591948403
0.14201048305620864
0.1416029209542938
0.1411961641831465
0.14079021725820617
0.14038508464083801
0.13998077073823437
0.13957727990331875
0.13917461643465937
0.13877278457638495
0.13837178851810888
0.13797163239485757
0.13757232028700647
0.1371738562202195
0.13677624416539588
0.1363794880386226
0.13598359170113275
0.1355885589592687
0.13519439356445218
0.13480109921315978
0.134408679546904
0.1340171381522207
0.13362647856066118
0.13323670424879167
0.13284781863819697
0.132459825095491
0.13207272693233302
0.13168652740544834
0.13130122971665625
0.13091683701290335
0.1305333523863022
0.13015077887417614
0.12976911945910835
0.1293883770689998
0.12900855457712931
0.12862965480222124
0.12825168050851857
0.1278746344058617
0.12749851914977167
0.12712333734154072
0.12674909152832756
0.1263757842032576
0.12600341780552998
0.12563199472052913
0.12526151727994217
0.12489198776188097
0.12452340839101231
0.12415578133868874
0.12378910872308979
0.12342339260936507
0.12305863500978394
0.1226948378838908
0.12233200313866448
0.12197013262868343
0.1216092281562968
0.12124929147179944
0.1208903242736119
0.12053232820846689
0.120175304871599
0.11981925580694033
0.11946418250732145
0.11911008641467538
0.11875696892024845
0.11840483136481454
0.11805367503889422
0.11770350118297934
0.11735431098776114
0.11700610559436334
0.11665888609457926
0.11631265353111483
0.11596740889783366
0.11562315314000846
0.11527988715457496
0.11493761179039155
0.11459632784850204
0.1142560360824027
0.11391673719831286
0.11357843185545047
0.11324112066631051
0.11290480419694712
0.11256948296726041
0.112235157451286
0.11190182807748769
0.1115694952290553
0.11123815924420441
0.11090782041647926
0.1105784789950609
0.11025013518507587
0.1099227891479097
0.10959644100152308
0.10927109082077105
0.10894673863772401
0.10862338444199354
0.10830102818105904
0.10797966976059808
0.10765930904481866
0.10733994585679461
0.10702157997880288
0.10670421115266328
0.10638783908008041
0.10607246342298811
0.1057580838038952
0.10544469980623428
0.10513231097471111
0.10482091681565711
0.10451051679738342
0.10420111035053524
0.1038926968684495
0.10358527570751344
0.10327884618752403
0.10297340759204938
0.10266895916879154
0.1023655001299501
0.10206302965258643
0.10176154687899062
0.1014610509170473
0.1011615408406038
0.10086301568983845
0.1005654744716298
0.10026891615992671
0.09997333969611819
0.09967874398940502
0.09938512791717004
0.09909249032535107
0.09880083002881165
0.09851014581171395
0.09822043642789037
0.09793170060121642
0.0976439370259824
0.09735714436726604
0.09707132126130426
0.09678646631586481
0.09650257811061777
0.0962196551975071
0.09593769610112057
0.09565669931906086
0.09537666332231369
0.09509758655561878
0.09481946743783626
0.0945423043623155
0.09426609569726127
0.09399083978609947
0.09371653494784278
0.09344317947745356
0.09317077164620777
0.09289930970205582
0.09262879186998416
0.09235921635237396
0.09209058132935974
0.09182288495918606
0.09155612537856254
0.09129030070301923
0.09102540902725793
0.09076144842550384
0.09049841695185518
0.0902363126406308
0.08997513350671701
0.08971487754591193
0.08945554273526811
0.08919712703343433
0.08893962838099398
0.08868304470080318
0.08842737389832683
0.08817261386197076
0.08791876246341475
0.08766581755794173
0.08741377698476546
0.08716263856735576
0.08691240011376318
0.08666305941693889
0.08641461425505491
0.08616706239182088
0.08592040157679906
0.08567462954571617
0.08542974402077491
0.08518574271096135
0.08494262331235053
0.08470038350841032
0.08445902097030238
0.08421853335718057
0.08397891831648768
0.08374017348424896
0.08350229648536388
0.08326528493389487
0.08302913643335409
0.08279384857698777
0.08255941894805699
0.08232584512011767
0.08209312465729693
0.08186125511456654
0.08163023403801532
0.08140005896511751
0.08117072742499955
0.08094223693870384
0.08071458501944964
0.0804877691728926
0.08026178689738019
0.08003663568420534
0.07981231301785792
0.07958881637627252
0.07936614323107422
0.07914429104782253
0.07892325728625059
0.07870303940050455
0.07848363483937809
0.07826504104654528
0.07804725546079085
0.07783027551623786
0.07761409864257263
0.07739872226526666
0.07718414380579709
0.07697036068186344
0.07675737030760235
0.07654517009379977
0.07633375744810011
0.07612312977521364
0.07591328447712017
0.07570421895327162
0.07549593060079056
0.07528841681466757
0.0750816749879549
0.07487570251195863
0.07467049677642755
0.07446605516974004
0.07426237507908832
0.07405945389065982
0.07385728898981678
0.07365587776127318
0.07345521758926903
0.07325530585774181
0.07305613995049699
0.07285771725137426
0.07266003514441295
0.07246309101401407
0.07226688224510026
0.07207140622327383
0.07187666033497188
0.07168264196761909
0.07148934850977895
0.07129677735130188
0.07110492588347149
0.07091379149914823
0.07072337159291153
0.070533663561199
0.07034466480244345
0.07015637271720834
0.06996878470832049
0.06978189818100035
0.06959571054299148
0.06941021920468603
0.06922542157924995
0.06904131508274425
0.06885789713424616
0.0686751651559666
0.06849311657336625
0.06831174881527004
0.06813105931397877
0.06795104550537943
0.06777170482905295
0.06759303472838074
0.06741503265064873
0.06723769604714973
0.06706102237328346
0.06688500908865531
0.06670965365717368
0.0665349535471434
0.0663609062313598
0.06618750918719979
0.06601475989671052
0.06584265584669802
0.06567119452881226
0.06550037343963178
0.06533019008074603
0.06516064195883595
0.06499172658575306
0.06482344147859709
0.06465578415979155
0.06448875215715784
0.06432234300398773
0.06415655423911465
0.06399138340698268
0.06382682805771442
0.0636628857471775
0.06349955403704928
0.06333683049487984
0.06317471269415414
0.06301319821435222
0.06285228464100817
0.06269196956576714
0.0625322505864422
0.062373125307068
0.062214591337955066
0.06205664629574093
0.06189928780344128
0.061742513490498696
0.06158632099283086
0.06143070795287734
0.061275672019644775
0.061121210848750954
0.06096732210246784
0.060814003449763204
0.06066125256634094
0.0605090671346806
0.0603574448440751
0.06020638339066787
0.060055880477488575
0.05990593381448787
0.05975654111857074
0.05960770011362891
0.05945940853057238
0.059311664107359836
0.0591644645890272
0.059017807727716615
0.05887169128270321
0.05872611302042136
0.05858107071448957
0.05843656214573526
0.05829258510221743
0.05814913737924937
0.058006216779419466
0.05786382111261204
0.057721948196026926
0.05758059585419767
0.057439761919009666
0.05729944422971679
0.05715964063295744
0.05702034898276981
0.05688156714060616
0.05674329297534631
0.05660552436331071
0.05646825918827167
0.05633149534146525
0.056195230721601264
0.05605946323487297
0.05592419079496623
0.05578941132306733
0.05565512274787091
0.0555213230055861
0.05538801003994328
0.055255181802198745
0.05512283625114025
0.054990971353090556
0.0548595850819109
0.05472867541900379
0.05459824035331552
0.054468277881337214
0.054338786007106024
0.054209762742205486
0.054081206105765604
0.05395311412446123
0.05382548483251166
0.053698316271678155
0.05357160649126151
0.05344535354809975
0.05331955550656346
0.05319421043855288
0.053069316423492864
0.0529448715483279
0.05282087390751694
0.05269732160302702
0.052574212744327053
0.052451545448381175
0.05232931783964097
0.05220752805003809
0.05208617421897592
0.0519652544933209
0.05184476702739387
0.051724709982960075
0.05160508152921952
0.051485879842797316
0.051367103107732445
0.051248749515466915
0.051130817264834774
0.051013304562049944
0.050896209620694646
0.05077953066170667
0.05066326591336694
0.05054741361128618
0.050431971998392104
0.05031693932491511
0.05020231384837456
0.05008809383356473
0.049974277552539914
