2.097895327080302
2.1658427319708107
2.148044398533859
2.1298349740401474
2.112910764952919
2.0967071723306523
2.0811235188530413
2.066170263592002
2.0518700781646415
2.0382411817263923
2.0252970343530663
2.0130479776866292
2.0015023255124844
1.990666800297829
1.9805465599486272
1.9711450216695943
1.9624636131249689
1.95450152428374
1.9472554978620658
1.9407196753989124
1.9348855040804895
1.9297417028234634
1.9252742826505853
1.9214666147612351
1.9182995391563291
1.915751506767017
1.9137987484774999
1.9124154650438971
1.911574032576056
1.9112452188926876
1.9113984066376482
1.9120018195349338
1.9130227485578568
1.9144277751020107
1.916182988498425
1.9182541954032855
1.9206071187751284
1.9232075843191558
1.9260216924570457
1.929015974080488
1.932157528573258
1.9354141428408154
1.9387543903642568
1.9421477095900208
1.945564461268559
1.9489759646539762
1.9523545127620696
1.9556733671471336
1.9589067328909917
1.9620297146959778
1.9650182551347446
1.9678490562344066
1.9704994856638693
1.972947468857352
1.9751713684526413
1.9771498524604783
1.978861752624939
1.980285914499446
1.9814010408668745
1.982185530295705
1.9826173128701936
1.9826736854868408
1.9823311496002123
1.9815652549586416
1.9803504537254333
1.9786599704630898
1.9764656947903183
1.97373810511511
1.9704462336911626
1.9665576852922906
1.9620387239488928
1.9568544442628626
1.9509690455292117
1.9443462278300996
1.936949728866554
1.9287440178425048
1.9196951573905656
1.9097718354887832
1.8989465558805656
1.8871969574201346
1.8745072105374847
1.8608694143008349
1.846284893409255
1.8307652753446588
1.8143332192860908
1.7970226756175842
1.7788785817295856
1.7599559468079682
1.7403183413274426
1.7200358771721682
1.6991828294938331
1.6778350988525337
1.6560677320513415
1.6339527083158778
1.6115571569349147
1.5889421119389904
1.566161840886837
1.5432637203844306
1.5202885798655683
1.4972714024875304
1.4742422585162196
1.4512273497272778
1.4282500586499833
1.4053319189086488
1.3824934479375772
1.3597548074808419
1.3371362782795262
1.3146585520525909
1.292342856014381
1.2702109330435984
1.2482849048515694
1.2265870468462652
1.2051395026026934
1.1839639635990338
1.1630813367157016
1.142511418355371
1.1222725902499961
1.1023815483083643
1.0828530723842718
1.0636998417151813
1.0449322980568918
1.026558556252778
1.0085843601341216
0.9910130802402553
0.9738457488482848
0.9570811271759851
0.9407157993238591
0.9247442875045707
0.9091591833190266
0.8939512902280953
0.8791097728897495
0.864622309640246
0.8504752450571681
0.8366537402202778
0.8231419189576067
0.8099230090093112
0.7969794776455827
0.7842931618263655
0.7718453934817252
0.759617120915856
0.7475890276890995
0.7357416506045811
0.724055498611615
0.7125111745275936
0.7010895014625751
0.689771655693622
0.67853930746599
0.6673747707834843
0.6562611626819297
0.6451825717551933
0.6341242348296007
0.623072719680099
0.6120161105865408
0.6009441923960648
0.5898486276616565
0.578723120458707
0.5675635597434352
0.5563681347157893
0.5451374146825829
0.5338743864603798
0.5225844434518766
0.5112753221664758
0.4999569840716611
0.48864144313668906
0.47734254209417254
0.4660756830942745
0.4548575208433869
0.4437056282994581
0.43263814637170905
0.42167342973265703
0.41082970075454317
0.4001247227625583
0.3895755023519009
0.37919802859379925
0.3690070547367343
0.3590159256811638
0.3492364522445784
0.33967883118574727
0.33035160823052484
0.3212616800015297
0.3124143298236456
0.3038132918442115
0.2954608377310206
0.28735788033500215
0.2795040890608326
0.2718980122095709
0.26453720217914023
0.2574183400759652
0.2505373569596163
0.24388954957836814
0.2374696890339329
0.2312721213244417
0.22529085914961675
0.2195196647205141
0.2139521236018899
0.2085817098345723
0.20340184274613324
0.19840593596925915
0.19358743925701064
0.1889398737206818
0.18445686112647416
0.18013214787797602
0.17595962428791254
0.17193333970918576
0.16804751405549642
0.16429654619860126
0.16067501968471498
0.15717770616829332
0.1537995669186084
0.15053575271391542
0.14738160240015194
0.14433264035622081
0.14138457307617533
0.13853328504996146
0.13577483409875046
0.13310544629809634
0.13052151060204362
0.12801957326363342
0.12559633213182056
0.12324863089138899
0.12097345330083868
0.11876791747319893
0.11662927023613602
0.11455488160036778
0.11254223935916374
0.11058894383640225
0.10869270279619679
0.10685132652335289
0.10506272308079506
0.10332489374750078
0.10163592863834815
0.09999400250553368
0.0983973707198002
0.09684436542858765
0.09533339188732415
0.09386292495938318
0.09243150577971372
0.09103773857676778
0.08968028764708998
0.08835787447676909
0.08706927500386707
0.08581331701592539
0.08458887767668216
0.08339488117621072
0.08223029649880693
0.0810941353030838
0.07998544990889836
0.07890333138589915
0.07784690773867735
0.07681534218368403
0.07580783151327833
0.07482360454246167
0.07386192063405153
0.07292206829823952
0.07200336386266622
0.07110515020933461
0.07022679557486011
0.06936769241073072
0.0685272563004197
0.06770492493035277
0.06690015711189101
0.06611243185163461
0.06534124746749762
0.06458612074814055
0.06384658615347302
0.06312219505406443
0.06241251500741856
0.06171712906917349
0.06103563513740162
0.06036764532827496
0.059712785381463976
0.05907069409372147
0.05844102277918963
0.05782343475505093
0.057217604851213064
0.056623218942795664
0.05603997350425098
0.05546757518401361
0.05490574039863722
0.054354194945431505
0.05381267363266416
0.0532809199264481
0.052758685613476956
0.05224573047881991
0.05174182199802835
0.05124673504284781
0.05076025159986379
0.05028216050145089
0.049812257168421956
