2.5614673863865827
2.0910293405869225
2.1159723739955782
1.9174688151044892
2.134106793816067
1.9880909408024028
1.9474694576622364
2.117890296705399
2.2650160821051233
2.651247663996205
2.2180216573571467
2.5844958356350447
2.435437576594698
2.2601788688826234
2.6221821808730015
2.3124634034163365
2.0949299955565532
2.336728646746614
2.0943077757046122
2.251513023314878
2.3474888115348884
2.0756818364873517
2.1753116381894477
2.1424001107852213
2.1330380918699263
2.3367243003495153
2.1480988021128145
2.1257205857357953
2.187101214080995
2.1071963361564827
2.29623962071087
2.20990955397247
2.1016622978622634
2.1854004074315094
2.1057064828818923
2.2068381033402877
2.223505123495201
2.100841802973275
2.1331496675245565
2.109568433904043
2.133379121913777
2.196750648851981
2.1136678570854652
2.0974391043236937
2.1079485851137765
2.107100423105053
2.173597846878957
2.130629939479058
2.093359676621119
2.110007844632104
2.1038246089094805
2.155392334595946
2.1376622650927244
2.092048687220408
2.101228559140824
2.0948637287490186
2.128810750641723
2.1270267333918023
2.0839447811400085
2.084860636526
2.0825721408230646
2.1071901424709476
2.113709533611168
2.076492195484312
2.0725332828251073
2.0724891876166103
2.092499860733129
2.0998541305393186
2.0640785647724176
2.056783919778052
2.0555159187313254
2.0731945739408966
2.0763907310359953
2.0377233657001352
2.030924521047072
2.028076514716108
2.0513017470590924
2.0445830969127
2.004651556195779
2.0074124459203193
2.008452894521162
2.0498256497755722
2.009153725668459
1.991508415147653
1.988733413774905
2.0296300172391812
2.039028953477607
1.9550273303204027
1.9845535366832445
1.9598124218767128
2.050890064152079
1.8712876598432153
1.933813891796664
1.83230993153736
1.968292940638698
1.6999873202706473
1.708269893791958
1.6690061998948642
1.6887248322961543
1.5270762439657255
1.1738111472068196
1.3547194880681128
1.283682280652538
1.3735624218015632
1.036144807794172
0.9619004098790003
1.0466087384723357
1.0867075143366116
1.0810443935294638
0.8424626941203699
0.9001742154542378
0.912902646550866
0.9015327090761146
0.612683322726714
0.6028269977791086
0.4357099785565935
0.3237051724876986
0.17683845968577913
0.1269834060919201
0.10058449863877184
0.07528851306500384
0.05701146041374554
0.04580056346811842
