1.994852636752234
2.318199096818603
2.2242625399256517
2.1639912288187135
2.1293318899771085
2.1053001031785934
2.0853272662307876
2.0671633015179793
2.050114976792522
2.0339789244086584
2.0187023829463477
2.0042814213192526
1.9907291068733857
1.978064061277643
1.9663054330606395
1.9554702590016262
1.9455719268760598
1.9366192482455131
1.9286159143971555
1.9215602140919388
1.915444941118941
1.9102574449804552
1.9059797917657268
1.9025890101763405
1.9000574026727046
1.8983529053046873
1.8974394826694756
1.8972775468851943
1.8978243915544835
1.8990346334140056
1.9008606557091392
1.9032530483038066
1.9061610401695595
1.9095329202581492
1.9133164429278298
1.917459214151719
1.9219090547686235
1.9266143371123978
1.931524291526632
1.9365892795681052
1.9417610311351035
1.9469928433170411
1.952239739426712
1.957458587412873
1.9626081776206776
1.96764926063236
1.972544546646059
1.9772586685089641
1.9817581110930904
1.9860111101785585
1.9899875243903686
1.9936586840292687
1.9969972208616316
1.9999768831094955
2.0025723400360835
2.004758980682714
2.0065127115085657
2.0078097579425185
2.008626475199525
2.008939174159711
2.008723968664258
2.007956651242073
2.0066126050207482
2.0046667603452395
2.00209360534712
1.9988672602567663
1.9949616254658746
1.9903506130163309
1.9850084700571042
1.9789102005864854
1.9720320881936426
1.964352317287943
1.9558516833287982
1.9465143739174116
1.9363287926579023
1.9252883871936715
1.9133924329521355
1.9006467164439922
1.8870640582433205
1.8726646177423407
1.8574759306968849
1.8415326468417423
1.8248759576167985
1.8075527311001127
1.789614399210033
1.7711156670831874
1.7521131323619146
1.7326639100192311
1.7128243550507276
1.692648961553827
1.6721894948439173
1.6514943869519656
1.630608399106038
1.6095725311849305
1.588424140190573
1.5671972187701642
1.5459227807357943
1.5246293024159825
1.5033431749856419
1.4820891319194855
1.4608906257750458
1.4397701383249457
1.4187494167152401
1.3978496353192131
1.3770914881170435
1.3564952198468099
1.3360806060849768
1.3158668931425421
1.295872708532487
1.2761159520666139
1.2566136766090448
1.237381966319937
1.2184358189786015
1.1997890377468239
1.1814541365559952
1.1634422621927003
1.145763135125821
1.128425010171569
1.1114346572401523
1.0947973616595048
1.0785169429381924
1.062595790319822
1.0470349130994197
1.0318340034176283
1.016991509114705
1.0025047142018078
0.9883698245761551
0.9745820567514231
0.9611357275758998
0.9480243431497287
0.9352406854120532
0.9227768951338748
0.9106245503113392
0.8987747391975103
0.8872181274325112
0.8759450189282421
0.8649454103332083
0.8542090390454444
0.8437254248583407
0.8334839054178692
0.8234736657430106
0.813683762117407
0.8041031407027566
0.7947206512566269
0.7855250563624127
0.7765050366002874
0.7676491921081482
0.7589460410034973
0.7503840151636092
0.7419514538945401
0.7336365960619764
0.7254275713103764
0.7173123910633823
0.709278940079197
0.701314969430521
0.6934080918897894
0.6855457808258344
0.6777153738553979
0.6699040826378759
0.6620990103475246
0.6542871784945794
0.6464555648818842
0.638591154559542
0.6306810056548124
0.622712331882169
0.6146726033491253
0.6065496669354653
0.5983318870052209
0.5900083064851079
0.5815688273922801
0.5730044087165634
0.5643072781784785
0.5554711528451323
0.5464914619761061
0.5373655639117637
0.5280929474597857
0.5186754072567573
0.5091171821588487
0.49942504600766713
0.48960834123574803
0.4796789477588867
0.4696511823940482
0.4595416274848518
0.4493688912600648
0.4391533063723287
0.42891657671010297
0.4186813856047083
0.40847098068518883
0.3983087516823987
0.388217817385954
0.378220636772446
0.36833865721799164
0.35859200992978163
0.34899925956820754
0.3395772117751706
0.33034077923649857
0.3213029041935263
0.3124745331198274
0.30386463766313737
0.2954802749264283
0.287326679682489
0.2794073811054164
0.27172433696314874
0.26427807884503396
0.25706786279986493
0.25009182064717
0.24334710812807134
0.2368300469290474
0.23053625840608682
0.2244607875360377
0.21859821621622758
0.2129427655214535
0.207488386914313
0.20222884269987781
0.19715777623031622
0.19226877251161198
0.18755540995514391
0.18301130406292426
0.17863014384687564
0.1744057217683861
0.17033195795189557
0.1664029193813668
0.16261283473599483
0.15895610546506203
0.1554273136442693
0.15202122709915952
0.14873280222683155
0.14555718489598524
0.14248970975791944
0.13952589825781822
0.13666145559647175
0.13389226685747854
0.1312143924837722
0.12862406325973935
0.12611767493101303
0.12369178257290965
0.1213430948001254
0.11906846789447062
0.11686489991375817
0.11472952483327284
0.11265960676127065
0.11065253426146421
0.10870581480827234
0.10681706939456032
0.10498402730651471
0.10320452107606505
0.10147648161773842
0.09979793355393243
0.09816699073021834
0.0965818519203382
0.09504079671902477
0.09354218161951658
0.0920844362716852
0.09066605991594291
0.08928561798754676
0.08794173888551038
0.08663311090007336
0.0853584792925084
0.08411664352097226
0.0829064546061038
0.08172681263011503
0.08057666436323348
0.0794550010114623
0.07836085607981008
0.07729330334529598
0.07625145493425227
0.075234459498627
0.07424150048622472
0.07327179450001159
0.07232458974184361
0.07139916453617676
0.07049482592953324
0.0696109083616994
0.06874677240483011
0.06790180356682902
0.0670754111555574
0.06626702720060801
0.06547610542954561
0.06470212029569031
0.06394456605466543
0.06320295588709372
0.062476821064957735
0.061765710159284753
0.06106918828694004
0.060386836394436615
0.05971825057678555
0.059063041429521686
0.058420833432139115
0.05779126436127616
0.05717398473207496
0.05656865726623301
0.05597495638534625
0.0553925677282187
0.054821187690890436
0.054260522988204496
0.053710290235796314
0.05317021555145433
0.052640034174857714
0.052119490104750726
0.05160833575266557
0.051106331612356726
0.05061324594415185
0.050128854473469854
0.04965294010279835
