0.498969481214395
0.5317848953037545
0.5175113519994867
0.5226029366187778
0.5259583191496887
0.5193149601951047
0.5128703182137417
0.5124259671274183
0.5134549492179916
0.5129788362544495
0.5125849982858531
0.5129256524405331
0.5127919873315785
0.5118452566238944
0.5109340201514471
0.5105454026766438
0.5104432045284668
0.5103740544832294
0.5103029256097578
0.5101839302652535
0.5099412855721195
0.509604730549125
0.5092831360325031
0.5090406587755757
0.5088659297764477
0.5087214254583291
0.5085758003381857
0.5084082825571812
0.5082141467761743
0.5080072831639444
0.5078082780046642
0.5076291162944535
0.5074689705817209
0.5073196709346471
0.5071724305937422
0.5070220756815926
0.5068685788177557
0.5067157989180361
0.5065683113319029
0.5064286315462307
0.5062964798701564
0.5061698286301654
0.5060464963775096
0.5059253011425171
0.5058063676376785
0.5056906705133779
0.505579250064763
0.5054726188214802
0.5053706321003444
0.5052727485375368
0.5051784175021169
0.5050873519426826
0.5049995806270623
0.504915317518061
0.5048347705153512
0.5047580096196487
0.5046849475164172
0.5046154089126217
0.5045492248028329
0.5044862943321322
0.5044265913861745
0.5043701289559919
0.5043169128150438
0.5042669124180412
0.5042200594260151
0.504176266382854
0.5041354495800694
0.5040975427293363
0.5040624969631352
0.5040302712924182
0.5040008215022252
0.5039740939195643
0.5039500259622409
0.5039285511810923
0.5039096047907365
0.5038931266205168
0.5038790607122227
0.5038673528141382
0.5038579477728471
0.5038507882805507
0.5038458152726394
0.5038429692958437
0.5038421918480758
0.503843426003012
0.5038466162201533
0.503851707707078
0.5038586458307951
0.5038673758993363
0.5038778433384339
0.5038899940666602
0.5039037748227843
0.5039191332970293
0.5039360180667511
0.5039543784414078
0.50397416433844
0.5039953262577636
0.5040178153481095
0.5040415835097939
0.5040665834743318
0.5040927688307068
0.504120094005179
0.5041485142238968
0.5041779854874744
0.5042084645708276
0.5042399090432108
0.5042722772932676
0.5043055285450869
0.5043396228597483
0.5043745211258464
0.5044101850469654
0.5044465771329076
0.5044836606969678
0.5045213998571603
0.5045597595373749
0.504598705465313
0.5046382041664262
0.5046782229551812
0.5047187299257769
0.5047596939438405
0.5048010846394013
0.5048428724004299
0.5048850283659241
0.50492752441789
0.5049703331721961
0.5050134279687533
0.5050567828615696
0.5051003726090143
0.5051441726642928
0.5051881591659249
0.5052323089279811
0.5052765994299678
0.5053210088064027
0.5053655158362298
0.5054100999322105
0.505454741130366
0.505499420079454
0.5055441180304275
0.5055888168258226
0.5056334988890687
0.5056781472137442
0.5057227453528271
0.5057672774079746
0.5058117280188477
0.505856082352479
0.5059003260926684
0.5059444454294026
0.5059884270483017
0.5060322581201033
0.5060759262902029
0.5061194196682574
0.5061627268178581
0.5062058367462732
0.5062487388942589
0.5062914231259394
0.5063338797187624
0.5063760993535306
0.5064180731045198
0.506459792429685
0.5065012491609558
0.5065424354946236
0.5065833439818224
0.5066239675191021
0.5066642993391018
0.5067043330013191
0.5067440623829823
0.5067834816700264
0.506822585348172
0.5068613681941108
0.5068998252667953
0.5069379518988392
0.5069757436880213
0.5070131964889029
0.507050306404551
0.507087069778375
0.5071234831860714
0.5071595434276805
0.5071952475197518
0.5072305926876222
0.5072655763578015
0.5073001961504703
0.5073344498720841
0.5073683355080889
0.5074018512157418
0.5074349953170383
0.5074677662917465
0.5075001627705428
0.507532183528251
0.5075638274771821
0.5075950936605718
0.5076259812461141
0.5076564895195923
0.5076866178785971
0.5077163658263375
0.5077457329655373
0.5077747189924131
0.507803323690736
0.5078315469259675
0.5078593886394689
0.5078868488427825
0.5079139276119752
0.5079406250820464
0.5079669414413911
0.5079928769263158
0.5080184318156024
0.5080436064251141
0.5080684011024392
0.5080928162215654
0.5081168521775801
0.5081405093813914
0.5081637882544614
0.5081866892235464
0.5082092127154376
0.5082313591516928
0.5082531289433545
0.5082745224856449
0.5082955401526279
0.5083161822918345
0.5083364492188369
0.5083563412117648
0.5083758585057558
0.5083950012873242
0.5084137696886446
0.5084321637817332
0.5084501835725188
0.5084678289947889
0.5084850999040015
0.5085019960709443
0.5085185171752334
0.5085346627986331
0.508550432418181
0.5085658253991074
0.508580840987528
0.5085954783028932
0.5086097363301796
0.5086236139118012
0.5086371097392229
0.5086502223442545
0.5086629500900056
0.50867529116148
0.5086872435557831
0.5086988050719226
0.5087099733001769
0.5087207456110024
0.5087311191434591
0.5087410907931206
0.5087506571994452
0.5087598147325777
0.5087685594795482
0.5087768872298439
0.5087847934603156
0.5087922733193923
0.5087993216105646
0.5088059327751128
0.5088121008740358
0.5088178195691545
0.5088230821033536
0.5088278812799283
0.5088322094410009
0.5088360584449818
0.5088394196430341
0.5088422838545236
0.5088446413414169
0.5088464817816117
0.508847794241172
0.5088485671454537
0.5088487882491076
0.5088484446049546
0.5088475225317285
0.5088460075806993
0.5088438845011898
0.508841137205013
0.5088377487298721
0.5088337012017693
0.5088289757964982
0.5088235527002997
0.508817411069787
0.5088105289912696
0.5088028834396223
0.5087944502368835
0.5087852040107838
0.5087751181534546
0.5087641647805902
0.5087523146913828
0.5087395373295915
0.5087258007461564
0.5087110715638123
0.5086953149442192
0.508678494558178
0.5086605725595641
0.5086415095636697
0.5086212646307184
0.5085997952553791
0.5085770573631709
0.5085530053147269
0.5085275919189427
0.5085007684561035
0.5084724847121412
0.5084426890252199
0.5084113283458968
0.5083783483121247
0.5083436933403841
0.5083073067342179
0.5082691308114184
0.5082291070510505
0.5081871762614139
0.5081432787699092
0.5080973546356159
0.5080493438851603
0.5079991867722038
0.5079468240605431
0.5078921973304497
0.5078352493074333
0.5077759242121128
0.5077141681293251
0.5076499293939849
0.507583158990537
0.5075138109621397
0.5074418428249629
0.5073672159822247
0.5072898961318175
0.5072098536606249
0.5071270640179151
0.5070415080595454
0.5069531723541598
0.5068620494421178
0.5067681380376087
0.506671443164288
0.5065719762148626
0.5064697549253562
0.5063648032553368
0.5062571511661791
0.5061468342904668
0.5060338934869322
0.5059183742768103
0.5058003261591903
0.5056798018047819
0.5055568561294704
0.5054315452510438
0.5053039253344674
0.5051740513330227
0.5050419756344298
0.5049077466226733
0.5047714071676394
0.5046329930557284
0.5044925313753787
0.504350038871833
0.504205520285533
0.5040589666882361
0.5039103538303189
0.5037596405118128
0.5036067669885528
0.5034516534234501
0.5032941983913939
0.5031342774447118
0.502971741744521
0.5028064167617518
0.5026381010501787
0.5024665650924822
0.5022915502192344
0.50211276759978
0.5019298973032609
0.5017425874275485
0.5015504532935389
0.5013530767021573
0.5011500052514452
0.500940751711239
0.5007247934531298
0.5005015719335885
0.5002704922282547
0.500030922615401
0.49978219420639636
0.49952360062058543
0.4992543977012851
0.49897380326856
0.49868099690302836
0.4983751197531448
0.49805527435621116
0.49772052446078374
0.49736989483521193
0.49700237104380807
0.4966168991686913
0.4962123854517573
0.49578769582763527
0.49534165531501695
0.494873047230569
0.4943806121868982
0.4938630468339487
0.49331900230191505
0.49274708230345815
0.492145840853878
0.4915137795700727
0.4908493445127577
0.49015092254163284
0.4894168371600733
0.48864534383454244
0.4878346247843396
0.4869827832495185
0.48608783725884974
0.4851477129355595
0.4841602373962203
0.4831231313175826
0.4820340012672826
0.48089033191717656
0.47968947828247827
0.4784286581557911
0.47710494493237326
0.4757152610513121
0.4742563723063783
0.47272488330970786
0.47111723442051445
0.4694297004789559
0.4676583917111085
0.46579925719353443
0.46384809128381893
0.46180054343514176
0.459652131816703
0.4573982611557918
0.45503424519936453
0.45255533416091964
0.44995674746955255
0.44723371206925244
0.44438150642402374
0.44139551026387214
0.4382712599530607
0.43500450917019184
0.4315912943552349
0.4280280040996852
0.42431145133523196
0.420438946823539
0.41640837208463727
0.4122182495550535
0.4078678074814709
0.4033570368819993
0.39868673789781073
0.39385855305866957
0.3888749854246968
0.38373940024323716
0.37845600963838777
0.3730298408594753
0.3674666896511337
0.3617730612523809
0.35595610226797153
0.3500235270872236
0.3439835425979392
0.33784477465034307
0.3316161991135328
0.3253070795228502
0.3189269123558448
0.31248538001951137
0.30599231079289263
0.2994576443307182
0.2928914009434153
0.2863036527367699
0.27970449479731285
0.27310401489876585
0.26651226061790045
0.2599392032188378
0.2533946981328558
0.24688844227844228
0.24042992880205677
0.23402840005911998
0.22769279979737714
0.22143172556256985
0.21525338233764849
0.20916553837214594
0.20317548407661423
0.19728999476272097
0.19151529791158575
0.1858570455546726
0.18032029225231516
0.17490947905156484
0.16962842369396586
0.1644803172226491
0.1594677270067134
0.15459260606176273
0.14985630840368477
0.14525961003494176
0.14080273503618368
0.13648538612789238
0.1323067789828074
0.12826567951399784
0.12436044333732915
0.12058905661030472
0.11694917747944489
0.11343817742162364
0.1100531818362625
0.10679110932964633
0.10364870922458774
0.10062259692328025
0.09770928684420903
0.09490522274195709
0.0922068052991068
0.089610416950441
0.08711244396038106
0.08470929582473824
0.08239742210766679
0.08017332685481526
0.078033580744983
0.07597483115616888
0.07399381032888527
0.0720873418111315
0.07025234536656455
0.06848584052115936
0.06678494891490094
0.06514689561456137
0.06356900953203017
0.06204872308051196
0.06058357118860837
0.059171189780184416
0.05780931381623068
0.05649577498384013
0.05522849910704916
0.05400550334470072
0.05282489323172122
0.051684859612248474
0.05058367550590599
0.04951969294213322
