0.4823016212843976
0.516468037983924
0.5137099134533375
0.5146755167891669
0.5153861960613962
0.5132620655811
0.5112338280433918
0.5109659504202426
0.5111879197235999
0.5112100233331814
0.5113205900172269
0.5113426579031224
0.5109671123533044
0.5104259172437375
0.5100708838681731
0.5099231200440055
0.5098510644225965
0.5097787994590562
0.5096529608666663
0.5094357846206734
0.5091576034309436
0.5088877422772426
0.5086627170137851
0.508472663304436
0.508290448248967
0.5080919296407433
0.5078646855728337
0.5076129425219541
0.5073520361924133
0.5070949818748607
0.5068444970645335
0.5065949541999405
0.5063384177247996
0.5060695782644209
0.5057879063356776
0.5054966186787733
0.5051995606206414
0.5048985279388912
0.5045927003870432
0.5042798305752002
0.5039578656930962
0.5036259596116495
0.5032844954627851
0.5029343685956031
0.5025761600725889
0.5022097408339103
0.5018344181190277
0.5014493673697603
0.5010540079091202
0.5006481201264328
0.5002317100030862
0.499804773697218
0.49936713228047586
0.4989184152477974
0.4984581581929769
0.4979859222116798
0.49750135743915386
0.49700418903907634
0.4964941563237598
0.4959709549002831
0.4954342155032677
0.494883521286715
0.4943184417146864
0.49373855764138525
0.49314346486967037
0.492532760096752
0.4919060226495058
0.4912628041086486
0.4906026296786718
0.4899250069583407
0.4892294345638109
0.4885154053499064
0.4877824037983026
0.48702990085176934
0.48625735013601507
0.485464187586482
0.4846498338947966
0.48381369769256344
0.4829551776020323
0.4820736625909231
0.4811685313611765
0.4802391519889646
0.4792848826424134
0.47830507342278106
0.4772990687973726
0.4762662100197442
0.47520583726889015
0.4741172916605705
0.47299991750362747
0.47185306511028563
0.47067609423987855
0.46946837804903785
0.46822930735966756
0.46695829513535225
0.46565478118490045
0.46431823719024273
0.4629481721445212
0.4615441382122947
0.460105736946469
0.45863262576043035
0.4571245245643701
0.455581222505651
0.4540025847718574
0.4523885594061569
0.45073918405446073
0.449054592531534
0.44733502107439344
0.44558081414952694
0.44379242968819616
0.4419704436311396
0.44011555366509914
0.43822858203078696
0.4363104772813796
0.43436231487764865
0.43238529652160507
0.4303807481524949
0.4283501165534812
0.4262949645421197
0.42421696474279247
0.4221178919657752
0.4199996142463486
0.4178640826277073
0.4157133198015266
0.4135494077478121
0.4113744745395227
0.4091906804967319
0.4070002038895997
0.40480522639908045
0.402607918548774
0.40041042532021676
0.39821485215697966
0.39602325155035223
0.39383761038178683
0.3916598381755457
0.3894917563901691
0.3873350888503912
0.38519145339289507
0.3830623547707035
0.3809491788328999
0.3788531879696579
0.37677551778795304
0.3747171749614555
0.3726790361793213
0.37066184810316527
0.36866622822943435
0.3666926665456652
0.36474152786355124
0.362813054709112
0.36090737065024286
0.3590244839441324
0.3571642913910864
0.35532658228674635
0.3535110423711672
0.3517172576803361
0.3499447182131576
0.3481928213344042
0.346460874841387
0.34474809962894376
0.3430536318936229
0.3413765248235452
0.33971574972531
0.3380701965434602
0.3364386737314654
0.3348199074359916
0.33321253995853234
0.33161512746041355
0.33002613687899984
0.3284439420248522
0.32686681883198343
0.32529293973660556
0.3237203671643598
0.3221470461125523
0.32057079582306514
0.31898930055420105
0.31740009947664716
0.31580057574112064
0.31418794479418277
0.31255924205548324
0.3109113101155443
0.30924078566934504
0.30754408646839415
0.305817398653341
0.30405666492041583
0.30225757407723686
0.30041555265450354
0.2985257593559646
0.29658308324385996
0.29458214666251886
0.2925173139882295
0.2903827073458883
0.2881722304376618
0.28587960157086945
0.28349839683783873
0.28102210417975276
0.2784441887562572
0.2757581696491263
0.27295770746931747
0.27003670194228124
0.2669893980568192
0.2638104989244628
0.260495283154388
0.25703972433791195
0.25344061017170566
0.24969565881856043
0.24580363026899482
0.2417644306624178
0.23757920767670965
0.23325043512781762
0.22878198478660916
0.22417918310767807
0.21944885011113513
0.21459931714956554
0.20964041985388482
0.20458346233099142
0.19944114882777617
0.19422747969630372
0.1889576096564945
0.18364766804589586
0.17831454288028853
0.17297563295452423
0.16764857465818095
0.16235095239836467
0.15710000324654172
0.15191232743212243
0.14680361644284612
0.1417884097120657
0.13687988923768143
0.1320897191511931
0.12742793448039758
0.1229028804089703
0.11852120051368965
0.11428787000016324
0.11020626803884315
0.10627828202202914
0.10250443593533398
0.09888403501015
0.09541531929341948
0.09209561960632107
0.08892151042665353
0.08588895539336538
0.08299344228989419
0.08023010543671694
0.07759383436127358
0.0750793683885265
0.07268137740124585
0.07039452946373478
0.06821354630362267
0.0661332478260605
0.0641485869171667
0.062254675802031534
0.060446805177743076
0.058720457261354296
0.05707131379068779
0.055495259903383706
0.053988384704738254
0.052546979223329675
0.05116753234889591
0.04984672525158119
