0.47750307354895655
0.5099948962994785
0.5093702696947731
0.5093303804737133
0.509872703440626
0.5093451688178134
0.5080392499626214
0.507186724157185
0.506986377091437
0.5069289467125909
0.5068014294173514
0.5066420139944472
0.506390599010635
0.5059863129367933
0.5055222065027454
0.5051317874807306
0.5048467345152388
0.5046201257215135
0.504403839510314
0.5041690881681139
0.503901801723698
0.5036086368505974
0.5033141273020015
0.5030407587615779
0.5027943067812404
0.5025666071085696
0.5023456940313434
0.5021228989883653
0.5018957833711937
0.5016678875919836
0.5014454538725583
0.5012331571975983
0.5010319056755299
0.5008395710750843
0.5006531475696179
0.5004706212954034
0.5002917508546918
0.5001177150799054
0.499950087378994
0.4997898661398238
0.4996371053023017
0.49949118055619945
0.4993513419867477
0.4992171627638521
0.499088677706539
0.49896622853399963
0.49885018239213685
0.4987407149168553
0.4986377603890556
0.4985411074789229
0.4984505439512782
0.49836595608986833
0.4982873416931443
0.4982147547513892
0.4981482322765691
0.4980877492296152
0.4980332185342877
0.49798452295881895
0.497941551732876
0.49790422013762414
0.49787246618383457
0.49784623299277403
0.49782545099568265
0.49781003007409286
0.4977998632262288
0.4977948363928981
0.4977948371790894
0.4977997579576582
0.49780949333227303
0.49782393513403483
0.4978429686008738
0.4978664716579043
0.497894316899247
0.49792637445468424
0.497962513952829
0.49800260483033587
0.4980465154001774
0.4980941116815766
0.4981452568393714
0.49819981148527526
0.4982576345261117
0.4983185840219212
0.49838251766734853
0.4984492928384813
0.49851876641360154
0.4985907946449072
0.49866523324682854
0.49874193769154634
0.4988207635832707
0.4989015669724457
0.49898420454387793
0.49906853370254595
0.49915441263053995
0.49924170038095805
0.49933025703066414
0.4994199438696918
0.49951062358654386
0.49960216041912187
0.4996944202660105
0.4997872707735683
0.4998805814198366
0.4999742236078413
0.500068070767425
0.5001619984556686
0.5002558844453238
0.500349608796447
0.5004430539133535
0.5005361045927128
0.5006286480678425
0.5007205740507823
0.5008117747704043
0.5009021450035616
0.5009915820972715
0.5010799859819244
0.501167259177072
0.5012533067916543
0.5013380365198045
0.5014213586323212
0.5015031859632697
0.5015834338912178
0.5016620203151131
0.5017388656253419
0.5018138926707554
0.5018870267223399
0.5019581954339144
0.5020273287999995
0.5020943591109248
0.5021592209053483
0.5022218509205082
0.5022821880406372
0.5023401732439527
0.5023957495485696
0.5024488619575768
0.5024994574034729
0.5025474846921574
0.5025928944466944
0.5026356390510963
0.5026756725943634
0.5027129508149852
0.5027474310460588
0.5027790721611488
0.5028078345209799
0.5028336799210439
0.5028565715401914
0.5028764738902524
0.5028933527667054
0.5029071752003753
0.5029179094101052
0.5029255247563134
0.5029299916953183
0.5029312817342843
0.502929367386606
0.5029242221275257
0.5029158203497285
0.502904137318635
0.5028891491270704
0.5028708326489535
0.5028491654916231
0.5028241259463802
0.502795692936799
0.5027638459643275
0.5027285650506687
0.5026898306764116
0.5026476237153553
0.5026019253639507
0.5025527170652714
0.5024999804269106
0.5024436971321954
0.5023838488441059
0.5023204171012923
0.5022533832055822
0.5021827281003992
0.5021084322395133
0.50203047544559
0.5019488367580179
0.5018634942695449
0.5017744249512877
0.501681604465731
0.5015850069673858
0.5014846048908322
0.5013803687259363
0.5012722667800935
0.5011602649274196
0.5010443263448794
0.5009244112354108
0.5008004765381745
0.500672475626126
0.5005403579911682
0.50040406891721
0.5002635491415106
0.5001187345047381
0.49996955559021883
0.4998159373528881
0.49965779873848154
0.4994950522935261
0.4993276037667004
0.49915535170213143
0.49897818702518903
0.4987959926213148
0.4986086429083997
0.4984160034031794
0.4982179302820784
0.4980142699368727
0.49780485852548895
0.4975895215181845
0.497368073239296
0.49714031640466627
0.4969060416547939
0.49666502708368077
0.4964170377632938
0.4961618252634979
0.49589912716727313
0.4956286665809889
0.49535015163949736
0.495063275005792
0.4947677133650057
0.4944631269125562
0.4941491588363156
0.49382543479277996
0.493491562377342
0.4931471305889407
0.4927917092895737
0.4924248486594073
0.4920460786485317
0.49165490842676207
0.49125082583330354
0.4908332968285787
0.4904017649510599
0.4899556507825561
0.48949435142609565
0.4890172400012943
0.48852366516293405
0.48801295064937344
0.4874843948683768
0.4869372705289846
0.48637082432911327
0.4857842767096985
0.4851768216873192
0.4845476267783669
0.48389583302890604
0.4832205551653867
0.48252088188225084
0.48179587628319787
0.4810445764933552
0.4802659964597919
0.4794591269576345
0.47862293681843887
0.4777563743963472
0.4768583692858704
0.47592783430282587
0.47496366773698
0.4739647558813014
0.4729299758384331
0.4718581986001119
0.470748292389916
0.4695991262540557
0.4684095738792049
0.46717851761082685
0.46590485264047554
0.4645874913264607
0.46322536760949645
0.4618174414838464
0.4603627034853981
0.458860179161272
0.45730893349115354
0.4557080752384479
0.4540567612194115
0.45235420049008734
0.45059965846352557
0.4487924609824635
0.4469319983843088
0.4450177296047082
0.44304918637199175
0.4410259775461901
0.43894779365218817
0.43681441164623297
0.434625699938171
0.4323816236686612
0.430082250211854
0.4277277548408723
0.42531842645751355
0.42285467325096693
0.4203370281153256
0.4177661536246846
0.41514284634008064
0.4124680402066239
0.4097428087937336
0.40696836613773285
0.4041460659648868
0.40127739910423516
0.39836398894252756
0.39540758482666605
0.39241005338012724
0.3893733677660573
0.3862995949979493
0.383190881465579
0.38004943690581056
0.3768775171017777
0.3736774056370924
0.3704513950620445
0.3672017678449153
0.3639307774831241
0.3606406301363819
0.35733346711860275
0.35401134854897726
0.35067623841780876
0.3473299912722533
0.34397434067387384
0.3406108895267183
0.3372411023239639
0.33386629931511563
0.3304876525558764
0.32710618377012723
0.32372276392841914
0.32033811442992893
0.31695280976448253
0.31356728152719493
0.310181823659433
0.30679659879504123
0.3034116455988263
0.3000268869940424
0.29664213918596344
0.2932571213986806
0.2898714662512522
0.28648473070669606
0.28309640753266524
0.2797059372157229
0.27631272027188636
0.27291612989455016
0.2695155248772261
0.26611026274299665
0.2626997130055444
0.25928327047852856
0.25586036854143407
0.2524304922613675
0.24899319126218725
0.2455480922253914
0.2420949109018454
0.23863346351014722
0.23516367739647204
0.2316856008322342
0.22819941182979472
0.22470542586245207
0.22120410238269209
0.21769605004158515
0.21418203052179038
0.2106629609063835
0.20713991451539648
0.2036141201515803
0.2000869597068531
0.19655996409189755
0.1930348074645087
0.18951329974872935
0.18599737745776967
0.18248909286007728
0.17899060156014013
0.1755041486033231
0.17203205325616278
0.1685766926580307
0.16514048458421343
0.16172586960098134
0.15833529292669415
0.15497118633618648
0.15163595045591544
0.14833193779287035
0.1450614368203725
0.1418266574091928
0.1386297178445875
0.13547263361163966
0.13235730806611146
0.12928552503978114
0.12625894336186805
0.12327909321539951
0.12034737419243548
0.11746505486752394
0.11463327367628642
0.11185304086654847
0.10912524128296805
0.10645063775194875
0.10382987485041233
0.10126348286786449
0.09875188180386532
0.09629538528007228
0.09389420428493556
0.09154845070745528
0.08925814065197687
0.0870231975568936
0.08484345516494796
0.08271866041059987
0.08064847630025747
0.07863248486413685
0.07667019025470201
0.07476102205701782
0.07290433886216746
0.07109943213761444
0.06934553040950565
0.06764180375286734
0.06598736856771087
0.06438129260329971
0.06282260017997754
0.061310277548514314
0.059843278321042595
0.05842052890527849
0.057040933874540276
0.05570338120966917
0.05440674735475712
0.053149902036037304
0.05193171280179185
0.050751049250151836
0.04960678692073177
