2.2531211762287833
2.3007072260946915
2.300132955479026
2.2459708054222873
2.2141588344913328
2.196617807729231
2.1853324305082014
2.176597144514798
2.1689436676529095
2.161808983347825
2.1549711712639463
2.1483366118058687
2.1418619459154344
2.135525043755014
2.129313737164826
2.1232211541038506
2.117243623357613
2.111379644759333
2.1056293335269984
2.0999940901546603
2.094476383283264
2.0890795908099467
2.0838078710563006
2.078666048953097
2.073659509121152
2.068794091561612
2.0640759878734993
2.059511637220609
2.0551076220574203
2.0508705641044225
2.0468070213548986
2.042923387065053
2.0392257917663765
2.035720009366642
2.0324113683883036
2.029304669339885
2.026404109134159
2.0237132133623055
2.0212347771105876
2.01897081487024
2.016922519946384
2.0150902336222143
2.013473424184156
2.01207067576576
2.010879686826005
2.009897277944057
2.0091194084897324
2.0085412016188045
2.008156976946274
2.007960290169775
2.007943978850114
2.0081002135067196
2.008420553152546
2.0088960043753294
2.009517083069501
2.0102738779346425
2.011156114881133
2.0121532215203364
2.013254390963975
2.014448644213742
2.0157248904861036
2.0170719848870164
2.018478782925325
2.019934191430137
2.021427215515039
2.022947001309008
2.024482874248987
2.0260243728009772
2.027561277544221
2.0290836356155904
2.030581780568047
2.0320463477474626
2.0334682853358856
2.034838861246392
2.036149666084985
2.037392612418788
2.038559930607396
2.0396441614659686
2.040638146035187
2.04153501273482
2.0423281621752913
2.043011249895551
2.0435781672866598
2.0440230209491883
2.0443401107194497
2.0445239065853356
2.044569024697491
2.0444702026662878
2.0442222743199947
2.043820144084922
2.0432587611346884
2.0425330934432266
2.0416381018650966
2.0405687143573052
2.0393198004493684
2.0378861460629594
2.036262428779402
2.0344431936526064
2.0324228296669706
2.030195546944524
2.0277553548131766
2.0250960408586836
2.0222111510968332
2.0190939714196885
2.015737510490488
2.0121344842862223
2.008277302514987
2.0041580571669977
1.9997685134936276
1.9951001037478595
1.9901439240618153
1.984890734882291
1.9793309654326836
1.9734547227187047
1.9672518056445676
1.9607117248545394
1.9538237289599323
1.9465768378514783
1.9389598838287707
1.9309615612986601
1.9225704857992247
1.9137752630907157
1.904564569014639
1.8949272407513988
1.884852379999973
1.8743294684540566
1.8633484957524467
1.8519000998322301
1.8399757193078732
1.8275677571355866
1.8146697544009598
1.801276572592425
1.7873845822013856
1.7729918549340287
1.7580983562473034
1.742706134355073
1.7268195013179866
1.7104452013648768
1.6935925612305356
1.676273617072579
1.6585032124858037
1.640299062299665
1.6216817772497971
1.6026748452741348
1.5833045661006842
1.5635999369538207
1.5435924885775596
1.5233160723082118
1.502806600559118
1.4821017447275107
1.4612405961104307
1.4402632968332674
1.4192106489663445
1.3981237108594797
1.3770433902077048
1.3560100434430085
1.3350630907230134
1.3142406550807408
1.2935792332574185
1.273113404430228
1.2528755815505688
1.2328958084144381
1.2132016039829878
1.193817853939577
1.1747667480784085
1.1560677609221628
1.137737671996715
1.1197906214673108
1.1022381963629249
1.085089542370713
1.0683514961463954
1.0520287332278395
1.036123926922896
1.0206379139325905
1.0055698629325074
0.9909174428372408
0.9766769879881572
0.9628436580113854
0.9494115905739502
0.936374045709086
0.9237235407792632
0.9114519754930371
0.8995507466884813
0.8880108528427155
0.8768229884668612
0.8659776287025054
0.8554651045542104
0.8452756692775201
0.8353995564983971
0.8258270306726668
0.8165484305072955
0.8075542059631278
0.7988349494445416
0.7903814217583691
0.7821845733949122
0.7742355616500649
0.7665257640712432
0.7590467886722511
0.751790481324625
0.7447489306960697
0.7379144710710586
0.7312796833548326
0.7248373945302665
0.7185806758074852
0.7125028396788067
0.7065974360665888
0.700858247728743
0.6952792850660686
0.6898547804569742
0.6845791822284644
0.6794471483574128
0.6744535399828717
0.669593414798449
0.6648620203834188
0.6602547875220808
0.6557673235529127
0.6513954057820107
0.6471349749892397
0.6429821290501795
0.6389331166923536
0.6349843314002606
0.6311323054802928
0.6273737042936995
0.6237053206632439
0.6201240694570621
0.6166269823514382
0.6132112027726813
0.6098739810170284
0.606612669546412
0.603424718457101
0.6003076711174736
0.5972591599706234
0.5942769024970476
0.591358697332289
0.5885024205341504
0.5857060219938891
0.5829675219856651
0.5802850078484095
0.5776566307942512
0.5750806028376108
0.5725551938390695
0.5700787286581783
0.5676495844093922
0.5652661878153837
0.5629270126520518
0.5606305772796109
0.5583754422542103
0.5561602080146071
0.5539835126384761
0.5518440296629844
0.5497404659643458
0.5476715596910594
0.5456360782455912
0.5436328163092944
0.5416605939053079
0.5397182544942121
0.537804663097176
0.5359187044412477
0.5340592811214245
0.5322253117740093
0.5304157292556696
0.5286294788224641
0.526865516302964
0.5251228062593916
0.5234003201304898
0.5216970343496039
0.5200119284311692
0.5183439830185024
0.5166921778854443
0.5150554898840463
0.5134328908300614
0.5118233453175517
0.5102258084534624
0.5086392235024474
0.5070625194316928
0.5054946083448664
0.5039343827936804
0.5023807129548662
0.5008324436596683
0.49928839126220126
0.49774734033227164
0.4962080401575018
0.4946692010388112
0.4931294903626026
0.49158752843226744
0.49004188404103594
0.4884910697676727
0.48693353697616176
0.4853676705003944
0.48379178299502446
0.48220410893415055
0.48060279824052743
0.4789859095295847
0.47735140295493383
0.47569713264540214
0.47402083872813633
0.47232013893838026
0.47059251982428235
0.4688353275650851
0.4670457584336653
0.46522084895008575
0.4633574657923478
0.46145229555434897
0.4595018344701073
0.45750237825828743
0.4554500122828314
0.45334060227503836
0.4511697859204843
0.4489329656815618
0.44662530330372946
0.44424171654096206
0.44177687873321
0.4392252219747766
0.43658094472547637
0.4338380248326082
0.43099023904613193
0.4280311902141361
0.4249543434308011
0.42175307246093596
0.4184207177672793
0.4149506573989055
0.4113363918384423
0.4075716436276952
0.403650472171426
0.3995674035364001
0.39531757430409037
0.3908968875998938
0.38630217832765984
0.3815313834283213
0.3765837117274042
0.3714598067403928
0.3661618947976094
0.3606939101796455
0.3550615887711384
0.3492725221752819
0.34333616536838585
0.3372637928266613
0.33106840055100606
0.32476455438058627
0.31836818817064005
0.3118963585089735
0.3053669653428175
0.2987984499041899
0.29220948245941036
0.2856186525791446
0.27904417386069835
0.2725036134729366
0.26601365475219957
0.25958989860952864
0.25324670696890517
0.24699708906274415
0.24085262932980891
0.23482345399417737
0.22891823219392557
0.22314420676658978
0.21750724944081926
0.21201193516343647
0.206661630532585
0.20145859173500924
0.19640406793001677
0.19149840662580214
0.18674115820929096
0.18213117738386664
0.1776667198166739
0.17334553278407866
0.16916493902326288
0.1651219133483277
0.16121315187324997
0.1574351339067646
0.1537841767525397
0.15025648376929746
0.14684818612740705
0.14355537874811644
0.14037415093560693
0.1373006122162601
0.13433091388893123
0.13146126676881356
0.12868795557909446
0.12600735041174502
0.1234159156436482
0.12091021665840727
0.11848692468883197
0.11614282006109189
0.11387479408942967
0.11167984984050218
0.10955510195901157
0.10749777572141625
0.10550520546209428
0.10357483249629271
0.1017042026464221
0.09989096346254704
0.09813286121414866
0.09642773771818129
0.09477352705798549
0.09316825223852529
0.09161002181560285
0.09009702652995807
0.08862753597140562
0.08719989529323217
0.08581252199289902
0.08446390277155222
0.08315259048185286
0.08187720117113197
0.08063641122477985
0.07942895461303223
0.07825362024288043
0.07710924941564586
0.07599473338980202
0.0749090110478488
0.07385106666542535
0.07281992778036843
0.07181466315904532
0.07083438085701836
0.06987822637089133
0.06894538087805707
0.0680350595609849
0.06714651001264524
0.0662790107196703
0.0654318696198746
0.06460442273081372
0.06379603284612181
0.06300608829645585
0.06223400177196883
0.06147920920332893
0.06074116869841459
0.060019359531923396
0.05931328118524209
0.058622452434038866
0.057946410481153496
0.057284710132463404
0.056636923013522314
0.0560026368248622
0.05538145463396254
0.05477299420198082
0.05417688734344125
0.053592779317163185
0.05302032824680836
0.052459204569499956
0.05190909051105551
0.05136967958644957
0.050840676124193476
0.050321794813393245
0.04981276027231184
