0.5144946973391331
0.5265033739917904
0.5247051444135931
0.5234195042496634
0.5225307922897966
0.5219172544885156
0.5214931329317967
0.5211987882484473
0.5209930511649267
0.5208476486694951
0.5207432355332419
0.5206666110846936
0.5206087866131552
0.5205636523621996
0.5205270622479679
0.52049620736152
0.5204691880875768
0.5204447223488415
0.5204219469224296
0.520400282283612
0.5203793407564297
0.5203588641577874
0.5203386815108443
0.5203186804042191
0.5202987876221221
0.5202789560676857
0.5202591559539819
0.5202393688857696
0.5202195838965563
0.520199794806001
0.520179998467032
0.5201601936109539
0.5201403800931825
0.5201205584063081
0.520100729370632
0.5200808939417623
0.5200610530947702
0.5200412077578687
0.5200213587776479
0.5200015069040038
0.5199816527869926
0.5199617969805727
0.5199419399500236
0.519922082081021
0.519902223689146
0.5198823650291123
0.5198625063033254
0.5198426476695919
0.5198227892479232
0.5198029311264564
0.5197830733665454
0.5197632160071096
0.5197433590683185
0.519723502554701
0.5197036464577605
0.5196837907581622
0.5196639354275641
0.519644080430141
0.5196242257238557
0.5196043712615136
0.5195845169916388
0.5195646628592021
0.5195448088062224
0.5195249547722667
0.5195051006948611
0.5194852465098344
0.5194653921515994
0.5194455375533855
0.5194256826474324
0.519405827365148
0.5193859716372399
0.5193661153938232
0.5193462585645086
0.5193264010784768
0.5193065428645373
0.5192866838511779
0.5192668239666054
0.5192469631387774
0.51922710129543
0.5192072383640991
0.5191873742721382
0.5191675089467319
0.5191476423149082
0.5191277743035458
0.519107904839383
0.5190880338490209
0.5190681612589295
0.5190482869954489
0.5190284109847922
0.5190085331530465
0.5189886534261742
0.5189687717300111
0.5189488879902688
0.5189290021325323
0.5189091140822591
0.5188892237647788
0.5188693311052913
0.5188494360288648
0.5188295384604353
0.5188096383248035
0.5187897355466334
0.5187698300504513
0.5187499217606418
0.5187300106014474
0.518710096496966
0.5186901793711478
0.5186702591477944
0.5186503357505562
0.5186304091029292
0.5186104791282542
0.5185905457497136
0.5185706088903294
0.5185506684729609
0.5185307244203026
0.5185107766548811
0.5184908250990538
0.518470869675006
0.5184509103047488
0.5184309469101164
0.518410979412764
0.518391007734166
0.5183710317956128
0.5183510515182084
0.518331066822869
0.5183110776303197
0.518291083861093
0.5182710854355255
0.5182510822737558
0.5182310742957232
0.5182110614211639
0.518191043569609
0.5181710206603826
0.5181509926125993
0.5181309593451614
0.5181109207767571
0.5180908768258574
0.5180708274107144
0.5180507724493589
0.518030711859597
0.5180106455590092
0.5179905734649474
0.5179704954945313
0.5179504115646483
0.517930321591949
0.5179102254928463
0.517890123183512
0.5178700145798749
0.5178498995976187
0.517829778152178
0.517809650158738
0.517789515532231
0.5177693741873337
0.5177492260384655
0.5177290709997854
0.5177089089851904
0.5176887399083121
0.5176685636825149
0.5176483802208935
0.5176281894362703
0.5176079912411927
0.5175877855479316
0.5175675722684779
0.5175473513145403
0.5175271225975435
0.5175068860286246
0.5174866415186321
0.5174663889781218
0.5174461283173554
0.5174258594462984
0.5174055822746157
0.5173852967116718
0.5173650026665262
0.5173447000479316
0.5173243887643315
0.517304068723858
0.5172837398343288
0.5172634020032447
0.5172430551377873
0.5172226991448168
0.5172023339308687
0.5171819594021518
0.5171615754645462
0.5171411820235995
0.5171207789845249
0.5171003662521997
0.5170799437311608
0.5170595113256036
0.5170390689393788
0.5170186164759907
0.5169981538385935
0.5169776809299894
0.5169571976526259
0.5169367039085937
0.516916199599623
0.5168956846270822
0.5168751588919749
0.5168546222949362
0.5168340747362328
0.5168135161157572
0.5167929463330274
0.5167723652871836
0.5167517728769853
0.5167311690008094
0.5167105535566463
0.5166899264420992
0.5166692875543799
0.5166486367903068
0.5166279740463023
0.5166072992183901
0.5165866122021924
0.5165659128929275
0.5165452011854074
0.5165244769740343
0.5165037401527988
0.5164829906152769
0.5164622282546278
0.5164414529635901
0.5164206646344804
0.5163998631591898
0.5163790484291819
0.5163582203354893
0.5163373787687118
0.5163165236190126
0.5162956547761172
0.5162747721293091
0.5162538755674282
0.5162329649788673
0.51621204025157
0.5161911012730276
0.5161701479302767
0.5161491801098962
0.5161281976980046
0.5161072005802576
0.5160861886418449
0.5160651617674872
0.5160441198414348
0.5160230627474635
0.516001990368872
0.5159809025884796
0.5159597992886236
0.5159386803511554
0.5159175456574391
0.515896395088348
0.5158752285242619
0.5158540458450638
0.5158328469301383
0.5158116316583674
0.5157903999081292
0.5157691515572936
0.5157478864832203
0.5157266045627558
0.5157053056722305
0.5156839896874562
0.5156626564837226
0.5156413059357952
0.5156199379179117
0.5155985523037798
0.5155771489665739
0.5155557277789321
0.5155342886129544
0.5155128313401983
0.5154913558316764
0.5154698619578546
0.5154483495886473
0.5154268185934165
0.515405268840967
0.5153837001995454
0.5153621125368347
0.5153405057199543
0.5153188796154546
0.5152972340893156
0.5152755690069428
0.5152538842331658
0.5152321796322332
0.5152104550678119
0.5151887104029822
0.5151669455002361
0.5151451602214737
0.5151233544280007
0.5151015279805251
0.5150796807391536
0.5150578125633899
0.5150359233121304
0.5150140128436621
0.5149920810156594
0.5149701276851806
0.5149481527086652
0.5149261559419309
0.5149041372401705
0.5148820964579488
0.5148600334491996
0.5148379480672226
0.5148158401646801
0.5147937095935943
0.5147715562053443
0.5147493798506624
0.5147271803796313
0.5147049576416817
0.5146827114855879
0.5146604417594657
0.5146381483107682
0.5146158309862845
0.5145934896321349
0.514571124093768
0.5145487342159583
0.5145263198428025
0.5145038808177163
0.5144814169834315
0.5144589281819926
0.5144364142547542
0.5144138750423761
0.514391310384823
0.5143687201213586
0.5143461040905435
0.5143234621302321
0.5143007940775695
0.5142780997689872
0.5142553790402017
0.5142326317262094
0.5142098576612844
0.5141870566789754
0.5141642286121016
0.51414137329275
0.5141184905522725
0.5140955802212817
0.5140726421296479
0.5140496761064967
0.5140266819802045
0.514003659578396
0.5139806087279405
0.5139575292549485
0.5139344209847688
0.5139112837419855
0.5138881173504126
0.5138649216330939
0.5138416964122972
0.5138184415095114
0.5137951567454441
0.5137718419400169
0.5137484969123635
0.5137251214808249
0.513701715462947
0.5136782786754767
0.513654810934359
0.513631312054733
0.513607781850929
0.5135842201364647
0.5135606267240419
0.5135370014255436
0.5135133440520296
0.5134896544137341
0.513465932320061
0.5134421775795822
0.5134183900000324
0.5133945693883067
0.5133707155504568
0.5133468282916875
0.5133229074163536
0.5132989527279557
0.5132749640291374
0.5132509411216815
0.5132268838065066
0.5132027918836632
0.5131786651523315
0.5131545034108157
0.5131303064565427
0.5131060740860569
0.5130818060950182
0.5130575022781968
0.5130331624294708
0.5130087863418227
0.5129843738073351
0.5129599246171876
0.5129354385616536
0.5129109154300959
0.5128863550109639
0.5128617570917895
0.5128371214591838
0.5128124478988336
0.5127877361954973
0.5127629861330021
0.5127381974942398
0.5127133700611636
0.5126885036147838
0.512663597935165
0.5126386528014225
0.5126136679917178
0.5125886432832558
0.5125635784522808
0.5125384732740733
0.5125133275229456
0.5124881409722393
0.5124629133943202
0.512437644560576
0.5124123342414121
0.5123869822062477
0.5123615882235125
0.5123361520606431
0.5123106734840793
0.5122851522592603
0.5122595881506204
0.5122339809215872
0.5122083303345761
0.5121826361509874
0.5121568981312024
0.5121311160345801
0.5121052896194531
0.5120794186431241
0.5120535028618627
0.5120275420309005
0.5120015359044289
0.511975484235594
0.511949386776494
0.5119232432781751
0.5118970534906278
0.511870817162783
0.511844534042509
0.5118182038766073
0.5117918264108084
0.5117654013897697
0.5117389285570696
0.511712407655206
0.5116858384255913
0.5116592206085488
0.5116325539433098
0.5116058381680085
0.5115790730196803
0.511552258234256
0.5115253935465596
0.511498478690304
0.5114715133980872
0.5114444974013895
0.5114174304305688
0.5113903122148569
0.5113631424823569
0.5113359209600387
0.5113086473737353
0.5112813214481391
0.5112539429067993
0.5112265114721166
0.5111990268653405
0.5111714888065657
0.5111438970147285
0.5111162512076021
0.5110885511017943
0.5110607964127432
0.511032986854714
0.5110051221407944
0.5109772019828923
0.5109492260917312
0.5109211941768468
0.5108931059465835
0.5108649611080913
0.5108367593673211
0.5108085004290221
0.5107801839967377
0.5107518097728023
0.5107233774583367
0.5106948867532466
0.5106663373562166
0.5106377289647088
0.5106090612749579
0.5105803339819678
0.5105515467795088
0.5105226993601137
0.5104937914150738
0.5104648226344364
0.5104357927070006
0.5104067013203137
0.5103775481606688
0.5103483329131
0.5103190552613799
0.5102897148880157
0.5102603114742459
0.510230844700037
0.5102013142440803
0.5101717197837882
0.5101420609952904
0.5101123375534317
0.510082549131768
0.5100526954025623
0.5100227760367829
0.5099927907040992
0.5099627390728778
0.5099326208101808
0.5099024355817613
0.5098721830520607
0.5098418628842054
0.5098114747400031
0.5097810182799409
0.5097504931631804
0.5097198990475562
0.5096892355895717
0.5096585024443963
0.5096276992658622
0.5095968257064618
0.509565881417344
0.5095348660483119
0.5095037792478184
0.5094726206629653
0.5094413899394983
0.5094100867218054
0.5093787106529134
0.5093472613744847
0.5093157385268154
0.5092841417488316
0.5092524706780867
0.5092207249507587
0.5091889042016472
0.5091570080641716
0.5091250361703665
0.5090929881508811
0.5090608636349747
0.5090286622505151
0.5089963836239757
0.5089640273804329
0.5089315931435636
0.508899080535642
0.5088664891775385
0.5088338186887152
0.5088010686872255
0.5087682387897102
0.5087353286113957
0.5087023377660916
0.5086692658661882
0.5086361125226545
0.5086028773450352
0.5085695599414491
0.508536159918587
0.508502676881709
0.5084691104346425
0.5084354601797804
0.5084017257180786
0.5083679066490544
0.5083340025707836
0.5083000130799
0.508265937771592
0.5082317762396015
0.5081975280762221
0.5081631928722967
0.5081287702172164
0.508094259698918
0.5080596609038828
0.5080249734171354
0.5079901968222407
0.5079553307013037
0.5079203746349673
0.5078853282024106
0.5078501909813481
0.5078149625480277
0.5077796424772295
0.5077442303422648
0.5077087257149744
0.5076731281657274
0.5076374372634203
0.5076016525754754
0.5075657736678403
0.5075298001049864
0.5074937314499077
0.5074575672641207
0.5074213071076626
0.5073849505390909
0.5073484971154825
0.5073119463924327
0.5072752979240549
0.50723855126298
0.507201705960355
0.5071647615658434
0.5071277176276243
0.5070905736923917
0.5070533293053544
0.5070159840102358
0.5069785373492732
0.5069409888632179
0.5069033380913349
0.5068655845714026
0.5068277278397132
0.5067897674310722
0.5067517028787989
0.5067135337147259
0.5066752594691999
0.5066368796710816
0.506598393847746
0.5065598015250825
0.5065211022274962
0.5064822954779074
0.5064433807977521
0.5064043577069833
0.5063652257240714
0.5063259843660045
0.5062866331482897
0.5062471715849534
0.5062075991885427
0.5061679154701262
0.5061281199392946
0.5060882121041625
0.5060481914713693
0.5060080575460798
0.5059678098319865
0.5059274478313103
0.505886971044802
0.5058463789717437
0.5058056711099509
0.5057648469557735
0.5057239060040977
0.5056828477483476
0.5056416716804873
0.505600377291023
0.5055589640690039
0.5055174315020258
0.5054757790762314
0.5054340062763143
0.5053921125855195
0.5053500974856476
0.505307960457055
0.5052657009786584
0.5052233185279357
0.5051808125809298
0.5051381826122505
0.5050954280950776
0.5050525485011635
0.5050095433008364
0.5049664119630025
0.5049231539551502
0.504879768743352
0.5048362557922688
0.5047926145651518
0.504748844523847
0.5047049451287986
0.504660915839051
0.504616756112254
0.5045724654046658
0.5045280431711564
0.5044834888652114
0.5044388019389365
0.5043939818430607
0.5043490280269401
0.504303939938563
0.5042587170245532
0.5042133587301735
0.5041678644993318
0.5041222337745841
0.5040764659971391
0.5040305606068631
0.503984517042284
0.5039383347405966
0.5038920131376663
0.5038455516680354
0.5037989497649259
0.5037522068602466
0.5037053223845963
0.50365829576727
0.5036111264362636
0.5035638138182789
0.5035163573387292
0.5034687564217446
0.5034210104901773
0.5033731189656072
0.5033250812683472
0.503276896817449
0.5032285650307088
0.5031800853246733
0.5031314571146448
0.5030826798146878
0.5030337528376345
0.5029846755950914
0.5029354474974441
0.5028860679538654
0.5028365363723197
0.50278685215957
0.5027370147211847
0.5026870234615431
0.5026368777838426
0.5025865770901048
0.5025361207811819
0.5024855082567642
0.5024347389153856
0.5023838121544315
0.5023327273701448
0.5022814839576332
0.5022300813108758
0.5021785188227305
0.5021267958849402
0.5020749118881414
0.5020228662218696
0.5019706582745679
0.501918287433593
0.5018657530852234
0.5018130546146663
0.5017601914060655
0.5017071628425078
0.5016539683060318
0.5016006071776338
0.5015470788372771
0.5014933826638981
0.5014395180354148
0.5013854843287345
0.5013312809197609
0.501276907183402
0.5012223624935789
0.5011676462232316
0.5011127577443288
0.5010576964278747
0.5010024616439175
0.5009470527615564
0.5008914691489508
0.5008357101733272
0.5007797752009879
0.5007236635973186
0.5006673747267969
0.5006109079529998
0.5005542626386122
0.500497438145435
0.500440433834393
0.5003832490655429
0.5003258831980819
0.5002683355903558
0.5002106055998669
0.5001526925832813
0.5000945958964396
0.5000363148943623
0.4999778489312593
0.49991919736053847
0.4998603595348128
0.4998013348059092
0.49974212252487626
0.4996827220419929
0.49962313270677616
0.49956335386798933
0.4995033848736502
0.4994432250710392
0.49938287380670743
0.4993223304264843
0.49926159427548666
0.4992006646981255
0.49913954103811503
0.4990782226384798
0.49901670884156346
0.49895499898903606
0.49889309242190216
0.4988309884805087
0.49876868650455286
0.4987061858330895
0.49864348580453927
0.4985805857566963
0.4985174850267355
0.4984541829512206
0.4983906788661111
0.4983269721067707
0.49826306200797377
0.4981989479039133
0.4981346291282081
0.49807010501391014
0.4980053748935117
0.4979404380989529
0.49787529396162783
0.4978099418123923
0.4977443809815713
0.49767861079896447
0.49761263059385463
0.49754643969501267
0.4974800374307061
0.49741342312870385
0.4973465961162843
0.49727955572024096
0.4972123012668884
0.4971448320820697
0.4970771474911614
0.49700924681908026
0.49694112939028934
0.4968727945288035
0.49680424155819525
0.49673546980160044
0.49666647858172447
0.49659726722084685
0.49652783504082715
0.4964581813631107
0.4963883055087324
0.4963182067983236
0.49624788455211544
0.4961773380899448
0.4961065667312587
0.4960355697951189
0.49596434660020666
0.4958928964648266
0.4958212187069116
0.4957493126440267
0.49567717759337315
0.49560481287179226
0.4955322177957694
0.4954593916814377
0.49538633384458164
0.49531304360063966
0.49523952026470885
0.4951657631515471
0.4950917715755764
0.4950175448508859
0.49494308229123485
0.4948683832100546
0.49479344692045146
0.49471827273520935
0.49464285996679186
0.4945672079273441
0.494491315928695
0.4944151832823589
0.49433880929953733
0.49426219329112087
0.4941853345676899
0.4941082324395166
0.4940308862165658
0.4939532952084954
0.4938754587246585
0.4937973760741025
0.49371904656557164
0.4936404695075056
0.49356164420804083
0.4934825699750105
0.49340324611594444
0.4933236719380691
0.4932438467483071
0.4931637698532774
0.49308344055929426
0.4930028581723664
0.4929220219981968
0.49284093134218177
0.49275958550940896
0.4926779838046571
0.49259612553239446
0.49251400999677747
0.49243163650164856
0.492349004350535
0.492266112846647
0.49218296129287575
0.49209954899179087
0.4920158752456388
0.4919319393563401
0.49184774062548725
0.49176327835434164
0.4916785518438315
0.4915935603945486
0.49150830330674555
0.4914227798803327
0.49133698941487536
0.4912509312095895
0.49116460456334016
0.4910780087746365
0.4909911431416288
0.490904006962105
0.4908165995334871
0.49072892015282676
0.4906409681168017
0.49055274272171223
0.4904642432634768
0.4903754690376275
0.4902864193393067
0.49019709346326207
0.49010749070384274
0.4900176103549946
0.48992745171025615
0.4898370140627542
0.48974629670519815
0.48965529892987714
0.48956402002865423
0.4894724592929621
0.48938061601379823
0.4892884894817207
0.4891960789868427
0.4891033838188282
0.4890104032668873
0.4889171366197708
0.4888235831657665
0.48872974219269366
0.48863561298789804
0.48854119483824743
0.4884464870301275
0.48835148884943597
0.4882561995815786
0.48816061851146464
0.4880647449235013
0.48796857810159033
0.4878721173291226
0.4877753618889744
0.4876783110635019
0.48758096413453816
0.48748332038338743
0.48738537909082236
0.4872871395370786
0.48718860100185163
0.4870897627642924
0.486990624103004
0.4868911842960368
0.4867914426208865
0.4866913983544894
0.48659105077321896
0.4864903991528838
0.4863894427687232
0.48628818089540543
0.4861866128070241
0.48608473777709554
0.48598255507855714
0.4858800639837644
0.4857772637644888
0.4856741536919167
0.4855707330366469
0.4854670010686894
0.4853629570574638
0.4852586002717992
0.4851539299799321
0.485048945449507
0.4849436459475751
0.48483803074059506
0.48473209909443205
0.4846258502743594
0.4845192835450585
0.4844123981706201
0.4843051934145455
0.48419766853974755
0.48408982280855367
0.4839816554827072
0.4838731658233698
0.4837643530911247
0.4836552165459795
0.48354575544736966
0.48343596905416264
0.4833258566246614
0.48321541741661034
0.48310465068719805
0.4829935556930645
0.48288213169030586
0.4827703779344803
0.4826582936806154
0.48254587818321404
0.48243313069626215
0.4823200504732363
0.4822066367671116
0.4820928888303708
0.4819788059150132
0.48186438727256337
0.48174963215408195
0.48163453981017545
0.4815191094910078
0.48140334044631067
0.4812872319253959
0.4811707831771683
0.48105399345013766
0.4809368619924321
0.4808193880518123
0.4807015708756858
0.48058340971112234
0.4804649038048679
0.4803460524033622
0.4802268547527547
0.48010731009892094
0.4799874176874818
0.47986717676382007
0.47974658657310026
0.47962564636028737
0.479504355370168
0.47938271284736916
0.4792607180363806
0.4791383701815771
0.4790156685272392
0.47889261231757735
0.47876920079675567
0.4786454332089158
0.47852130879820154
0.478396826808785
0.47827198648489266
0.4781467870708319
0.47802122781101847
0.4778953079500054
0.47776902673251104
0.4776423834034488
0.47751537720795745
0.47738800739143206
0.4772602731995553
0.4771321738783295
0.4770037086741108
0.47687487683364105
0.47674567760408343
0.4766161102330572
0.476486173968673
0.4763558680595701
0.476225191754953
0.4760941443046298
0.47596272495905056
0.47583093296934675
0.4756987675873713
0.47556622806574
0.4754333136578721
0.4753000236180336
0.47516635720138
0.4750323136639995
0.474897892262959
0.4747630922563477
0.4746279129033246
0.4744923534641649
0.47435641320030686
0.47422009137440135
0.4740833872503601
0.47394630009340577
0.4738088291701228
0.4736709737485084
0.47353273309802496
0.47339410648965324
0.47325509319594544
0.4731156924910799
0.472975903650916
0.47283572595305157
0.472695158676877
0.4725542011036352
0.47241285251647835
0.47227111220052786
0.47212897944293325
0.47198645353293317
0.4718435337619169
0.47170021942348606
0.4715565098135168
0.4714124042302247
0.4712679019742281
0.4711230023486135
0.4709777046590008
0.4708320082136108
0.47068591232333157
0.4705394163017867
0.47039251946540417
0.4702452211334861
0.47009752062827803
0.4699494172750407
0.46980091040212124
0.46965199934102553
0.46950268342649154
0.46935296199656285
0.46920283439266275
0.46905229995967
0.4689013580459948
0.4687500080036541
0.4685982491883499
0.4684460809595473
0.46829350268055187
0.4681405137185898
0.4679871134448875
0.4678333012347518
0.46767907646765206
0.46752443852729975
0.4673693868017338
0.46721392068340106
0.4670580395692415
0.46690174286077174
0.46674502996416956
0.46658790029036007
0.46643035325510157
0.46627238827907114
0.46611400478795295
0.4659552022125252
0.46579597998874867
0.46563633755785494
0.4654762743664361
0.46531578986653455
0.46515488351573253
0.4649935547772436
0.46483180312000405
0.4646696280187633
0.46450702895417745
0.4643440054129011
0.4641805568876807
0.46401668287744746
0.46385238288741204
0.46368765642915777
0.4635225030207365
0.4633569221867623
0.4631909134585076
0.463024476373999
0.4628576104781127
0.4626903153226712
0.4625225904665399
0.4623544354757242
0.4621858499234666
0.4620168333903438
0.4618473854643651
0.46167750574107
0.46150719382362626
0.46133644932292817
0.46116527185769596
0.46099366105457373
0.46082161654822773
0.46064913798144724
0.460476225005242
0.46030287727894187
0.46012909447029704
0.45995487625557613
0.4597802223196665
0.459605132356173
0.4594296060675187
0.45925364316504297
0.4590772433691017
0.458900406409167
0.45872313202392595
0.4585454199613799
0.4583672699789441
0.4581886818435471
0.4580096553317289
0.45783019022973986
0.45765028633364024
0.45746994344939773
0.4572891613929857
0.4571079399904821
0.4569262790781662
0.45674417850261684
0.456561638120809
0.45637865780021103
0.45619523741888146
0.4560113768655645
0.45582707603978645
0.45564233485195077
0.45545715322343333
0.45527153108667684
0.45508546838528485
0.45489896507411576
0.4547120211193751
0.45452463649870894
0.45433681120129543
0.4541485452279367
0.45395983859114875
0.45377069131525294
0.45358110343646446
0.4533910750029822
0.45320060607507584
0.4530096967251743
0.45281834703795293
0.4526265571104172
0.4524343270519908
0.4522416569845985
0.45204854704274994
0.45185499737362245
0.4516610081371428
0.45146657950606894
0.4512717116660688
0.4510764048158
0.4508806591669882
0.4506844749445039
0.45048785238643874
0.45029079174418035
0.45009329328248654
0.44989535727955776
0.4496969840271099
0.44949817383044394
0.4492989270085157
0.4490992438940047
0.4488991248333801
0.4486985701869681
0.4484975803290151
0.4482961556477517
0.44809429654545496
0.44789200343850877
0.4476892767574629
0.4474861169470918
0.44728252446645
0.44707849978892833
0.44687404340230713
0.4466691558088086
0.44646383752514757
0.44625808908258047
0.4460519110269532
0.4458453039187477
0.44563826833312586
0.4454308048599725
0.4452229141039376
0.4450145966844747
0.4448058532358796
0.4445966844073272
0.44438709086290534
0.4441770732816476
0.44396663235756495
0.4437557687996752
0.4435444833320301
0.4433327766937414
0.44312064963900455
0.4429081029371213
0.4426951373725191
0.44248175374476995
0.4422679528686069
0.4420537355739383
0.44183910270586013
0.44162405512466696
0.4414085937058605
0.44119271934015547
0.44097643293348543
0.44075973540700397
0.4405426276970863
0.4403251107553265
0.44010718554853523
0.43988885305873293
0.439670114283142
0.43945097023417706
0.43923142193943293
0.43901147044166994
0.43879111679879756
0.43857036208385597
0.4383492073849944
0.43812765380544905
0.43790570246351745
0.4376833544925305
0.437460611040823
0.4372374732717018
0.43701394236341073
0.4367900195090954
0.43656570591676247
0.43634100280924043
0.43611591142413486
0.4358904330137825
0.435664568845204
0.43543832020005313
0.4352116883745638
0.43498467467949536
0.43475728044007445
0.43452950699593607
0.4343013557010608
0.4340728279237102
0.4338439250463604
0.4336146484656325
0.43338499959222104
0.43315497985082013
0.4329245906800464
0.432693833532361
0.432462709873988
0.43223122118483126
0.43199936895838786
0.43176715470166027
0.431534579935066
0.43130164619234374
0.4310683550204581
0.43083470797950263
0.4306007066425984
0.43036635259579253
0.4301316474379527
0.42989659278065995
0.4296611902480989
0.42942544147694656
0.4291893481162571
0.42895291182734546
0.4287161342836686
0.42847901717070425
0.42824156218582654
0.4280037710381812
0.42776564544855683
0.42752718714925353
0.427288397883952
0.427049279407577
0.4268098334861603
0.4265700618967012
0.4263299664270258
0.4260895488756411
0.4258488110515901
0.4256077547743032
0.42536638187344755
0.4251246941887742
0.4248826935699634
0.42464038187646713
0.4243977609773507
0.4241548327511312
0.4239115990856137
0.42366806187772643
0.42342422303335336
0.42318008446716415
0.4229356481024432
0.4226909158709161
0.4224458897125738
0.42220057157549506
0.4219549634156686
0.4217090671968094
0.4214628848901773
0.42121641847439145
0.420969669935243
0.4207226412655071
0.4204753344647516
0.4202277515391453
0.419979894501263
0.419731765369891
0.41948336616982795
0.4192346989316872
0.41898576569169393
0.4187365684914843
0.4184871093779002
0.418237390402784
0.41798741362277075
0.4177371810990793
0.41748669489730206
0.4172359570871929
0.4169849697424536
0.4167337349405185
0.4164822547623399
0.41623053129216814
0.4159785666173339
0.41572636282802755
0.4154739220170773
0.41522124627972584
0.41496833771340713
0.41471519841751947
0.41446183049319973
0.4142082360430956
0.41395441717113574
0.41370037598230003
0.41344611458238895
0.4131916350777898
0.412936939575245
0.4126820301816164
0.41242690900365064
0.41217157814774236
0.4119160397196976
0.41166029582449504
0.4114043485660473
0.41114820004696107
0.4108918523682964
0.41063530762932493
0.4103785679272884
0.41012163535715485
0.40986451201137575
0.40960719997964073
0.4093497013486337
0.4090920182017862
0.40883415261903183
0.4085761066765591
0.4083178824465643
0.40805948199700387
0.4078009073913452
0.40754216068831883
0.40728324394166865
0.4070241591999022
0.4067649085060412
0.4065054938973698
0.40624591740518556
0.4059861810545472
0.40572628686402323
0.40546623684544125
0.40520603300363484
0.4049456773361927
0.40468517183320496
0.4044245184770122
0.4041637192419518
0.4039027760941062
0.40364169099104785
0.4033804658815895
0.40311910270552875
0.40285760339339577
0.4025959698662005
0.402334204035179
0.4020723078015416
0.40181028305621797
0.40154813167960623
0.40128585554131835
0.40102345649992865
0.40076093640272076
0.4004982970854345
0.40023554037201403
0.3999726680743556
0.3997096819920554
0.3994465839121575
0.3991833756089025
0.39892005884347603
0.39865663536375723
0.39839310690406815
0.39812947518492303
0.39786574191277735
0.39760190877977813
0.3973379774635145
0.39707394962676723
0.3968098269172601
0.3965456109674106
0.396281303394082
0.39601690579833415
0.395752419765177
0.3954878468633215
0.39522318864493367
0.39495844664538726
0.3946936223830174
0.39442871735887497
0.3941637330564802
0.39389867094157854
0.39363353246189464
0.393368319046889
0.39310303210751313
0.39283767303596645
0.3925722432054529
0.392306743969938
0.39204117666390653
0.3917755426021208
0.3915098430793785
0.39124407937027234
0.39097825272894826
0.39071236438886586
0.3904464155625582
0.3901804074413917
0.3899143411953278
0.38964821797268356
0.38938203889989315
0.38911580508126997
0.3888495175987691
0.38858317751174987
0.3883167858567384
0.38805034364719115
0.38778385187325914
0.3875173115015511
0.3872507234748983
0.386984088712119
0.38671740810778304
0.38645068253197734
0.3861839128300716
0.385917099822483
0.385650244304443
0.38538334704576316
0.38511640879060144
0.3848494302572289
0.3845824121377961
0.3843153550981001
0.3840482597773519
0.38378112678794285
0.3835139567152126
0.38324675011721593
0.3829795075244907
0.38271222943982447
0.3824449163380229
0.3821775686656771
0.3819101868409307
0.38164277125324797
0.38137532226318055
0.3811078402021356
0.38084032537214263
0.3805727780456206
0.3803051984651455
0.38003758684321653
0.37976994336202363
0.379502268173213
0.3792345613976536
0.37896682312520436
0.378699053414478
0.378431252292608
0.37816341975501266
0.3778955557651604
0.3776276602543337
0.37735973312139337
0.3770917742325419
0.37682378342108624
0.37655576048720063
0.37628770519768834
0.3760196172857433
0.3757514964507111
0.3754833423578488
0.3752151546380849
0.3749469328877778
0.3746786766684753
0.37441038550667066
0.37414205889356034
0.37387369628479983
0.3736052971002583
0.3733368607237742
0.3730683865029077
0.3727998737486935
0.37253132173539305
0.3722627297002451
0.3719940968432149
0.37172542232674377
0.3714567052754968
0.37118794477610867
0.3709191398769301
0.37065028958777246
0.3703813928796504
0.37011244868452386
0.36984345589504025
0.36957441336427305
0.36930531990546034
0.3690361742917433
0.3687669752559001
0.36849772149008225
0.36822841164554665
0.3679590443323879
0.3676896181192688
0.3674201315331497
0.3671505830590148
0.3668809711396002
0.36661129417511673
0.36634155052297374
0.36607173849750174
0.3658018563696702
0.3655319023668086
0.365261874672321
0.36499177142540346
0.3647215907207563
0.3644513306082964
0.3641809890928683
0.3639105641339526
0.3636400536453733
0.3633694554950027
0.36309876750446646
0.3628279874488443
0.36255711305637145
0.362286142008137
0.3620150719377815
0.3617439004311913
0.36147262502619376
0.3612012432122479
0.3609297524301357
0.3606581500716498
0.36038643347928184
0.3601145999459064
0.35984264671446575
0.35957057097765194
0.35929836987758557
0.3590260405054977
0.35875357990140383
0.35848098505378234
0.3582082528992469
0.3579353803222203
0.3576623641546053
0.35738920117545425
0.35711588811063766
0.3568424216325117
0.35656879835958327
0.356295014856175
0.35602106763208824
0.3557469531422651
0.35547266778644976
0.35519820790884793
0.35492356979778594
0.3546487496853691
0.3543737437471384
0.35409854810172653
0.35382315881051396
0.3535475718772839
0.3532717832478761
0.3529957888098418
0.35271958439209655
0.3524431657645729
0.35216652863787484
0.35188966866293014
0.3516125814306429
0.3513352624715475
0.3510577072554618
0.3507799111911409
0.35050186962593133
0.35022357784542635
0.3499450310731219
0.3496662244700727
0.34938715313455104
0.3491078121017045
0.34882819634321816
0.34854830076697507
0.34826812021672116
0.34798764947173055
0.347706883246473
0.3474258161902849
0.34714444288704116
0.34686275785483134
0.3465807555456375
0.34629843034501506
0.3460157765717789
0.34573278847769084
0.34544946024715195
0.3451657859968992
0.3448817597757056
0.3445973755640861
0.3443126272740075
0.344027508748603
0.3437420137618935
0.34345613601851466
0.34316986915344805
0.3428832067317604
0.34259614224834933
0.342308669127695
0.34202078072362085
0.34173247031905934
0.3414437311258289
0.34115455628441604
0.3408649388637685
0.3405748718610968
0.34028434820168457
0.3399933607387094
0.3397019022530738
0.3394099654532476
0.3391175429751188
0.3388246273818599
0.338531211163803
0.3382372867383283
0.3379428464497655
0.3376478825693092
0.3373523872949461
0.3370563527513988
0.3367597709900828
0.33646263398907916
0.33616493365312267
0.3358666618136067
0.3355678102286047
0.33526837058290837
0.3349683344880854
0.33466769348255226
0.3343664390316705
0.3340645625278581
0.3337620552907232
0.3334589085672193
0.33315511353181887
0.33285066128671126
0.3325455428620221
0.3322397492160551
0.3319332712355588
0.3316260997360163
0.33131822546196044
0.33100963908731473
0.3307003312157592
0.33039029238112483
0.3300795130478135
0.32976798361124726
0.3294556943983452
0.3291426356680312
0.3288287976117697
0.32851417035413366
0.328198743953403
0.3278825084021948
0.3275654536281276
0.3272475694945167
0.32692884580110476
0.3266092722848272
0.3262888386206119
0.32596753442221554
0.3256453492430948
0.3253222725773189
0.32499829386051377
0.32467340247085036
0.3243475877300688
0.32402083890454303
0.3236931452063858
0.32336449579459514
0.32303487977624123
0.32270428620769614
0.32237270409590624
0.32204012239970725
0.32170653003118427
0.32137191585707464
0.3210362687002168
0.3206995773410445
0.3203618305191252
0.3200230169347477
0.3196831252505543
0.3193421440932206
0.3190000620551841
0.31865686769641843
0.31831254954625976
0.3179670961052777
0.3176204958471984
0.31727273722087596
0.3169238086523132
0.3165736985467329
0.31622239529069907
0.31586988725428766
0.31551616279330985
0.3151612102515828
0.31480501796325433
0.3144475742551761
0.31408886744932807
0.31372888586529474
0.31336761782278966
0.31300505164423387
0.3126411756573821
0.3122759781979997
0.31190944761259076
0.3115415722611756
0.311172340520117
0.31080174078499656
0.310429761473539
0.3100563910285865
0.3096816179211186
0.3093054306533208
0.308927817761701
0.30854876782024954
0.3081682694436473
0.3077863112905165
0.3074028820667183
0.30701797052869056
0.3066315654868295
0.30624365580891366
0.3058542304235673
0.3054632783237624
0.3050707885703622
0.30467675029569846
0.3042811527071877
0.3038839850909808
0.30348523681564726
0.30308489733589106
0.30268295619629804
0.3022794030351139
0.3018742275880478
0.3014674196921051
0.301058969289445
0.30064886643125943
0.30023710128167724
0.2998236641216858
0.2994085453530726
0.2989917355023834
0.2985732252248937
0.29815300530859656
0.2977310666781975
0.297307400399123
0.296881997681531
0.29645484988433257
0.29602594851921127
0.2955952852546483
0.2951628519199429
0.2947286405092325
0.29429264318550574
0.2938548522846097
0.2934152603192455
0.2929738599829541
0.29253064415408764
0.29208560589976235
0.2916387384797966
0.29119003535062477
0.29073949016918965
0.29028709679680903
0.2898328493030148
0.28937674196936103
0.28891876929320126
0.2884589259914302
0.287997207004188
0.2875336074985265
0.28706812287203265
0.2866007487564097
0.2861314810210101
0.2856603157763226
0.2851872493774074
0.28471227842727775
0.28423539978022844
0.2837566105451063
0.2832759080885212
0.2827932900379964
0.28230875428505403
0.28182229898823796
0.2813339225760654
0.28084362374991256
0.2803514014868268
0.27985725504226583
0.2793611839527629
0.2788631880385133
0.2783632674058838
0.27786142244984113
0.2773576538562972
0.27685196260437306
0.2763443499685757
0.2758348175208883
0.27532336713277283
0.2748100009770833
0.27429472152988665
0.27377753157219287
0.2732584341915913
0.27273743278379076
0.2722145310540662
0.2716897330186072
0.2711630430057683
0.2706344656572212
0.2701040059290074
0.2695716690924894
0.2690374607352018
0.26850138676159946
0.267963453393704
0.2674236671716458
0.26688203495410356
0.2663385639186393
0.26579326156192873
0.2652461356998864
0.26469719446768575
0.26414644631967427
0.26359390002918326
0.2630395646882304
0.2624834497071181
0.261925564813926
0.2613659200538963
0.2608045257887155
0.2602413926956901
0.2596765317668156
0.25910995430774336
0.2585416719366401
0.25797169658294544
0.25740004048602444
0.2568267161937162
0.256251736560782
0.2556751147472482
0.25509686421665034
0.25451699873417416
0.2539355323646969
0.25335247947073003
0.2527678547102621
0.252181673034504
0.25159394968553733
0.25100470019386617
0.25041394037587444
0.24982168633118768
0.24922795443994378
0.24863276135996856
0.24803612402386374
0.24743805963600107
0.2468385856694319
0.24623771986270526
0.24563548021660198
0.2450318849907832
0.24442695270035442
0.24382070211234771
0.24321315224212225
0.24260432234968538
0.24199423193593583
0.24138290073882818
0.2407703487294639
0.24015659610810766
0.2395416633001304
0.23892557095188283
0.23830833992649803
0.23768999129962834
0.23707054635511407
0.23645002658058875
0.23582845366302177
0.2352058494841992
0.23458223611614612
0.23395763581649018
0.23333207102377082
0.23270556435269307
0.23207813858932927
0.23144981668627151
0.23082062175773357
0.23019057707460863
0.22955970605947995
0.2289280322815895
0.22829557945176748
0.22766237141731796
0.22702843215687424
0.22639378577521355
0.22575845649804144
0.22512246866674487
0.22448584673311606
0.22384861525405017
0.2232107988862165
0.2225724223807096
0.22193351057767685
0.2212940884009302
0.22065418085253988
0.22001381300741352
0.21937301000786613
0.21873179705817553
0.2180901994191333
0.21744824240258992
0.21680595136599454
0.21616335170693504
0.21552046885767884
0.21487732827971487
0.21423395545830481
0.21359037589703564
0.21294661511238863
0.21230269862831408
0.21165865197082329
0.21101450066259564
0.2103702702176037
0.20972598613575874
0.20908167389757848
0.20843735895887944
0.20779306674549658
0.2071488226480302
0.20650465201662446
0.20586058015577935
0.2052166323191962
0.20457283370466095
0.20392920944896592
0.2032857846228719
0.20264258422611484
0.20199963318245398
0.20135695633477002
0.2007145784402093
0.20007252416537874
0.1994308180815936
0.19878948466017765
0.19814854826781983
0.1975080331619884
0.19686796348640212
0.19622836326656393
0.19558925640535482
0.19495066667869354
0.19431261773125805
0.19367513307227718
0.19303823607138657
0.19240194995455673
0.19176629780008986
0.1911313025346889
0.19049698692960004
0.18986337359682887
0.18923048498543177
0.18859834337788448
0.1879669708865265
0.18733638945008596
0.18670662083028144
0.1860776866085057
0.1854496081825893
0.18482240676364656
0.1841961033730034
0.18357071883920845
0.1829462737951273
0.1823227886751223
0.18170028371231556
0.18107877893593718
0.18045829416875991
0.17983884902461922
0.1792204629060188
0.1786031550018233
0.1779869442850365
0.17737184951066698
0.17675788921368124
0.17614508170704035
0.17553344507982654
0.17492299719545512
0.17431375568997248
0.17370573797044028
0.17309896121340626
0.17249344236346054
0.17188919813187714
0.1712862449953394
0.17068459919475276
0.1700842767341385
0.16948529337961288
0.16888766465844973
0.16829140585822291
0.16769653202603346
0.16710305796781633
0.16651099824772816
0.16592036718761347
0.16533117886655138
0.16474344712047914
0.16415718554189337
0.16357240747962778
0.16298912603870486
0.16240735408026394
0.16182710422156163
0.1612483888360441
0.16067122005349183
0.16009560976023376
0.15952156959943165
0.15894911097143138
0.1583782450341816
0.15780898270371904
0.157241334654717
0.15667531132109777
0.15611092289670866
0.15554817933605672
0.15498709035510472
0.1544276654321252
0.153869913808612
0.15331384449024768
0.15275946624792455
0.15220678761882153
0.15165581690753033
0.1511065621872345
0.15055903130093673
0.15001323186273496
0.1494691712591443
0.14892685665046643
0.14838629497220115
0.1478474929365017
0.14731045703367163
0.14677519353370183
0.14624170848784612
0.14571000773023512
0.1451800968795257
0.1446519813405862
0.14412566630621404
0.14360115675888713
0.14307845747254594
0.1425575730144048
0.1420385077467924
0.14152126582901972
0.14100585121927367
0.14049226767653555
0.1399805187625238
0.13947060784365797
0.1389625380930457
0.13845631249248777
0.13795193383450371
0.13744940472437395
0.1369487275821997
0.1364499046449777
0.1359529379686888
0.13545782943040124
0.13496458073038528
0.134473193394239
0.1339836687750246
0.13349600805541378
0.13301021224984108
0.13252628220666487
0.1320442186103337
0.1315640219835588
0.13108569268949055
0.13060923093389865
0.13013463676735382
0.1296619100874129
0.1291910506408037
0.12872205802560935
0.12825493169345367
0.12778967095168348
0.12732627496554816
0.12686474276037846
0.12640507322375838
0.12594726510769558
0.12549131703078362
0.12503722748036103
0.12458499481466168
0.12413461726495903
0.12368609293770313
0.12323941981664721
0.12279459576496782
0.12235161852737321
0.12191048573220348
0.12147119489351868
0.12103374341317644
0.12059812858289873
0.12016434758632498
0.11973239750105366
0.11930227530067186
0.11887397785676884
0.11844750194093914
0.1180228442267684
0.11760000129180728
0.11717896961952888
0.11675974560127228
0.11634232553816837
0.11592670564305281
0.11551288204236049
0.11510085077800508
0.11469060780924097
0.11428214901450942
0.1138754701932662
0.11347056706779343
0.11306743528499236
0.11266607041816026
0.1122664679687475
0.11186862336809794
0.11147253197917052
0.11107818909824271
0.11068558995659535
0.11029472972217896
0.10990560350126183
0.10951820634005784
0.10913253322633759
0.10874857909101877
0.10836633880973814
0.10798580720440502
0.10760697904473462
0.1072298490497633
0.10685441188934339
0.10648066218562063
0.10610859451449024
0.10573820340703596
0.10536948335094848
0.10500242879192492
0.10463703413504999
0.10427329374615692
0.10391120195317013
0.10355075304742886
0.10319194128499143
0.10283476088792062
0.10247920604555046
0.10212527091573463
0.10177294962607511
0.10142223627513339
0.10107312493362196
0.10072560964557853
0.1003796844295217
0.10003534327958727
0.09969258016664781
0.09935138903941378
0.09901176382551645
0.09867369843257329
0.09833718674923594
0.09800222264621994
0.09766879997731778
0.09733691258039484
0.09700655427836692
0.09667771888016223
0.09635040018166594
0.09602459196664768
0.0957002880076736
0.09537748206700011
0.09505616789745337
0.09473633924329161
0.09441798984105178
0.0941011134203798
0.09378570370484623
0.09347175441274597
0.09315925925788184
0.09284821195033452
0.09253860619721653
0.09223043570341094
0.09192369417229689
0.09161837530645921
0.09131447280838423
0.09101198038114193
0.09071089172905247
0.09041120055834095
0.09011290057777728
0.08981598549930259
0.08952044903864234
0.08922628491590667
0.08893348685617758
0.0886420485900827
0.08835196385435723
0.08806322639239292
0.08777582995477458
0.08748976829980483
0.08720503519401646
0.08692162441267343
0.08663952974025954
0.08635874497095587
0.08607926390910736
0.08580108036967729
0.08552418817869153
0.0852485811736713
0.0849742532040558
0.08470119813161392
0.08442940983084536
0.08415888218937206
0.08388960910831951
0.08362158450268747
0.08335480230171133
0.08308925644921449
0.08282494090394991
0.08256184963993371
0.08229997664676839
0.08203931592995796
0.0817798615112141
0.08152160742875267
0.08126454773758315
0.08100867650978799
0.08075398783479479
0.08050047581964002
0.08024813458922488
0.07999695828656231
0.07974694107301812
0.07949807712854218
0.07925036065189434
0.07900378586086133
0.07875834699246734
0.07851403830317744
0.07827085406909312
0.07802878858614248
0.0777878361702627
0.07754799115757575
0.07730924790455837
0.07707160078820538
0.07683504420618643
0.07659957257699693
0.07636518034010312
0.07613186195608093
0.07589961190674897
0.07566842469529665
0.07543829484640537
0.07520921690636576
0.07498118544318824
0.07475419504670955
0.07452824032869304
0.07430331592292458
0.07407941648530353
0.07385653669392854
0.07363467124917879
0.0734138148737908
0.07319396231293018
0.07297510833425973
0.07275724772800184
0.07254037530699861
0.07232448590676549
0.07210957438554291
0.07189563562434242
0.07168266452698988
0.07147065602016398
0.07125960505343187
0.07104950659928044
0.07084035565314459
0.07063214723343118
0.07042487638154049
0.07021853816188392
0.07001312766189782
0.06980863999205544
0.06960507028587457
0.06940241369992253
0.06920066541381824
0.0689998206302317
0.06879987457487971
0.06860082249651953
0.06840265966693991
0.06820538138094893
0.06800898295635968
0.06781345973397314
0.06761880707755905
0.06742502037383363
0.06723209503243588
0.06704002648590088
0.06684881018963085
0.06665844162186502
0.06646891628364612
0.06628022969878553
0.06609237741382609
0.06590535499800385
0.06571915804320635
0.06553378216393048
0.06534922299723778
0.06516547620270835
0.06498253746239284
0.06480040248076292
0.06461906698466016
0.06443852672324302
0.06425877746793308
0.0640798150123589
0.06390163517229919
0.06372423378562395
0.06354760671223494
0.06337174983400426
0.06319665905471221
0.06302233029998314
0.06284875951722134
0.06267594267554435
0.0625038757657162
0.06233255480007931
0.0621619758124851
0.06199213485822383
0.06182302801395351
0.06165465137762767
0.06148700106842246
0.061320073226662615
0.061153864013746784
0.06098836961207202
0.06082358622495734
0.06065951007656699
0.06049613741183204
0.060333464496372696
0.060171487616418246
0.06001020307872815
0.05984960721051086
0.05968969635934347
0.05953046689308985
0.059371915199818326
0.05921403768771971
0.05905683078502363
0.05890029093991535
0.05874441462045158
0.05858919831447615
0.05843463852953513
0.05828073179279181
0.05812747465094098
0.05797486367012327
0.057822895435838656
0.05767156655286012
0.05752087364514735
0.05737081335575868
0.05722138234676492
0.05707257729916129
0.05692439491277988
0.0567768319062017
0.0566298850166688
0.05648355099999593
0.05633782663048233
0.056192708700823185
0.05604819402202109
0.05590427942329744
0.05576096175200346
0.055618237873531845
0.055476104671227607
0.05533455904629915
0.05519359791772932
0.05505321822218688
0.05491341691393712
0.05477419096475309
0.05463553736382671
0.054497453117680006
0.05435993525007619
0.05422298080193087
0.05408658683122364
0.053950750412908935
0.053815468638828017
0.05368073861762013
0.0535465574746347
0.05341292235184269
0.05327983040774865
0.053147278817302746
0.05301526477181313
0.05288378547885797
0.05275283816219843
0.052622420061690656
0.05249252843319949
0.05236316054851074
0.05223431369524471
0.05210598517676976
0.05197817231211573
0.05185087243588755
0.05172408289818005
0.05159780106449117
0.05147202431563737
0.05134675004766777
0.05122197567177948
0.051097698614232544
0.0509739163162655
0.0508506262340111
0.05072782583841239
0.0506055126151386
0.0504836840645021
0.05036233770137486
0.05024147105510559
0.05012108166943713
0.05000116710242397
0.04988172492635033
