0.5090800526456761
0.564255497515319
0.5527665239151471
0.5433159131740015
0.5358709039953525
0.5301348682180941
0.5257939370689831
0.5225543474676935
0.5201619443291362
0.5184084657582455
0.5171297093201035
0.516199747001496
0.5155239176024917
0.515032089570153
0.514672851548114
0.514408806439128
0.5142129065916343
0.5140656732969503
0.513953124490681
0.5138652493521413
0.5137948953037276
0.5137369610215562
0.5136878139966656
0.5136448715822599
0.5136063004025754
0.5135708011064191
0.513537454474863
0.513505611537658
0.5134748152024253
0.5134447444180816
0.513415174434003
0.5133859485448862
0.5133569580243871
0.513328127892019
0.5132994068317909
0.5132707600631126
0.5132421643089586
0.5132136042522613
0.5131850700470253
0.5131565555758523
0.5131280572347804
0.5130995730899084
0.5130711022955177
0.5130426446955902
0.5130142005534999
0.5129857703709022
0.5129573547683739
0.512928954408519
0.5129005699480433
0.5128722020093766
0.5128438511653044
0.5128155179320943
0.5127872027680227
0.5127589060752009
0.5127306282032922
0.5127023694541865
0.5126741300870349
0.5126459103232633
0.5126177103513447
0.512589530331205
0.5125613703982064
0.5125332306666921
0.5125051112331083
0.5124770121787247
0.5124489335719913
0.5124208754705679
0.5123928379230641
0.5123648209705248
0.5123368246476951
0.5123088489840946
0.5122808940049283
0.5122529597318555
0.5122250461836417
0.5121971533767057
0.5121692813255825
0.512141430043312
0.5121135995417663
0.5120857898319235
0.5120580009241003
0.5120302328281428
0.512002485553591
0.511974759109813
0.5119470535061199
0.5119193687518603
0.5118917048564989
0.5118640618296844
0.5118364396813035
0.5118088384215271
0.5117812580608495
0.5117536986101187
0.511726160080563
0.5116986424838141
0.5116711458319226
0.5116436701373748
0.5116162154131028
0.5115887816724956
0.5115613689294061
0.5115339771981573
0.5115066064935475
0.5114792568308533
0.5114519282258336
0.5114246206947306
0.5113973342542711
0.5113700689216684
0.5113428247146212
0.5113156016513147
0.5112883997504198
0.5112612190310921
0.5112340595129719
0.511206921216182
0.5111798041613278
0.5111527083694948
0.5111256338622474
0.5110985806616284
0.5110715487901554
0.5110445382708205
0.5110175491270885
0.5109905813828947
0.5109636350626422
0.5109367101912021
0.5109098067939094
0.5108829248965623
0.5108560645254197
0.5108292257071995
0.5108024084690763
0.5107756128386799
0.5107488388440921
0.5107220865138458
0.5106953558769223
0.5106686469627497
0.5106419598011999
0.5106152944225875
0.5105886508576669
0.5105620291376312
0.5105354292941081
0.5105088513591607
0.5104822953652821
0.5104557613453957
0.510429249332852
0.5104027593614268
0.510376291465318
0.5103498456791451
0.510323422037946
0.5102970205771746
0.5102706413326991
0.5102442843407996
0.5102179496381664
0.5101916372618965
0.5101653472494929
0.5101390796388612
0.5101128344683081
0.510086611776539
0.5100604116026551
0.5100342339861524
0.5100080789669184
0.5099819465852299
0.5099558368817514
0.5099297498975326
0.5099036856740056
0.5098776442529829
0.5098516256766555
0.5098256299875905
0.509799657228728
0.5097737074433796
0.5097477806752262
0.5097218769683152
0.509695996367058
0.5096701389162286
0.5096443046609604
0.5096184936467442
0.5095927059194256
0.5095669415252034
0.5095412005106262
0.5095154829225909
0.5094897888083396
0.5094641182154582
0.5094384711918732
0.5094128477858493
0.5093872480459878
0.5093616720212231
0.5093361197608217
0.5093105913143785
0.509285086731815
0.5092596060633771
0.5092341493596317
0.5092087166714659
0.5091833080500832
0.5091579235470013
0.5091325632140506
0.5091072271033704
0.5090819152674074
0.5090566277589131
0.5090313646309413
0.5090061259368454
0.5089809117302759
0.5089557220651789
0.5089305569957919
0.5089054165766435
0.5088803008625487
0.5088552099086081
0.5088301437702046
0.5088051025030011
0.5087800861629379
0.5087550948062308
0.5087301284893674
0.5087051872691056
0.5086802712024713
0.5086553803467546
0.5086305147595085
0.5086056744985457
0.5085808596219368
0.5085560701880067
0.5085313062553329
0.5085065678827431
0.5084818551293117
0.5084571680543579
0.5084325067174438
0.5084078711783703
0.5083832614971757
0.5083586777341328
0.5083341199497465
0.5083095882047513
0.5082850825601078
0.5082606030770019
0.5082361498168402
0.508211722841249
0.5081873222120714
0.5081629479913633
0.5081386002413935
0.5081142790246385
0.5080899844037815
0.508065716441709
0.5080414752015086
0.5080172607464666
0.5079930731400648
0.5079689124459782
0.5079447787280723
0.507920672050401
0.5078965924772033
0.5078725400729011
0.5078485149020959
0.5078245170295677
0.5078005465202704
0.5077766034393308
0.5077526878520454
0.5077287998238773
0.5077049394204542
0.507681106707566
0.507657301751161
0.5076335246173445
0.5076097753723754
0.5075860540826643
0.5075623608147699
0.5075386956353971
0.507515058611394
0.5074914498097494
0.5074678692975902
0.5074443171421792
0.5074207934109107
0.5073972981713101
0.5073738314910301
0.5073503934378482
0.5073269840796635
0.5073036034844953
0.5072802517204797
0.5072569288558665
0.5072336349590174
0.507210370098403
0.5071871343426002
0.5071639277602893
0.5071407504202519
0.507117602391367
0.5070944837426106
0.5070713945430502
0.507048334861845
0.5070253047682409
0.5070023043315692
0.5069793336212438
0.5069563927067576
0.5069334816576813
0.5069106005436594
0.5068877494344087
0.5068649283997148
0.5068421375094299
0.5068193768334697
0.5067966464418112
0.5067739464044904
0.5067512767915983
0.5067286376732797
0.5067060291197298
0.5066834512011918
0.5066609039879539
0.5066383875503475
0.506615901958743
0.5065934472835494
0.5065710235952093
0.5065486309641984
0.5065262694610209
0.5065039391562084
0.5064816401203165
0.5064593724239224
0.5064371361376222
0.5064149313320283
0.5063927580777667
0.5063706164454744
0.5063485065057973
0.5063264283293866
0.5063043819868969
0.5062823675489831
0.506260385086299
0.5062384346694924
0.5062165163692048
0.5061946302560679
0.5061727764007005
0.5061509548737065
0.5061291657456725
0.5061074090871645
0.5060856849687257
0.5060639934608744
0.5060423346341003
0.5060207085588626
0.5059991153055884
0.5059775549446675
0.5059560275464525
0.5059345331812549
0.505913071919343
0.5058916438309389
0.5058702489862159
0.505848887455297
0.5058275593082511
0.505806264615091
0.5057850034457709
0.5057637758701841
0.5057425819581591
0.5057214217794597
0.5057002954037793
0.5056792029007412
0.5056581443398942
0.505637119790711
0.5056161293225856
0.5055951730048303
0.5055742509066737
0.5055533630972582
0.5055325096456372
0.5055116906207733
0.5054909060915345
0.5054701561266932
0.5054494407949228
0.5054287601647957
0.5054081143047806
0.50538750328324
0.505366927168428
0.5053463860284878
0.5053258799314491
0.5053054089452256
0.5052849731376131
0.5052645725762864
0.5052442073287977
0.505223877462573
0.505203583044911
0.5051833241429797
0.5051631008238149
0.5051429131543167
0.5051227612012481
0.5051026450312324
0.5050825647107505
0.5050625203061389
0.5050425118835868
0.5050225395091351
0.5050026032486721
0.5049827031679324
0.5049628393324949
0.5049430118077792
0.5049232206590444
0.5049034659513865
0.5048837477497357
0.5048640661188547
0.5048444211233357
0.504824812827599
0.5048052412958896
0.5047857065922764
0.5047662087806486
0.5047467479247141
0.5047273240879971
0.5047079373338359
0.5046885877253805
0.5046692753255906
0.5046500001972334
0.5046307624028812
0.5046115620049095
0.5045923990654939
0.5045732736466092
0.5045541858100266
0.5045351356173112
0.5045161231298205
0.5044971484087016
0.5044782115148896
0.5044593125091048
0.5044404514518515
0.504421628403415
0.5044028434238599
0.5043840965730281
0.5043653879105359
0.5043467174957728
0.5043280853878997
0.5043094916458453
0.5042909363283054
0.50427241949374
0.5042539412003728
0.5042355015061861
0.5042171004689221
0.5041987381460787
0.5041804145949086
0.5041621298724165
0.5041438840353575
0.5041256771402352
0.5041075092432991
0.5040893804005435
0.5040712906677052
0.504053240100261
0.5040352287534262
0.5040172566821528
0.5039993239411273
0.503981430584769
0.5039635766672271
0.5039457622423809
0.5039279873638355
0.5039102520849212
0.5038925564586918
0.5038749005379218
0.5038572843751054
0.5038397080224541
0.5038221715318949
0.5038046749550689
0.5037872183433287
0.5037698017477373
0.5037524252190659
0.503735088807792
0.5037177925640981
0.5037005365378693
0.5036833207786919
0.5036661453358513
0.5036490102583308
0.5036319155948091
0.5036148613936593
0.5035978477029462
0.5035808745704262
0.5035639420435435
0.50354705016943
0.5035301989949026
0.5035133885664624
0.5034966189302924
0.5034798901322559
0.5034632022178948
0.5034465552324282
0.5034299492207507
0.5034133842274302
0.5033968602967074
0.503380377472493
0.5033639357983668
0.5033475353175757
0.5033311760730328
0.5033148581073146
0.5032985814626604
0.5032823461809711
0.5032661523038061
0.5032499998723832
0.5032338889275765
0.5032178195099145
0.5032017916595798
0.503185805416406
0.5031698608198771
0.5031539579091264
0.5031380967229342
0.5031222772997264
0.5031064996775734
0.5030907638941888
0.5030750699869273
0.5030594179927838
0.503043807948392
0.5030282398900224
0.5030127138535818
0.5029972298746108
0.5029817879882833
0.5029663882294049
0.5029510306324115
0.5029357152313675
0.5029204420599652
0.5029052111515232
0.5028900225389845
0.5028748762549159
0.5028597723315064
0.5028447108005663
0.5028296916935246
0.5028147150414297
0.5027997808749466
0.5027848892243557
0.5027700401195525
0.5027552335900457
0.5027404696649558
0.5027257483730142
0.5027110697425622
0.5026964338015489
0.502681840577531
0.502667290097671
0.5026527823887363
0.5026383174770982
0.5026238953887299
0.5026095161492059
0.5025951797837013
0.5025808863169897
0.5025666357734432
0.5025524281770299
0.5025382635513144
0.5025241419194548
0.5025100633042037
0.502496027727905
0.5024820352124948
0.5024680857794986
0.502454179450032
0.5024403162447977
0.502426496184086
0.502412719287773
0.5023989855753201
0.5023852950657723
0.502371647777758
0.502358043729487
0.5023444829387506
0.5023309654229199
0.5023174911989448
0.5023040602833538
0.5022906726922521
0.5022773284413211
0.5022640275458179
0.5022507700205731
0.5022375558799911
0.5022243851380491
0.5022112578082953
0.502198173903849
0.5021851334373989
0.5021721364212032
0.5021591828670873
0.5021462727864444
0.5021334061902338
0.5021205830889807
0.5021078034927741
0.5020950674112676
0.5020823748536776
0.5020697258287821
0.5020571203449213
0.502044558409996
0.5020320400314658
0.5020195652163504
0.5020071339712273
0.5019947463022314
0.5019824022150545
0.5019701017149445
0.5019578448067041
0.501945631494691
0.5019334617828166
0.5019213356745448
0.5019092531728928
0.5018972142804289
0.5018852189992723
0.5018732673310928
0.5018613592771096
0.5018494948380912
0.5018376740143538
0.5018258968057613
0.5018141632117255
0.5018024732312033
0.501790826862698
0.501779224104258
0.5017676649534757
0.501756149407488
0.5017446774629745
0.5017332491161576
0.5017218643628021
0.5017105231982137
0.5016992256172398
0.5016879716142671
0.501676761183223
0.5016655943175738
0.5016544710103247
0.5016433912540185
0.5016323550407358
0.5016213623620951
0.5016104132092503
0.5015995075728918
0.5015886454432461
0.5015778268100741
0.5015670516626712
0.5015563199898675
0.5015456317800262
0.5015349870210436
0.5015243857003493
0.501513827804904
0.5015033133212013
0.5014928422352655
0.5014824145326515
0.5014720301984456
0.5014616892172631
0.5014513915732494
0.5014411372500788
0.5014309262309546
0.5014207584986087
0.5014106340353001
0.5014005528228159
0.5013905148424709
0.5013805200751058
0.5013705685010879
0.5013606601003112
0.5013507948521949
0.5013409727356832
0.5013311937292462
0.5013214578108778
0.5013117649580967
0.5013021151479455
0.50129250835699
0.5012829445613203
0.5012734237365483
0.5012639458578093
0.5012545108997613
0.5012451188365833
0.501235769641977
0.5012264632891655
0.5012171997508929
0.5012079789994238
0.5011988010065447
0.5011896657435608
0.5011805731812987
0.5011715232901045
0.5011625160398439
0.5011535513999014
0.5011446293391814
0.5011357498261066
0.5011269128286188
0.5011181183141775
0.501109366249761
0.5011006566018651
0.5010919893365033
0.5010833644192071
0.5010747818150244
0.501066241488521
0.5010577434037792
0.5010492875243977
0.501040873813492
0.5010325022336938
0.5010241727471513
0.5010158853155277
0.5010076399000024
0.5009994364612705
0.5009912749595425
0.5009831553545439
0.5009750776055151
0.5009670416712114
0.5009590475099034
0.5009510950793757
0.5009431843369273
0.5009353152393721
0.5009274877430372
0.5009197018037643
0.5009119573769092
0.5009042544173408
0.5008965928794418
0.5008889727171084
0.5008813938837502
0.5008738563322901
0.5008663600151638
0.5008589048843203
0.5008514908912212
0.5008441179868409
0.500836786121667
0.500829495245699
0.5008222453084487
0.5008150362589411
0.5008078680457126
0.5008007406168126
0.5007936539198015
0.5007866079017527
0.500779602509251
0.5007726376883931
0.5007657133847874
0.5007588295435539
0.5007519861093243
0.5007451830262416
0.5007384202379607
0.5007316976876471
0.5007250153179783
0.5007183730711425
0.5007117708888391
0.5007052087122791
0.5006986864821837
0.500692204138786
0.5006857616218289
0.500679358870567
0.5006729958237655
0.5006666724196999
0.5006603885961568
0.5006541442904335
0.5006479394393373
0.5006417739791865
0.5006356478458098
0.5006295609745461
0.5006235133002451
0.5006175047572663
0.5006115352794795
0.5006056048002651
0.5005997132525136
0.5005938605686254
0.5005880466805112
0.5005822715195916
0.5005765350167974
0.5005708371025694
0.500565177706858
0.5005595567591237
0.5005539741883368
0.5005484299229775
0.5005429238910359
0.5005374560200115
0.5005320262369136
0.5005266344682611
0.5005212806400828
0.5005159646779166
0.5005106865068104
0.5005054460513214
0.5005002432355159
0.5004950779829702
0.5004899502167698
0.5004848598595092
0.5004798068332924
0.5004747910597328
0.5004698124599525
0.5004648709545835
0.5004599664637661
0.5004550989071503
0.5004502682038946
0.5004454742726668
0.5004407170316436
0.5004359963985106
0.5004313122904618
0.5004266646242003
0.500422053315938
0.500417478281395
0.500412939435801
0.5004084366938928
0.5004039699699165
0.500399539177627
0.5003951442302867
0.5003907850406669
0.5003864615210466
0.5003821735832135
0.500377921138463
0.5003737040975986
0.500369522370932
0.5003653758682824
0.5003612644989769
0.5003571881718503
0.5003531467952452
0.5003491402770115
0.5003451685245066
0.5003412314445955
0.5003373289436501
0.5003334609275496
0.5003296273016805
0.5003258279709359
0.5003220628397163
0.500318331811928
0.5003146347909854
0.5003109716798079
0.5003073423808223
0.5003037467959619
0.500300184826665
0.5002966563738775
0.5002931613380499
0.5002896996191393
0.5002862711166084
0.5002828757294249
0.5002795133560625
0.5002761838944998
0.5002728872422207
0.500269623296214
0.5002663919529733
0.5002631931084965
0.5002600266582864
0.5002568924973498
0.5002537905201981
0.5002507206208459
0.500247682692812
0.5002446766291188
0.5002417023222919
0.5002387596643604
0.5002358485468558
0.500232968860813
0.5002301204967692
0.5002273033447641
0.5002245172943391
0.5002217622345382
0.5002190380539067
0.500216344640491
0.5002136818818396
0.5002110496650011
0.5002084478765255
0.5002058764024632
0.5002033351283638
0.5002008239392783
0.5001983427197565
0.5001958913538479
0.5001934697251009
0.5001910777165629
0.5001887152107797
0.5001863820897956
0.5001840782351524
0.5001818035278898
0.5001795578485447
0.500177341077151
0.5001751530932393
0.5001729937758365
0.5001708630034652
0.5001687606541438
0.5001666866053862
0.5001646407342004
0.5001626229170899
0.5001606330300516
0.5001586709485765
0.5001567365476486
0.5001548297017454
0.5001529502848364
0.5001510981703837
0.5001492732313408
0.5001474753401526
0.5001457043687546
0.5001439601885732
0.5001422426705243
0.5001405516850135
0.5001388871019354
0.5001372487906733
0.5001356366200982
0.5001340504585687
0.5001324901739311
0.5001309556335174
0.5001294467041464
0.5001279632521217
0.5001265051432325
0.5001250722427524
0.5001236644154383
0.500122281525531
0.500120923436754
0.5001195900123129
0.5001182811148948
0.5001169966066679
0.500115736349281
0.5001145002038623
0.5001132880310193
0.5001120996908383
0.5001109350428832
0.500109793946195
0.5001086762592918
0.5001075818401669
0.5001065105462894
0.5001054622346025
0.5001044367615236
0.5001034339829429
0.500102453754223
0.500101495930198
0.5001005603651737
0.500099646912925
0.5000987554266966
0.5000978857592018
0.500097037762622
0.5000962112886053
0.5000954061882654
0.5000946223121827
0.5000938595104014
0.5000931176324287
0.5000923965272361
0.5000916960432561
0.5000910160283824
0.5000903563299691
0.5000897167948296
0.5000890972692354
0.5000884975989157
0.5000879176290565
0.5000873572042982
0.5000868161687373
0.5000862943659229
0.5000857916388572
0.5000853078299936
0.5000848427812363
0.5000843963339394
0.5000839683289052
0.5000835586063833
0.5000831670060701
0.500082793367107
0.5000824375280798
0.5000820993270174
0.5000817786013905
0.500081475188111
0.5000811889235302
0.5000809196434379
0.5000806671830618
0.5000804313770649
0.5000802120595459
0.5000800090640368
0.5000798222235021
0.5000796513703376
0.5000794963363694
0.5000793569528518
0.5000792330504663
0.5000791244593215
0.5000790310089492
0.5000789525283063
0.5000788888457702
0.5000788397891399
0.5000788051856335
0.5000787848618864
0.5000787786439513
0.5000787863572952
0.5000788078267989
0.500078842876755
0.5000788913308672
0.5000789530122479
0.5000790277434168
0.5000791153462999
0.5000792156422276
0.5000793284519331
0.5000794535955507
0.500079590892615
0.5000797401620574
0.5000799012222068
0.5000800738907862
0.500080257984912
0.5000804533210914
0.5000806597152218
0.500080876982588
0.5000811049378611
0.5000813433950962
0.5000815921677316
0.5000818510685856
0.5000821199098558
0.5000823985031168
0.500082686659318
0.5000829841887824
0.5000832909012044
0.5000836066056473
0.5000839311105426
0.5000842642236867
0.5000846057522396
0.5000849555027232
0.5000853132810181
0.5000856788923633
0.5000860521413518
0.5000864328319311
0.500086820767399
0.5000872157504023
0.5000876175829349
0.5000880260663352
0.500088441001284
0.5000888621878021
0.5000892894252486
0.5000897225123178
0.5000901612470376
0.500090605426767
0.5000910548481934
0.5000915093073306
0.5000919685995169
0.5000924325194112
0.5000929008609921
0.5000933734175549
0.5000938499817084
0.500094330345374
0.5000948142997812
0.5000953016354667
0.5000957921422711
0.5000962856093365
0.5000967818251029
0.5000972805773074
0.5000977816529801
0.500098284838442
0.5000987899193013
0.5000992966804525
0.5000998049060718
0.500100314379615
0.500100824883815
0.5001013362006786
0.5001018481114835
0.5001023603967751
0.500102872836365
0.5001033852093258
0.5001038972939902
0.5001044088679465
0.5001049197080364
0.5001054295903513
0.50010593829023
0.5001064455822547
0.5001069512402482
0.500107455037271
0.5001079567456174
0.5001084561368128
0.5001089529816104
0.5001094470499874
0.5001099381111421
0.5001104259334905
0.5001109102846626
0.5001113909314994
0.5001118676400489
0.500112340175563
0.500112808302494
0.5001132717844908
0.5001137303843954
0.500114183864239
0.500114631985239
0.5001150745077949
0.5001155111914847
0.5001159417950604
0.5001163660764456
0.5001167837927306
0.5001171947001692
0.500117598554174
0.5001179951093134
0.5001183841193071
0.5001187653370223
0.5001191385144694
0.5001195034027982
0.5001198597522942
0.5001202073123732
0.5001205458315789
0.5001208750575771
0.5001211947371522
0.5001215046162031
0.5001218044397386
0.5001220939518729
0.5001223728958215
0.5001226410138967
0.5001228980475033
0.5001231437371335
0.5001233778223633
0.5001236000418469
0.5001238101333132
0.50012400783356
0.5001241928784503
0.5001243650029071
0.5001245239409083
0.5001246694254828
0.5001248011887046
0.500124918961689
0.5001250224745866
0.5001251114565788
0.5001251856358733
0.5001252447396984
0.5001252884942979
0.5001253166249262
0.5001253288558433
0.5001253249103089
0.500125304510578
0.500125267377895
0.5001252132324882
0.5001251417935653
0.500125052779307
0.500124945906862
0.5001248208923414
0.5001246774508132
0.5001245152962961
0.5001243341417551
0.5001241336990943
0.5001239136791522
0.5001236737916954
0.5001234137454132
0.5001231332479109
0.5001228320057048
0.5001225097242158
0.5001221661077626
0.5001218008595574
0.5001214136816979
0.5001210042751624
0.5001205723398028
0.5001201175743387
0.5001196396763509
0.5001191383422753
0.500118613267396
0.5001180641458394
0.5001174906705665
0.5001168925333686
0.5001162694248574
0.5001156210344617
0.500114947050418
0.5001142471597654
0.5001135210483377
0.5001127684007569
0.5001119889004266
0.5001111822295243
0.5001103480689946
0.5001094860985423
0.5001085959966253
0.5001076774404466
0.5001067301059474
0.5001057536678009
0.5001047477994027
0.5001037121728649
0.5001026464590086
0.5001015503273551
0.5001004234461199
0.5000992654822034
0.5000980761011844
0.5000968549673114
0.5000956017434958
0.5000943160913024
0.500092997670943
0.5000916461412669
0.5000902611597541
0.5000888423825065
0.5000873894642393
0.5000859020582731
0.5000843798165258
0.5000828223895036
0.5000812294262926
0.5000796005745511
0.5000779354804994
0.5000762337889124
0.5000744951431102
0.5000727191849497
0.5000709055548155
0.5000690538916105
0.5000671638327479
0.5000652350141409
0.5000632670701947
0.5000612596337961
0.5000592123363055
0.5000571248075459
0.5000549966757952
0.5000528275677756
0.500050617108644
0.5000483649219829
0.5000460706297907
0.5000437338524707
0.5000413542088229
0.5000389313160328
0.5000364647896626
0.500033954243639
0.5000313992902456
0.500028799540111
0.5000261546021988
0.5000234640837972
0.500020727590509
0.5000179447262401
0.5000151150931904
0.500012238291841
0.5000093139209452
0.5000063415775167
0.5000033208568193
0.5000002513523549
0.4999971326558532
0.4999939643572607
0.4999907460447284
0.4999874773046013
0.4999841577214068
0.49998078687784275
0.4999773643547663
0.4999738897311825
0.4999703625842316
0.49996678248917736
0.49996314901939654
0.4999594617463647
0.49995572023964546
0.49995192406687805
0.4999480727937648
0.4999441659840588
0.49994020319955135
0.4999361840000597
0.4999321079434141
0.4999279745854451
0.4999237834799707
0.4999195341787835
0.4999152262316375
0.4999108591862351
0.4999064325882139
0.49990194598113347
0.49989739890646134
0.4998927909035604
0.49988812150967454
0.49988339025991535
0.4998785966872481
0.4998737403224785
0.499868820694237
0.4998638373289668
0.49985878975090847
0.49985367748208553
0.4998485000422907
0.4998432569490709
0.4998379477177126
0.4998325718612276
0.4998271288903377
0.4998216183134602
0.4998160396366922
0.4998103923637962
0.4998046759961845
0.49979889003290395
0.49979303397062014
0.4997871073036023
0.4997811095237074
0.4997750401203645
0.4997688985805582
0.49976268438881344
0.4997563970271796
0.4997500359752126
0.4997436007099604
0.4997370907059457
0.499730505435149
0.4997238443669928
0.4997171069683238
0.49971029270339673
0.4997034010338569
0.49969643141872294
0.4996893833143698
0.4996822561745111
0.49967504945018165
0.4996677625897196
0.49966039503874926
0.4996529462401621
0.49964541563409987
0.4996378026579354
0.49963010674625546
0.4996223273308409
0.4996144638406493
0.4996065157017958
0.4995984823375343
0.4995903631682381
0.49958215761138247
0.49957386508152263
0.4995654849902772
0.4995570167463072
0.4995484597552966
0.4995398134199329
0.4995310771398868
0.49952225031179287
0.4995133323292289
0.4995043225826955
0.4994952204595958
0.4994860253442152
0.4994767366177
0.49946735365803707
0.4994578758400329
0.49944830253529165
0.4994386331121945
0.49942886693587873
0.49941900336821476
0.4994090417677854
0.499398981489864
0.4993888218863911
0.49937856230595457
0.4993682020937651
0.4993577405916345
0.49934717713795346
0.4993365110676681
0.49932574171225735
0.4993148683997098
0.49930389045449997
0.4992928071975659
0.4992816179462841
0.4992703220144473
0.4992589187122397
0.4992474073462126
0.49923578721926076
0.49922405763059824
0.4992122178757324
0.499200267246441
0.499188205030746
0.49917603051288884
0.49916374297330546
0.4991513416886004
0.4991388259315216
0.499126194970934
0.49911344807179486
0.49910058449512623
0.49908760349798936
0.49907450433345824
0.4990612862505927
0.49904794849441153
0.4990344903058661
0.4990209109218124
0.4990072095749839
0.49899338549396377
0.49897943790315796
0.49896536602276637
0.4989511690687551
0.4989368462528279
0.49892239678239825
0.4989078198605593
0.49889311468605724
0.49887828045325994
0.49886331635212877
0.4988482215681891
0.4988329952825006
0.49881763667162726
0.4988021449076071
0.49878651915792216
0.49877075858546804
0.49875486234852306
0.49873882960071797
0.49872265949100364
0.49870635116362083
0.4986899037580683
0.49867331640907137
0.49865658824654935
0.4986397183955838
0.49862270597638625
0.4986055501042659
0.49858824988959594
0.4985708044377812
0.49855321284922516
0.49853547421929567
0.49851758763829174
0.49849955219141023
0.49848136695871054
0.49846303101508127
0.49844454343020506
0.4984259032685239
0.4984071095892044
0.49838816144610226
0.498369057887727
0.49834979795720546
0.49833038069224717
0.498310805125107
0.49829107028254904
0.4982711751858102
0.49825111885056306
0.49823090028687866
0.4982105184991892
0.4981899724862499
0.4981692612411024
0.49814838375103476
0.49812733899754463
0.4981061259562996
0.49808474359709887
0.49806319088383344
0.49804146677444766
0.49801957022089827
0.4979975001691157
0.4979752555589631
0.4979528353241958
0.4979302383924212
0.497907463685057
0.49788451011729085
0.49786137659803725
0.4978380620298979
0.4978145653091175
0.49779088532554266
0.4977670209625792
0.49774297109714805
0.4977187345996437
0.4976943103338896
0.497669697157095
0.4976448939198098
0.4976198994658819
0.49759471263241106
0.4975693322497047
0.49754375714123295
0.4975179861235818
0.4974920180064092
0.4974658515923973
0.49743948567720686
0.4974129190494307
0.4973861504905458
0.4973591787748669
0.49733200266949845
0.4973046209342865
0.4972770323217709
0.49724923557713635
0.49722122943816377
0.497193012635181
0.49716458389101315
0.497135941920933
0.49710708543261073
0.4970780131260631
0.4970487236936037
0.49701921581979036
0.4969894881813749
0.4969595394472503
0.4969293682783995
0.49689897332784233
0.49686835324058276
0.49683750665355597
0.4968064321955745
0.49677512848727495
0.4967435941410633
0.49671182776106015
0.49667982794304677
0.4966475932744087
0.496615122334081
0.49658241369249234
0.496549465911507
0.4965162775443709
0.4964828471356527
0.49644917322118653
0.4964152543280145
0.49638108897432864
0.4963466756694123
0.49631201291358146
0.49627709919812424
0.49624193300524305
0.49620651280799316
0.4961708370702228
0.4961349042465123
0.4960987127821128
0.49606226111288476
0.4960255476652358
0.4959885708560583
0.49595132909266676
0.4959138207727344
0.4958760442842297
0.49583799800535266
0.4957996803044693
0.49576108954004866
0.4957222240605957
0.49568308220458684
0.49564366230040285
0.4956039626662639
0.4955639816101612
0.49552371742979007
0.4954831684124829
0.4954423328351397
0.49540120896416007
0.49535979505537475
0.4953180893539748
0.49527609009444273
0.49523379550048185
0.4951912037849448
0.4951483131497635
0.49510512178587607
0.49506162787315555
0.4950178295803369
0.4949737250649442
0.49492931247321637
0.49488458994003415
0.4948395555888447
0.4947942075315873
0.4947485438686178
0.49470256268863205
0.4946562620685907
0.4946096400736412
0.4945626947570416
0.49451542416008154
0.4944678263120045
0.4944198992299297
0.4943716409187717
0.4943230493711613
0.49427412256736486
0.49422485847520425
0.4941752550499747
0.49412531023436346
0.4940750219583676
0.49402438813921185
0.4939734066812635
0.4939220754759504
0.4938703924016764
0.4938183553237353
0.4937659620942271
0.49371321055197076
0.4936600985224191
0.4936066238175713
0.49355278423588433
0.4934985775621876
0.4934440015675918
0.4933890540094018
0.493333732631026
0.4932780351618866
0.49322195931732876
0.49316550279852983
0.4931086632924071
0.4930514384715261
0.4929938259940074
0.49293582350343323
0.4928774286287537
0.4928186389841924
0.4927594521691514
0.492699865768115
0.49263987735055464
0.4925794844708315
0.4925186846680998
0.49245747546620766
0.49239585437360117
0.4923338188832227
0.49227136647241343
0.4922084946028118
0.49214520072025425
0.4920814822546729
0.49201733661999425
0.4919527612140371
0.4918877534184086
0.49182231059840203
0.49175643010289183
0.4916901092642296
0.491623345398138
0.49155613580360596
0.49148847776278176
0.49142036854086596
0.4913518053860046
0.49128278552918003
0.4912133061841033
0.4911433645471043
0.49107295779702215
0.4910020830950949
0.4909307375848483
0.4908589183919848
0.49078662262427086
0.4907138473714245
0.4906405897050024
0.49056684667828565
0.4904926153261657
0.4904178926650295
0.4903426756926437
0.4902669613880388
0.49019074671139246
0.4901140286039129
0.4900368039877203
0.48995906976572934
0.4898808228215298
0.48980206001926785
0.48972277820352605
0.48964297419920266
0.48956264481139067
0.48948178682525645
0.48940039700591853
0.48931847209832396
0.48923600882712603
0.48915300389656025
0.48906945399032153
0.4889853557714376
0.4889007058821462
0.48881550094376797
0.48872973755658206
0.4886434122996978
0.48855652173092984
0.4884690623866688
0.4883810307817555
0.488292423409351
0.4882032367408091
0.488113467225547
0.4880231112909152
0.48793216534206835
0.48784062576183457
0.48774848891058487
0.48765575112610227
0.4875624087234501
0.48746845799484023
0.4873738952095013
0.48727871661354594
0.48718291842983846
0.4870864968578608
0.4869894480735806
0.48689176822931635
0.48679345345360414
0.4866944998510635
0.4865949035022631
0.4864946604635852
0.48639376676709295
0.48629221842039283
0.48619001140650137
0.4860871416837097
0.48598360518544703
0.48587939782014683
0.485774515471109
0.4856689539963669
0.4855627092285487
0.48545577697474396
0.4853481530163668
0.48523983310901997
0.4851308129823595
0.48502108833995916
0.48491065485917445
0.48479950819100726
0.48468764395997066
0.4845750577639534
0.48446174517408536
0.48434770173460207
0.48423292296271103
0.4841174043484568
0.48400114135458683
0.48388412941641873
0.4837663639417056
0.4836478403105047
0.4835285538750432
0.4834084999595883
0.4832876738603133
0.4831660708451686
0.4830436861537503
0.48292051499717037
0.4827965525579275
0.48267179398977883
0.4825462344176119
0.48241986893731764
0.482292692615664
0.4821647004901709
0.48203588756898536
0.4819062488307575
0.4817757792245188
0.4816444736695594
0.481512327055309
0.4813793342412156
0.48124549005662826
0.48111078930067996
0.4809752267421713
0.4808387971194566
0.48070149514032967
0.4805633154819132
0.48042425279054785
0.4802843016816832
0.48014345673977105
0.48000171251816015
0.479859063538991
0.47971550429309484
0.47957102923989375
0.479425632807301
0.47927930939162483
0.4791320533574751
0.4789838590376694
0.47883472073314404
0.4786846327128649
0.47853358921374267
0.4783815844405486
0.47822861256583404
0.47807466772985147
0.47791974404047904
0.47776383557314694
0.47760693637076623
0.4774490404436624
0.47729014176950924
0.47713023429326706
0.47696931192712455
0.47680736855044104
0.47664439800969616
0.4764803941184388
0.4763153506572414
0.47614926137365815
0.4759821199821846
0.4758139201642236
0.4756446555680528
0.47547431980879695
0.475302906468404
0.47513040909562476
0.4749568212059981
0.47478213628183763
0.4746063477722256
0.4744294490930094
0.4742514336268026
0.47407229472299195
0.47389202569774724
0.4737106198340376
0.4735280703816509
0.47334437055722045
0.4731595135442541
0.47297349249317155
0.4727863005213443
0.47259793071314293
0.4724083761199885
0.4722176297604105
0.472025684620111
0.47183253365203337
0.4716381697764381
0.47144258588098387
0.4712457748208161
0.47104772941866035
0.4708484424649237
0.4706479067178012
0.4704461149033907
0.47024305971581326
0.4700387338173407
0.4698331298385308
0.46962624037836986
0.469418058004421
0.46920857525298204
0.4689977846292506
0.4687856786074941
0.46857224963123273
0.46835749011342565
0.46814139243666775
0.4679239489533946
0.4677051519860947
0.4674849938275311
0.4672634667409718
0.4670405629604279
0.46681627469090187
0.46659059410864434
0.46636351336141957
0.4661350245687811
0.46590511982235683
0.46567379118614255
0.4654410306968067
0.4652068303640033
0.46497118217069744
0.4647340780734974
0.4644955100030004
0.46425546986414634
0.46401394953658376
0.4637709408750451
0.46352643570973323
0.46328042584671975
0.463032903068353
0.46278385913367837
0.4625332857788688
0.4622811747176681
0.46202751764184524
0.46177230622165966
0.46151553210633955
0.4612571869245719
0.46099726228500315
0.46073574977675547
0.46047264096995116
0.46020792741625305
0.45994160064941564
0.4596736521858493
0.4594040735251978
0.4591328561509287
0.4588599915309359
0.45858547111815673
0.4583092863512022
0.45803142865499935
0.4577518894414486
0.45747066011009485
0.4571877320488101
0.4569030966344937
0.4566167452337831
0.45632866920378085
0.4560388598927942
0.45574730864109103
0.455454006781668
0.4551589456410347
0.4548621165400111
0.45456351079454127
0.4542631197165203
0.4539609346146368
0.4536569467952304
0.4533511475631632
0.45304352822270827
0.4527340800784506
0.45242279443620625
0.45210966260395347
0.45179467589278144
0.4514778256178548
0.45115910309939106
0.45083849966365525
0.45051600664396974
0.4501916153817403
0.44986531722749623
0.44953710354194665
0.44920696569705354
0.44887489507711903
0.44854088307988893
0.4482049211176715
0.44786700061847395
0.4475271130271503
0.4471852498065703
0.4468414024387998
0.446495562426299
0.4461477212931362
0.4457978705862151
0.44544600187652217
0.4450921067603839
0.4447361768607455
0.4443782038284596
0.44401817934359455
0.4436560951167561
0.4432919428904255
0.44292571444031165
0.44255740157671947
0.4421869961459329
0.4418144900316141
0.4414398751562151
0.4410631434824075
0.4406842870145244
0.4403032978000186
0.4399201679309339
0.4395348895453926
0.43914745482909573
0.4387578560168381
0.4383660853940379
0.43797213529827866
0.4375759981208668
0.4371776663084009
0.43677713236435634
0.43637438885068097
0.43596942838940544
0.43556224366426555
0.4351528274223377
0.4347411724756862
0.4343272717030231
0.4339111180513809
0.43349270453779387
0.43307202425099545
0.4326490703531232
0.4322238360814364
0.4317963147500442
0.4313664997516432
0.4309343845592678
0.4304999627280473
0.4300632278969743
0.42962417379068296
0.42918279422123484
0.4287390830899134
0.42829303438902905
0.4278446422037295
0.4273939007138191
0.42694080419558533
0.42648534702363255
0.42602752367272134
0.42556732871961545
0.4251047568449332
0.4246398028350057
0.4241724615837381
0.4237027280944783
0.42323059748188707
0.42275606497381274
0.4222791259131716
0.42179977575982713
0.4213180100924746
0.4208338246105271
0.42034721513600165
0.4198581776154092
0.41936670812164223
0.4188728028558637
0.4183764581493959
0.4178776704656079
0.4173764364018019
0.4168727526910965
0.41636661620430954
0.41585802395183513
0.4153469730855203
0.4148334609005344
0.41431748483723596
0.41379904248303334
0.4132781315742401
0.41275474999792294
0.4122288957937437
0.4117005671557935
0.41116976243441816
0.41063648013803566
0.41010071893494293
0.40956247765511433
0.40902175529198753
0.4084785510042398
0.40793286411755125
0.40738469412635686
0.40683404069558216
0.4062809036623698
0.4057252830377873
0.4051671790085216
0.4046065919385584
0.40404352237084235
0.4034779710289238
0.4029099388185839
0.40233942682944424
0.4017664363365547
0.4011909688019638
0.4006130258762661
0.4000326094001308
0.39944972140580526
0.3988643641185995
0.39827653995834406
0.397686251540825
0.3970935016791953
0.39649829338535947
0.39590062987133146
0.39530051455056725
0.39469795103926814
0.39409294315765886
0.3934854949312316
0.3928756105919659
0.3922632945795143
0.39164855154235856
0.39103138633893386
0.39041180403872067
0.38978980992330325
0.3891654094873951
0.38853860843982757
0.38790941270450796
0.3872778284213362
0.38664386194708955
0.38600751985626786
0.38536880894190195
0.38472773621632256
0.3840843089118921
0.38343853448169435
0.3827904206001863
0.38213997516380716
0.3814872062915463
0.3808321223254696
0.3801747318312035
0.37951504359837407
0.3788530666410037
0.37818881019786293
0.37752228373277713
0.3768534969348879
0.3761824597188682
0.3755091822250925
0.3748336748197567
0.37415594809495367
0.37347601286869936
0.3727938801849109
0.37210956131333484
0.3714230677494287
0.370734411214189
0.3700436036539334
0.36935065724002814
0.3686555843685677
0.36795839766000304
0.3672591099587167
0.36655773433254735
0.3658542840722617
0.3651487726909744
0.36444121392351553
0.36373162172574436
0.36302001027381037
0.36230639396336195
0.3615907874086999
0.36087320544187973
0.36015366311175706
0.359432175682982
0.35870875863493923
0.3579834276606314
0.3572561986655122
0.3565270877662636
0.35579611128951766
0.35506328577052776
0.35432862795178255
0.35359215478156747
0.3528538834124723
0.3521138311998454
0.3513720157001936
0.35062845466952886
0.34988316606166203
0.3491361680264444
0.3483874789079541
0.34763711724263224
0.34688510175736686
0.34613145136752266
0.34537618517492236
0.3446193224657744
0.34386088270855075
0.34310088555181506
0.342339350821999
0.3415762985211316
0.3408117488245166
0.340045722078364
0.33927823879737323
0.33850931966226616
0.33773898551727716
0.3369672573675949
0.3361941563767583
0.33541970386400854
0.33464392130159587
0.33386683031204417
0.33308845266537146
0.33230881027626863
0.3315279252012373
0.33074581963568667
0.32996251591099085
0.3291780364915078
0.3283924039715584
0.3276056410723714
0.3268177706389891
0.32602881563714015
0.32523879915007564
0.3244477443753736
0.32365567462170997
0.3228626133055993
0.3220685839481022
0.32127361017150724
0.32047771569598077
0.31968092433619183
0.3188832599979089
0.31808474667457354
0.3172854084438473
0.3164852694641385
0.3156843539711043
0.3148826862741339
0.31408029075281096
0.31327719185335884
0.312473414085067
0.31166898201670257
0.310863920272906
0.3100582535305737
0.30925200651522755
0.30844520399737385
0.30763787078885074
0.306830031739168
0.30602171173183895
0.30521293568070507
0.3044037285262568
0.30359411523194824
0.3027841207805114
0.3019737701702671
0.3011630884114369
0.3003521005224542
0.29954083152628014
0.29872930644671963
0.2979175503047447
0.2971055881148228
0.2962934448812508
0.2954811455945001
0.2946687152275679
0.29385617873234193
0.29304356103597506
0.2922308870372745
0.2914181816031038
0.29060546956480104
0.2897927757146141
0.2889801248021517
0.28816754153085616
0.28735505055449256
0.2865426764736624
0.2857304438323375
0.28491837711441675
0.2841065007403089
0.28329483906353986
0.282483416367385
0.28167225686153174
0.28086138467876837
0.2800508238717027
0.27924059840951215
0.2784307321747234
0.2776212489600265
0.27681217246511997
0.27600352629359126
0.2751953339498335
0.2743876188359944
0.273580404248965
0.2727737133774054
0.2719675692988074
0.27116199497659754
0.2703570132572792
0.26955264686761626
0.26874891841185555
0.267945850368995
0.26714346509009024
0.2663417847956083
0.26554083157282105
0.26474062737324716
0.2639411940101358
0.2631425531559979
0.2623447263401815
0.2615477349464963
0.26075160021088184
0.2599563432191263
0.25916198490463027
0.25836854604622156
0.2575760472660159
0.2567845090273281
0.25599395163263283
0.255204395221573
0.25441585976902104
0.2536283650831854
0.25284193080377376
0.25205657640019996
0.2512723211698474
0.25048918423637906
0.24970718454810015
0.2489263408763721
0.24814667181407715
0.24736819577413272
0.24659093098806012
0.24581489550460095
0.24504010718838726
0.24426658371866106
0.24349434258804642
0.24272340110137058
0.24195377637453847
0.24118548533345574
0.2404185447130024
0.23965297105606015
0.23888878071258535
0.23812598983873473
0.23736461439604128
0.2366046701506383
0.2358461726725326
0.23508913733492853
0.2343335793135996
0.23357951358630813
0.2328269549322737
0.23207591793168889
0.23132641696528325
0.23057846621393335
0.22983207965831953
0.22908727107862922
0.228344054054306
0.22760244196384377
0.22686244798462582
0.22612408509280899
0.22538736606324983
0.22465230346947707
0.22391890968370448
0.22318719687688776
0.22245717701882262
0.2217288618782841
0.2210022630232072
0.22027739182090772
0.21955425943834284
0.2188328768424095
0.21811325480028454
0.21739540387979867
0.21667933444985116
0.21596505668086008
0.21525258054524796
0.2145419158179647
0.21383307207704344
0.21312605870419266
0.21242088488542027
0.21171755961169214
0.21101609167962254
0.21031648969219505
0.20961876205951785
0.2089229169996051
0.2082289625391925
0.20753690651457862
0.20684675657249726
0.20615852017101544
0.2054722045804608
0.20478781688437397
0.20410536398048704
0.2034248525817292
0.20274628921725363
0.20206968023349114
0.20139503179522622
0.2007223498866951
0.20005164031270722
0.1993829086997861
0.1987161604973335
0.19805140097881108
0.19738863524294292
0.1967278682149373
0.19606910464772465
0.19541234912321562
0.19475760605357456
0.19410487968250867
0.1934541740865747
0.1928054931764998
0.19215884069851633
0.19151422023571113
0.19087163520938874
0.1902310888804461
0.1895925843507598
0.18895612456458521
0.18832171230996692
0.18768935022015784
0.18705904077505078
0.18643078630261675
0.1858045889803542
0.18518045083674495
0.18455837375271855
0.1839383594631238
0.18332040955820667
0.18270452548509442
0.18209070854928588
0.1814789599161457
0.18086928061240495
0.18026167152766442
0.17965613341590175
0.17905266689698368
0.17845127245817885
0.1778519504556733
0.17725470111608949
0.17665952453800454
0.17606642069347206
0.17547538942954202
0.17488643046978275
0.1742995434158014
0.1737147277487657
0.17313198283092243
0.17255130790711629
0.17197270210630664
0.17139616444308145
0.17082169381917006
0.17024928902495265
0.16967894874096595
0.1691106715394065
0.16854445588562966
0.16798030013964496
0.16741820255760698
0.16685816129330044
0.16630017439962252
0.1657442398300582
0.16519035544015037
0.16463851898896542
0.16408872814055053
0.16354098046538718
0.16299527344183581
0.16245160445757606
0.16190997081103792
0.16137036971282617
0.1608327982871393
0.1602972535731773
0.1597637325265447
0.15923223202064413
0.1587027488480618
0.1581752797219443
0.15764982127736857
0.15712637007269964
0.15660492259094308
0.15608547524108596
0.1555680243594301
0.1550525662109148
0.15453909699043084
0.15402761282412392
0.15351810977069014
0.15301058382265897
0.1525050309076687
0.15200144688973088
0.1514998275704833
0.15100016869043495
0.1505024659301989
0.15000671491171524
0.14951291119946364
0.14902105030166493
0.1485311276714718
0.1480431387081499
0.14755707875824609
0.14707294311674834
0.14659072702823184
0.1461104256879965
0.14563203424319238
0.14515554779393347
0.1446809613944021
0.14420827005394027
0.14373746873813104
0.14326855236986855
0.1428015158304161
0.14233635396045421
0.14187306156111626
0.14141163339501392
0.14095206418725068
0.14049434862642382
0.14003848136561658
0.13958445702337746
0.13913227018468882
0.13868191540192512
0.1382333871957988
0.13778668005629557
0.1373417884435982
0.1368987067889997
0.13645742949580486
0.13601795094022157
0.1355802654722395
0.13514436741649907
0.1347102510731496
0.13427791071869558
0.1338473406068322
0.13341853496927134
0.13299148801655475
0.13256619393885802
0.13214264690678262
0.1317208410721394
0.13130077056871797
0.13088242951304932
0.13046581200515556
0.13005091212929
0.12963772395466605
0.12922624153617798
0.12881645891510804
0.12840837011982736
0.12800196916648304
0.1275972500596772
0.12719420679313645
0.12679283335036926
0.12639312370531638
0.12599507182298864
0.12559867166009683
0.12520391716567192
0.12481080228167446
0.12441932094359609
0.1240294670810503
0.12364123461835472
0.12325461747510344
0.12286960956673111
0.12248620480506686
0.12210439709888002
0.12172418035441629
0.12134554847592588
0.12096849536618172
0.12059301492698976
0.12021910105969077
0.11984674766565248
0.11947594864675509
0.11910669790586648
0.1187389893473105
0.11837281687732645
0.11800817440452015
0.11764505584030781
0.11728345509935134
0.11692336609998555
0.11656478276463812
0.11620769902024165
0.11585210879863778
0.11549800603697452
0.11514538467809446
0.11479423867091793
0.1144445619708171
0.11409634853998273
0.11374959234778564
0.11340428737112891
0.11306042759479454
0.11271800701178236
0.11237701962364283
0.11203745944080248
0.1116993204828832
0.11136259677901474
0.11102728236814005
0.11069337129931568
0.11036085763200429
0.11002973543636228
0.10969999879351981
0.10937164179585596
0.1090446585472669
0.10871904316342916
0.1083947897720558
0.10807189251314764
0.10775034553923865
0.10743014301563526
0.10711127912065073
0.10679374804583346
0.10647754399618967
0.10616266119040241
0.10584909386104292
0.10553683625477783
0.10522588263257239
0.10491622726988624
0.1046078644568664
0.1043007884985339
0.10399499371496658
0.10369047444147608
0.10338722502878092
0.10308523984317441
0.102784513266689
0.10248503969725364
0.10218681354885077
0.10188982925166451
0.10159408125222757
0.10129956401356252
0.10100627201531948
0.1007141997539099
0.10042334174263447
0.10013369251181001
0.09984524660888987
0.09955799859858135
0.09927194306296044
0.09898707460158018
0.09870338783157781
0.09842087738777726
0.09813953792278805
0.09785936410710037
0.09758035062917766
0.09730249219554496
0.0970257835308738
0.09675021937806455
0.09647579449832525
0.09620250367124618
0.0959303416948732
0.09565930338577643
0.09538938357911705
0.0951205771287093
0.09485287890708226
0.09458628380553644
0.09432078673419826
0.09405638262207233
0.09379306641709018
0.09353083308615667
0.09326967761519389
0.09300959500918185
0.09275058029219765
0.09249262850745127
0.09223573471731894
0.09197989400337464
0.09172510146641914
0.0914713522265059
0.09121864142296594
0.09096696421442926
0.0907163157788448
0.09046669131349873
0.09021808603502846
0.0899704951794379
0.08972391400210694
0.08947833777780279
0.08923376180068553
0.08899018138431476
0.08874759186165315
0.08850598858506781
0.08826536692633023
0.08802572227661502
0.08778705004649551
0.08754934566593903
0.08731260458429999
0.08707682227031083
0.08684199421207249
0.08660811591704212
0.08637518291201973
0.08614319074313365
0.08591213497582437
0.08568201119482659
0.08545281500414968
0.08522454202705794
0.08499718790604838
0.0847707483028271
0.08454521889828534
0.08432059539247364
0.08409687350457454
0.08387404897287476
0.08365211755473512
0.08343107502656094
0.08321091718376954
0.08299163984075772
0.0827732388308682
0.08255571000635412
0.08233904923834363
0.08212325241680235
0.08190831545049602
0.08169423426695135
0.08148100481241605
0.08126862305181841
0.08105708496872538
0.08084638656530034
0.08063652386225956
0.08042749289882813
0.08021928973269499
0.08001191043996742
0.07980535111512416
0.0795996078709685
0.07939467683858012
0.07919055416726656
0.07898723602451403
0.07878471859593726
0.07858299808522871
0.07838207071410774
0.0781819327222685
0.07798258036732728
0.07778400992477
0.07758621768789822
0.0773891999677755
0.07719295309317196
0.07699747341050997
0.07680275728380839
0.0766088010946261
0.07641560124200548
0.07622315414241602
0.07603145622969626
0.0758405039549964
0.07565029378671964
0.07546082221046406
0.07527208572896325
0.07508408086202717
0.07489680414648234
0.07471025213611193
0.0745244214015958
0.07433930853044911
0.07415491012696174
0.07397122281213708
0.07378824322363131
0.07360596801569011
0.0734243938590882
0.073243517441066
0.073063335465268
0.07288384465168
0.07270504173656547
0.07252692347240397
0.07234948662782649
0.07217272798755314
0.07199664435232889
0.0718212325388604
0.07164648937975181
0.07147241172344097
0.07129899643413568
0.07112624039174864
0.07095414049183402
0.0707826936455226
0.07061189677945737
0.07044174683572915
0.07027224077181166
0.07010337556049717
0.06993514818983157
0.06976755566304922
0.06960059499850882
0.06943426322962815
0.06926855740481916
0.06910347458742316
0.06893901185564572
0.06877516630249206
0.0686119350357019
0.06844931517768438
0.06828730386545362
0.0681258982505634
0.06796509549904259
0.06780489279133
0.06764528732221017
0.0674862763007478
0.06732785695022392
0.06717002650807062
0.06701278222580673
0.06685612136897329
0.06670004121706917
0.06654453906348654
0.06638961221544666
0.06623525799393563
0.06608147373364068
0.06592825678288528
0.06577560450356608
0.06562351427108862
0.06547198347430397
0.06532100951544467
0.06517058981006144
0.06502072178696011
0.06487140288813784
0.06472263056872055
0.06457440229689936
0.06442671555386843
0.06427956783376132
0.06413295664358941
0.06398687950317888
0.06384133394510823
0.0636963175146465
0.06355182776969158
0.06340786228070763
0.06326441863066397
0.06312149441497317
0.06297908724143003
0.06283719473015031
0.06269581451350943
0.06255494423608221
0.0624145815545815
0.062274724137798096
0.06213536966654047
0.061996515833574406
0.06185816034356316
0.06172030091300755
0.061582935270186684
0.061446061155098194
0.06130967631939922
0.0611737785263473
0.06103836555074167
0.06090343517886458
0.060768985208422666
0.06063501344848933
0.06050151771944576
0.06036849585292378
0.06023594569174806
0.06010386508987872
0.05997225191235393
0.05984110403523307
0.05971041934553996
0.059580195741205884
0.05945043113101401
0.059321123434542065
0.05919227058210727
0.05906387051471037
0.05893592118398007
0.05880842055211727
0.05868136659184095
0.05855475728633211
0.05842859062917986
0.058302864624327176
0.058177577286015615
0.05805272663873218
0.05792831071715533
0.05780432756610123
0.05768077524047057
0.05755765180519547
0.05743495533518608
0.057312683915278544
0.057190835640182326
0.05706940861442741
0.05694840095231325
0.056827810777856154
0.05670763622473815
0.05658787543625536
0.056468526565267144
0.05634958777414496
0.05623105723472157
0.056112933128241324
0.055995213645308975
0.05587789698584009
0.05576098135901143
0.055644464983211295
0.055528346085989735
0.055412622904010445
0.05529729368300077
0.05518235667770403
0.05506781015183
0.0549536523780081
0.05483988163773787
0.054726496221342645
0.0546134944279209
0.05450087456529962
0.05438863494998703
0.054276773907125625
0.05416528977044556
0.05405418088221849
0.05394344559321089
0.053833082262638735
0.05372308925812101
0.053613464955634904
0.05350420773946965
0.05339531600218291
0.05328678814455402
0.053178622575540596
0.05307081771223404
0.05296337197981497
0.05285628381150924
0.05274955164854428
0.05264317394010611
0.052537149143294756
0.05243147572308232
0.05232615215226945
0.052221176911443117
0.05211654848893342
0.0520122653807722
0.051908326090650436
0.05180472912987652
0.051701473017334895
0.05159855627944433
0.051495977450117164
0.05139373507071767
0.05129182769002209
0.05119025386417746
0.051089012156661506
0.05098810113824278
0.050887519386940236
0.050787265487983776
0.050687338033774745
0.050587735623846816
0.050488456864826295
0.05038950037039411
0.050290864761246425
0.05019254866505626
0.05009455071643564
0.04999686955689692
