0.500595996777957
0.5257357415271872
0.525770176481922
0.5257246895844834
0.5256795318125091
0.5256348077228581
0.5255904216642258
0.5255463050237361
0.5255024090818337
0.5254586993354551
0.5254151514206035
0.5253717481879387
0.5253284776077987
0.5252853312714937
0.5252423033209518
0.5251993896858067
0.5251565875409312
0.5251138949218357
0.5250713104529607
0.5250288331565552
0.5249864623189627
0.524944197397702
0.5249020379574438
0.5248599836263839
0.5248180340669448
0.5247761889564869
0.5247344479749624
0.5246928107973403
0.5246512770892742
0.5246098465049363
0.5245685186862686
0.5245272932631369
0.5244861698540262
0.5244451480670409
0.5244042275010485
0.5243634077468629
0.5243226883884003
0.5242820690037712
0.5242415491662851
0.5242011284453606
0.5241608064073366
0.5241205826161914
0.5240804566341699
0.5240404280223343
0.5240004963410363
0.5239606611503289
0.523920922010316
0.5238812784814547
0.5238417301248119
0.5238022765022817
0.5237629171767714
0.5237236517123576
0.5236844796744179
0.5236454006297421
0.5236064141466243
0.5235675197949401
0.5235287171462105
0.5234900057736549
0.5234513852522339
0.5234128551586834
0.5233744150715437
0.5233360645711811
0.5232978032398036
0.5232596306614762
0.523221546422127
0.5231835501095554
0.5231456413134348
0.5231078196253132
0.5230700846386138
0.5230324359486318
0.522994873152532
0.5229573958493429
0.5229200036399523
0.5228826961271
0.5228454729153726
0.5228083336111939
0.5227712778228182
0.5227343051603222
0.5226974152355957
0.5226606076623335
0.5226238820560253
0.5225872380339485
0.5225506752151564
0.522514193220471
0.5224777916724721
0.5224414701954887
0.522405228415589
0.522369065960571
0.5223329824599527
0.5222969775449633
0.522261050848533
0.5222252020052837
0.5221894306515196
0.5221537364252177
0.5221181189660182
0.5220825779152165
0.5220471129157516
0.5220117236121986
0.5219764096507594
0.5219411706792525
0.5219060063471053
0.5218709163053438
0.5218359002065847
0.5218009577050257
0.5217660884564372
0.5217312921181533
0.521696568349063
0.5216619168096014
0.5216273371617414
0.5215928290689849
0.5215583921963548
0.5215240262103853
0.5214897307791153
0.5214555055720785
0.5214213502602958
0.5213872645162674
0.5213532480139637
0.5213193004288182
0.5212854214377186
0.521251610719
0.5212178679524347
0.5211841928192272
0.5211505850020044
0.521117044184808
0.5210835700530875
0.5210501622936918
0.5210168205948623
0.5209835446462248
0.5209503341387816
0.520917188764905
0.5208841082183296
0.5208510921941442
0.5208181403887852
0.5207852525000292
0.5207524282269852
0.5207196672700886
0.520686969331093
0.5206543341130634
0.5206217613203694
0.520589250658678
0.5205568018349469
0.5205244145574166
0.5204920885356056
0.5204598234803012
0.5204276191035547
0.520395475118673
0.5203633912402135
0.5203313671839764
0.5202994026669988
0.520267497407547
0.5202356511251115
0.5202038635403995
0.5201721343753288
0.5201404633530219
0.5201088501977984
0.5200772946351698
0.5200457963918333
0.5200143551956645
0.5199829707757124
0.5199516428621931
0.5199203711864823
0.5198891554811114
0.5198579954797595
0.5198268909172493
0.5197958415295394
0.5197648470537192
0.5197339072280034
0.5197030217917256
0.5196721904853324
0.5196414130503781
0.5196106892295187
0.5195800187665062
0.5195494014061832
0.5195188368944769
0.519488324978394
0.5194578654060145
0.5194274579264869
0.5193971022900221
0.5193667982478878
0.5193365455524048
0.5193063439569392
0.5192761932158984
0.5192460930847257
0.519216043319895
0.5191860436789051
0.5191560939202751
0.519126193803539
0.5190963430892399
0.5190665415389258
0.5190367889151449
0.5190070849814387
0.5189774295023384
0.5189478222433598
0.5189182629709977
0.5188887514527218
0.5188592874569715
0.5188298707531501
0.5188005011116215
0.5187711783037039
0.5187419021016664
0.5187126722787231
0.518683488609029
0.5186543508676749
0.5186252588306831
0.5185962122750026
0.5185672109785042
0.5185382547199766
0.518509343279121
0.5184804764365467
0.5184516539737676
0.518422875673196
0.5183941413181397
0.5183654506927968
0.5183368035822513
0.518308199772469
0.5182796390502926
0.5182511212034384
0.5182226460204905
0.5181942132908979
0.5181658228049697
0.5181374743538701
0.5181091677296162
0.5180809027250717
0.5180526791339435
0.518024496750778
0.5179963553709567
0.5179682547906916
0.5179401948070221
0.5179121752178101
0.5178841958217362
0.517856256418296
0.5178283568077965
0.5178004967913503
0.5177726761708742
0.5177448947490833
0.5177171523294882
0.5176894487163907
0.5176617837148798
0.5176341571308287
0.51760656877089
0.5175790184424925
0.5175515059538373
0.517524031113894
0.5174965937323972
0.5174691936198428
0.5174418305874834
0.5174145044473262
0.5173872150121288
0.5173599620953948
0.5173327455113707
0.5173055650750429
0.5172784206021337
0.5172513119090973
0.5172242388131172
0.5171972011321017
0.5171701986846815
0.5171432312902056
0.5171162987687377
0.5170894009410533
0.5170625376286359
0.5170357086536737
0.5170089138390566
0.5169821530083726
0.5169554259859042
0.5169287325966251
0.5169020726661977
0.516875446020969
0.516848852487968
0.516822291894901
0.5167957640701509
0.5167692688427715
0.516742806042486
0.5167163754996829
0.5166899770454129
0.5166636105113869
0.5166372757299711
0.5166109725341856
0.5165847007576998
0.5165584602348304
0.5165322508005384
0.5165060722904249
0.5164799245407292
0.5164538073883259
0.5164277206707211
0.5164016642260494
0.5163756378930721
0.5163496415111728
0.516323674920356
0.5162977379612428
0.5162718304750686
0.5162459523036802
0.5162201032895333
0.5161942832756891
0.5161684921058114
0.5161427296241643
0.516116995675609
0.5160912901056014
0.5160656127601889
0.516039963486008
0.5160143421302806
0.5159887485408133
0.5159631825659927
0.5159376440547832
0.5159121328567247
0.5158866488219299
0.5158611918010817
0.5158357616454299
0.5158103582067889
0.5157849813375356
0.5157596308906063
0.515734306719494
0.515709008678246
0.5156837366214614
0.5156584904042882
0.5156332698824219
0.5156080749121008
0.5155829053501058
0.5155577610537561
0.5155326418809082
0.5155075476899522
0.51548247833981
0.5154574336899326
0.5154324136002978
0.5154074179314077
0.515382446544286
0.5153574993004764
0.5153325760620392
0.5153076766915495
0.5152828010520949
0.5152579490072728
0.5152331204211882
0.5152083151584513
0.5151835330841755
0.5151587740639748
0.5151340379639611
0.5151093246507428
0.5150846339914216
0.5150599658535915
0.5150353201053348
0.5150106966152213
0.5149860952523054
0.5149615158861242
0.5149369583866945
0.5149124226245121
0.5148879084705478
0.5148634157962468
0.5148389444735256
0.5148144943747699
0.5147900653728328
0.5147656573410325
0.51474127015315
0.5147169036834273
0.5146925578065651
0.5146682323977205
0.5146439273325053
0.5146196424869838
0.5145953777376704
0.5145711329615281
0.5145469080359659
0.5145227028388369
0.5144985172484369
0.5144743511435012
0.5144502044032034
0.5144260769071537
0.5144019685353955
0.5143778791684053
0.5143538086870889
0.5143297569727805
0.5143057239072409
0.5142817093726552
0.5142577132516295
0.5142337354271922
0.5142097757827886
0.5141858342022816
0.5141619105699476
0.5141380047704771
0.5141141166889698
0.5140902462109357
0.5140663932222911
0.5140425576093578
0.5140187392588608
0.5139949380579265
0.5139711538940812
0.5139473866552488
0.5139236362297488
0.5138999025062956
0.5138761853739955
0.5138524847223449
0.5138288004412299
0.5138051324209226
0.5137814805520808
0.5137578447257456
0.5137342248333395
0.5137106207666648
0.5136870324179024
0.5136634596796091
0.5136399024447162
0.5136163606065283
0.5135928340587209
0.5135693226953387
0.5135458264107949
0.5135223450998677
0.5134988786577006
0.5134754269797991
0.5134519899620296
0.5134285675006182
0.5134051594921486
0.51338176583356
0.5133583864221464
0.513335021155554
0.5133116699317801
0.5132883326491716
0.5132650092064234
0.5132416995025754
0.513218403437013
0.5131951209094641
0.5131718518199978
0.5131485960690232
0.5131253535572873
0.5131021241858735
0.5130789078562001
0.5130557044700188
0.5130325139294134
0.5130093361367971
0.5129861709949124
0.5129630184068288
0.5129398782759412
0.5129167505059684
0.5128936350009521
0.5128705316652542
0.5128474404035568
0.5128243611208596
0.5128012937224784
0.5127782381140442
0.5127551942015012
0.5127321618911055
0.5127091410894236
0.5126861317033309
0.5126631336400103
0.5126401468069499
0.5126171711119436
0.512594206463087
0.5125712527687779
0.5125483099377142
0.5125253778788916
0.5125024565016042
0.5124795457154406
0.5124566454302847
0.5124337555563124
0.5124108760039912
0.5123880066840794
0.5123651475076225
0.5123422983859538
0.512319459230693
0.5122966299537427
0.5122738104672897
0.5122510006838012
0.5122282005160257
0.5122054098769895
0.5121826286799961
0.5121598568386259
0.512137094266733
0.5121143408784452
0.5120915965881618
0.5120688613105527
0.5120461349605568
0.5120234174533808
0.5120007087044975
0.5119780086296452
0.5119553171448256
0.5119326341663022
0.5119099596106006
0.511887293394505
0.5118646354350583
0.5118419856495604
0.5118193439555666
0.5117967102708869
0.5117740845135836
0.5117514666019713
0.5117288564546147
0.5117062539903277
0.5116836591281715
0.5116610717874541
0.5116384918877284
0.5116159193487912
0.5115933540906816
0.5115707960336803
0.5115482450983075
0.5115257012053224
0.511503164275721
0.5114806342307359
0.5114581109918341
0.5114355944807168
0.5114130846193161
0.5113905813297962
0.5113680845345503
0.5113455941562006
0.5113231101175958
0.5113006323418108
0.5112781607521448
0.5112556952721209
0.5112332358254841
0.5112107823361997
0.511188334728453
0.5111658929266478
0.5111434568554047
0.5111210264395599
0.5110986016041649
0.5110761822744836
0.5110537683759928
0.5110313598343799
0.5110089565755418
0.5109865585255837
0.5109641656108181
0.5109417777577638
0.5109193948931434
0.5108970169438836
0.5108746438371133
0.5108522755001621
0.5108299118605598
0.5108075528460344
0.5107851983845114
0.5107628484041122
0.5107405028331534
0.510718161600145
0.51069582463379
0.5106734918629817
0.5106511632168045
0.5106288386245308
0.510606518015621
0.5105842013197217
0.5105618884666652
0.510539579386467
0.510517274009326
0.5104949722656225
0.5104726740859168
0.5104503794009488
0.5104280881416368
0.5104058002390748
0.5103835156245325
0.510361234229455
0.5103389559854599
0.5103166808243362
0.5102944086780443
0.5102721394787144
0.5102498731586443
0.5102276096502998
0.5102053488863116
0.5101830907994765
0.5101608353227537
0.5101385823892655
0.5101163319322949
0.5100940838852854
0.510071838181839
0.5100495947557151
0.5100273535408298
0.5100051144712546
0.5099828774812145
0.5099606425050877
0.5099384094774037
0.5099161783328429
0.5098939490062345
0.5098717214325561
0.5098494955469319
0.5098272712846319
0.5098050485810705
0.5097828273718054
0.5097606075925363
0.5097383891791039
0.5097161720674886
0.5096939561938093
0.5096717414943219
0.5096495279054188
0.5096273153636273
0.5096051038056076
0.5095828931681539
0.5095606833881903
0.5095384744027718
0.5095162661490819
0.5094940585644322
0.5094718515862603
0.5094496451521299
0.5094274391997279
0.5094052336668647
0.5093830284914724
0.5093608236116032
0.509338618965429
0.5093164144912395
0.5092942101274415
0.5092720058125573
0.5092498014852237
0.509227597084191
0.5092053925483211
0.5091831878165869
0.5091609828280712
0.5091387775219649
0.5091165718375662
0.509094365714279
0.5090721590916126
0.5090499519091791
0.5090277441066935
0.5090055356239712
0.5089833264009282
0.5089611163775789
0.5089389054940348
0.5089166936905041
0.5088944809072894
0.5088722670847876
0.5088500521634874
0.5088278360839698
0.5088056187869048
0.5087834002130515
0.5087611803032568
0.5087389589984538
0.5087167362396607
0.5086945119679792
0.508672286124594
0.5086500586507712
0.5086278294878562
0.508605598577274
0.5085833658605272
0.5085611312791943
0.508538894774929
0.5085166562894589
0.5084944157645839
0.5084721731421756
0.5084499283641755
0.5084276813725933
0.5084054321095073
0.5083831805170607
0.5083609265374626
0.5083386701129852
0.5083164111859635
0.5082941496987933
0.5082718855939306
0.5082496188138892
0.508227349301241
0.5082050769986133
0.5081828018486881
0.5081605237942011
0.5081382427779396
0.5081159587427422
0.5080936716314965
0.5080713813871385
0.5080490879526511
0.5080267912710625
0.5080044912854454
0.5079821879389153
0.5079598811746292
0.5079375709357847
0.5079152571656178
0.5078929398074027
0.5078706188044495
0.5078482941001037
0.5078259656377438
0.5078036333607814
0.5077812972126581
0.507758957136846
0.5077366130768448
0.5077142649761818
0.507691912778409
0.5076695564271033
0.5076471958658643
0.5076248310383129
0.50760246188809
0.5075800883588558
0.5075577103942875
0.5075353279380783
0.5075129409339363
0.5074905493255824
0.5074681530567496
0.5074457520711817
0.5074233463126311
0.5074009357248581
0.5073785202516293
0.5073560998367164
0.5073336744238941
0.5073112439569396
0.5072888083796308
0.5072663676357446
0.5072439216690556
0.5072214704233358
0.507199013842351
0.5071765518698612
0.5071540844496185
0.5071316115253655
0.5071091330408343
0.5070866489397449
0.507064159165803
0.5070416636627004
0.5070191623741114
0.5069966552436926
0.5069741422150814
0.506951623231894
0.5069290982377244
0.5069065671761425
0.5068840299906932
0.5068614866248944
0.5068389370222359
0.5068163811261779
0.5067938188801483
0.5067712502275438
0.5067486751117254
0.5067260934760194
0.5067035052637142
0.5066809104180596
0.5066583088822654
0.5066357005994991
0.506613085512885
0.5065904635655029
0.5065678347003856
0.5065451988605185
0.5065225559888373
0.5064999060282266
0.5064772489215186
0.5064545846114913
0.506431913040867
0.5064092341523109
0.5063865478884291
0.5063638541917678
0.5063411530048106
0.5063184442699785
0.5062957279296263
0.5062730039260431
0.506250272201449
0.5062275326979946
0.506204785357759
0.5061820301227482
0.5061592669348931
0.506136495736049
0.5061137164679927
0.5060909290724218
0.5060681334909526
0.5060453296651185
0.5060225175363685
0.5059996970460658
0.5059768681354855
0.5059540307458135
0.5059311848181446
0.5059083302934811
0.5058854671127306
0.5058625952167051
0.5058397145461185
0.5058168250415855
0.50579392664362
0.5057710192926328
0.5057481029289302
0.5057251774927128
0.5057022429240732
0.5056792991629939
0.5056563461493475
0.505633383822892
0.5056104121232716
0.5055874309900145
0.5055644403625297
0.5055414401801072
0.5055184303819148
0.5054954109069973
0.5054723816942746
0.5054493426825388
0.5054262938104545
0.5054032350165553
0.5053801662392426
0.5053570874167841
0.5053339984873116
0.5053108993888196
0.5052877900591631
0.5052646704360562
0.5052415404570701
0.5052184000596311
0.505195249181019
0.5051720877583658
0.5051489157286525
0.5051257330287091
0.5051025395952109
0.5050793353646783
0.5050561202734736
0.5050328942578005
0.5050096572537008
0.5049864091970538
0.5049631500235735
0.5049398796688075
0.5049165980681346
0.5048933051567631
0.504870000869729
0.5048466851418938
0.5048233579079431
0.5048000191023841
0.5047766686595444
0.5047533065135696
0.5047299325984211
0.5047065468478752
0.5046831491955199
0.5046597395747545
0.504636317918786
0.5046128841606281
0.5045894382330992
0.5045659800688203
0.5045425096002132
0.5045190267594982
0.5044955314786926
0.5044720236896081
0.5044485033238495
0.5044249703128123
0.5044014245876809
0.5043778660794265
0.5043542947188047
0.5043307104363547
0.5043071131623955
0.5042835028270256
0.5042598793601204
0.5042362426913293
0.5042125927500746
0.5041889294655495
0.5041652527667155
0.504141562582301
0.5041178588407984
0.5040941414704629
0.5040704103993096
0.5040466655551122
0.5040229068654007
0.5039991342574588
0.5039753476583222
0.5039515469947768
0.5039277321933563
0.5039039031803396
0.5038800598817497
0.5038562022233506
0.503832330130646
0.5038084435288763
0.5037845423430176
0.5037606264977782
0.5037366959175975
0.5037127505266434
0.5036887902488102
0.5036648150077163
0.5036408247267027
0.5036168193288295
0.5035927987368749
0.5035687628733326
0.5035447116604099
0.5035206450200246
0.5034965628738036
0.5034724651430806
0.5034483517488938
0.5034242226119833
0.5034000776527894
0.5033759167914501
0.5033517399477988
0.5033275470413621
0.5033033379913582
0.5032791127166928
0.5032548711359588
0.5032306131674337
0.5032063387290757
0.5031820477385236
0.5031577401130929
0.5031334157697742
0.503109074625231
0.503084716595797
0.5030603415974737
0.5030359495459286
0.5030115403564923
0.502987113944157
0.5029626702235728
0.5029382091090466
0.5029137305145391
0.502889234353663
0.5028647205396795
0.5028401889854972
0.5028156396036689
0.5027910723063896
0.5027664870054942
0.5027418836124543
0.5027172620383767
0.5026926221940007
0.5026679639896956
0.502643287335458
0.5026185921409101
0.5025938783152963
0.5025691457674819
0.5025443944059493
0.5025196241387968
0.5024948348737353
0.502470026518086
0.5024451989787785
0.502420352162347
0.5023954859749291
0.5023706003222635
0.5023456951096856
0.5023207702421268
0.5022958256241116
0.5022708611597541
0.5022458767527571
0.5022208723064081
0.5021958477235775
0.502170802906716
0.5021457377578514
0.5021206521785871
0.5020955460700989
0.5020704193331323
0.5020452718679999
0.5020201035745792
0.5019949143523099
0.5019697041001911
0.5019444727167788
0.501919220100183
0.5018939461480655
0.5018686507576369
0.5018433338256543
0.5018179952484183
0.5017926349217708
0.5017672527410917
0.501741848601297
0.5017164223968351
0.5016909740216848
0.5016655033693531
0.5016400103328712
0.5016144948047928
0.5015889566771914
0.5015633958416563
0.5015378121892918
0.501512205610713
0.5014865759960438
0.5014609232349134
0.5014352472164546
0.5014095478293001
0.50138382496158
0.5013580785009195
0.5013323083344354
0.5013065143487336
0.5012806964299065
0.5012548544635298
0.50122898833466
0.5012030979278311
0.5011771831270531
0.5011512438158067
0.5011252798770434
0.5010992911931799
0.5010732776460972
0.501047239117137
0.5010211754870987
0.5009950866362366
0.5009689724442571
0.500942832790316
0.500916667553015
0.5008904766103992
0.5008642598399541
0.5008380171186028
0.5008117483227029
0.5007854533280433
0.5007591320098419
0.5007327842427419
0.5007064099008093
0.5006800088575296
0.5006535809858057
0.500627126157953
0.5006006442456987
0.500574135120177
0.500547598651927
0.5005210347108892
0.500494443166403
0.5004678238872029
0.5004411767414164
0.5004145015965598
0.5003877983195361
0.5003610667766313
0.5003343068335118
0.5003075183552211
0.5002807012061762
0.5002538552501652
0.5002269803503441
0.500200076369233
0.5001731431687139
0.5001461806100266
0.5001191885537662
0.5000921668598801
0.5000651153876638
0.5000380339957587
0.5000109225421489
0.499983780884157
0.49995660887844207
0.4999294063809958
0.4999021732471391
0.49987490933151957
0.49984761448810766
0.49982028857019345
0.49979293143038356
0.49976554292059794
0.4997381228920664
0.49971067119532553
0.4996831876802145
0.49965567219587365
0.49962812459073896
0.49960054471254056
0.4995729324082979
0.4995452875243177
0.49951760990618943
0.49948989939878274
0.49946215584624387
0.499434379091992
0.49940656897871616
0.49937872534837185
0.4993508480421772
0.4993229369006099
0.499294991763404
0.4992670124695454
0.4992389988572701
0.4992109507640588
0.4991828680266349
0.49915475048096053
0.4991265979622327
0.4990984103048801
0.4990701873425599
0.4990419289081535
0.4990136348337635
0.4989853049507102
0.49895693908952743
0.49892853707995977
0.4989000987509582
0.49887162393067747
0.4988431124464712
0.4988145641248896
0.4987859787916748
0.4987573562717577
0.49872869638925454
0.4986999989674623
0.49867126382885646
0.4986424907950858
0.49861367968697
0.4985848303244951
0.49855594252680957
0.4985270161122221
0.498498050898196
0.49846904670134656
0.49844000333743665
0.49841092062137404
0.4983817983672059
0.4983526363881167
0.49832343449642325
0.49829419250357165
0.4982649102201326
0.4982355874557982
0.4982062240193782
0.4981768197187958
0.4981473743610837
0.4981178877523801
0.49808835969792564
0.4980587900020583
0.4980291784682105
0.4979995248989043
0.4979698290957483
0.4979400908594326
0.4979103099897261
0.4978804862854714
0.49785061954458143
0.49782070956403507
0.49779075613987356
0.4977607590671961
0.49773071814015557
0.49770063315195523
0.4976705038948438
0.49764033016011183
0.4976101117380879
0.4975798484181334
0.4975495399886394
0.4975191862370223
0.49748878694971965
0.49745834191218546
0.49742785090888675
0.49739731372329893
0.49736673013790156
0.49733609993417444
0.4973054228925931
0.49727469879262437
0.49724392741272266
0.4972131085303252
0.4971822419218477
0.49715132736268053
0.4971203646271839
0.4970893534886839
0.49705829371946725
0.49702718509077853
0.4969960273728144
0.49696482033471956
0.4969335637445827
0.49690225736943167
0.4968709009752292
0.49683949432686825
0.49680803718816796
0.49677652932186883
0.49674497048962785
0.496713360452015
0.496681698968508
0.4966499857974873
0.49661822069623274
0.49658640342091787
0.496554533726606
0.49652261136724546
0.49649063609566446
0.4964586076635673
0.49642652582152885
0.49639439031899074
0.49636220090425576
0.49632995732448393
0.49629765932568726
0.49626530665272506
0.4962328990492998
0.49620043625795135
0.4961679180200528
0.4961353440758055
0.4961027141642347
0.49607002802318334
0.4960372853893089
0.49600448599807767
0.49597162958375945
0.4959387158794237
0.49590574461693354
0.49587271552694173
0.49583962833888484
0.49580648278097905
0.49577327858021486
0.4957400154623513
0.49570669315191257
0.4956733113721815
0.4956398698451953
0.49560636829174004
0.4955728064313455
0.49553918398228075
0.4955055006615482
0.49547175618487876
0.4954379502667268
0.49540408262026486
0.49537015295737824
0.49533616098865996
0.49530210642340583
0.4952679889696082
0.4952338083339519
0.4951995642218084
0.49516525633722985
0.49513088438294495
0.4950964480603525
0.495061947069517
0.49502738110916233
0.4949927498766669
0.4949580530680584
0.4949232903780073
0.4948884614998229
0.4948535661254463
0.4948186039454463
0.4947835746490127
0.4947484779239514
0.4947133134566786
0.49467808093221555
0.4946427800341823
0.4946074104447928
0.49457197184484863
0.4945364639137336
0.49450088632940825
0.49446523876840365
0.49442952090581627
0.49439373241530166
0.4943578729690691
0.4943219422378757
0.4942859398910202
0.4942498655963381
0.49421371902019445
0.4941774998274796
0.49414120768160147
0.4941048422444811
0.49406840317654627
0.4940318901367255
0.49399530278244175
0.49395864076960705
0.493921903752616
0.49388509138434
0.4938482033161208
0.4938112391977653
0.4937741986775383
0.4937370814021573
0.4936998870167858
0.49366261516502746
0.4936252654889196
0.4935878376289274
0.4935503312239372
0.49351274591125127
0.49347508132657936
0.49343733710403537
0.49339951287612815
0.49336160827375747
0.49332362292620646
0.49328555646113526
0.49324740850457466
0.4932091786809205
0.49317086661292614
0.49313247192169635
0.4930939942266812
0.49305543314566913
0.4930167882947806
0.4929780592884611
0.49293924573947545
0.4929003472589009
0.49286136345611964
0.4928222939388133
0.4927831383129557
0.49274389618280645
0.49270456715090405
0.49266515081805906
0.4926256467833479
0.4925860546441052
0.49254637399591794
0.49250660443261796
0.49246674554627534
0.4924267969271917
0.4923867581638932
0.4923466288431235
0.492306408549837
0.4922660968671918
0.49222569337654315
0.49218519765743574
0.49214460928759707
0.4921039278429307
0.49206315289750846
0.49202228402356424
0.49198132079148627
0.4919402627698102
0.4918991095252121
0.4918578606225009
0.49181651562461187
0.49177507409259874
0.49173353558562677
0.49169189966096555
0.49165016587398175
0.49160833377813157
0.4915664029249536
0.4915243728640621
0.4914822431431383
0.4914400133079239
0.49139768290221386
0.49135525146784875
0.4913127185447069
0.4912700836706974
0.49122734638175264
0.49118450621182075
0.49114156269285764
0.49109851535482035
0.49105536372565867
0.49101210733130807
0.4909687456956817
0.49092527834066324
0.49088170478609894
0.49083802454979
0.49079423714748494
0.49075034209287194
0.4907063388975711
0.4906622270711267
0.4906180061209996
0.4905736755525589
0.49052923486907507
0.4904846835717113
0.49044002115951635
0.49039524712941596
0.4903503609762055
0.49030536219254245
0.49026025026893777
0.4902150246937481
0.4901696849531683
0.490124230531223
0.4900786609097588
0.4900329755684368
0.48998717398472336
0.4899412556338837
0.48989521998897234
0.4898490665208264
0.48980279469805615
0.48975640398703846
0.4897098938519076
0.4896632637545473
0.4896165131545829
0.4895696415093732
0.48952264827400227
0.48947553290127127
0.4894282948416902
0.48938093354346973
0.4893334484525128
0.4892858390124075
0.4892381046644172
0.4891902448474733
0.4891422589981671
0.489094146550741
0.4890459069370806
0.488997539586706
0.48894904392676447
0.4889004193820209
0.4888516653748505
0.4888027813252295
0.48875376665072817
0.48870462076650123
0.4886553430852801
0.48860593301736466
0.4885563899706147
0.4885067133504409
0.48845690255979823
0.48840695699917547
0.4883568760665883
0.48830665915757065
0.48825630566516576
0.48820581497991794
0.4881551864898653
0.4881044195805294
0.4880535136349088
0.4880024680334691
0.4879512821541353
0.4878999553722835
0.48784848706073247
0.4877968765897348
0.4877451233269686
0.4876932266375296
0.48764118588392263
0.4875890004260526
0.48753666962121683
0.48748419282409605
0.48743156938674703
0.48737879865859285
0.48732587998641574
0.4872728127143477
0.4872195961838631
0.4871662297337697
0.48711271270020057
0.48705904441660536
0.4870052242137428
0.48695125141967177
0.4868971253597429
0.48684284535659056
0.48678841073012497
0.4867338207975233
0.4866790748732214
0.48662417226890625
0.48656911229350736
0.48651389425318803
0.48645851745133817
0.4864029811885661
0.48634728476268907
0.4862914274687266
0.48623540859889214
0.4861792274425841
0.48612288328637915
0.4860663754140229
0.48600970310642294
0.48595286564164003
0.48589586229488113
0.4858386923384904
0.4857813550419423
0.4857238496718327
0.48566617549187224
0.4856083317628778
0.4855503177427648
0.4854921326865394
0.4854337758462914
0.4853752464711859
0.48531654380745626
0.48525766709839596
0.48519861558435134
0.4851393885027149
0.48507998508791583
0.4850204045714152
0.48496064618169654
0.48490070914425937
0.48484059268161195
0.4847802960132642
0.4847198183557202
0.4846591589224712
0.48459831692398847
0.4845372915677166
0.4844760820580666
0.48441468759640866
0.4843531073810651
0.48429134060730455
0.48422938646733477
0.48416724415029516
0.4841049128422522
0.48404239172619035
0.4839796799820079
0.4839167767865099
0.48385368131340095
0.48379039273328
0.4837269102136341
0.48366323291883184
0.4835993600101181
0.4835352906456072
0.48347102398027797
0.4834065591659674
0.4833418953513655
0.483277031682009
0.4832119673002766
0.4831467013453833
0.48308123295337524
0.4830155612571237
0.48294968538632127
0.48288360446747625
0.4828173176239072
0.4827508239757393
0.4826841226398981
0.48261721273010694
0.4825500933568803
0.4824827636275212
0.482415222646116
0.4823474695135302
0.4822795033274053
0.4822113231821537
0.48214292816895576
0.48207431737575546
0.48200548988725817
0.4819364447849254
0.48186718114697313
0.4817976980483674
0.48172799456082266
0.4816580697527975
0.4815879226894927
0.48151755243284894
0.48144695804154325
0.48137613857098804
0.4813050930733279
0.48123382059743813
0.481162320188923
0.48109059089011363
0.4810186317400668
0.4809464417745636
0.4808740200261081
0.48080136552392655
0.48072847729396606
0.48065535435889484
0.48058199573810073
0.4805084004476912
0.48043456750049385
0.48036049590605545
0.48028618467064293
0.48021163279724355
0.4801368392855655
0.48006180313203906
0.4799865233298174
0.4799109988687772
0.4798352287355214
0.47975921191338
0.47968294738241224
0.4796064341194081
0.47952967109789174
0.4794526572881227
0.4793753916571
0.47929787316856415
0.4792201007830008
0.4791420734576439
0.4790637901464802
0.47898524980025214
0.4789064513664626
0.47882739378937944
0.4787480760100402
0.47866849696625696
0.4785886555926211
0.4785085508205096
0.47842818157809053
0.47834754679032854
0.47826664537899255
0.4781854762626605
0.47810403835672777
0.47802233057341315
0.47794035182176764
0.47785810100768117
0.47777557703389073
0.4776927787999892
0.47760970520243373
0.477526355134555
0.4774427274865658
0.47735882114557154
0.4772746349955797
0.47719016791751034
0.4771054187892064
0.47702038648544476
0.47693506987794787
0.47684946783539484
0.47676357922343393
0.4766774029046942
0.4765909377387992
0.4765041825823789
0.4764171362890842
0.4763297977096001
0.47624216569165956
0.4761542390800588
0.47606601671667215
0.47597749744046675
0.47588868008751867
0.4757995634910293
0.4757101464813414
0.47562042788595643
0.47553040652955136
0.47544008123399734
0.4753494508183766
0.4752585140990026
0.4751672698894375
0.47507571700051315
0.47498385424034956
0.4748916804143766
0.4747991943253539
0.4747063947733923
0.4746132805559763
0.474519850467985
0.4744261033017159
0.47433203784690764
0.47423765289076336
0.4741429472179751
0.47404791961074866
0.4739525688488281
0.47385689370952194
0.47376089296772855
0.47366456539596385
0.4735679097643871
0.47347092484083003
0.4733736093908236
0.4732759621776275
0.4731779819622596
0.47307966750352487
0.47298101755804667
0.4728820308802972
0.47278270622262863
0.4726830423353055
0.4725830379665378
0.47248269186251257
0.47238200276742925
0.47228096942353287
0.47217959057115
0.4720778649487228
0.4719757912928464
0.4718733683383051
0.4717705948181093
0.4716674694635339
0.47156399100415647
0.4714601581678969
0.4713559696810565
0.47125142426835875
0.4711465206529905
0.47104125755664283
0.470935633699555
0.4708296478005554
0.4707232985771066
0.4706165847453495
0.4705095050201476
0.4704020581151331
0.4702942427427535
0.47018605761431764
0.47007750144004473
0.46996857292911143
0.4698592707897018
0.4697495937290565
0.4696395404535238
0.46952910966861006
0.46941830007903207
0.46930711038877027
0.4691955393011206
0.46908358551874985
0.46897124774374965
0.46885852467769307
0.4687454150216892
0.46863191747644195
0.46851803074230675
0.4684037535193492
0.46828908450740475
0.4681740224061382
0.46805856591510486
0.46794271373381247
0.4678264645617823
0.46770981709861387
0.46759277004404753
0.4674753220980301
0.46735747196077954
0.46723921833285187
0.46712055991520823
0.46700149540928165
0.4668820235170474
0.4667621429410911
0.4666418523846795
0.4665211505518315
0.4664000361473901
0.46627850787709524
0.46615656444765674
0.4660342045668293
0.46591142694348725
0.46578823028770044
0.46566461331081177
0.46554057472551397
0.4654161132459283
0.46529122758768404
0.46516591646799904
0.4650401786057594
0.4649140127216025
0.4647874175379989
0.4646603917793365
0.4645329341720043
0.46440504344447747
0.46427671832740397
0.46414795755369087
0.464018759858592
0.46388912397979687
0.46375904865751993
0.4636285326345906
0.4634975746565439
0.4633661734717135
0.4632343278313237
0.4631020364895823
0.46296929820377725
0.46283611173436895
0.46270247584508883
0.46256838930303473
0.46243385087876965
0.46229885934641934
0.4621634134837729
0.4620275120723819
0.46189115389766244
0.46175433774899577
0.46161706241983275
0.46147932670779546
0.4613411294147832
0.46120246934707654
0.4610633453154439
0.4609237561352481
0.4607837006265534
0.4606431776142351
0.46050218592808756
0.4603607244029342
0.46021879187873926
0.46007638720071775
0.4599335092194489
0.4597901567909886
0.4596463287769837
0.45950202404478535
0.45935724146756585
0.4592119799244331
0.4590662383005492
0.4589200154872451
0.45877331038214236
0.45862612188926866
0.4584784489191797
0.4583302903890779
0.45818164522293453
0.4580325123516108
0.4578828907129801
0.45773277925205125
0.4575821769210914
0.4574310826797513
0.45727949549518937
0.45712741434219717
0.45697483820332596
0.45682176606901315
0.4566681969377088
0.4565141298160054
0.45635956371876363
0.4562044976692432
0.456048930699232
0.4558928618491749
0.4557362901683061
0.45557921471477825
0.4554216345557951
0.4552635487677432
0.45510495643632404
0.4549458566566864
0.4547862485335609
0.4546261311813923
0.45446550372447425
0.4543043652970835
0.45414271504361453
0.45398055211871463
0.45381787568742005
0.45365468492529004
0.45349097901854474
0.45332675716420096
0.4531620185702072
0.4529967624555827
0.452830988050553
0.45266469459668757
0.4524978813470374
0.45233054756627156
0.4521626925308163
0.4519943155289916
0.45182541586115005
0.45165599283981384
0.45148604578981366
0.451315574048426
0.45114457696551213
0.4509730539036548
0.4508010042382977
0.4506284273578828
0.45045532266398847
0.4502816895714661
0.45010752750857963
0.44993283591714217
0.449757614252653
0.44958186198443545
0.44940557859577324
0.44922876358404773
0.44905141646087354
0.4488735367522361
0.4486951239986258
0.44851617775517416
0.4483366975917895
0.4481566830932908
0.44797613385954244
0.44779504950558735
0.4476134296617813
0.44743127397392535
0.4472485821033975
0.4470653537272853
0.4468815885385165
0.4466972862459899
0.4465124465747048
0.44632706926589033
0.44614115407713406
0.4459547007825102
0.445767709172705
0.44558017905514524
0.4453921102541214
0.4452035026109139
0.4450143559839157
0.4448246702487555
0.444634445298419
0.44444368104337084
0.44425237741167284
0.44406053434910436
0.4438681518192789
0.44367522980376106
0.44348176830218267
0.4432877673323562
0.44309322693038844
0.44289814715079207
0.44270252806659693
0.4425063697694594
0.44230967236976976
0.4421124359967597
0.44191466079860786
0.44171634694254286
0.441517494614947
0.441318104021457
0.4411181753870627
0.4409177089562072
0.44071670499288074
0.44051516378071837
0.4403130856230909
0.4401104708431981
0.43990731978415826
0.4397036328090964
0.4394994103012305
0.4392946526639572
0.43908936032093354
0.43888353371615896
0.43867717331405437
0.43847027959953955
0.4382628530781084
0.4380548942759029
0.4378464037397837
0.437637382037401
0.43742782975726036
0.43721774750879017
0.43700713592240276
0.4367959956495573
0.436584327362818
0.4363721317559111
0.4361594095437795
0.43594616146263543
0.4357323882700101
0.4355180907448024
0.43530326968732336
0.43508792591934026
0.43487206028411685
0.43465567364645274
0.4344387668927183
0.4342213409308888
0.43400339669057575
0.43378493512305505
0.43356595720129365
0.4333464639199732
0.4331264562955104
0.4329059353660759
0.43268490219161093
0.4324633578538393
0.4322413034562782
0.4320187401242479
0.43179566900487437
0.43157209126709395
0.43134800810165236
0.4311234207211018
0.4308983303597961
0.43067273827388136
0.43044664574128505
0.43022005406170283
0.42999296455658104
0.4297653785690969
0.429537297464137
0.42930872262827124
0.42907965546972465
0.42885009741834706
0.42862004992557845
0.42838951446441276
0.42815849252935717
0.4279269856363908
0.42769499532291755
0.42746252314771915
0.42722957069090267
0.4269961395538461
0.4267622313591417
0.42652784775053487
0.4262929903928614
0.4260576609719804
0.4258218611947061
0.4255855927887351
0.4253488575025708
0.42511165710544563
0.4248739933872398
0.42463586815839754
0.4243972832498386
0.4241582405128702
0.4239187418190915
0.42367878906030043
0.42343838414839186
0.4231975290152571
0.4229562256126793
0.42271447591222405
0.4224722819051304
0.42222964560219545
0.4219865690336587
0.42174305424908226
0.4214991033172274
0.42125471832593075
0.4210099013819749
0.4207646546109573
0.42051898015715694
0.42027288018339654
0.4200263568709035
0.4197794124191674
0.41953204904579394
0.41928426898635834
0.41903607449425284
0.41878746784053444
0.41853845131376755
0.4182890272198659
0.41803919788193034
0.4177889656400845
0.4175383328513075
0.4172873018892659
0.4170358751441391
0.41678405502244614
0.4165318439468685
0.41627924435606967
0.41602625870451265
0.41577288946227575
0.4155191391148655
0.41526501016302586
0.41501050512254767
0.4147556265240737
0.4145003769129014
0.4142447588487849
0.41398877490573355
0.41373242767180757
0.41347571974891406
0.41321865375259736
0.4129612323118308
0.41270345806880365
0.4124453336787074
0.41218686180951974
0.4119280451417864
0.4116688863684008
0.41140938819438294
0.4111495533366549
0.4108893845238156
0.41062888449591306
0.41036805600421505
0.4101069018109792
0.4098454246892189
0.40958362742247073
0.40932151280455686
0.4090590836393496
0.40879634274053045
0.4085332929313515
0.4082699370443929
0.40800627792131894
0.40774231841263503
0.4074780613774407
0.40721350968318293
0.40694866620540765
0.4066835338275101
0.4064181154404847
0.406152413942673
0.40588643223951065
0.40562017324327415
0.4053536398728258
0.4050868350533581
0.4048197617161374
0.40455242279824644
0.4042848212423259
0.40401695999631654
0.403748842013199
0.40348047025073347
0.4032118476711996
0.4029429772411342
0.40267386193107085
0.4024045047152765
0.4021349085714895
0.4018650764806552
0.4015950114266653
0.40132471639609113
0.40105419437792167
0.4007834483632994
0.4005124813452552
0.4002412963184447
0.39996989627888385
0.3996982842236844
0.3994264631507897
0.3991544360587107
0.39888220594626084
0.3986097758122934
0.39833714865543657
0.39806432747383125
0.397791315264866
0.39751811502491596
0.39724472974907965
0.39697116243091624
0.3966974160621852
0.3964234936325838
0.39614939812948785
0.3958751325376909
0.3956006998391448
0.3953261030127016
0.39505134503385503
0.3947764288744831
0.3945013575025928
0.3942261338820621
0.3939507609723879
0.39367524172842994
0.39339957910015866
0.39312377603240295
0.39284783546460017
0.39257176033054403
0.39229555355813706
0.392019218069143
0.3917427567789393
0.3914661725962712
0.3911894684230093
0.3909126471539036
0.39063571167634453
0.3903586648701201
0.39008150960717825
0.3898042487513875
0.38952688515830164
0.3892494216749237
0.38897186113947324
0.3886942063811531
0.38841646021991927
0.38813862546625116
0.3878607049209243
0.3875827013747845
0.38730461760852203
0.38702645639245015
0.3867482204862825
0.3864699126389146
0.38619153558820446
0.3859130920607575
0.3856345847717111
0.3853560164245218
0.3850773897107548
0.3847987073098734
0.3845199718890322
0.38424118610287084
0.3839623525933103
0.38368347398935054
0.38340455290686953
0.38312559194842544
0.38284659370306007
0.38256756074610315
0.38228849563897926
0.38200940092901847
0.38173027914926516
0.3814511328182922
0.38117196444001444
0.3808927765035061
0.38061357148281877
0.38033435183680186
0.3800551200089253
0.37977587842710314
0.3794966295035207
0.3792173756344618
0.3789381192001392
0.3786588625645267
0.3783796080751932
0.378100358063138
0.3778211148426301
0.377541880711046
0.37726265794871305
0.37698344881875273
0.37670425556692505
0.3764250804214789
0.3761459255929976
0.37586679327425365
0.37558768564006045
0.3753086048471275
0.3750295530339176
0.3747505323205057
0.37447154480844036
0.3741925925806047
0.37391367770108314
0.37363480221502565
0.3733559681485178
0.37307717750844926
0.3727984322823855
0.3725197344384432
0.3722410859251636
0.37196248867139003
0.3716839445861471
0.3714054555585215
0.37112702345754317
0.37084865013207025
0.3705703374106742
0.3702920871015266
0.3700139009922889
0.36973578085000236
0.36945772842097985
0.36917974543069987
0.36890183358370154
0.36862399456348127
0.36834623003239064
0.3680685416315368
0.3677909309806818
0.36751339967814767
0.3672359493007181
0.3669585814035443
0.3666812975200521
0.36640409916184924
0.3661269878186349
0.36584996495811023
0.3655730320258894
0.36529619044541345
0.36501944161786326
0.36474278692207596
0.3644662277144596
0.364189765328913
0.363913401076741
0.3636371362465773
0.3633609721043018
0.36308490989296416
0.3628089508327055
0.3625330961206809
0.3622573469309845
0.36198170441457367
0.36170616969919506
0.36143074388931046
0.36115542806602463
0.36088022328701197
0.36060513058644716
0.360330150974931
0.36005528543942233
0.3597805349431679
0.3595059004256319
0.35923138280242756
0.35895698296524947
0.3586827017818036
0.358408540095741
0.3581344987265895
0.3578605784696862
0.35758678009611133
0.35731310435262054
0.35703955196157794
0.3567661236208896
0.3564928200039372
0.3562196417595112
0.35594658951174346
0.35567366386004134
0.35540086537902005
0.3551281946184355
0.3548556521031181
0.3545832383329034
0.3543109537825654
0.3540387989017478
0.3537667741148952
0.3534948798211841
0.35322311639445403
0.3529514841831357
0.35267998351018204
0.3524086146729951
0.35213737794335515
0.35186627356734795
0.3515953017652904
0.35132446273165635
0.35105375663500127
0.35078318361788696
0.35051274379680214
0.350242437262087
0.3499722640778514
0.34970222428189623
0.34943231788563023
0.349162544873989
0.3488929052053488
0.34862339881144233
0.3483540255972717
0.3480847854410201
0.347815678193961
0.3475467036803687
0.3472778616974237
0.3470091520151185
0.3467405743761616
0.34647212849587933
0.34620381406211514
0.3459356307351289
0.34566757814749216
0.34539965590398314
0.34513186358147874
0.3448642007288437
0.3445966668668198
0.344329261487911
0.3440619840562668
0.34379483400756317
0.3435278107488814
0.34326091365858424
0.34299414208618967
0.34272749535224134
0.3424609727481779
0.3421945735361982
0.34192829694912463
0.3416621421902622
0.3413961084332571
0.3411301948219498
0.3408644004702273
0.3405987244618703
0.3403331658503988
0.3400677236589135
0.33980239687993463
0.33953718447523706
0.33927208537568143
0.3390070984810426
0.3387422226598351
0.33847745674913293
0.33821279955438793
0.3379482498492423
0.3376838063753397
0.33741946784212995
0.33715523292667116
0.3368911002734281
0.3366270684940654
0.3363631361672372
0.3360993018383725
0.33583556401945597
0.3355719211888045
0.3353083717908397
0.3350449142358544
0.3347815468997764
0.33451826812392643
0.3342550762147713
0.33399196944367276
0.3337289460466302
0.3334660042240205
0.33320314214033053
0.33294035792388627
0.3326776496665741
0.3324150154235612
0.33215245321300557
0.3318899610157637
0.3316275367750918
0.33136517839634166
0.3311028837466501
0.33084065065462226
0.33057847691001147
0.33031636026339045
0.3300542984258166
0.3297922890684937
0.32953032982242403
0.3292684182780563
0.32900655198492734
0.3287447284512951
0.3284829451437683
0.32822119948692563
0.3279594888629329
0.3276978106111483
0.327436162027724
0.3271745403652015
0.3269129428320954
0.32665136659247535
0.32638980876553725
0.32612826642516846
0.3258667365995058
0.32560521627048405
0.32534370237338095
0.32508219179634884
0.3248206813799446
0.32455916791664624
0.3242976481503665
0.32403611877595395
0.3237745764386896
0.32351301773377356
0.3232514392058028
0.32298983734824266
0.3227282086028885
0.32246654935931834
0.3222048559543397
0.3219431246714234
0.3216813517401331
0.32141953333554285
0.3211576655776482
0.3208957445307652
0.3206337662029254
0.32037172654525525
0.3201096214513531
0.31984744675665155
0.319585198237774
0.3193228716118806
0.31906046253600434
0.3187979666063791
0.3185353793577576
0.31827269626271865
0.31800991273096774
0.3177470241086243
0.31748402567750283
0.3172209126543824
0.31695768019026666
0.31669432336963477
0.3164308372096822
0.31616721665955244
0.31590345659955693
0.3156395518403884
0.31537549712232166
0.3151112871144069
0.31484691641365126
0.3145823795441918
0.3143176709564586
0.31405278502632883
0.3137877160542705
0.31352245826447545
0.31325700580398647
0.312991352741811
0.3127254930680279
0.312459420692884
0.3121931294458824
0.3119266130748603
0.31165986524505895
0.3113928795381842
0.3111256494514589
0.3108581683966665
0.31059042969918593
0.3103224265970181
0.3100541522398056
0.3097855996878435
0.3095167619110823
0.3092476317881241
0.30897820210521176
0.3087084655552106
0.3084384147365834
0.30816804215235977
0.30789734020909915
0.30762630121584783
0.3073549173830897
0.3070831808216956
0.3068110835418641
0.30653861745205846
0.30626577435794367
0.30599254596131487
0.3057189238590273
0.3054448995419212
0.3051704643937464
0.30489560969008456
0.3046203265972718
0.30434460617131986
0.30406843935684
0.30379181698596625
0.30351472977727983
0.3032371683347401
0.3029591231466136
0.3026805845844119
0.30240154290183197
0.30212198823370273
0.30184191059493864
0.301561299879501
0.30128014585936846
0.30099843818351557
0.30071616637690357
0.3004333198394824
0.30014988784520563
0.2998658595410597
0.29958122394610776
0.2992959699505513
0.29901008631480824
0.2987235616686117
0.29843638451012816
0.2981485432050981
0.29786002598600064
0.29757082095124315
0.29728091606437657
0.29699029915334085
0.29669895790973877
0.2964068798881432
0.2961140525054367
0.2958204630401874
0.2955260986320616
0.2952309462812779
0.29493499284809965
0.2946382250523733
0.2943406294731124
0.2940421925481284
0.2937429005737133
0.2934427397043732
0.29314169595261863
0.29283975518881156
0.2925369031410716
0.29223312539524765
0.2919284073949513
0.2916227344416606
0.29131609169489453
0.29100846417245985
0.2906998367507762
0.290390194165279
0.29007952101090634
0.28976780174267125
0.28945502067632156
0.28914116198909323
0.2888262097205591
0.28851014777357314
0.2881929599153216
0.287874629778475
0.287555140862451
0.28723447653478984
0.2869126200326441
0.2865895544643887
0.2862652628113548
0.2859397279296883
0.28561293255234044
0.28528485929119224
0.2849554906393152
0.2846248089733761
0.2842927965561845
0.28395943553939124
0.2836247079663389
0.2832885957750687
0.28295108080148906
0.28261214478270574
0.2822717693605233
0.2819299360851144
0.2815866264188682
0.28124182174041307
0.2808955033488264
0.2805476524680266
0.2801982502513562
0.27984727778635715
0.27949471609974263
0.2791405461625667
0.27878474889559796
0.27842730517489656
0.2780681958375995
0.27770740168791824
0.2773449035033476
0.2769806820410905
0.2766147180447009
0.2762469922509465
0.2758774853968928
0.27550617822720985
0.27513305150170425
0.27475808600307666
0.27438126254490536
0.27400256197985706
0.27362196520812615
0.2732394531861
0.27285500693525255
0.27246860755126406
0.27208023621336785
0.2716898741939196
0.271297502868191
0.27090310372438375
0.2705066583738637
0.27010814856160725
0.26970755617686404
0.2693048632640272
0.26890005203370754
0.26849310487401035
0.2680840043620054
0.2676727332753891
0.26725927460432913
0.2668436115634885
0.2664257276042196
0.26600560642692095
0.26558323199355255
0.2651585885402952
0.26473166059035036
0.2643024329668684
0.2638708908059953
0.2634370195700288
0.2630008050606719
0.26256223343237156
0.26212129120573296
0.261677965280994
0.2612322429515492
0.2607841119175062
0.2603335602992684
0.2598805766511171
0.2594251499747912
0.25896726973303946
0.2585069258631347
0.2580441087903306
0.2575788094412483
0.2571110192571699
0.25664073020722994
0.2561679348014768
0.2556926261037972
0.25521479774467576
0.2547344439337768
0.25425155947233097
0.2537661397653017
0.2532781808333178
0.25278767932435325
0.2522946325251311
0.25179903837223705
0.25130089546291967
0.25080020306556206
0.25029696112980326
0.24979117029629203
0.24928283190605394
0.24877194800945496
0.24825852137474114
0.24774255549613938
0.24722405460150068
0.24670302365946947
0.24617946838616286
0.2456533952513436
0.24512481148407309
0.2445937250778275
0.24406014479506574
0.2435240801712345
0.24298554151819807
0.24244453992708304
0.24190108727052395
0.24135519620430368
0.2408068801683763
0.24025615338726744
0.23970303086984207
0.23914752840843634
0.23858966257734637
0.23802945073067155
0.23746691099950806
0.23690206228849195
0.23633492427169006
0.235765517387841
0.23519386283494417
0.23461998256420408
0.23404389927332925
0.23346563639919427
0.2328852181098684
0.2323026692960199
0.2317180155617012
0.23113128321453
0.23054249925526893
0.2299516913668237
0.2293588879026627
0.228764117874683
0.22816741094052442
0.2275687973903594
0.22696830813316493
0.2263659746825003
0.22576182914180482
0.22515590418923698
0.22454823306207208
0.22393884954068038
0.22332778793210503
0.22271508305326262
0.22210077021378732
0.22148488519854126
0.22086746424981413
0.2202485440492336
0.21962816169941335
0.21900635470535906
0.2183831609556585
0.21775861870347824
0.21713276654739216
0.21650564341206574
0.2158772885288204
0.21524774141610087
0.21461704185987146
0.21398522989396307
0.2133523457803959
0.21271842998970034
0.21208352318125884
0.21144766618369198
0.21081089997531038
0.2101732656646538
0.20953480447113948
0.20889555770583948
0.20825556675240742
0.20761487304817405
0.20697351806543002
0.20633154329291542
0.20568899021753137
0.2050459003062928
0.20440231498853434
0.20375827563839216
0.2031138235575673
0.20246899995839
0.20182384594719732
0.2011784025080336
0.20053271048668872
0.1998868105750816
0.19924074329600036
0.19859454898820855
0.19794826779192348
0.19730193963467715
0.19665560421756378
0.19600930100188085
0.19536306919616886
0.1947169477436551
0.19407097531010128
0.19342519027206448
0.19277963070556706
0.19213433437518068
0.19148933872352597
0.19084468086118433
0.19020039755702672
0.1895565252289536
0.1889130999350484
0.1882701573651392
0.18762773283276962
0.1869858612675723
0.18634457720804365
0.18570391479471593
0.1850639077637208
0.18442458944074114
0.1837859927353441
0.1831481501356932
0.18251109370362933
0.18187485507011764
0.18123946543105238
0.1806049555434151
0.1799713557217752
0.17933869583513062
0.178707005304078
0.1780763130983054
0.1774466477344018
0.17681803727397294
0.17619050932205776
0.17556409102583667
0.17493880907362397
0.17431468969413472
0.17369175865602146
0.17307004126766948
0.17244956237724335
0.17183034637297767
0.1712124171837023
0.17059579827959623
0.16998051267315928
0.16936658292039575
0.168754031122202
0.16814287892594912
0.16753314752725332
0.16692485767192805
0.16631802965810688
0.16571268333853417
0.16510883812301141
0.16450651298099656
0.16390572644434645
0.16330649661019633
0.16270884114397005
0.162112777282513
0.16151832183734308
0.16092549119801317
0.1603343013355766
0.1597447678061524
0.15915690575458286
0.15857072991817883
0.1579862546305461
0.1574034938254869
0.1568224610409752
0.15624316942319333
0.15566563173063303
0.15508986033825145
0.15451586724167776
0.1539436640614668
0.15337326204739604
0.15280467208280032
0.15223790468894038
0.1516729700294025
0.15110987791452407
0.15054863780584266
0.14998925882056452
0.1494317497360478
0.14887611899430125
0.14832237470648965
0.1477705246574489
0.1472205763102025
0.1466725368104815
0.14612641299124063
0.1455822113771734
0.14503993818921807
0.14449959934905657
0.1439612004836028
0.1434247469294778
0.14289024373746909
0.14235769567697548
0.1418271072404313
0.14129848264771194
0.14077182585051687
0.14024714053673001
0.13972443013475405
0.13920369781782088
0.13868494650827287
0.13816817888181637
0.1376533973717449
0.13714060417313279
0.13662980124699597
0.13612099032442082
0.13561417291065841
0.13510935028918536
0.1346065235257303
0.13410569347226217
0.13360686077094402
0.13311002585804912
0.1326151889678397
0.1321223501364074
0.13163150920547426
0.1311426658261569
0.13065581946268923
0.13017096939610656
0.12968811472788971
0.12920725438356814
0.12872838711628348
0.12825151151031253
0.12777662598454798
0.12730372879594026
0.1268328180428966
0.12636389166863995
0.12589694746452684
0.1254319830733229
0.12496899599243876
0.12450798357712389
0.12404894304361906
0.12359187147226883
0.12313676581059166
0.12268362287631085
0.12223243936034324
0.12178321182974797
0.12133593673063471
0.12089061039103233
0.12044722902371545
0.12000578872899378
0.11956628549745951
0.1191287152126966
0.11869307365395004
0.11825935649875657
0.11782755932553673
0.11739767761614786
0.11696970675839913
0.11654364204852873
0.11611947869364372
0.11569721181412168
0.11527683644597582
0.11485834754318307
0.11444173997997659
0.11402700855310008
0.11361414798402875
0.11320315292115264
0.11279401794192642
0.11238673755498302
0.1119813062022137
0.11157771826081303
0.11117596804529109
0.11077604980945097
0.11037795774833466
0.10998168600013385
0.10958722864807066
0.10919457972224486
0.10880373320144945
0.10841468301495491
0.10802742304426308
0.1076419471248291
0.10725824904775363
0.10687632256144526
0.10649616137325281
0.10611775915106841
0.10574110952490202
0.10536620608842691
0.10499304240049658
0.1046216119866348
0.10425190834049708
0.10388392492530546
0.10351765517525614
0.1031530924969008
0.10279023027050171
0.10242906185136072
0.10206958057112306
0.10171177973905601
0.10135565264330249
0.10100119255211017
0.10064839271503676
0.10029724636413076
0.09994774671508985
0.09959988696839484
0.09925366031042163
0.09890905991452997
0.09856607894213122
0.09822471054373226
0.09788494785995987
0.09754678402256249
0.09721021215539156
0.09687522537536185
0.09654181679339195
0.09620997951532465
0.0958797066428263
0.09555099127426935
0.09522382650559272
0.09489820543114577
0.09457412114451215
0.09425156673931576
0.0939305353100092
0.09361101995264395
0.09329301376562328
0.09297650985043743
0.09266150131238336
0.09234798126126624
0.09203594281208514
0.09172537908570322
0.09141628320950097
0.09110864831801488
0.09080246755356006
0.09049773406683816
0.09019444101753019
0.08989258157487501
0.08959214891823326
0.08929313623763754
0.08899553673432764
0.08869934362127409
0.08840455012368603
0.08811114947950802
0.08781913493990194
0.08752849976971788
0.08723923724795132
0.08695134066818856
0.08666480333904014
0.08637961858456197
0.0860957797446652
0.0858132801755146
0.08553211324991543
0.08525227235768951
0.08497375090604024
0.08469654231990772
0.0844206400423119
0.08414603753468691
0.08387272827720504
0.0836007057690897
0.08332996352892048
0.08306049509492727
0.08279229402527552
0.08252535389834235
0.0822596683129839
0.08199523088879329
0.08173203526635005
0.08147007510746171
0.08120934409539615
0.08094983593510645
0.08069154435344719
0.08043446309938349
0.0801785859441919
0.07992390668165361
0.07967041912824097
0.07941811712329597
0.07916699452920184
0.07891704523154833
0.07866826313928904
0.07842064218489272
0.07817417632448834
0.07792885953800247
0.07768468582929239
0.07744164922627084
0.07719974378102623
0.07695896356993671
0.07671930269377758
0.0764807552778243
0.07624331547194904
0.07600697745071242
0.07577173541344914
0.07553758358434942
0.07530451621253459
0.07507252757212815
0.07484161196232159
0.07461176370743583
0.07438297715697781
0.07415524668569247
0.07392856669361053
0.0737029316060917
0.07347833587386358
0.07325477397305666
0.07303224040523557
0.07281072969742497
0.07259023640213329
0.07237075509737176
0.07215228038666993
0.07193480689908743
0.07171832928922221
0.07150284223721626
0.07128834044875595
0.0710748186550715
0.07086227161293149
0.07065069410463462
0.07044008093799939
0.0702304269463493
0.07002172698849657
0.06981397594872185
0.06960716873675224
0.06940130028773578
0.06919636556221338
0.06899235954608951
0.0687892772505982
0.06858711371226864
0.06838586399288712
0.0681855231794577
0.06798608638415947
0.06778754874430278
0.06758990542228265
0.06739315160553047
0.06719728250646363
0.06700229336243309
0.06680817943566913
0.06661493601322539
0.06642255840692093
0.06623104195328083
0.06604038201347488
0.06585057397325488
0.06566161324288958
0.06547349525709979
0.06528621547499
0.0650997693799801
0.06491415247973463
0.06472936030609153
0.06454538841498896
0.06436223238639158
0.06417988782421458
0.06399835035624739
0.06381761563407584
0.06363767933300332
0.06345853715197129
0.06328018481347776
0.06310261806349567
0.06292583267138994
0.06274982442983393
0.06257458915472441
0.06240012268509636
0.06222642088303637
0.062053479633595685
0.0618812948447023
0.061709862447072064
0.06153917839411992
0.06136923866186951
0.061200039248862484
0.06103157617606791
0.060863845486789844
0.06069684324657508
0.06053056554312057
0.0603650084861799
0.06020016820746914
0.06003604086057317
0.05987262262085043
0.059709909685337834
0.059547898272655594
0.05938658462291092
0.05922596499760199
0.05906603567952176
0.05890679297266034
0.05874823320210885
0.058590352713961395
0.058433147875217695
0.058276615073685326
0.058120750717881906
0.057965551236936454
0.05781101308049171
0.05765713271860486
0.05750390664164977
0.057351331360217736
0.05719940340501923
0.057048119326784205
0.05689747569616392
0.05674746910363167
0.05659809615938373
0.056449353493240456
0.0563012377545473
0.05615374561207563
0.05600687375392371
0.05586061888741793
0.05571497773901403
0.055569947054197696
0.05542552359738632
0.05528170415183012
0.05513848551951346
0.05499586452105662
0.054853837995617154
0.054712402800791746
0.05457155581251817
0.05443129392497727
0.05429161405049528
0.0541525131194459
0.05401398808015315
0.05387603589879412
0.053738653559301505
0.05360183806326717
0.053465586429845134
0.05332989569565551
0.05319476291468788
0.05306018515820559
0.05292615951464972
0.052792683089544
0.052659753005399004
0.052527366401617745
0.05239552043440049
0.05226421227665034
0.052133439117879474
0.05200319816411473
0.05187348663780429
0.05174430177772427
0.05161564083888587
0.051487501092442246
0.051359879825596616
0.051232774341509864
0.05110618195920903
0.0509801000134954
0.05085452585485382
0.050729456849361705
0.05060489037859883
0.050480823839556765
0.050357254644549536
0.050234180221123956
0.0501115980119706
0.04998950547483517
