0.5641992587796236
0.611986220604857
0.5934168434650922
0.5775694890404385
0.5646115004843352
0.5544198324754559
0.5466658812863208
0.5409236944841592
0.5367595168693243
0.5337864175769764
0.531687070833669
0.5302155082226239
0.5291883033864858
0.5284722769702276
0.5279725087459181
0.5276222138831956
0.527374824790628
0.5271980759750539
0.5270697120156975
0.5269744320926744
0.5269017423677675
0.5268444594753943
0.5267976739021942
0.5267580348939918
0.5267232586056659
0.5266917905175672
0.5266625741012073
0.5266348924909972
0.5266082602343114
0.5265823493486272
0.5265569388576575
0.5265318803824675
0.5265070747027785
0.5264824558086705
0.5264579800629225
0.5264336188475218
0.52640935358337
0.526385172364789
0.5263610676914467
0.526337034945005
0.5263130713702493
0.5262891753972344
0.5262653461933315
0.5262415833697731
0.5262178867915944
0.5261942564564257
0.5261706924188345
0.5261471947445493
0.5261237634840744
0.5261003986587063
0.5260771002543161
0.5260538682198608
0.5260307024686433
0.5260076028810537
0.5259845693079945
0.5259616015745027
0.5259386994832812
0.5259158628179864
0.5258930913461923
0.5258703848220125
0.5258477429883798
0.5258251655790099
0.5258026523200754
0.5257802029316256
0.5257578171287824
0.5257354946227458
0.5257132351216326
0.5256910383311788
0.5256689039553222
0.5256468316966877
0.5256248212569881
0.5256028723373579
0.5255809846386271
0.5255591578615496
0.525537391706989
0.5255156858760734
0.5254940400703231
0.5254724539917526
0.5254509273429573
0.5254294598271828
0.5254080511483825
0.5253867010112623
0.5253654091213197
0.525344175184873
0.5253229989090861
0.525301880001988
0.5252808181724873
0.5252598131303852
0.525238864586384
0.5252179722520935
0.5251971358400376
0.525176355063656
0.5251556296373073
0.5251349592762703
0.5251143436967433
0.5250937826158448
0.5250732757516114
0.5250528228229977
0.5250324235498726
0.5250120776530182
0.5249917848541275
0.524971544875801
0.524951357441544
0.524931222275764
0.5249111391037666
0.524891107651754
0.5248711276468192
0.5248511988169453
0.5248313208909999
0.5248114935987332
0.5247917166707735
0.524771989838624
0.5247523128346597
0.5247326853921233
0.5247131072451217
0.5246935781286228
0.5246740977784522
0.5246546659312884
0.524635282324661
0.5246159466969456
0.5245966587873607
0.5245774183359657
0.5245582250836547
0.5245390787721551
0.5245199791440227
0.5245009259426398
0.5244819189122099
0.5244629577977553
0.5244440423451142
0.5244251723009351
0.5244063474126757
0.5243875674285977
0.524368832097765
0.5243501411700383
0.5243314943960737
0.5243128915273176
0.5242943323160046
0.5242758165151533
0.5242573438785632
0.5242389141608108
0.5242205271172475
0.5242021825039955
0.5241838800779437
0.5241656195967452
0.5241474008188145
0.524129223503323
0.5241110874101965
0.5240929923001116
0.524074937934492
0.5240569240755062
0.5240389504860636
0.5240210169298112
0.5240031231711304
0.523985268975134
0.5239674541076625
0.5239496783352817
0.5239319414252782
0.5239142431456576
0.5238965832651403
0.5238789615531585
0.5238613777798533
0.5238438317160717
0.5238263231333626
0.5238088518039742
0.5237914175008511
0.5237740199976306
0.52375665906864
0.5237393344888931
0.5237220460340875
0.5237047934806012
0.5236875766054894
0.5236703951864818
0.5236532490019795
0.5236361378310511
0.5236190614534311
0.5236020196495155
0.5235850122003594
0.5235680388876739
0.5235510994938226
0.5235341938018198
0.523517321595326
0.5235004826586461
0.5234836767767255
0.5234669037351474
0.52345016332013
0.5234334553185241
0.5234167795178087
0.5234001357060891
0.523383523672094
0.5233669432051716
0.523350394095288
0.5233338761330234
0.5233173891095692
0.5233009328167254
0.523284507046898
0.5232681115930954
0.5232517462489257
0.523235410808594
0.5232191050669004
0.5232028288192353
0.5231865818615775
0.5231703639904927
0.5231541750031276
0.5231380146972101
0.5231218828710452
0.5231057793235117
0.5230897038540604
0.5230736562627106
0.5230576363500482
0.523041643917222
0.523025678765941
0.5230097406984726
0.5229938295176386
0.5229779450268137
0.5229620870299219
0.522946255331434
0.522930449736365
0.5229146700502714
0.5228989160792487
0.5228831876299278
0.5228674845094741
0.5228518065255829
0.522836153486478
0.5228205252009088
0.522804921478147
0.5227893421279854
0.5227737869607335
0.5227582557872165
0.5227427484187714
0.5227272646672454
0.5227118043449933
0.5226963672648736
0.5226809532402475
0.5226655620849758
0.5226501936134162
0.5226348476404207
0.5226195239813329
0.5226042224519869
0.5225889428687025
0.5225736850482847
0.5225584488080199
0.5225432339656741
0.5225280403394904
0.5225128677481863
0.5224977160109507
0.5224825849474433
0.5224674743777895
0.5224523841225805
0.5224373140028694
0.5224222638401689
0.5224072334564493
0.5223922226741361
0.5223772313161075
0.5223622592056916
0.5223473061666648
0.5223323720232488
0.5223174566001089
0.5223025597223506
0.5222876812155186
0.5222728209055935
0.5222579786189896
0.5222431541825534
0.5222283474235598
0.5222135581697117
0.5221987862491358
0.5221840314903818
0.5221692937224196
0.5221545727746366
0.5221398684768366
0.5221251806592359
0.5221105091524629
0.5220958537875549
0.5220812143959557
0.5220665908095138
0.5220519828604802
0.5220373903815063
0.522022813205641
0.5220082511663302
0.5219937040974126
0.5219791718331188
0.5219646542080691
0.5219501510572714
0.521935662216118
0.5219211875203853
0.5219067268062301
0.5218922799101885
0.5218778466691736
0.5218634269204729
0.5218490205017473
0.5218346272510279
0.5218202470067151
0.521805879607575
0.5217915248927392
0.5217771827017016
0.5217628528743167
0.5217485352507978
0.5217342296717149
0.521719935977992
0.5217056540109071
0.5216913836120878
0.5216771246235109
0.5216628768875002
0.5216486402467244
0.5216344145441953
0.5216201996232656
0.5216059953276275
0.5215918015013101
0.521577617988679
0.5215634446344319
0.5215492812835997
0.5215351277815419
0.5215209839739472
0.5215068497068297
0.5214927248265282
0.5214786091797041
0.5214645026133395
0.5214504049747358
0.5214363161115111
0.5214222358715989
0.5214081641032472
0.5213941006550149
0.5213800453757719
0.5213659981146959
0.5213519587212716
0.5213379270452887
0.5213239029368402
0.5213098862463207
0.5212958768244244
0.5212818745221443
0.5212678791907693
0.521253890681884
0.5212399088473656
0.5212259335393831
0.5212119646103955
0.5211980019131505
0.5211840453006819
0.5211700946263091
0.5211561497436354
0.5211422105065455
0.5211282767692047
0.5211143483860575
0.5211004252118251
0.5210865071015053
0.5210725939103695
0.5210586854939622
0.5210447817080988
0.5210308824088646
0.5210169874526135
0.5210030966959656
0.5209892099958062
0.5209753272092855
0.5209614481938148
0.5209475728070672
0.5209337009069743
0.5209198323517273
0.520905966999773
0.5208921047098134
0.5208782453408051
0.5208643887519566
0.520850534802728
0.520836683352829
0.5208228342622173
0.5208089873910986
0.5207951425999235
0.5207812997493875
0.5207674587004292
0.5207536193142287
0.5207397814522071
0.5207259449760248
0.5207121097475794
0.5206982756290062
0.5206844424826755
0.5206706101711921
0.5206567785573932
0.5206429475043488
0.5206291168753588
0.5206152865339524
0.5206014563438874
0.5205876261691487
0.5205737958739468
0.5205599653227169
0.5205461343801174
0.5205323029110304
0.5205184707805578
0.5205046378540226
0.5204908039969666
0.5204769690751494
0.5204631329545479
0.5204492955013548
0.5204354565819769
0.5204216160630354
0.5204077738113638
0.5203939296940076
0.5203800835782224
0.520366235331474
0.5203523848214359
0.5203385319159899
0.5203246764832244
0.5203108183914332
0.5202969575091149
0.5202830937049714
0.5202692268479083
0.5202553568070323
0.5202414834516511
0.5202276066512728
0.5202137262756041
0.5201998421945507
0.5201859542782151
0.5201720623968964
0.520158166421089
0.520144266221483
0.5201303616689618
0.520116452634602
0.5201025389896724
0.5200886206056337
0.5200746973541371
0.5200607691070238
0.520046835736324
0.5200328971142564
0.5200189531132278
0.520005003605831
0.5199910484648455
0.5199770875632366
0.5199631207741534
0.5199491479709304
0.5199351690270839
0.5199211838163145
0.5199071922125034
0.519893194089714
0.51987918932219
0.5198651777843557
0.5198511593508143
0.5198371338963481
0.5198231012959178
0.5198090614246613
0.5197950141578936
0.5197809593711071
0.5197668969399689
0.5197528267403222
0.5197387486481848
0.5197246625397492
0.5197105682913811
0.5196964657796195
0.519682354881177
0.5196682354729375
0.5196541074319574
0.5196399706354644
0.5196258249608564
0.519611670285703
0.5195975064877426
0.5195833334448842
0.519569151035205
0.519554959136952
0.51954075762854
0.5195265463885519
0.5195123252957384
0.5194980942290175
0.5194838530674738
0.5194696016903589
0.5194553399770909
0.519441067807253
0.5194267850605949
0.5194124916170314
0.519398187356642
0.519383872159672
0.5193695459065301
0.5193552084777898
0.5193408597541889
0.5193264996166287
0.5193121279461742
0.5192977446240539
0.5192833495316591
0.5192689425505448
0.5192545235624283
0.5192400924491894
0.5192256490928712
0.5192111933756783
0.5191967251799782
0.5191822443883001
0.5191677508833351
0.5191532445479365
0.5191387252651196
0.5191241929180608
0.5191096473900985
0.5190950885647326
0.5190805163256247
0.5190659305565974
0.5190513311416356
0.5190367179648849
0.5190220909106524
0.5190074498634072
0.5189927947077794
0.5189781253285605
0.5189634416107037
0.5189487434393238
0.518934030699697
0.5189193032772614
0.5189045610576166
0.5188898039265244
0.518875031769908
0.5188602444738534
0.5188454419246078
0.5188306240085814
0.5188157906123464
0.5188009416226381
0.5187860769263538
0.5187711964105544
0.5187562999624632
0.5187413874694674
0.518726458819117
0.5187115138991266
0.5186965525973735
0.5186815748019001
0.5186665804009125
0.518651569282782
0.5186365413360444
0.5186214964494006
0.5186064345117167
0.5185913554120253
0.5185762590395245
0.5185611452835786
0.5185460140337184
0.5185308651796424
0.5185156986112158
0.5185005142184715
0.5184853118916106
0.5184700915210025
0.5184548529971855
0.5184395962108667
0.5184243210529231
0.5184090274144013
0.5183937151865187
0.5183783842606635
0.5183630345283945
0.518347665881443
0.5183322782117117
0.5183168714112767
0.5183014453723863
0.518285999987463
0.5182705351491035
0.5182550507500783
0.5182395466833335
0.5182240228419908
0.518208479119348
0.5181929154088791
0.5181773316042361
0.5181617275992483
0.518146103287923
0.5181304585644475
0.5181147933231872
0.5180991074586887
0.518083400865679
0.5180676734390658
0.5180519250739397
0.518036155665573
0.5180203651094216
0.5180045533011254
0.5179887201365083
0.5179728655115796
0.5179569893225346
0.5179410914657548
0.5179251718378091
0.5179092303354538
0.5178932668556345
0.5178772812954856
0.517861273552332
0.5178452435236885
0.5178291911072621
0.5178131162009523
0.5177970187028501
0.5177808985112419
0.5177647555246078
0.5177485896416231
0.5177324007611595
0.5177161887822853
0.5176999536042666
0.517683695126568
0.517667413248853
0.5176511078709853
0.5176347788930299
0.5176184262152532
0.5176020497381242
0.5175856493623152
0.5175692249887031
0.5175527765183696
0.5175363038526026
0.517519806892897
0.5175032855409549
0.5174867396986877
0.517470169268216
0.5174535741518709
0.5174369542521948
0.5174203094719424
0.5174036397140814
0.5173869448817939
0.517370224878477
0.517353479607743
0.5173367089734222
0.5173199128795622
0.517303091230429
0.5172862439305093
0.5172693708845095
0.5172524719973584
0.5172355471742069
0.5172185963204301
0.5172016193416272
0.5171846161436231
0.5171675866324696
0.5171505307144457
0.517133448296059
0.5171163392840469
0.5170992035853773
0.5170820411072494
0.5170648517570954
0.517047635442581
0.5170303920716066
0.5170131215523083
0.5169958237930586
0.5169784987024684
0.5169611461893866
0.5169437661629023
0.5169263585323458
0.5169089232072888
0.516891460097546
0.5168739691131765
0.5168564501644843
0.5168389031620193
0.516821328016579
0.5168037246392088
0.5167860929412035
0.5167684328341084
0.5167507442297201
0.5167330270400879
0.5167152811775144
0.5166975065545572
0.5166797030840296
0.5166618706790013
0.5166440092528002
0.5166261187190131
0.5166081989914868
0.5165902499843296
0.5165722716119113
0.5165542637888657
0.5165362264300901
0.516518159450748
0.5165000627662686
0.51648193629235
0.5164637799449572
0.5164455936403265
0.5164273772949639
0.5164091308256484
0.5163908541494306
0.516372547183636
0.516354209845865
0.5163358420539943
0.5163174437261776
0.5162990147808469
0.5162805551367138
0.51626206471277
0.5162435434282892
0.5162249912028269
0.5162064079562227
0.5161877936086008
0.5161691480803708
0.5161504712922294
0.516131763165161
0.5161130236204383
0.5160942525796247
0.5160754499645737
0.516056615697431
0.5160377497006354
0.5160188518969192
0.5159999222093102
0.5159809605611315
0.5159619668760038
0.5159429410778453
0.5159238830908732
0.5159047928396046
0.5158856702488579
0.5158665152437527
0.515847327749712
0.5158281076924628
0.5158088549980357
0.5157895695927683
0.5157702514033043
0.5157509003565949
0.5157315163798999
0.5157120994007889
0.515692649347141
0.5156731661471473
0.5156536497293107
0.5156341000224475
0.515614516955687
0.5155949004584746
0.5155752504605701
0.5155555668920506
0.5155358496833101
0.5155160987650611
0.5154963140683347
0.5154764955244822
0.5154566430651749
0.5154367566224065
0.5154168361284922
0.5153968815160699
0.5153768927181017
0.5153568696678743
0.5153368122989992
0.5153167205454139
0.5152965943413828
0.5152764336214973
0.5152562383206772
0.5152360083741709
0.515215743717556
0.5151954442867404
0.5151751100179625
0.5151547408477921
0.5151343367131309
0.5151138975512133
0.5150934232996064
0.5150729138962116
0.5150523692792638
0.5150317893873333
0.5150111741593253
0.5149905235344812
0.5149698374523782
0.514949115852931
0.5149283586763911
0.5149075658633476
0.5148867373547281
0.514865873091799
0.514844973016165
0.5148240370697705
0.5148030651948999
0.514782057334177
0.514761013430567
0.5147399334273748
0.5147188172682472
0.5146976648971717
0.5146764762584779
0.5146552512968362
0.5146339899572607
0.5146126921851064
0.5145913579260714
0.5145699871261957
0.5145485797318627
0.514527135689799
0.5145056549470732
0.5144841374510976
0.5144625831496273
0.5144409919907611
0.5144193639229406
0.514397698894951
0.5143759968559198
0.5143542577553188
0.5143324815429623
0.5143106681690076
0.5142888175839552
0.5142669297386478
0.5142450045842717
0.5142230420723548
0.5142010421547676
0.5141790047837225
0.5141569299117742
0.5141348174918181
0.5141126674770917
0.5140904798211725
0.5140682544779798
0.514045991401772
0.5140236905471479
0.5140013518690457
0.5139789753227424
0.5139565608638538
0.5139341084483333
0.5139116180324723
0.5138890895728989
0.5138665230265778
0.513843918350809
0.5138212755032285
0.5137985944418063
0.5137758751248462
0.5137531175109855
0.5137303215591938
0.5137074872287724
0.5136846144793534
0.513661703270899
0.5136387535637009
0.5136157653183788
0.5135927384958799
0.5135696730574786
0.513546568964774
0.5135234261796903
0.5135002446644751
0.5134770243816984
0.5134537652942526
0.5134304673653493
0.5134071305585197
0.5133837548376137
0.513360340166797
0.5133368865105521
0.5133133938336749
0.513289862101275
0.5132662912787738
0.513242681331903
0.5132190322267032
0.5131953439295228
0.5131716164070168
0.5131478496261445
0.5131240435541683
0.5131001981586529
0.5130763134074627
0.5130523892687606
0.5130284257110065
0.5130044227029555
0.5129803802136566
0.5129562982124499
0.5129321766689657
0.5129080155531234
0.5128838148351271
0.5128595744854669
0.512835294474915
0.5128109747745241
0.512786615355626
0.5127622161898288
0.5127377772490154
0.5127132985053415
0.5126887799312333
0.5126642214993848
0.5126396231827568
0.5126149849545739
0.5125903067883224
0.5125655886577478
0.512540830536853
0.5125160323998958
0.5124911942213861
0.5124663159760839
0.512441397638997
0.5124164391853774
0.5123914405907204
0.512366401830761
0.5123413228814717
0.5123162037190594
0.5122910443199631
0.5122658446608515
0.5122406047186192
0.5122153244703853
0.5121900038934897
0.5121646429654905
0.5121392416641604
0.5121137999674855
0.5120883178536607
0.5120627953010874
0.5120372322883702
0.5120116287943143
0.5119859847979221
0.5119603002783897
0.5119345752151041
0.5119088095876406
0.5118830033757581
0.5118571565593971
0.5118312691186758
0.5118053410338866
0.5117793722854935
0.5117533628541276
0.5117273127205844
0.5117012218658199
0.5116750902709472
0.5116489179172332
0.5116227047860942
0.5115964508590929
0.5115701561179352
0.5115438205444649
0.5115174441206614
0.511491026828635
0.511464568650624
0.5114380695689896
0.5114115295662133
0.5113849486248916
0.5113583267277334
0.5113316638575549
0.5113049599972761
0.5112782151299162
0.5112514292385906
0.5112246023065051
0.5111977343169534
0.5111708252533111
0.5111438750990333
0.5111168838376487
0.5110898514527565
0.5110627779280206
0.5110356632471666
0.5110085073939771
0.510981310352286
0.5109540721059755
0.5109267926389709
0.5108994719352353
0.5108721099787669
0.5108447067535921
0.5108172622437623
0.5107897764333486
0.510762249306437
0.510734680847124
0.5107070710395114
0.5106794198677018
0.5106517273157924
0.5106239933678721
0.5105962180080155
0.5105684012202775
0.5105405429886888
0.5105126432972505
0.5104847021299295
0.510456719470653
0.5104286953033033
0.5104006296117126
0.5103725223796579
0.5103443735908558
0.5103161832289567
0.5102879512775401
0.5102596777201089
0.510231362540084
0.5102030057207989
0.5101746072454943
0.5101461670973125
0.5101176852592919
0.5100891617143615
0.5100605964453353
0.5100319894349064
0.5100033406656419
0.509974650119977
0.5099459177802087
0.509917143628491
0.5098883276468286
0.509859469817071
0.5098305701209069
0.5098016285398583
0.5097726450552751
0.5097436196483274
0.5097145523000022
0.5096854429910955
0.5096562917022064
0.5096270984137321
0.5095978631058612
0.5095685857585673
0.5095392663516034
0.509509904864496
0.5094805012765375
0.5094510555667823
0.5094215677140382
0.5093920376968621
0.5093624654935524
0.5093328510821428
0.5093031944403975
0.5092734955458024
0.5092437543755609
0.509213970906586
0.5091841451154949
0.509154276978602
0.5091243664719125
0.5090944135711158
0.5090644182515794
0.5090343804883422
0.5090043002561068
0.5089741775292353
0.5089440122817402
0.5089138044872796
0.5088835541191491
0.508853261150276
0.5088229255532131
0.5087925473001299
0.5087621263628086
0.5087316627126349
0.5087011563205932
0.5086706071572579
0.5086400151927879
0.5086093803969196
0.5085787027389594
0.5085479821877777
0.5085172187118011
0.5084864122790057
0.5084555628569106
0.5084246704125709
0.50839373491257
0.5083627563230133
0.5083317346095211
0.5083006697372208
0.5082695616707412
0.5082384103742044
0.508207215811219
0.5081759779448729
0.5081446967377266
0.5081133721518053
0.5080820041485928
0.5080505926890234
0.5080191377334748
0.5079876392417616
0.5079560971731276
0.5079245114862385
0.507892882139175
0.507861209089425
0.5078294922938771
0.5077977317088126
0.5077659272898988
0.5077340789921813
0.5077021867700764
0.5076702505773654
0.5076382703671847
0.5076062460920201
0.5075741777037
0.5075420651533862
0.507509908391568
0.5074777073680538
0.5074454620319646
0.5074131723317266
0.5073808382150623
0.5073484596289849
0.5073160365197897
0.5072835688330473
0.5072510565135959
0.5072184995055331
0.5071858977522101
0.5071532511962228
0.5071205597794047
0.5070878234428192
0.5070550421267532
0.5070222157707076
0.5069893443133916
0.5069564276927145
0.5069234658457779
0.5068904587088682
0.5068574062174499
0.5068243083061564
0.5067911649087847
0.5067579759582854
0.506724741386757
0.5066914611254374
0.5066581351046966
0.5066247632540288
0.5065913455020455
0.5065578817764673
0.5065243720041164
0.506490816110909
0.5064572140218478
0.5064235656610151
0.5063898709515632
0.5063561298157091
0.5063223421747252
0.5062885079489327
0.5062546270576932
0.5062206994194018
0.5061867249514792
0.5061527035703636
0.5061186351915036
0.5060845197293509
0.5060503570973516
0.5060161472079396
0.5059818899725285
0.5059475853015035
0.505913233104215
0.5058788332889698
0.5058443857630239
0.505809890432575
0.5057753472027547
0.5057407559776208
0.5057061166601498
0.5056714291522287
0.5056366933546487
0.5056019091670962
0.5055670764881457
0.5055321952152522
0.5054972652447436
0.5054622864718126
0.5054272587905096
0.5053921820937352
0.5053570562732317
0.5053218812195763
0.5052866568221734
0.5052513829692461
0.50521605954783
0.505180686443764
0.5051452635416842
0.505109790725015
0.5050742678759622
0.5050386948755053
0.5050030716033895
0.5049673979381185
0.5049316737569469
0.5048958989358722
0.504860073349627
0.5048241968716728
0.504788269374191
0.5047522907280746
0.5047162608029232
0.504680179467033
0.5046440465873905
0.5046078620296641
0.5045716256581969
0.5045353373359993
0.5044989969247412
0.504462604284744
0.5044261592749738
0.5043896617530335
0.5043531115751545
0.5043165085961904
0.5042798526696084
0.5042431436474825
0.5042063813804849
0.5041695657178793
0.5041326965075137
0.5040957735958111
0.5040587968277641
0.5040217660469254
0.5039846810954014
0.5039475418138446
0.5039103480414452
0.5038730996159252
0.5038357963735283
0.5037984381490148
0.5037610247756529
0.503723556085211
0.503686031907951
0.5036484520726193
0.5036108164064409
0.5035731247351108
0.5035353768827868
0.5034975726720818
0.5034597119240563
0.5034217944582111
0.5033838200924794
0.5033457886432194
0.5033076999252069
0.5032695537516272
0.5032313499340683
0.5031930882825131
0.5031547686053314
0.5031163907092729
0.5030779543994596
0.5030394594793779
0.5030009057508711
0.5029622930141326
0.5029236210676973
0.5028848897084341
0.5028460987315396
0.5028072479305296
0.5027683370972306
0.5027293660217741
0.5026903344925883
0.5026512422963898
0.5026120892181771
0.5025728750412225
0.5025335995470646
0.5024942625155002
0.5024548637245778
0.5024154029505895
0.5023758799680627
0.5023362945497536
0.502296646466639
0.502256935487909
0.5022171613809586
0.5021773239113817
0.5021374228429615
0.5020974579376639
0.5020574289556307
0.5020173356551698
0.5019771777927498
0.5019369551229907
0.501896667398657
0.5018563143706504
0.5018158957880006
0.5017754113978595
0.5017348609454924
0.5016942441742703
0.5016535608256625
0.501612810639229
0.501571993352612
0.5015311087015296
0.5014901564197662
0.5014491362391663
0.5014080478896256
0.5013668910990842
0.5013256655935181
0.5012843710969316
0.5012430073313495
0.5012015740168092
0.5011600708713533
0.5011184976110206
0.5010768539498393
0.501035139599819
0.5009933542709424
0.5009514976711578
0.5009095695063701
0.5008675694804345
0.5008254972951478
0.5007833526502394
0.5007411352433653
0.5006988447700981
0.5006564809239206
0.5006140433962163
0.5005715318762631
0.500528946051223
0.5004862856061363
0.5004435502239115
0.5004007395853183
0.5003578533689793
0.5003148912513614
0.500271852906768
0.5002287380073308
0.5001855462230009
0.5001422772215416
0.5000989306685191
0.5000555062272949
0.5000120035590168
0.49996842232261124
0.49992476217477444
0.49988102276996416
0.4998372037603911
0.4997933047960106
0.4997493255245144
0.4997052655913215
0.49966112463957013
0.49961690231010875
0.499572598241488
0.49952821206995174
0.49948374342942825
0.4994391919515218
0.49939455726550386
0.4993498389983045
0.49930503677450316
0.49926015021632075
0.49921517894360923
0.4991701225738445
0.4991249807221167
0.4990797530011206
0.49903443902114797
0.49898903839007797
0.4989435507133672
0.49889797559404264
0.4988523126326903
0.498806561427448
0.49876072157399454
0.4987147926655421
0.4986687742928253
0.4986226660440932
0.49857646750509965
0.4985301782590932
0.49848379788680885
0.49843732596645735
0.49839076207371713
0.49834410578172295
0.4982973566610581
0.4982505142797441
0.49820357820322997
0.4981565479943845
0.4981094232134847
0.49806220341820734
0.49801488816361805
0.4979674770021622
0.49791996948365425
0.49787236515526895
0.49782466356152955
0.4977768642442991
0.49772896674276984
0.49768097059345345
0.49763287533016953
0.49758468048403715
0.497536385583463
0.4974879901541316
0.497439493718995
0.49739089579826223
0.49734219590938833
0.4972933935670641
0.49724448828320533
0.49719547956694277
0.4971463669246099
0.4970971498597332
0.4970478278730214
0.4969984004623537
0.49694886712276953
0.49689922734645686
0.4968494806227417
0.4967996264380764
0.49674966427602885
0.4966995936172709
0.4966494139395671
0.496599124717763
0.49654872542377404
0.49649821552657414
0.49644759449218323
0.49639686178365666
0.4963460168610727
0.49629505918152084
0.49624398819909044
0.4961928033648579
0.4961415041268751
0.49609008993015763
0.4960385602166721
0.4959869144253244
0.4959351519919467
0.4958832723492858
0.49583127492699036
0.49577915915159837
0.49572692444652433
0.49567457023204775
0.4956220959252985
0.49556950094024566
0.49551678468768356
0.49546394657521986
0.49541098600726097
0.49535790238500105
0.4953046951064066
0.49525136356620475
0.4951979071558689
0.49514432526360624
0.49509061727434345
0.49503678256971306
0.4949828205280407
0.49492873052433
0.49487451193025034
0.4948201641141209
0.49476568644089836
0.4947110782721622
0.4946563389661003
0.4946014678774948
0.4945464643577079
0.4944913277546671
0.4944360574128507
0.49438065267327375
0.49432511287347203
0.49426943734748896
0.4942136254258589
0.49415767643559366
0.4941015897001663
0.4940453645394966
0.4939890002699356
0.4939324962042499
0.49387585165160663
0.4938190659175574
0.4937621383040237
0.49370506810927944
0.49364785462793653
0.49359049715092795
0.49353299496549285
0.4934753473551584
0.49341755359972633
0.4933596129752535
0.49330152475403777
0.49324328820460034
0.4931849025916691
0.49312636717616243
0.49306768121517147
0.4930088439619438
0.49294985466586616
0.49289071257244665
0.492831416923299
0.4927719669561231
0.4927123619046887
0.49265260099881747
0.4925926834643658
0.4925326085232057
0.492472375393208
0.4924119832882232
0.4923514314180648
0.4922907189884894
0.49222984520117885
0.492168809253722
0.4921076103395958
0.49204624764814653
0.4919847203645707
0.4919230276698965
0.49186116874096386
0.4917991427504067
0.4917369488666318
0.49167458625380034
0.4916120540718081
0.49154935147626566
0.49148647761847875
0.49142343164542807
0.49136021269974894
0.4912968199197116
0.4912332524392007
0.4911695093876948
0.49110558989024555
0.4910414930674571
0.4909772180354659
0.4909127639059187
0.4908481297859514
0.49078331477816944
0.49071831798062476
0.49065313848679454
0.49058777538556037
0.4905222277611859
0.4904564946932957
0.49039057525685137
0.49032446852213163
0.49025817355470935
0.49019168941542796
0.49012501516038054
0.4900581498408864
0.48999109250346823
0.4899238421898292
0.48985639793682983
0.4897887587764652
0.48972092373584114
0.48965289183715077
0.48958466209765106
0.4895162335296391
0.48944760514042773
0.4893787759323224
0.48930974490259566
0.4892405110434648
0.48917107334206467
0.489101430780426
0.4890315823354484
0.48896152697887696
0.4888912636772759
0.4888207913920045
0.48875010907919175
0.4886792156897096
0.48860811016914946
0.4885367914577943
0.488465258490594
0.4883935101971395
0.48832154550163603
0.48824936332287644
0.48817696257421594
0.48810434216354426
0.48803150099325987
0.4879584379602422
0.48788515195582555
0.48781164186577064
0.48773790657023874
0.4876639449437628
0.4875897558552206
0.4875153381678071
0.4874406907390056
0.4873658124205609
0.4872907020584496
0.4872153584928533
0.4871397805581288
0.4870639670827799
0.4869879168894288
0.48691162879478656
0.4868351016096248
0.48675833413874514
0.4866813251809512
0.4866040735290179
0.48652657796966264
0.4864488372835145
0.4863708502450847
0.48629261562273696
0.4862141321786556
0.48613539866881694
0.48605641384295734
0.48597717644454286
0.4858976852107385
0.48581793887237673
0.4857379361539265
0.4856576757734617
0.48557715644263033
0.48549637686662167
0.4854153357441351
0.4853340317673478
0.48525246362188346
0.485170629986779
0.4850885295344525
0.4850061609306709
0.4849235228345168
0.48484061389835587
0.4847574327678041
0.48467397808169344
0.4845902484720404
0.48450624256401087
0.4844219589758877
0.48433739631903594
0.48425255319786964
0.4841674282098176
0.48408201994528943
0.4839963269876403
0.4839103479131379
0.4838240812909266
0.4837375256829932
0.4836506796441323
0.48356354172191024
0.4834761104566312
0.48338838438130105
0.48330036202159216
0.4832120418958076
0.4831234225148454
0.4830345023821634
0.48294527999374215
0.4828557538380492
0.48276592239600274
0.48267578414093587
0.4825853375385591
0.4824945810469238
0.4824035131163859
0.48231213218956853
0.48222043670132503
0.48212842507870185
0.48203609574090106
0.4819434470992428
0.4818504775571283
0.481757185510001
0.48166356934531024
0.48156962744247167
0.48147535817283027
0.4813807598996225
0.4812858309779365
0.4811905697546748
0.4810949745685155
0.4809990437498739
0.4809027756208626
0.48080616849525437
0.4807092206784416
0.48061193046739825
0.48051429615064
0.4804163160081846
0.48031798831151395
0.48021931132353324
0.4801202832985317
0.4800209024821426
0.4799211671113043
0.47982107541421953
0.47972062561031537
0.4796198159102042
0.47951864451564175
0.4794171096194889
0.4793152094056693
0.4792129420491307
0.4791103057158029
0.4790072985625589
0.4789039187371724
0.4788001643782783
0.4786960336153315
0.4785915245685657
0.4784866353489531
0.4783813640581633
0.47827570878852155
0.47816966762296786
0.4780632386350168
0.4779564198887151
0.4778492094386002
0.4777416053296605
0.47763360559729184
0.4775252082672583
0.4774164113556483
0.47730721286883565
0.4771976108034357
0.4770876031462655
0.47697718787430127
0.476866362954637
0.47675512634444295
0.4766434759909236
0.47653140983127634
0.47641892579265005
0.4763060217921026
0.47619269573655976
0.4760789455227733
0.4759647690372793
0.47585016415635656
0.4757351287459848
0.47561966066180283
0.47550375774906734
0.4753874178426109
0.47527063876680037
0.4751534183354959
0.47503575435200845
0.4749176446090588
0.47479908688873596
0.4746800789624565
0.47456061859092163
0.47444070352407736
0.47432033150107233
0.4741995002502174
0.4740782074889436
0.4739564509237618
0.4738342282502219
0.47371153715287084
0.47358837530521314
0.4734647403696693
0.47334062999753557
0.47321604182894345
0.4730909734928188
0.47296542260684254
0.47283938677740955
0.47271286359958925
0.47258585065708514
0.47245834552219534
0.4723303457557735
0.4722018489071878
0.47207285251428316
0.4719433541033416
0.4718133511890425
0.47168284127442495
0.4715518218508478
0.47142029039795263
0.4712882443836239
0.47115568126395213
0.4710225984831952
0.4708889934737409
0.47075486365606956
0.47062020643871677
0.4704850192182358
0.4703492993791619
0.4702130442939746
0.4700762513230621
0.4699389178146849
0.4698010411049402
0.46966261851772595
0.46952364736470653
0.46938412494527665
0.469244048546527
0.46910341544321066
0.46896222289770795
0.46882046815999334
0.46867814846760186
0.46853526104559545
0.4683918031065314
0.46824777185042876
0.4681031644647371
0.4679579781243036
0.4678122099913435
0.4676658572154075
0.4675189169333523
0.46737138626930963
0.46722326233465705
0.46707454222798855
0.4669252230350849
0.4667753018288864
0.4666247756694637
0.4664736416039909
0.46632189666671764
0.46616953787894333
0.46601656224899074
0.46586296677217953
0.4657087484308017
0.46555390419409726
0.465398431018229
0.4652423258462596
0.4650855856081282
0.46492820722062805
0.46477018758738425
0.4646115235988324
0.4644522121321978
0.4642922500514752
0.4641316342074089
0.4639703614374735
0.4638084285658563
0.463645832403439
0.4634825697477799
0.4633186373830983
0.4631540320802585
0.462988750596754
0.46282278967669416
0.46265614605078914
0.46248881643633744
0.4623207975372141
0.46215208604385816
0.46198267863326226
0.4618125719689626
0.4616417627010295
0.4614702474660588
0.4612980228871644
0.461125085573971
0.4609514321226085
0.4607770591157061
0.46060196312238816
0.4604261406982708
0.46024958838545943
0.4600723027125463
0.4598942801946101
0.459715517333216
0.4595360106164165
0.4593557565187534
0.4591747515012605
0.45899299201146737
0.45881047448340523
0.45862719533761065
0.4584431509811351
0.4582583378075503
0.45807275219695903
0.4578863905160039
0.4576992491178786
0.4575113243423408
0.4573226125157246
0.4571331099509552
0.45694281294756417
0.4567517177917064
0.456559820756178
0.4563671181004346
0.45617360607061197
0.4559792808995483
0.45578413880680474
0.45558817599869167
0.4553913886682914
0.4551937729954869
0.45499532514698815
0.4547960412763613
0.45459591752405937
0.4543949500174533
0.4541931348708661
0.4539904681856061
0.4537869460500037
0.45358256453944806
0.45337731971642564
0.45317120763056123
0.4529642243186585
0.4527563658047438
0.4525476281001102
0.4523380072033644
0.4521274991004733
0.45191609976481417
0.4517038051572251
0.45149061122605716
0.4512765139072289
0.45106150912428167
0.45084559278843694
0.4506287607986557
0.4504110090416983
0.45019233339218795
0.44997272971267405
0.44975219385369836
0.4495307216538628
0.4493083089398991
0.44908495152673916
0.4488606452175896
0.448635385804006
0.4484091690659698
0.44818199077196685
0.4479538466790694
0.447724732533017
0.44749464406830297
0.44726357700825964
0.4470315270651476
0.4467984899402473
0.44656446132394967
0.4463294368958536
0.4460934123248612
0.4458563832692774
0.4456183453769115
0.4453792942851804
0.4451392256212147
0.4448981350019657
0.44465601803431726
0.44441287031519655
0.44416868743168986
0.44392346496115936
0.44367719847136294
0.443429883520576
0.4431815156577157
0.4429320904224671
0.442681603345414
0.44243004994816904
0.4421774257435092
0.4419237262355113
0.44166894691969244
0.44141308328315193
0.4411561308047157
0.4408980849550833
0.4406389411969789
0.4403786949853026
0.44011734176728734
0.4398548769826566
0.439591296063785
0.43932659443586386
0.4390607675170659
0.43879381071871665
0.43852571944546676
0.438256489095467
0.43798611506054813
0.4377145927264017
0.4374419174727654
0.43716808467361046
0.4368930896973336
0.4366169279069504
0.43633959466029326
0.4360610853102118
0.43578139520477754
0.43550051968749026
0.4352184540974896
0.4349351937697685
0.4346507340353908
0.43436507022171256
0.43407819765260586
0.4337901116486882
0.43350080752755216
0.43321028060400224
0.4329185261902928
0.4326255395963708
0.43233131613012293
0.432035851097624
0.4317391398033926
0.43144117755064804
0.4311419596415717
0.43084148137757344
0.43053973805956014
0.43023672498821053
0.4299324374642517
0.42962687078874207
0.4293200202633559
0.4290118811906748
0.42870244887448106
0.42839171862005704
0.428079685734488
0.4277663455269685
0.427451693309116
0.4271357243952854
0.42681843410289094
0.4264998177527308
0.4261798706693171
0.42585858818121114
0.42553596562136176
0.42521199832744977
0.42488668164223686
0.4245600109139187
0.4242319814964842
0.42390258875007847
0.4235718280413709
0.42323969474392964
0.4229061842385992
0.42257129191388443
0.4222350131663391
0.4218973434009605
0.4215582780315883
0.4212178124813091
0.4208759421828666
0.42053266257907734
0.420187969123251
0.4198418572796167
0.4194943225237555
0.41914536034303795
0.4187949662370663
0.4184431357181249
0.4180898643116332
0.41773514755660773
0.41737898100612725
0.4170213602278056
0.4166622808042692
0.41630173833364204
0.4159397284300345
0.4155762467240412
0.4152112888632414
0.41484485051270886
0.4144769273555264
0.414107515093306
0.41373660944671653
0.4133642061560173
0.4129903009815974
0.41261488970452315
0.4122379681270897
0.41185953207338016
0.41147957738983265
0.41109809994581115
0.41071509563418507
0.4103305603719144
0.4099444901006425
0.40955688078729435
0.40916772842468174
0.40877702903211655
0.4083847786560292
0.4079909733705943
0.4075956092783637
0.4071986825109058
0.40680018922945194
0.40640012562554984
0.40599848792172244
0.40559527237213744
0.4051904752632784
0.40478409291462764
0.40437612167935266
0.4039665579450021
0.4035553981342066
0.40314263870538725
0.4027282761534719
0.4023123070106175
0.4018947278469384
0.40147553527124413
0.4010547259317826
0.40063229651698906
0.4002082437562442
0.39978256442063764
0.399355255323739
0.3989263133223754
0.3984957353174147
0.39806351825455877
0.39762965912513887
0.3971941549669221
0.3967570028649213
0.39631819995221285
0.39587774341076115
0.3954356304722491
0.3949918584189156
0.3945464245843985
0.3940993263545838
0.39365056116846275
0.39320012651899333
0.3927480199539682
0.39229423907688865
0.3918387815478454
0.3913816450844035
0.3909228274624944
0.3904623265173126
0.39000014014421797
0.38953626629964483
0.38907070300201385
0.38860344833265104
0.3881345004367113
0.3876638575241059
0.38719151787043643
0.3867174798179314
0.3862417417763893
0.3857643022241242
0.3852851597089166
0.3848043128489686
0.3843217603338608
0.3838375009255157
0.3833515334591627
0.3828638568443068
0.3823744700657
0.381883372184318
0.38139056233833546
0.3808960397441074
0.3803998036971509
0.3799018535731299
0.3794021888288415
0.3789008090032036
0.3783977137182444
0.3778929026800924
0.37738637567996836
0.37687813259517744
0.3763681733901003
0.37585649811718785
0.3753431069179517
0.37482800002395683
0.37431117775781403
0.3737926405341685
0.37327238886069025
0.3727504233390617
0.3722267446659626
0.37170135363405465
0.37117425113296193
0.37064543815024986
0.3701149157723996
0.36958268518578125
0.36904874767762075
0.36851310463696474
0.3679757575556391
0.3674367080292048
0.36689595775790723
0.36635350854761983
0.36580936231078326
0.3652635210673373
0.36471598694564583
0.36416676218341565
0.3636158491286082
0.36306325024034286
0.36250896808979166
0.36195300536106756
0.3613953648521016
0.360836049475512
0.36027506225946326
0.3597124063485153
0.35914808500446216
0.3585821016071595
0.3580144596553412
0.3574451627674242
0.356874214682301
0.35630161926012005
0.35572738048305197
0.35515150245604504
0.3545739894075636
0.35399484569031514
0.35341407578196027
0.35283168428581
0.35224767593150624
0.351662055575685
0.35107482820262764
0.3504859989248905
0.34989557298392004
0.3493035557506501
0.3487099527260805
0.3481147695418379
0.34751801196071724
0.34691968587720423
0.3463197973179781
0.3457183524423945
0.34511535754294764
0.3445108190457111
0.34390474351075795
0.3432971376325593
0.34268800824036044
0.34207736229853336
0.34146520690690935
0.340851549301084
0.3402363968527037
0.3396197570697226
0.3390016375966398
0.3383820462147092
0.33776099084212424
0.3371384795341792
0.33651452048340136
0.3358891220196607
0.33526229261024926
0.33463404085993753
0.33400437551099976
0.33337330544321525
0.3327408396738392
0.3321069873575476
0.33147175778635174
0.33083516038948574
0.33019720473326414
0.3295579005209103
0.328917257592356
0.3282752859240118
0.32763199562850437
0.3269873969543884
0.32634150028582465
0.32569431614222794
0.3250458551778859
0.3243961281815457
0.32374514607596894
0.32309291991745703
0.32243946089534403
0.32178478033145785
0.3211288896795509
0.3204718005246966
0.3198135245826575
0.319154073699218
0.31849345984948774
0.3178316951371709
0.3171687917938045
0.3165047621779643
0.31583961877443845
0.3151733741933692
0.3145060411693614
0.3138376325605607
0.31316816134769787
0.31249764063310187
0.3118260836396814
0.31115350370987294
0.3104799143045591
0.3098053290019532
0.3091297614964538
0.30845322559746696
0.30777573522819723
0.3070973044244081
0.3064179473331505
0.30573767821146197
0.30505651142503326
0.30437446144684677
0.30369154285578404
0.30300777033520176
0.30232315867148185
0.30163772275254863
0.30095147756635915
0.30026443819936377
0.2995766198349404
0.29888803775179684
0.29819870732234993
0.2975086440110746
0.29681786337282645
0.29612638105113875
0.29543421277649273
0.2947413743645619
0.2940478817144322
0.2933537508067957
0.29265899770212234
0.2919636385388052
0.29126768953128435
0.2905711669681476
0.28987408721020785
0.289176466688559
0.28847832190261263
0.2877796694181101
0.2870805258651183
0.2863809079360028
0.28568083238338415
0.28498031601807505
0.2842793757069982
0.2835780283710899
0.2828762909831845
0.2821741805658838
0.2814717141894106
0.2807689089694495
0.2800657820649708
0.27936235067604215
0.2786586320416292
0.2779546434373816
0.27725040217340835
0.2765459255920439
0.2758412310656024
0.27513633599412374
0.27443125780311084
0.273726013941258
0.2730206218781745
0.2723150991020986
0.27160946311760864
0.2709037314433268
0.2701979216096205
0.2694920511562988
0.26878613763030684
0.2680801985834174
0.26737425156992145
0.26666831414431874
0.2659624038590068
0.26525653826197226
0.2645507348944835
0.26384501128878357
0.2631393849657898
0.26243387343279334
0.2617284941811658
0.26102326468406917
0.2603182023941732
0.2596133247413782
0.25890864913054534
0.2582041929392353
0.25749997351545506
0.25679600817541515
0.2560923142012953
0.2553889088390219
0.25468580929605716
0.2539830327391995
0.2532805962923967
0.25257851703457374
0.25187681199747314
0.25117549816351037
0.2504745924636457
0.24977411177527034
0.24907407292010997
0.24837449266214595
0.24767538770555295
0.24697677469265647
0.2462786702019075
0.24558109074587825
0.24488405276927733
0.24418757264698507
0.2434916666821105
0.2427963511040696
0.24210164206668622
0.24140755564631472
0.24071410783998617
0.24002131456357903
0.23932919165001199
0.2386377548474623
0.2379470198176103
0.23725700213390613
0.2365677172798657
0.23587918064738977
0.23519140753511186
0.23450441314677103
0.2338182125896145
0.23313282087282425
0.2324482529059753
0.2317645234975193
0.23108164735329795
0.23039963907508562
0.2297185131591585
0.2290382839948978
0.2283589658634168
0.2276805729362223
0.22700311927390363
0.22632661882485225
0.2256510854240124
0.22497653279166102
0.22430297453222003
0.2236304241330985
0.22295889496356477
0.22228840027365204
0.221618953193093
0.22095056673028662
0.22028325377129643
0.21961702707887976
0.2189518992915488
0.2182878829226628
0.2176249903595515
0.21696323386267088
0.21630262556479035
0.21564317747021006
0.21498490145401128
0.2143278092613372
0.2136719125067055
0.21301722267335232
0.21236375111260625
0.21171150904329514
0.2110605075511826
0.21041075758843605
0.20976226997312547
0.2091150553887512
0.20846912438380563
0.20782448737136155
0.2071811546286932
0.20653913629692422
0.20589844238070992
0.2052590827479454
0.2046210671295035
0.20398440511900326
0.20334910617260646
0.20271517960884253
0.20208263460846232
0.20145148021432036
0.20082172533128356
0.2001933787261699
0.1995664490277113
0.19894094472654747
0.19831687417524255
0.19769424558833104
0.19707306704238903
0.19645334647613055
0.19583509169053068
0.1952183103489728
0.19460300997742216
0.193989197964622
0.19337688156231525
0.1927660678854905
0.1921567639126499
0.19154897648610208
0.1909427123122756
0.19033797796205804
0.18973477987115342
0.189133124340465
0.18853301753649634
0.18793446549177598
0.18733747410529997
0.18674204914299766
0.18614819623821477
0.18555592089221748
0.1849652284747147
0.18437612422439986
0.18378861324951
0.18320270052840426
0.1826183909101577
0.1820356891151749
0.1814545997358179
0.18087512723705268
0.18029727595710943
0.17972105010816014
0.1791464537770104
0.17857349092580713
0.178002165392759
0.17743248089287184
0.17686444101869875
0.17629804924110135
0.17573330891002548
0.1751702232552886
0.17460879538738
0.17404902829827187
0.17349092486224252
0.17293448783670978
0.1723797198630761
0.17182662346758296
0.17127520106217523
0.1707254549453756
0.17017738730316773
0.16963100020988803
0.1690862956291265
0.16854327541463504
0.1680019413112433
0.16746229495578302
0.16692433787801852
0.166388071501583
0.1658534971449237
0.16532061602225098
0.1647894292444933
0.1642599378202586
0.1637321426568
0.1632060445609858
0.16268164424027545
0.16215894230369743
0.16163793926283324
0.1611186355328027
0.16060103143325427
0.1600851271893572
0.1595709229327966
0.15905841870277085
0.1585476144469912
0.15803851002268288
0.15753110519758784
0.15702539965096884
0.1565213929746146
0.15601908467384482
0.15551847416851705
0.15501956079403298
0.15452234380234428
0.1540268223629595
0.15353299556394912
0.15304086241295017
0.15255042183817133
0.15206167268939413
0.15157461373897568
0.15108924368284748
0.15060556114151402
0.1501235646610484
0.14964325271408616
0.14916462370081623
0.1486876759499708
0.1482124077198101
0.14773881719910548
0.14726690250812055
0.14679666169958627
0.14632809275967482
0.14586119360896904
0.1453959621034279
0.14493239603534863
0.14447049313432372
0.14401025106819523
0.14355166744400294
0.14309473980892962
0.1426394656512401
0.14218584240121718
0.1417338674320914
0.14128353806096608
0.14083485154973746
0.14038780510600982
0.13994239588400448
0.13949862098546348
0.13905647746054856
0.13861596230873377
0.13817707247969171
0.13773980487417564
0.1373041563448937
0.13687012369737855
0.13643770369085048
0.1360068930390734
0.13557768841120685
0.13515008643264875
0.1347240836858743
0.1342996767112669
0.13387686200794383
0.133455636034573
0.1330359952101864
0.1326179359149843
0.13220145449113332
0.13178654724355884
0.13137321044072905
0.13096144031543308
0.13055123306555197
0.13014258485482288
0.12973549181359617
0.1293299500395858
0.12892595559861195
0.12852350452533784
0.12812259282399832
0.1277232164691227
0.1273253714062483
0.12692905355262965
0.126534258797939
0.12614098300495893
0.12574922201027044
0.12535897162493143
0.1249702276351487
0.12458298580294404
0.12419724186681134
0.12381299154236783
0.1234302305229976
0.12304895448048891
0.122669159065663
0.1222908399089965
0.12191399262123692
0.12153861279401164
0.12116469600042754
0.12079223779566678
0.12042123371757264
0.12005167928723051
0.11968357000954058
0.1193169013737841
0.11895166885418276
0.11858786791045056
0.11822549398834023
0.11786454252018039
0.11750500892540841
0.11714688861109501
0.11679017697246188
0.1164348693933942
0.1160809612469443
0.1157284478958298
0.11537732469292628
0.11502758698175011
0.11467923009693798
0.1143322493647184
0.11398664010337647
0.11364239762371309
0.11329951722949672
0.11295799421790989
0.11261782387998882
0.11227900150105596
0.11194152236114815
0.1116053817354369
0.11127057489464262
0.11093709710544424
0.11060494363088125
0.11027410973074989
0.1099445906619943
0.10961638167909028
0.10928947803442443
0.10896387497866733
0.10863956776113967
0.10831655163017442
0.10799482183347185
0.10767437361844967
0.10735520223258728
0.10703730292376457
0.10672067094059515
0.10640530153275413
0.10609118995130062
0.1057783314489946
0.10546672128060877
0.10515635470323478
0.10484722697658458
0.10453933336328672
0.10423266912917703
0.1039272295435846
0.10362300987961255
0.10332000541441443
0.10301821142946428
0.10271762321082398
0.10241823604940366
0.10212004524121861
0.10182304608764131
0.10152723389564824
0.1012326039780628
0.10093915165379314
0.10064687224806593
0.10035576109265484
0.10006581352610582
0.09977702489395718
0.09948939054895514
0.09920290585126597
0.09891756616868319
0.09863336687683133
0.09835030335936432
0.09806837100816108
0.09778756522351685
0.09750788141432937
0.09722931499828308
0.09695186140202772
0.09667551606135416
0.09640027442136569
0.09612613193664617
0.09585308407142423
0.09558112629973387
0.09531025410557123
0.09504046298304812
0.09477174843654224
0.09450410598084263
0.0942375311412941
0.09397201945393543
0.09370756646563652
0.0934441677342312
0.09318181882864714
0.09292051532903173
0.09266025282687607
0.09240102692513563
0.09214283323834613
0.0918856673927389
0.09162952502635172
0.09137440178913639
0.09112029334306526
0.09086719536223245
0.09061510353295427
0.09036401355386556
0.0901139211360141
0.08986482200295158
0.08961671189082288
0.08936958654845116
0.08912344173742233
0.0888782732321656
0.0886340768200314
0.08839084830136784
0.08814858348959403
0.08790727821127098
0.08766692830617051
0.08742752962734134
0.08718907804117311
0.08695156942745855
0.08671499967945231
0.08647936470392925
0.08624466042123875
0.0860108827653583
0.08577802768394414
0.0855460911383803
0.08531506910382555
0.08508495756925806
0.0848557525375184
0.08462745002535069
0.08440004606344131
0.08417353669645625
0.08394791798307683
0.08372318599603233
0.08349933682213292
0.08327636656229884
0.08305427133158885
0.08283304725922697
0.0826126904886275
0.08239319717741808
0.08217456349746138
0.08195678563487557
0.08173985979005238
0.08152378217767448
0.08130854902673089
0.08109415658053112
0.08088060109671774
0.08066787884727732
0.0804559861185507
0.08024491921124133
0.08003467444042195
0.07982524813554036
0.07961663664042483
0.07940883631328598
0.07920184352671951
0.0789956546677068
0.07879026613761425
0.07858567435219166
0.07838187574156963
0.07817886675025502
0.07797664383712666
0.07777520347542854
0.07757454215276272
0.07737465637108118
0.07717554264667632
0.07697719751017085
0.0767796175065059
0.0765827991949295
0.07638673914898281
0.07619143395648587
0.07599688021952303
0.07580307455442624
0.07561001359175877
0.0754176939762971
0.07522611236701274
0.07503526543705243
0.07484514987371813
0.07465576237844618
0.07446709966678522
0.07427915846837418
0.07409193552691844
0.07390542760016632
0.07371963145988432
0.07353454389183152
0.07335016169573404
0.07316648168525777
0.07298350068798169
0.07280121554536924
0.07261962311274034
0.07243872025924182
0.07225850386781787
0.07207897083517972
0.07190011807177464
0.07172194250175466
0.0715444410629448
0.07136761070680958
0.07119144839842191
0.07101595111642775
0.07084111585301349
0.07066693961387045
0.07049341941816134
0.07032055229848377
0.07014833530083496
0.06997676548457601
0.0698058399223946
0.06963555570026843
0.0694659099174283
0.06929689968631925
0.0691285221325639
0.06896077439492286
0.06879365362525675
0.06862715698848665
0.06846128166255488
0.06829602483838547
0.06813138371984348
0.06796735552369536
0.06780393747956825
0.06764112682990864
0.06747892082994154
0.0673173167476296
0.06715631186363019
0.066995903471255
0.06683608887642654
0.06667686539763718
0.06651823036590544
0.06636018112473376
0.06620271503006564
0.06604582945024237
0.06588952176595951
0.06573378937022396
0.06557862966830967
0.06542404007771406
0.06527001802811445
0.06511656096132315
0.064963666331244
0.06481133160382742
0.06465955425702609
0.06450833178075069
0.06435766167682426
0.06420754145893828
0.06405796865260743
0.06390894079512427
0.06376045543551437
0.06361251013449118
0.06346510246441031
0.06331823000922493
0.06317189036443936
0.06302608113706482
0.06288079994557252
0.06273604441984913
0.06259181220115093
0.062448100942057556
0.06230490830642725
0.06216223196935032
0.062020069617103726
0.06187841894710547
0.06173727766786831
0.06159664349895462
0.06145651417092993
0.061316887425317546
0.061177761014552676
0.06103913270193652
0.06090100026159045
0.06076336147841043
0.06062621414802115
0.06048955607673018
0.06035338508148229
0.06021769898981411
0.06008249563980787
0.05994777288004648
0.05981352856956716
0.05967976057781667
0.05954646678460532
0.059413645080061785
0.05928129336458772
0.059149409548812114
0.05901799155354638
0.05888703730973893
0.058756544758430194
0.05862651185070743
0.058496936547659736
0.05836781682033292
0.0582391506496851
0.05811093602654138
0.05798317095154962
0.05785585343513534
0.057728981497457574
0.05760255316836411
0.05747656648734753
0.0573510195035004
0.05722591027547131
0.05710123687142113
0.056976997368978495
0.05685318985519622
0.05672981242650733
0.05660686318868157
0.05648434025678161
0.05636224175511981
0.05624056581721461
0.05611931058574739
0.055998474212519425
0.055878054858408584
0.055758050693326636
0.055638459896176544
0.055519280654809294
0.05540051116598187
0.05528214963531472
0.05516419427724899
0.055046643315004855
0.05492949498053919
0.054812747514503705
0.05469639916620317
0.054580448193553316
0.05446489286304004
0.0543497314496773
0.054234962236966014
0.05412058351685296
0.05400659358968992
0.05389299076419227
0.05377977335739864
0.053666939694630156
0.05355448810944998
0.05344241694362277
0.05333072454707487
0.053219409277853964
0.05310846950208868
0.05299790359395006
0.05288770993561054
0.052777886917205155
0.05266843293679226
0.05255934640031394
0.052450625721556815
0.0523422693221138
0.05223427563134463
0.05212664308633759
0.052019370131870725
0.051912455220373854
0.05180589681189008
0.05169969337403767
0.05159384338197254
0.05148834531835011
0.05138319767328784
0.05127839894432774
0.05117394763639897
0.05106984226178097
0.050966081340066166
0.050862663398123
0.05075958697005957
0.050656850597186845
0.05055445282798217
0.050452392218053324
0.05035066733010191
0.050249276733887925
0.05014821900619342
0.05004749273078738
0.049947096498389736
