0.5360497889358302
0.5942567020730891
0.579166833325774
0.5661759499363376
0.5554540177622742
0.5468557787207178
0.5401287594912617
0.534972101997405
0.5310832217251742
0.528187294934095
0.526051157407246
0.5244862002632174
0.5233449619724543
0.5225149452249837
0.5219118372284572
0.5214732579417015
0.521153485792795
0.5209192381981987
0.5207464093027412
0.5206176049338049
0.520520309113836
0.5204455353204518
0.5203868420930556
0.5203396185994549
0.5203005682438759
0.5202673365371699
0.5202382435254123
0.5202120917242051
0.5201880284329293
0.5201654471361723
0.5201439169579798
0.5201231322261506
0.5201028764393092
0.5200829965413041
0.5200633845671306
0.5200439645576074
0.5200246832377006
0.5200055033818198
0.5199863990962773
0.5199673524687762
0.5199483511919802
0.5199293868806159
0.5199104538819201
0.5198915484366653
0.5198726680890082
0.5198538112726935
0.5198349770220401
0.5198161647710439
0.5197973742145552
0.5197786052130653
0.519759857728018
0.5197411317784008
0.5197224274120913
0.5197037446873708
0.5196850836613828
0.5196664443832892
0.5196478268905571
0.5196292312072943
0.5196106573438908
0.5195921052974594
0.519573575052737
0.5195550665832201
0.5195365798523883
0.5195181148149248
0.5194996714178817
0.5194812496017537
0.5194628493014527
0.5194444704471749
0.5194261129651643
0.519407776778381
0.519389461807078
0.5193711679693003
0.5193528951813116
0.5193346433579586
0.5193164124129839
0.5192982022592876
0.5192800128091519
0.5192618439744313
0.5192436956667091
0.5192255677974352
0.5192074602780364
0.519189373020013
0.519171305935017
0.5191532589349196
0.5191352319318661
0.5191172248383225
0.519099237567114
0.5190812700314567
0.5190633221449849
0.5190453938217712
0.5190274849763462
0.5190095955237122
0.5189917253793548
0.5189738744592527
0.5189560426798856
0.5189382299582397
0.5189204362118123
0.5189026613586157
0.5188849053171787
0.5188671680065498
0.5188494493462961
0.5188317492565058
0.5188140676577873
0.5187964044712682
0.5187787596185959
0.5187611330219349
0.5187435246039671
0.5187259342878896
0.518708361997413
0.51869080765676
0.5186732711906636
0.5186557525243648
0.5186382515836113
0.5186207682946544
0.5186033025842484
0.5185858543796464
0.5185684236086008
0.5185510101993587
0.5185336140806607
0.5185162351817394
0.5184988734323155
0.5184815287625975
0.5184642011032776
0.5184468903855312
0.5184295965410133
0.5184123195018571
0.5183950592006713
0.5183778155705382
0.5183605885450114
0.5183433780581138
0.5183261840443346
0.5183090064386283
0.5182918451764114
0.5182747001935613
0.5182575714264129
0.5182404588117575
0.5182233622868406
0.5182062817893588
0.5181892172574585
0.5181721686297336
0.5181551358452233
0.5181381188434102
0.5181211175642183
0.51810413194801
0.5180871619355851
0.5180702074681787
0.5180532684874579
0.5180363449355216
0.5180194367548969
0.5180025438885377
0.5179856662798229
0.5179688038725542
0.5179519566109536
0.5179351244396624
0.5179183073037381
0.5179015051486536
0.5178847179202942
0.5178679455649564
0.5178511880293449
0.5178344452605725
0.5178177172061564
0.5178010038140171
0.5177843050324759
0.517767620810254
0.5177509510964698
0.5177342958406375
0.5177176549926644
0.5177010285028503
0.5176844163218842
0.5176678184008439
0.5176512346911929
0.5176346651447793
0.5176181097138339
0.5176015683509683
0.5175850410091726
0.5175685276418144
0.5175520282026365
0.5175355426457557
0.5175190709256602
0.5175026129972077
0.5174861688156254
0.5174697383365059
0.517453321515807
0.5174369183098493
0.5174205286753151
0.5174041525692459
0.5173877899490409
0.5173714407724558
0.5173551049976004
0.5173387825829372
0.5173224734872801
0.5173061776697924
0.5172898950899844
0.5172736257077128
0.5172573694831792
0.517241126376927
0.5172248963498411
0.517208679363146
0.5171924753784037
0.5171762843575125
0.5171601062627051
0.5171439410565477
0.517127788701937
0.5171116491621003
0.5170955224005926
0.5170794083812953
0.5170633070684153
0.5170472184264828
0.5170311424203499
0.5170150790151886
0.5169990281764901
0.5169829898700633
0.5169669640620317
0.5169509507188339
0.5169349498072208
0.5169189612942542
0.516902985147306
0.5168870213340564
0.5168710698224912
0.5168551305809026
0.5168392035778854
0.5168232887823374
0.5168073861634566
0.5167914956907407
0.5167756173339846
0.51675975106328
0.5167438968490133
0.5167280546618643
0.5167122244728051
0.5166964062530979
0.5166805999742943
0.5166648056082337
0.5166490231270422
0.5166332525031299
0.516617493709191
0.5166017467182016
0.516586011503419
0.5165702880383791
0.5165545762968964
0.5165388762530617
0.5165231878812411
0.5165075111560745
0.5164918460524744
0.5164761925456242
0.5164605506109776
0.5164449202242563
0.5164293013614492
0.5164136939988114
0.5163980981128617
0.5163825136803829
0.5163669406784193
0.5163513790842753
0.5163358288755152
0.5163202900299609
0.516304762525691
0.5162892463410391
0.5162737414545935
0.5162582478451948
0.5162427654919349
0.5162272943741565
0.5162118344714511
0.5161963857636576
0.5161809482308615
0.5161655218533935
0.5161501066118283
0.5161347024869831
0.5161193094599171
0.516103927511929
0.5160885566245567
0.5160731967795762
0.5160578479589999
0.5160425101450754
0.5160271833202843
0.5160118674673416
0.5159965625691937
0.5159812686090175
0.5159659855702192
0.5159507134364335
0.5159354521915214
0.5159202018195702
0.5159049623048915
0.5158897336320206
0.515874515785715
0.5158593087509529
0.5158441125129327
0.5158289270570716
0.5158137523690045
0.5157985884345824
0.5157834352398719
0.5157682927711538
0.5157531610149222
0.5157380399578818
0.5157229295869501
0.5157078298892528
0.5156927408521242
0.5156776624631069
0.5156625947099489
0.515647537580604
0.5156324910632295
0.5156174551461861
0.5156024298180364
0.5155874150675434
0.5155724108836701
0.5155574172555784
0.5155424341726269
0.5155274616243711
0.5155124996005621
0.5154975480911448
0.5154826070862578
0.515467676576231
0.5154527565515865
0.5154378470030354
0.5154229479214782
0.5154080592980038
0.5153931811238869
0.5153783133905885
0.5153634560897545
0.5153486092132145
0.5153337727529803
0.5153189467012461
0.5153041310503859
0.5152893257929536
0.515274530921682
0.5152597464294809
0.5152449723094367
0.5152302085548115
0.5152154551590417
0.5152007121157371
0.5151859794186802
0.5151712570618245
0.5151565450392944
0.5151418433453834
0.5151271519745536
0.5151124709214344
0.5150978001808222
0.5150831397476778
0.5150684896171274
0.5150538497844603
0.5150392202451285
0.5150246009947452
0.5150099920290847
0.5149953933440803
0.5149808049358238
0.5149662268005657
0.5149516589347123
0.5149371013348256
0.5149225539976227
0.5149080169199742
0.5148934900989037
0.5148789735315871
0.5148644672153504
0.5148499711476703
0.514835485326172
0.5148210097486294
0.514806544412963
0.51479208931724
0.5147776444596723
0.5147632098386169
0.5147487854525737
0.5147343713001855
0.5147199673802362
0.5147055736916505
0.5146911902334932
0.5146768170049674
0.5146624540054143
0.5146481012343124
0.5146337586912755
0.5146194263760533
0.5146051042885295
0.5145907924287207
0.5145764907967769
0.5145621993929785
0.5145479182177375
0.5145336472715947
0.5145193865552208
0.5145051360694137
0.5144908958150983
0.5144766657933262
0.5144624460052737
0.514448236452242
0.5144340371356553
0.5144198480570608
0.5144056692181272
0.5143915006206445
0.514377342266522
0.5143631941577885
0.5143490562965911
0.514334928685194
0.5143208113259782
0.5143067042214401
0.5142926073741908
0.5142785207869558
0.514264444462573
0.5142503784039926
0.5142363226142765
0.514222277096597
0.5142082418542354
0.5141942168905825
0.5141802022091364
0.5141661978135029
0.5141522037073933
0.5141382198946247
0.5141242463791187
0.5141102831649002
0.5140963302560975
0.5140823876569404
0.5140684553717599
0.5140545334049877
0.5140406217611545
0.5140267204448901
0.5140128294609215
0.5139989488140733
0.5139850785092659
0.5139712185515148
0.5139573689459308
0.5139435296977176
0.5139297008121719
0.5139158822946827
0.51390207415073
0.5138882763858839
0.5138744890058045
0.5138607120162411
0.5138469454230292
0.5138331892320938
0.5138194434494443
0.5138057080811762
0.5137919831334701
0.51377826861259
0.5137645645248833
0.5137508708767791
0.5137371876747887
0.5137235149255035
0.5137098526355952
0.5136962008118141
0.5136825594609893
0.5136689285900266
0.5136553082059092
0.5136416983156961
0.513628098926521
0.5136145100455919
0.5136009316801907
0.5135873638376716
0.513573806525461
0.5135602597510563
0.5135467235220252
0.513533197846005
0.5135196827307019
0.5135061781838899
0.5134926842134102
0.5134792008271706
0.5134657280331445
0.5134522658393699
0.5134388142539492
0.5134253732850482
0.5134119429408951
0.5133985232297794
0.5133851141600525
0.5133717157401253
0.5133583279784684
0.5133449508836112
0.5133315844641406
0.5133182287287015
0.5133048836859941
0.513291549344775
0.5132782257138553
0.5132649128021003
0.5132516106184284
0.5132383191718111
0.5132250384712708
0.5132117685258822
0.5131985093447692
0.5131852609371056
0.5131720233121141
0.5131587964790651
0.5131455804472769
0.5131323752261132
0.5131191808249848
0.5131059972533463
0.5130928245206974
0.5130796626365807
0.5130665116105824
0.5130533714523294
0.5130402421714912
0.5130271237777771
0.5130140162809362
0.5130009196907569
0.5129878340170655
0.5129747592697261
0.5129616954586398
0.5129486425937432
0.5129356006850088
0.5129225697424433
0.5129095497760874
0.512896540796015
0.5128835428123321
0.5128705558351767
0.5128575798747173
0.5128446149411527
0.5128316610447117
0.5128187181956507
0.5128057864042553
0.5127928656808374
0.5127799560357358
0.5127670574793153
0.5127541700219652
0.5127412936740998
0.5127284284461564
0.5127155743485956
0.5127027313919001
0.5126898995865738
0.5126770789431416
0.5126642694721485
0.5126514711841581
0.5126386840897534
0.5126259081995347
0.5126131435241197
0.5126003900741425
0.5125876478602523
0.5125749168931143
0.512562197183407
0.5125494887418234
0.5125367915790681
0.5125241057058588
0.5125114311329244
0.5124987678710042
0.512486115930848
0.5124734753232143
0.5124608460588703
0.5124482281485915
0.5124356216031599
0.5124230264333647
0.51241044265
0.5123978702638656
0.5123853092857655
0.5123727597265069
0.5123602215969003
0.5123476949077586
0.5123351796698956
0.5123226758941269
0.5123101835912673
0.5122977027721314
0.5122852334475325
0.5122727756282819
0.5122603293251883
0.5122478945490572
0.5122354713106894
0.512223059620882
0.5122106594904257
0.5121982709301054
0.5121858939506996
0.5121735285629785
0.5121611747777045
0.5121488326056316
0.5121365020575033
0.5121241831440531
0.5121118758760044
0.5120995802640672
0.5120872963189415
0.5120750240513119
0.5120627634718511
0.5120505145912164
0.5120382774200505
0.5120260519689801
0.5120138382486159
0.512001636269551
0.5119894460423609
0.5119772675776025
0.5119651008858145
0.511952945977514
0.511940802863199
0.511928671553346
0.5119165520584095
0.5119044443888217
0.5118923485549914
0.5118802645673036
0.5118681924361188
0.5118561321717724
0.5118440837845735
0.5118320472848051
0.511820022682723
0.5118080099885548
0.5117960092124998
0.5117840203647278
0.5117720434553791
0.5117600784945632
0.5117481254923585
0.5117361844588113
0.5117242554039358
0.5117123383377126
0.5117004332700886
0.5116885402109763
0.5116766591702528
0.5116647901577593
0.5116529331833012
0.5116410882566456
0.5116292553875228
0.511617434585624
0.5116056258606018
0.5115938292220686
0.5115820446795966
0.5115702722427167
0.5115585119209185
0.5115467637236489
0.5115350276603118
0.5115233037402674
0.5115115919728319
0.5114998923672759
0.5114882049328251
0.5114765296786583
0.511464866613908
0.5114532157476586
0.5114415770889467
0.5114299506467597
0.5114183364300359
0.5114067344476634
0.5113951447084792
0.5113835672212693
0.5113720019947676
0.5113604490376551
0.5113489083585597
0.5113373799660552
0.5113258638686611
0.5113143600748415
0.5113028685930043
0.5112913894315017
0.5112799225986282
0.5112684681026207
0.5112570259516578
0.5112455961538589
0.5112341787172842
0.5112227736499331
0.5112113809597445
0.5112000006545957
0.5111886327423019
0.5111772772306155
0.5111659341272254
0.5111546034397568
0.5111432851757699
0.51113197934276
0.5111206859481563
0.5111094049993219
0.5110981365035523
0.5110868804680755
0.5110756369000514
0.5110644058065704
0.5110531871946542
0.5110419810712535
0.5110307874432488
0.5110196063174487
0.5110084377005901
0.5109972815993375
0.5109861380202818
0.5109750069699402
0.5109638884547557
0.5109527824810957
0.5109416890552525
0.5109306081834419
0.5109195398718032
0.5109084841263976
0.5108974409532089
0.5108864103581419
0.510875392347022
0.5108643869255953
0.5108533940995272
0.5108424138744017
0.5108314462557216
0.5108204912489074
0.5108095488592969
0.5107986190921439
0.5107877019526189
0.5107767974458077
0.5107659055767102
0.5107550263502417
0.51074415977123
0.510733305844417
0.5107224645744559
0.5107116359659132
0.5107008200232652
0.5106900167509002
0.510679226153116
0.5106684482341199
0.5106576829980287
0.510646930448867
0.5106361905905676
0.5106254634269705
0.5106147489618222
0.5106040471987756
0.5105933581413888
0.5105826817931254
0.5105720181573526
0.5105613672373421
0.5105507290362685
0.5105401035572094
0.5105294908031442
0.5105188907769538
0.5105083034814204
0.5104977289192265
0.5104871670929545
0.5104766180050858
0.5104660816580013
0.5104555580539792
0.5104450471951958
0.5104345490837242
0.5104240637215343
0.5104135911104922
0.5104031312523587
0.51039268414879
0.5103822498013364
0.5103718282114418
0.5103614193804435
0.5103510233095718
0.5103406399999485
0.5103302694525873
0.5103199116683927
0.5103095666481599
0.5102992343925741
0.5102889149022096
0.5102786081775296
0.510268314218886
0.5102580330265178
0.5102477646005521
0.5102375089410021
0.5102272660477671
0.5102170359206326
0.5102068185592686
0.5101966139632301
0.5101864221319559
0.5101762430647684
0.5101660767608731
0.5101559232193578
0.5101457824391923
0.5101356544192279
0.5101255391581967
0.5101154366547112
0.5101053469072635
0.5100952699142258
0.5100852056738481
0.5100751541842595
0.5100651154434667
0.5100550894493532
0.5100450761996796
0.5100350756920832
0.5100250879240762
0.5100151128930466
0.510005150596257
0.5099952010308441
0.5099852641938182
0.5099753400820632
0.5099654286923354
0.5099555300212633
0.5099456440653471
0.5099357708209584
0.5099259102843394
0.5099160624516023
0.5099062273187291
0.5098964048815714
0.5098865951358489
0.5098767980771499
0.5098670137009301
0.5098572420025131
0.5098474829770887
0.5098377366197131
0.5098280029253084
0.5098182818886616
0.5098085735044253
0.5097988777671156
0.5097891946711129
0.5097795242106609
0.5097698663798663
0.509760221172698
0.5097505885829868
0.5097409686044254
0.509731361230567
0.5097217664548259
0.5097121842704755
0.5097026146706497
0.5096930576483414
0.5096835131964017
0.50967398130754
0.509664461974324
0.5096549551891779
0.509645460944383
0.5096359792320773
0.5096265100442537
0.5096170533727616
0.5096076092093049
0.509598177545442
0.5095887583725853
0.5095793516820011
0.5095699574648082
0.5095605757119788
0.5095512064143372
0.5095418495625592
0.5095325051471724
0.5095231731585549
0.5095138535869356
0.5095045464223931
0.5094952516548561
0.5094859692741017
0.5094766992697565
0.509467441631295
0.5094581963480395
0.5094489634091596
0.5094397428036723
0.509430534520441
0.509421338548175
0.5094121548754292
0.5094029834906044
0.5093938243819454
0.5093846775375422
0.509375542945328
0.5093664205930803
0.5093573104684194
0.5093482125588081
0.509339126851552
0.5093300533337981
0.5093209919925353
0.5093119428145935
0.5093029057866427
0.5092938808951938
0.5092848681265976
0.5092758674670435
0.5092668789025607
0.5092579024190167
0.5092489380021171
0.5092399856374057
0.5092310453102632
0.5092221170059076
0.5092132007093934
0.5092042964056113
0.5091954040792881
0.5091865237149853
0.5091776552971
0.5091687988098639
0.5091599542373427
0.5091511215634361
0.5091423007718772
0.509133491846232
0.5091246947698994
0.5091159095261106
0.5091071360979288
0.5090983744682482
0.509089624619795
0.5090808865351251
0.5090721601966259
0.5090634455865141
0.509054742686836
0.5090460514794679
0.5090373719461142
0.5090287040683082
0.5090200478274114
0.5090114032046127
0.5090027701809291
0.5089941487372036
0.5089855388541071
0.508976940512136
0.508968353691613
0.5089597783726864
0.5089512145353292
0.5089426621593405
0.5089341212243425
0.5089255917097826
0.5089170735949315
0.5089085668588837
0.5089000714805567
0.5088915874386902
0.5088831147118474
0.5088746532784129
0.508866203116593
0.5088577642044154
0.5088493365197291
0.5088409200402036
0.5088325147433288
0.5088241206064142
0.50881573760659
0.5088073657208049
0.5087990049258266
0.5087906551982417
0.5087823165144552
0.50877398885069
0.5087656721829867
0.5087573664872029
0.5087490717390138
0.5087407879139111
0.5087325149872026
0.5087242529340121
0.5087160017292798
0.5087077613477605
0.5086995317640244
0.5086913129524563
0.5086831048872557
0.5086749075424363
0.508666720891825
0.5086585449090626
0.5086503795676032
0.5086422248407135
0.508634080701473
0.508625947122773
0.5086178240773171
0.5086097115376207
0.5086016094760101
0.5085935178646226
0.5085854366754066
0.5085773658801207
0.5085693054503334
0.5085612553574235
0.5085532155725788
0.5085451860667968
0.5085371668108835
0.5085291577754534
0.5085211589309301
0.5085131702475445
0.5085051916953357
0.5084972232441497
0.5084892648636401
0.5084813165232677
0.5084733781922988
0.5084654498398071
0.5084575314346719
0.5084496229455783
0.5084417243410165
0.5084338355892823
0.5084259566584766
0.5084180875165039
0.5084102281310742
0.5084023784697012
0.5083945384997017
0.5083867081881969
0.5083788875021111
0.508371076408171
0.5083632748729064
0.5083554828626499
0.5083477003435353
0.5083399272814991
0.5083321636422792
0.5083244093914147
0.5083166644942458
0.5083089289159138
0.5083012026213605
0.5082934855753274
0.5082857777423568
0.5082780790867907
0.50827038957277
0.5082627091642355
0.5082550378249271
0.5082473755183827
0.5082397222079394
0.5082320778567321
0.508224442427694
0.508216815883556
0.5082091981868464
0.5082015892998907
0.5081939891848115
0.5081863978035281
0.5081788151177562
0.5081712410890079
0.5081636756785914
0.5081561188476105
0.5081485705569643
0.5081410307673476
0.50813349943925
0.5081259765329559
0.5081184620085446
0.5081109558258893
0.508103457944657
0.5080959683243097
0.5080884869241018
0.5080810137030816
0.5080735486200902
0.5080660916337627
0.5080586427025255
0.508051201784598
0.5080437688379916
0.5080363438205104
0.5080289266897496
0.5080215174030961
0.5080141159177278
0.5080067221906142
0.5079993361785153
0.5079919578379821
0.5079845871253552
0.507977223996766
0.507969868408136
0.5079625203151759
0.5079551796733862
0.5079478464380565
0.5079405205642659
0.5079332020068816
0.5079258907205602
0.5079185866597464
0.5079112897786728
0.5079040000313605
0.5078967173716176
0.5078894417530407
0.507882173129013
0.5078749114527052
0.5078676566770746
0.5078604087548654
0.5078531676386082
0.5078459332806198
0.5078387056330033
0.5078314846476473
0.5078242702762262
0.5078170624702001
0.5078098611808135
0.5078026663590968
0.5077954779558647
0.5077882959217167
0.5077811202070364
0.5077739507619919
0.5077667875365351
0.5077596304804018
0.507752479543111
0.5077453346739655
0.5077381958220509
0.5077310629362364
0.5077239359651728
0.5077168148572945
0.5077096995608176
0.5077025900237406
0.5076954861938441
0.5076883880186902
0.5076812954456225
0.507674208421766
0.5076671268940267
0.507660050809092
0.5076529801134297
0.5076459147532879
0.5076388546746955
0.5076317998234611
0.5076247501451738
0.507617705585202
0.5076106660886937
0.5076036316005764
0.5075966020655566
0.5075895774281198
0.5075825576325305
0.5075755426228312
0.5075685323428435
0.5075615267361666
0.5075545257461779
0.5075475293160323
0.507540537388663
0.5075335499067798
0.5075265668128701
0.5075195880491982
0.5075126135578052
0.5075056432805087
0.5074986771589032
0.5074917151343586
0.5074847571480217
0.5074778031408144
0.5074708530534346
0.5074639068263557
0.5074569643998261
0.5074500257138695
0.5074430907082843
0.5074361593226433
0.5074292314962946
0.5074223071683599
0.5074153862777346
0.5074084687630891
0.5074015545628667
0.5073946436152842
0.5073877358583322
0.5073808312297737
0.5073739296671453
0.5073670311077557
0.5073601354886867
0.5073532427467919
0.5073463528186972
0.5073394656408009
0.507332581149272
0.5073256992800521
0.5073188199688535
0.5073119431511595
0.507305068762225
0.5072981967370753
0.507291327010506
0.5072844595170836
0.5072775941911438
0.5072707309667935
0.5072638697779083
0.507257010558134
0.5072501532408853
0.5072432977593463
0.50723644404647
0.5072295920349781
0.5072227416573608
0.5072158928458766
0.5072090455325525
0.507202199649183
0.5071953551273305
0.5071885118983247
0.5071816698932631
0.5071748290430098
0.5071679892781961
0.50716115052922
0.5071543127262456
0.5071474757992038
0.5071406396777914
0.5071338042914708
0.5071269695694706
0.5071201354407839
0.5071133018341702
0.5071064686781531
0.5070996359010216
0.5070928034308287
0.5070859711953923
0.5070791391222941
0.5070723071388801
0.5070654751722596
0.5070586431493059
0.5070518109966551
0.5070449786407067
0.5070381460076229
0.5070313130233286
0.5070244796135108
0.5070176457036194
0.5070108112188655
0.5070039760842224
0.5069971402244247
0.5069903035639682
0.5069834660271102
0.5069766275378681
0.5069697880200207
0.5069629473971067
0.5069561055924249
0.506949262529034
0.5069424181297526
0.5069355723171588
0.5069287250135894
0.5069218761411404
0.5069150256216669
0.5069081733767821
0.506901319327857
0.5068944633960215
0.5068876055021627
0.5068807455669256
0.5068738835107118
0.5068670192536805
0.5068601527157475
0.5068532838165848
0.5068464124756212
0.5068395386120412
0.506832662144785
0.5068257829925484
0.5068189010737827
0.5068120163066936
0.506805128609242
0.506798237899143
0.5067913440938662
0.5067844471106346
0.5067775468664256
0.5067706432779695
0.5067637362617496
0.5067568257340027
0.5067499116107177
0.5067429938076355
0.5067360722402499
0.5067291468238059
0.5067222174733
0.5067152841034801
0.506708346628845
0.5067014049636441
0.5066944590218768
0.5066875087172932
0.5066805539633926
0.5066735946734244
0.5066666307603866
0.5066596621370264
0.5066526887158393
0.5066457104090697
0.5066387271287094
0.5066317387864981
0.5066247452939232
0.5066177465622187
0.5066107425023656
0.5066037330250912
0.5065967180408697
0.50658969745992
0.5065826711922073
0.5065756391474416
0.5065686012350785
0.5065615573643171
0.5065545074441015
0.5065474513831196
0.5065403890898026
0.5065333204723252
0.506526245438605
0.506519163896302
0.5065120757528185
0.5065049809152992
0.5064978792906294
0.5064907707854367
0.5064836553060883
0.5064765327586933
0.5064694030490999
0.5064622660828966
0.5064551217654112
0.5064479700017107
0.5064408106966006
0.5064336437546252
0.5064264690800664
0.5064192865769437
0.5064120961490141
0.5064048976997713
0.5063976911324456
0.5063904763500032
0.5063832532551469
0.5063760217503134
0.5063687817376754
0.50636153311914
0.5063542757963483
0.5063470096706754
0.5063397346432293
0.5063324506148515
0.5063251574861158
0.5063178551573285
0.5063105435285272
0.5063032224994808
0.5062958919696897
0.5062885518383845
0.5062812020045253
0.5062738423668028
0.5062664728236365
0.5062590932731743
0.5062517036132935
0.506244303741598
0.5062368935554199
0.5062294729518189
0.5062220418275797
0.5062146000792146
0.506207147602961
0.5061996842947813
0.5061922100503632
0.5061847247651183
0.5061772283341821
0.5061697206524134
0.5061622016143938
0.506154671114428
0.5061471290465417
0.5061395753044823
0.5061320097817186
0.506124432371439
0.5061168429665529
0.5061092414596884
0.5061016277431928
0.506094001709132
0.5060863632492895
0.5060787122551662
0.5060710486179807
0.506063372228667
0.5060556829778757
0.506047980755972
0.5060402654530368
0.5060325369588647
0.506024795162964
0.5060170399545564
0.5060092712225762
0.5060014888556699
0.5059936927421953
0.5059858827702214
0.5059780588275272
0.5059702208016024
0.5059623685796449
0.5059545020485621
0.5059466210949692
0.5059387256051889
0.5059308154652512
0.505922890560892
0.5059149507775531
0.5059069960003817
0.5058990261142292
0.5058910410036512
0.5058830405529067
0.5058750246459571
0.5058669931664662
0.5058589459977989
0.5058508830230215
0.5058428041249001
0.5058347091859003
0.5058265980881872
0.5058184707136231
0.5058103269437688
0.5058021666598821
0.5057939897429164
0.5057857960735216
0.5057775855320416
0.5057693579985155
0.5057611133526752
0.505752851473946
0.5057445722414456
0.5057362755339826
0.5057279612300567
0.505719629207858
0.5057112793452658
0.5057029115198478
0.5056945256088603
0.5056861214892464
0.5056776990376355
0.5056692581303435
0.5056607986433705
0.5056523204524019
0.5056438234328056
0.5056353074596329
0.5056267724076169
0.5056182181511721
0.5056096445643935
0.5056010515210556
0.5055924388946119
0.5055838065581945
0.5055751543846116
0.5055664822463497
0.5055577900155698
0.5055490775641078
0.5055403447634743
0.5055315914848533
0.5055228175991003
0.5055140229767436
0.5055052074879816
0.5054963710026826
0.5054875133903843
0.505478634520293
0.5054697342612814
0.5054608124818895
0.5054518690503225
0.505442903834451
0.5054339167018089
0.5054249075195933
0.5054158761546633
0.5054068224735394
0.5053977463424022
0.5053886476270915
0.5053795261931061
0.5053703819056021
0.5053612146293917
0.5053520242289437
0.5053428105683804
0.5053335735114791
0.5053243129216691
0.5053150286620318
0.5053057205952995
0.5052963885838542
0.5052870324897268
0.5052776521745965
0.5052682474997889
0.505258818326276
0.5052493645146741
0.5052398859252442
0.5052303824178892
0.5052208538521548
0.5052113000872268
0.505201720981931
0.5051921163947318
0.5051824861837315
0.5051728302066687
0.5051631483209178
0.5051534403834872
0.5051437062510189
0.5051339457797873
0.5051241588256976
0.5051143452442857
0.5051045048907156
0.5050946376197796
0.5050847432858964
0.5050748217431107
0.5050648728450914
0.5050548964451305
0.5050448923961423
0.5050348605506618
0.5050248007608441
0.5050147128784626
0.5050045967549084
0.5049944522411882
0.5049842791879249
0.5049740774453538
0.5049638468633235
0.5049535872912941
0.5049432985783353
0.5049329805731263
0.5049226331239532
0.5049122560787094
0.5049018492848925
0.5048914125896042
0.5048809458395492
0.5048704488810332
0.5048599215599616
0.5048493637218391
0.504838775211767
0.5048281558744429
0.5048175055541596
0.5048068240948029
0.5047961113398504
0.5047853671323704
0.5047745913150212
0.5047637837300485
0.5047529442192842
0.5047420726241459
0.5047311687856355
0.5047202325443358
0.5047092637404119
0.5046982622136079
0.504687227803246
0.504676160348225
0.5046650596870194
0.5046539256576766
0.5046427580978174
0.5046315568446325
0.5046203217348821
0.504609052604895
0.5045977492905651
0.5045864116273523
0.5045750394502792
0.5045636325939302
0.5045521908924501
0.5045407141795423
0.5045292022884674
0.5045176550520416
0.5045060723026351
0.5044944538721705
0.504482799592121
0.5044711092935095
0.5044593828069057
0.5044476199624262
0.5044358205897315
0.5044239845180245
0.5044121115760498
0.504400201592091
0.5043882543939692
0.504376269809042
0.504364247664201
0.5043521877858707
0.5043400900000061
0.5043279541320919
0.5043157800071398
0.5043035674496877
0.5042913162837972
0.5042790263330518
0.504266697420556
0.5042543293689326
0.5042419220003214
0.5042294751363772
0.5042169885982679
0.504204462206673
0.5041918957817816
0.5041792891432901
0.5041666421104014
0.5041539545018219
0.5041412261357603
0.5041284568299252
0.5041156464015243
0.5041027946672612
0.5040899014433333
0.5040769665454321
0.5040639897887385
0.5040509709879222
0.5040379099571398
0.504024806510033
0.5040116604597255
0.5039984716188217
0.5039852397994055
0.5039719648130364
0.5039586464707494
0.5039452845830519
0.5039318789599211
0.5039184294108038
0.503904935744612
0.5038913977697232
0.5038778152939759
0.5038641881246694
0.5038505160685606
0.5038367989318623
0.5038230365202406
0.5038092286388136
0.5037953750921484
0.503781475684259
0.5037675302186047
0.5037535384980867
0.5037395003250476
0.5037254155012673
0.5037112838279625
0.503697105105783
0.50368287913481
0.5036686057145541
0.5036542846439523
0.5036399157213666
0.5036254987445807
0.5036110335107984
0.5035965198166407
0.5035819574581439
0.5035673462307572
0.5035526859293395
0.5035379763481581
0.5035232172808858
0.5035084085205983
0.5034935498597717
0.5034786410902805
0.5034636820033952
0.503448672389779
0.5034336120394858
0.5034185007419578
0.503403338286023
0.5033881244598923
0.5033728590511573
0.5033575418467874
0.5033421726331274
0.5033267511958951
0.5033112773201783
0.5032957507904324
0.503280171390478
0.5032645389034978
0.5032488531120336
0.5032331137979847
0.5032173207426047
0.5032014737264985
0.5031855725296194
0.5031696169312676
0.503153606710086
0.5031375416440583
0.5031214215105055
0.5031052460860841
0.5030890151467825
0.5030727284679184
0.5030563858241359
0.503039986989403
0.5030235317370078
0.5030070198395571
0.5029904510689718
0.5029738251964855
0.5029571419926404
0.5029404012272853
0.5029236026695715
0.5029067460879514
0.5028898312501738
0.5028728579232821
0.5028558258736107
0.5028387348667823
0.5028215846677043
0.5028043750405664
0.5027871057488373
0.5027697765552608
0.5027523872218546
0.5027349375099046
0.5027174271799639
0.5026998559918483
0.5026822237046342
0.5026645300766542
0.5026467748654948
0.502628957827993
0.5026110787202326
0.5025931372975411
0.5025751333144871
0.502557066524876
0.5025389366817472
0.5025207435373706
0.5025024868432438
0.5024841663500873
0.5024657818078431
0.5024473329656698
0.5024288195719395
0.5024102413742348
0.5023915981193446
0.5023728895532616
0.5023541154211782
0.5023352754674825
0.5023163694357559
0.502297397068769
0.5022783581084775
0.5022592522960201
0.5022400793717127
0.5022208390750471
0.5022015311446858
0.502182155318459
0.5021627113333604
0.5021431989255449
0.5021236178303227
0.5021039677821573
0.5020842485146614
0.5020644597605924
0.5020446012518499
0.5020246727194704
0.502004673893625
0.5019846045036143
0.5019644642778652
0.501944252943927
0.5019239702284672
0.5019036158572681
0.501883189555222
0.5018626910463285
0.5018421200536896
0.5018214762995055
0.5018007595050717
0.501779969390774
0.5017591056760846
0.5017381680795585
0.501717156318829
0.5016960701106037
0.5016749091706606
0.5016536732138432
0.5016323619540577
0.5016109751042673
0.5015895123764887
0.5015679734817885
0.5015463581302779
0.5015246660311087
0.5015028968924695
0.5014810504215808
0.5014591263246914
0.5014371243070729
0.5014150440730166
0.5013928853258287
0.501370647767825
0.5013483311003278
0.501325935023661
0.501303459237145
0.5012809034390928
0.5012582673268059
0.5012355505965687
0.501212752943645
0.5011898740622721
0.5011669136456584
0.5011438713859765
0.5011207469743593
0.5010975401008964
0.501074250454628
0.5010508777235407
0.5010274215945631
0.5010038817535609
0.5009802578853317
0.5009565496736008
0.5009327568010159
0.5009088789491428
0.5008849157984602
0.5008608670283545
0.500836732317116
0.5008125113419326
0.5007882037788859
0.5007638093029458
0.5007393275879656
0.5007147583066767
0.5006901011306845
0.500665355730462
0.500640521775346
0.5006155989335309
0.5005905868720647
0.5005654852568429
0.5005402937526037
0.500515012022923
0.5004896397302092
0.5004641765356973
0.5004386220994443
0.5004129760803241
0.5003872381360217
0.5003614079230277
0.500335485096634
0.5003094693109271
0.5002833602187836
0.5002571574718646
0.5002308607206101
0.5002044696142336
0.5001779838007167
0.5001514029268036
0.5001247266379957
0.5000979545785452
0.5000710863914513
0.5000441217184521
0.5000170602000218
0.49998990147536265
0.49996264518240063
0.4999352909577792
0.49990783843685405
0.499880287253687
0.4998526370410401
0.4998248874303703
0.4997970380518232
0.49976908853422775
0.49974103850508983
0.4997128875905865
0.4996846354155604
0.4996562816035135
0.4996278257766013
0.499599267555627
0.49957060656003505
0.49954184240790567
0.49951297471594797
0.4994840030994951
0.4994549271724974
0.4994257465475158
0.499396460835717
0.499367069646866
0.4993375725893207
0.4993079692700257
0.49927825929450503
0.4992484422668576
0.4992185177897494
0.49918848546440786
0.49915834489061567
0.49912809566670385
0.4990977373895459
0.49906726965455117
0.4990366920556583
0.4990060041853293
0.4989752056345422
0.49894429599278545
0.49891327484805065
0.49888214178682644
0.498850896394092
0.4988195382533104
0.49878806694642114
0.4987564820538347
0.49872478315442587
0.4986929698255256
0.4986610416429158
0.4986289981808221
0.4985968390119071
0.498564563707263
0.498532171836406
0.49849966296726844
0.4984670366661924
0.4984342924979224
0.4984014300255996
0.498368448810753
0.4983353484132945
0.49830212839151056
0.49826878830205545
0.49823532769994505
0.4982017461385484
0.4981680431695822
0.49813421834310245
0.49810027120749756
0.4980662013094822
0.49803200819408905
0.4979976914046617
0.4979632504828483
0.49792868496859327
0.4978939944001308
0.49785917831397736
0.4978242362449242
0.49778916772603043
0.4977539722886152
0.49771864946225114
0.49768319877475553
0.4976476197521847
0.49761191191882514
0.49757607479718713
0.4975401079079966
0.49750401077018724
0.49746778290089466
0.497431423815447
0.49739493302735815
0.49735831004832054
0.4973215543881969
0.4972846655550132
0.49724764305495067
0.4972104863923381
0.49717319506964436
0.49713576858747044
0.4970982064445424
0.49706050813770286
0.4970226731619037
0.49698470101019787
0.4969465911737324
0.4969083431417394
0.49686995640152953
0.4968314304384832
0.49679276473604306
0.49675395877570616
0.49671501203701596
0.49667592399755434
0.4966366941329342
0.4965973219167903
0.49655780682077266
0.4965181483145375
0.49647834586574047
0.4964383989400269
0.49639830700102555
0.49635806951033923
0.4963176859275371
0.49627715571014763
0.4962364783136486
0.49619565319146025
0.4961546797949373
0.4961135575733601
0.4960722859739266
0.4960308644417449
0.49598929241982376
0.4959475693490657
0.4959056946682583
0.4958636678140655
0.49582148822102035
0.495779155321516
0.4957366685457973
0.49569402732195367
0.49565123107590925
0.4956082792314158
0.4955651712100443
0.49552190643117594
0.4954784843119944
0.4954349042674771
0.49539116571038766
0.4953472680512666
0.49530321069842326
0.4952589930579282
0.49521461453360366
0.495170074527016
0.495125372437467
0.49508050766198586
0.49503547959531996
0.4949902876299275
0.4949449311559685
0.49489940956129636
0.49485372223144997
0.49480786854964454
0.49476184789676403
0.4947156596513523
0.4946693031896042
0.4946227778853583
0.49457608311008777
0.4945292182328918
0.4944821826204878
0.49443497563720246
0.4943875966449635
0.49434004500329143
0.4942923200692911
0.4942444211976432
0.49419634774059584
0.4941480990479562
0.4940996744670824
0.4940510733428749
0.49400229501776793
0.49395333883172143
0.4939042041222131
0.4938548902242289
0.4938053964702558
0.493755722190273
0.49370586671174377
0.4936558293596071
0.4936056094562693
0.493555206321596
0.49350461927290373
0.49345384762495126
0.49340289068993265
0.4933517477774674
0.4933004181945936
0.49324890124575893
0.49319719623281305
0.4931453024549991
0.49309321920894567
0.49304094578865887
0.4929884814855141
0.4929358255882482
0.4928829773829511
0.4928299361530585
0.49277670117934286
0.4927232717399064
0.4926696471101727
0.49261582656287906
0.4925618093680689
0.4925075947930829
0.49245318210255273
0.49239857055839154
0.4923437594197884
0.4922887479431982
0.49223353538233633
0.4921781209881692
0.492122504008908
0.4920666836900003
0.49201065927412313
0.49195443000117534
0.4918979951082698
0.491841353829727
0.49178450539706686
0.491727449039002
0.49167018398142986
0.4916127094474268
0.49155502465723966
0.49149712882827945
0.49143902117511395
0.49138070090946123
0.49132216724018285
0.49126341937327594
0.4912044565118676
0.49114527785620804
0.49108588260366315
0.4910262699487089
0.4909664390829244
0.4909063891949851
0.49084611947065704
0.4907856290927899
0.4907249172413119
0.4906639830932221
0.49060282582258524
0.490541444600526
0.490479838595222
0.49041800697189897
0.49035594889282447
0.49029366351730264
0.4902311500016676
0.4901684074992795
0.4901054351605173
0.49004223213277526
0.4899787975604561
0.48991513058496666
0.48985123034471306
0.4897870959750952
0.48972272660850197
0.48965812137430687
0.4895932793988632
0.48952819980549905
0.4894628817145138
0.4893973242431728
0.48933152650570366
0.489265487613293
0.4891992066740801
0.4891326827931556
0.48906591507255637
0.4889989026112622
0.48893164450519205
0.48886413984720145
0.48879638772707834
0.4887283872315404
0.48866013744423226
0.4885916374457224
0.48852288631350005
0.4884538831219739
0.48838462694246815
0.48831511684322143
0.48824535188938367
0.48817533114301576
0.4881050536630855
0.48803451850546753
0.4879637247229417
0.48789267136519116
0.48782135747880156
0.48774978210726017
0.4876779442909543
0.4876058430671717
0.4875334774700994
0.4874608465308238
0.48738794927732987
0.48731478473450185
0.48724135192412354
0.48716764986487815
0.48709367757234956
0.4870194340590226
0.48694491833428444
0.48687012940442587
0.48679506627264224
0.4867197279390355
0.4866441134006165
0.48656822165130564
0.4864920516819369
0.48641560248025856
0.48633887303093776
0.48626186231556207
0.48618456931264314
0.48610699299762045
0.48602913234286377
0.4859509863176792
0.48587255388831085
0.4857938340179474
0.485714825666725
0.4856355277917333
0.4855559393470201
0.48547605928359705
0.4853958865494452
0.48531542008952067
0.48523465884576106
0.485153601757093
0.48507224775943647
0.48499059578571446
0.48490864476585926
0.4848263936268195
0.4847438412925689
0.4846609866841146
0.4845778287195054
0.48449436631384013
0.4844105983792778
0.48432652382504665
0.484242141557454
0.48415745047989606
0.48407244949286876
0.48398713749397865
0.4839015133779542
0.48381557603665565
0.4837293243590898
0.48364275723141936
0.48355587353697715
0.4834686721562783
0.4833811519670337
0.48329331184416385
0.4832051506598124
0.48311666728336067
0.4830278605814432
0.48293872941796123
0.4828492726540996
0.48275948914834266
0.4826693777564898
0.48257893733167234
0.4824881667243716
0.48239706478243577
0.48230563035109764
0.48221386227299334
0.4821217593881808
0.4820293205341607
0.4819365445458931
0.481843430255821
0.48174997649388773
0.4816561820875609
0.4815620458618517
0.4814675666393385
0.481372743240188
0.48127757448217856
0.4811820591807248
0.4810861961488998
0.4809899841974597
0.4808934221348696
0.48079650876732843
0.4806992428987943
0.4806016233310118
0.48050364886353825
0.48040531829377114
0.4803066304169765
0.4802075840263171
0.4801081779128814
0.4800084108657132
0.4799082816718421
0.4798077891163133
0.47970693198222
0.4796057090507336
0.47950411910113794
0.47940216091086096
0.479299833255508
0.47919713490889704
0.47909406464309234
0.47899062122844016
0.4788868034336049
0.47878261002560485
0.4786780397698499
0.47857309143017884
0.4784677637688979
0.47836205554681993
0.47825596552330363
0.47814949245629385
0.4780426351023624
0.4779353922167499
0.4778277625534075
0.4777197448650402
0.47761133790314997
0.4775025404180799
0.4773933511590594
0.4772837688742494
0.47717379231078866
0.4770634202148407
0.47695265133164155
0.4768414844055477
0.476729918180085
0.47661795139799923
0.47650558280130556
0.4763928111313403
0.47627963512881233
0.4761660535338562
0.4760520650860851
0.47593766852464514
0.47582286258827
0.4757076460153369
0.47559201754392233
0.4754759759118599
0.4753595198567975
0.4752426481162559
0.475125359427689
0.47500765252854377
0.4748895261563202
0.4747709790486341
0.47465200994327916
0.474532617578291
0.4744128006920099
0.47429255802314724
0.47417188831085066
0.4740507902947698
0.4739292627151255
0.47380730431277596
0.47368491382928707
0.4735620900070021
0.4734388315891116
0.47331513731972596
0.4731910059439471
0.4730664362079412
0.4729414268590143
0.47281597664568503
0.47269008431776194
0.4725637486264194
0.4724369683242753
0.4723097421654687
0.47218206890573955
0.4720539473025085
0.47192537611495755
0.47179635410411197
0.47166688003292273
0.4715369526663501
0.4714065707714475
0.47127573311744697
0.47114443847584575
0.4710126856204918
0.47088047332767285
0.4707478003762047
0.4706146655475203
0.4704810676257605
0.47034700539786556
0.4702124776536668
0.47007748318598
0.4699420207906985
0.4698060892668895
0.46966968741688786
0.46953281404639424
0.46939546796457127
0.4692576479841425
0.4691193529214908
0.46898058159675937
0.46884133283395185
0.4687016054610337
0.46856139831003585
0.4684207102171569
0.4682795400228683
0.4681378865720192
0.46799574871394206
0.4678531253025598
0.4677100151964935
0.46756641725917086
0.4674223303589349
0.46727775336915517
0.46713268516833806
0.4669871246402383
0.4668410706739724
0.4666945221641314
0.46654747801089536
0.4663999371201478
0.46625189840359266
0.4661033607788697
0.46595432316967234
0.4658047845058658
0.46565474372360594
0.46550419976545826
0.46535315158052004
0.4652015981245392
0.4650495383600374
0.46489697125643253
0.4647438957901622
0.46459031094480635
0.46443621571121363
0.4642816090876257
0.46412649007980367
0.4639708577011547
0.4638147109728586
0.4636580489239966
0.46350087059168027
0.4633431750211795
0.4631849612660531
0.463026228388279
0.46286697545838495
0.4627072015555805
0.46254690576788876
0.4623860871922788
0.4622247449347989
0.4620628781107108
0.4619004858446224
0.46173756727062365
0.46157412153242094
0.4614101477834724
0.4612456451871244
0.46108061291674735
0.4609150501558724
0.46074895609832917
0.46058232994838166
0.46041517092086803
0.4602474782413366
0.4600792511461859
0.4599104888828024
0.45974119070969965
0.4595713558966572
0.45940098372486066
0.4592300734870402
0.4590586244876116
0.458886636042814
0.4587141074808532
0.4585410381420384
0.4583674273789248
0.45819327455645265
0.45801857905208837
0.4578433402559643
0.4576675575710191
0.4574912304131389
0.45731435821129607
0.4571369404076912
0.4569589764578916
0.4567804658309722
0.45660140800965565
0.45642180249045033
0.4562416487837919
0.45606094641418105
0.45587969492032276
0.4556978938552653
0.4555155427865382
0.45533264129629025
0.4551491889814274
0.4549651854537497
0.45478063034008814
0.4545955232824412
0.45440986393810995
0.45422365197983483
0.45403688709592893
0.4538495689904129
0.4536616973831485
0.4534732720099715
0.453284292622824
0.4530947589898856
0.4529046708957056
0.4527140281413311
0.45252283054443787
0.4523310779394579
0.4521387701777082
0.45194590712751614
0.4517524886743454
0.45155851472092257
0.45136398518735826
0.45116890001127236
0.45097325914791436
0.450777062570285
0.4505803102692546
0.4503830022536832
0.4501851385505358
0.44998671920500066
0.4497877442806016
0.44958821385931347
0.4493881280416733
0.44918748694689103
0.44898629071295965
0.44878453949676256
0.44858223347418014
0.44837937284019497
0.44817595780899516
0.4479719886140766
0.4477674655083429
0.44756238876420434
0.44735675867367536
0.4471505755484686
0.4469438397200902
0.44673655153993075
0.44652871137935535
0.4463203196297924
0.4461113767028192
0.44590188303024714
0.4456918390642045
0.445481245277216
0.44527010216228247
0.4450584102329567
0.4448461700234192
0.4446333820885484
0.4444200470039938
0.44420616536624186
0.44399173779268347
0.44377676492167684
0.4435612474126098
0.4433451859459582
0.44312858122334353
0.4429114339675879
0.4426937449227653
0.44247551485425207
0.44225674454877484
0.4420374348144545
0.4418175864808496
0.4415972003989961
0.4413762774414446
0.44115481850229615
0.4409328244972336
0.44071029636355225
0.4404872350601861
0.4402636415677334
0.4400395168884773
0.43981486204640613
0.43958967808722876
0.43936396607838857
0.4391377271090748
0.43891096229022963
0.43868367275455444
0.4384558596565114
0.4382275241723233
0.43799866749997074
0.4377692908591848
0.43753939549143894
0.43730898265993656
0.437078053649596
0.4368466097670324
0.4366146523405374
0.43638218272005436
0.43614920227715226
0.43591571240499477
0.4356817145183088
0.4354472100533471
0.4352122004678495
0.4349766872410015
0.43474067187338855
0.4345041558869476
0.4342671408249166
0.4340296282517788
0.43379161975320624
0.4335531169359992
0.43331412142802117
0.43307463487813397
0.43283465895612555
0.4325941953526393
0.4323532457790956
0.43211181196761406
0.4318698956709302
0.4316274986623103
0.43138462273546285
0.4311412697044462
0.4308974414035743
0.43065313968731844
0.43040836643020536
0.43016312352671476
0.4299174128911709
0.4296712364576317
0.4294245961797769
0.4291774940307902
0.42892993200324037
0.4286819121089583
0.42843343637891185
0.4281845068630768
0.42793512563030595
0.42768529476819334
0.4274350163829377
0.4271842925992019
0.4269331255599689
0.4266815174263958
0.42642947037766443
0.4261769866108295
0.4259240683406635
0.4256707177994983
0.42541693723706575
0.425162728920333
0.4249080951333374
0.4246530381770165
0.42439756036903736
0.42414166404362186
0.42388535155136964
0.42362862525907863
0.42337148754956305
0.423113940821468
0.42285598748908315
0.4225976299821517
0.4223388707456792
0.42207971223973795
0.4218201569392707
0.4215602073338902
0.42129986592767776
0.4210391352389797
0.4207780178001992
0.42051651615758934
0.42025463287104164
0.41999237051387267
0.41972973167260885
0.4194667189467698
0.4192033349486488
0.41893958230309103
0.4186754636472709
0.41841098163046675
0.41814613891383373
0.41788093817017447
0.41761538208370974
0.41734947334984435
0.4170832146749339
0.41681660877604954
0.41654965838073943
0.41628236622679016
0.4160147350619868
0.4157467676438703
0.41547846673949484
0.4152098351251822
0.414940875586276
0.41467159091689426
0.41440198391968136
0.41413205740555703
0.41386181419346696
0.4135912571101288
0.41332038898978135
0.4130492126739279
0.41277773101108317
0.4125059468565174
0.4122338630719977
0.41196148252553216
0.41168880809111097
0.41141584264844755
0.4111425890827188
0.41086905028430437
0.41059522914852664
0.41032112857538905
0.4100467514693139
0.4097721007388814
0.40949717929656554
0.40922199005847304
0.40894653594407815
0.4086708198759622
0.4083948447795477
0.4081186135828365
0.4078421292161455
0.4075653946118432
0.4072884127040869
0.4070111864285581
0.4067337187222009
0.40645601252295754
0.4061780707695071
0.40589989640100155
0.4056214923568049
0.40534286157623095
0.4050640069982823
0.4047849315613892
0.4045056382031499
0.4042261298600705
0.40394640946730664
0.40366647995840393
0.4033863442650423
0.40310600531677715
0.40282546604078495
0.402544729361607
0.40226379820089564
0.40198267547716116
0.40170136410551915
0.4014198669974394
0.40113818706049537
0.4008563271981156
0.40057429030933533
0.4002920792885498
0.4000096970252698
0.39972714640387497
0.39944443030337384
0.39916155159716005
0.3988785131527734
0.39859531783166
0.39831196848893646
0.3980284679731526
0.3977448191260581
0.39746102478236955
0.3971770877695394
0.39689301090752616
0.39660879700856716
0.396324448876952
0.39603996930879837
0.39575536109182946
0.3954706270051531
0.39518576981904274
0.3949007922947203
0.3946156971841407
0.3943304872297789
0.3940451651644179
0.39375973371094014
0.3934741955821188
0.39318855348041315
0.3929028100977644
0.3926169681153952
0.39233103020360915
0.3920449990215946
0.39175887721722824
0.3914726674268834
0.3911863722752378
0.390899994375086
0.39061353632715246
0.39032700071990656
0.3900403901293813
0.3897537071189934
0.3894669542393648
0.3891801340281486
0.3888932490098545
0.388606301695679
0.3883192945833366
0.3880322301568936
0.3877451108866038
0.38745793922874794
0.38717071762547306
0.38688344850463663
0.38659613427965206
0.3863087773493358
0.38602138009775794
0.3857339448940949
0.3854464740924842
0.3851589700318813
0.3848714350359202
0.3845838714127746
0.38429628145502315
0.3840086674395155
0.38372103162724164
0.3834333762632043
0.3831457035762918
0.3828580157791548
0.38257031506808536
0.38228260362289795
0.38199488360681144
0.3817071571663383
0.38141942643116855
0.38113169351406373
0.3808439605107476
0.3805562294998027
0.3802685025425673
0.3799807816830352
0.3796930689477579
0.37940536634574973
0.3791176758683937
0.37882999948935103
0.37854233916447266
0.37825469683171303
0.3779670744110448
0.3776794738043782
0.37739189689548064
0.3771043455498998
0.37681682161488766
0.37652932691932783
0.376241863273665
0.3759544324698352
0.37566703628119974
0.3753796764624808
0.37509235474969893
0.3748050728601121
0.3745178324921589
0.3742306353254004
0.3739434830204675
0.37365637721900796
0.3733693195436367
0.37308231159788696
0.3727953549661644
0.37250845121370324
0.37222160188652265
0.3719348085113876
0.3716480725957688
0.3713613956278071
0.37107477907627795
0.3707882243905576
0.37050173300059297
0.37021530631687094
0.3699289457303909
0.3696426526126382
0.3693564283155601
0.3690702741715421
0.3687841914933873
0.36849818157429715
0.36821224568785227
0.3679263850879964
0.36764060100902224
0.3673548946655566
0.36706926725254985
0.36678371994526426
0.3664982538992656
0.36621287025041516
0.365927570114864
0.36564235458904676
0.3653572247496796
0.3650721816537571
0.3647872263385512
0.3645023598216115
0.36421758310076674
0.36393289715412763
0.3636483029400899
0.3633638013973404
0.36307939344486206
0.36279507998194177
0.36251086188817794
0.3622267400234898
0.36194271522812865
0.3616587883226874
0.3613749601081139
0.3610912313657232
0.36080760285721225
0.3605240753246741
0.3602406494906137
0.35995732605796404
0.3596741057101042
0.3593909891108762
0.3591079769046046
0.35882506971611505
0.3585422681507551
0.3582595727944142
0.3579769842135456
0.3576945029551875
0.35741212954698603
0.357129864497218
0.3568477082948142
0.35656566140938367
0.3562837242912372
0.3560018973714136
0.3557201810617033
0.3554385757546746
0.3551570818236994
0.35487569962298005
0.35459442948757397
0.3543132717334218
0.35403222665737477
0.35375129453722015
0.35347047563170964
0.35318977018058634
0.3529091784046129
0.35262870050559836
0.3523483366664261
0.3520680870510823
0.3517879518046822
0.3515079310534992
0.3512280249049917
0.35094823344783127
0.35066855675193004
0.35038899486846736
0.35010954782991843
0.34983021565008027
0.3495509983240992
0.34927189582849705
0.348992908121198
0.34871403514155486
0.34843527681037423
0.34815663302994293
0.34787810368405236
0.347599688638024
0.3473213877387338
0.34704320081463524
0.3467651276757844
0.3464871681138623
0.34620932190219716
0.34593158879578706
0.34565396853132146
0.34537646082720164
0.34509906538356255
0.34482178188229057
0.3445446099870445
0.34426754934327336
0.3439905995782334
0.3437137603010076
0.3434370311025191
0.34316041155554944
0.34288390121475204
0.3426074996166667
0.3423312062797331
0.3420550207043032
0.3417789423726524
0.34150297074899083
0.3412271052794735
0.34095134539220806
0.3406756904972642
0.34040013998667973
0.34012469323446637
0.3398493495966161
0.3395741084111039
0.33929896899789097
0.33902393065892716
0.33874899267815106
0.33847415432149053
0.33819941483686033
0.3379247734541597
0.3376502293852693
0.3373757818240455
0.33710142994631476
0.33682717290986575
0.3365530098544406
0.33627893990172597
0.3360049621553404
0.33573107570082295
0.33545727960561833
0.3351835729190633
0.3349099546723678
0.33463642387859893
0.3343629795326609
0.3340896206112736
0.33381634607295163
0.33354315485797964
0.33327004588838693
0.3329970180679218
0.3327240702820226
0.33245120139778744
0.3321784102639448
0.3319056957108182
0.33163305655029346
0.33136049157578146
0.3310879995621817
0.3308155792658416
0.3305432294245163
0.3302709487573252
0.32999873596470847
0.32972658972838004
0.32945450871128
0.3291824915575251
0.32891053689235683
0.3286386433220891
0.328366809434052
0.3280950337965357
0.32782331495873207
0.3275516514506731
0.32728004178316933
0.3270084844477443
0.32673697791657014
0.32646552064239825
0.32619411105848867
0.3259227475785392
0.3256514285966103
0.3253801524870494
0.32510891760441335
0.32483772228338686
0.32456656483870244
0.3242954435650535
0.324024356737011
0.32375330260893254
0.323482279414873
0.323211285368492
0.32294031866295875
0.3226693774708552
0.3223984599440769
0.32212756421373206
0.32185668839003717
0.32158583056221257
0.321314988798373
0.32104416114541856
0.3207733456289217
0.320502540253013
0.3202317430002635
0.3199609518315658
0.3196901646860118
0.3194193794807697
0.31914859411095703
0.31887780644951197
0.31860701434706257
0.31833621563179304
0.3180654081093082
0.31779458956249496
0.31752375775138203
0.3172529104129963
0.316982045261218
0.31671115998663235
0.3164402522563789
0.31616931971399953
0.3158983599792813
0.3156273706481009
0.3153563492922623
0.3150852934593352
0.314814200672489
0.31454306843032465
0.314271894206705
0.3140006754505813
0.3137294095858176
0.31345809401101277
0.31318672609932063
0.31291530319826566
0.3126438226295575
0.31237228168890324
0.3121006776458163
0.31182900774342287
0.3115572691982659
0.31128545920010675
0.31101357491172404
0.3107416134687097
0.3104695719792634
0.3101974475239824
0.30992523715565246
0.3096529378990312
0.30938054675063403
0.30910806067851326
0.3088354766220385
0.3085627914916711
0.30829000216873825
0.30801710550520417
0.3077440983234375
0.3074709774159796
0.3071977395453053
0.306924381443586
0.30665089981244803
0.3063772913227286
0.30610355261422983
0.3058296802954705
0.3055556709434352
0.3052815211033217
0.30500722728828505
0.30473278597918024
0.30445819362430293
0.30418344663912655
0.3039085414060392
0.30363347427407655
0.30335824155865426
0.3030828395412978
0.3028072644693694
0.30253151255579425
0.302255579978785
0.30197946288156297
0.3017031573720782
0.3014266595227298
0.3011499653700807
0.30087307091457394
0.3005959721202467
0.3003186649144424
0.3000411451875206
0.2997634087925681
0.2994854515451061
0.29920726922279783
0.2989288575651547
0.2986502122732404
0.29837132900937635
0.29809220339684367
0.29781283101958705
0.2975332074219156
0.2972533281082051
0.296973188542598
0.29669278414870587
0.296412110309308
0.2961311623660534
0.29584993561916045
0.2955684253271186
0.29528662670638883
0.29500453493110523
0.2947221451327783
0.2944394523999965
0.2941564517781315
0.2938731382690428
0.2935895068307844
0.29330555237731204
0.29302126977819326
0.29273665385831854
0.29245169939761445
0.2921664011307592
0.2918807537469005
0.29159475188937606
0.2913083901554373
0.2910216630959749
0.2907345652152491
0.2904470909706233
0.2901592347722999
0.28987099098306174
0.2895823539180178
0.28929331784435264
0.28900387698108115
0.28871402549880787
0.28842375751949245
0.28813306711622044
0.2878419483129801
0.28755039508444535
0.2872584013557656
0.28696596100236205
0.2866730678497325
0.28637971567326254
0.28608589819804525
0.2857916090987094
0.28549684199925546
0.2852015904729034
0.28490584804194585
0.28460960817761605
0.28431286429996155
0.28401560977773227
0.28371783792827754
0.283419542017456
0.28312071525955756
0.2828213508172367
0.28252144180146094
0.28222098127147144
0.28191996223475685
0.2816183776470451
0.2813162204123057
0.28101348338277155
0.28071015935897436
0.2804062410897988
0.2801017212725516
0.279796592553051
0.2794908475257326
0.27918447873377517
0.2788774786692466
0.2785698397732679
0.2782615544362015
0.27795261499785756
0.2776430137477249
0.2773327429252232
0.27702179471998
0.27671016127213105
0.27639783467264445
0.2760848069636728
0.27577107013892954
0.2754566161440928
0.27514143687723774
0.27482552418929557
0.27450886988454315
0.27419146572112263
0.2738733034115895
0.27355437462349547
0.27323467098000054
0.27291418406051937
0.2725929054014018
0.2722708264966458
0.2719479387986489
0.2716242337189929
0.27129970262926717
0.27097433686192834
0.27064812771120017
0.270321066434011
0.26999314425097276
0.2696643523474
0.26933468187437076
0.2690041239498309
0.26867266965974046
0.2683403100592653
0.26800703617401295
0.2676728390013148
0.26733770951155494
0.2670016386495449
0.2666646173359494
0.26632663646875754
0.2659876869248069
0.2656477595613545
0.26530684521770365
0.26496493471687693
0.2646220188673476
0.2642780884648186
0.26393313429406084
0.2635871471308008
0.26324011774366896
0.2628920368961981
0.2625428953488836
0.2621926838612961
0.2618413931942553
0.2614890141120586
0.2611355373847706
0.26078095379057104
0.26042525411816053
0.26006842916922807
0.25971046976097706
0.259351366728713
0.25899111092849003
0.25862969323982055
0.2582671045684427
0.257903335849153
0.2575383780486958
0.2571722221687176
0.25680485924878027
0.25643628036943567
0.2560664766553621
0.25569543927856114
0.2553231594616141
0.2549496284809988
0.25457483767046796
0.2541987784244849
0.2538214422017178
0.25344282052859346
0.2530629050029083
0.2526816872974958
0.2522991591639494
0.251915312436402
0.25153013903535776
0.25114363097157844
0.2507557803500206
0.25036657937382406
0.24997602034835062
0.24958409568526863
0.24919079790668597
0.24879611964932755
0.24840005366875573
0.24800259284363307
0.24760373018002438
0.24720345881573652
0.24680177202469455
0.2463986632213513
0.24599412596512865
0.2455881539648872
0.24518074108342483
0.24477188134199696
0.24436156892486127
0.24394979818383913
0.24353656364289605
0.24312186000273223
0.2427056821453869
0.24228802513885028
0.2418688842416758
0.24144825490759877
0.24102613279015003
0.24060251374726527
0.2401773938458846
0.23975076936654105
0.2393226368079323
0.23889299289147237
0.23846183456582087
0.238029159011385
0.2375949636447902
0.2371592461233144
0.23672200434928659
0.2362832364744394
0.23584294090421604
0.23540111630202495
0.23495776159344064
0.2345128759703442
0.23406645889499864
0.23361851010405793
0.23316902961250355
0.23271801771750414
0.23226547500219252
0.23181140233936026
0.23135580089506164
0.23089867213212265
0.2304400178135539
0.22997984000585925
0.2295181410822404
0.2290549237256875
0.2285901909319586
0.22812394601243696
0.2276561925968676
0.22718693463596593
0.22671617640389613
0.2262439225006146
0.2257701778540747
0.22529494772229036
0.22481823769525405
0.2243400536967044
0.2238604019857433
0.22337928915829725
0.22289672214841733
0.2224127082294223
0.22192725501487282
0.22144037045938153
0.22095206285925148
0.2204623408529431
0.21997121342136805
0.21947868988800442
0.21898477991883508
0.21848949352210653
0.21799284104790376
0.2174948331875452
0.2169954809727911
0.21649479577486724
0.2159927893033041
0.2154894736045874
0.2149848610606234
0.2144789643870149
0.21397179663115287
0.21346337117011766
0.21295370170839695
0.21244280227541476
0.2119306872228771
0.21141737122193266
0.21090286926015006
0.21038719663831518
0.20987036896704625
0.2093524021632323
0.20883331244629616
0.20831311633428118
0.2077918306397694
0.2072694724656287
0.2067460592005953
0.20622160851469323
0.20569613835449319
0.20516966693821553
0.20464221275068106
0.2041137945381113
0.2035844313027842
0.20305414229754917
0.20252294702020404
0.20199086520773973
0.20145791683045655
0.200924122085957
0.20038950139301934
0.19985407538535738
0.1993178649052702
0.19878089099718976
0.198243174901127
0.19770473804602648
0.19716560204303013
0.19662578867866212
0.19608531990793043
0.1955442178473616
0.19500250476796654
0.19446020308814566
0.193917335366539
0.1933739242948269
0.1928299926904864
0.1922855634895099
0.19174065973909096
0.1911953045902833
0.19064952129063858
0.19010333317682843
0.18955676366725646
0.1890098362546668
0.18846257449875195
0.1879150020187682
0.18736714248616382
0.18681901961722197
0.18627065716572913
0.1857220789156686
0.18517330867394888
0.18462437026316808
0.18407528751442162
0.18352608426015876
0.1829767843270881
0.18242741152914288
0.1818779896605064
0.18132854248870167
0.18077909374775342
0.18022966713142077
0.1796802862865104
0.1791309748062697
0.17858175622386624
0.17803265400595433
0.17748369154633592
0.1769348921597148
0.17638627907555232
0.17583787543202012
0.17528970427006213
0.17474178852756006
0.17419415103360994
0.17364681450290984
0.17309980153026266
0.172553134585194
0.17200683600668873
0.17146092799804713
0.1709154326218631
0.17037037179512396
0.16982576728443705
0.16928164070137847
0.1687380134979723
0.16819490696229278
0.16765234221419947
0.16711034020119764
0.1665689216944301
0.16602810728479778
0.16548791737921117
0.16494837219697162
0.16440949176628275
0.16387129592089203
0.16333380429686226
0.16279703632947295
0.16226101125025055
0.16172574808412704
0.16119126564672726
0.16065758254178192
0.16012471715866938
0.15959268767008095
0.15906151202981095
0.15853120797067083
0.15800179300252545
0.1574732844104493
0.15694569925300342
0.1564190543606302
0.15589336633416484
0.1553686515434627
0.15484492612613873
0.1543222059864214
0.15380050679411517
0.15327984398367242
0.15276023275337136
0.1522416880646009
0.15172422464124666
0.15120785696918002
0.15069259929584544
0.15017846562994577
0.14966546974122302
0.14915362516033293
0.14864294517881071
0.14813344284912622
0.1476251309848271
0.1471180221607667
0.14661212871341572
0.14610746274125494
0.1456040361052473
0.14510186042938714
0.1446009471013239
0.14410130727305975
0.1436029518617173
0.14310589155037576
0.14261013678897608
0.14211569779528763
0.14162258455594007
0.14113080682751492
0.14064037413769515
0.14015129578647326
0.13966358084741212
0.13917723816895922
0.13869227637581263
0.1382087038703343
0.13772652883401146
0.13724575922896265
0.1367664027994874
0.13628846707365697
0.1358119593649448
0.13533688677389535
0.13486325618982864
0.13439107429257843
0.133920347554266
0.13345108224110103
0.13298328441521573
0.13251695993652396
0.13205211446460866
0.13158875346063298
0.13112688218927523
0.13066650572068492
0.13020762893246057
0.12975025651164468
0.1292943929567381
0.12884004257972914
0.12838720950813826
0.12793589768707667
0.1274861108813167
0.12703785267737383
0.12659112648559823
0.1261459355422754
0.12570228291173485
0.12526017148846397
0.12481960399922921
0.1243805830052011
0.12394311090408158
0.12350718993223499
0.12307282216682092
0.12264000952792617
0.12220875378069834
0.12177905653747623
0.12135091925991988
0.12092434326113644
0.1204993297078045
0.12007587962229091
0.11965399388476565
0.11923367323530928
0.11881491827601384
0.11839772947307785
0.11798210715889124
0.11756805153411484
0.11715556266974911
0.116744640509193
0.11633528487029415
0.11592749544738766
0.11552127181332421
0.11511661342148558
0.11471351960779044
0.11431198959268497
0.11391202248312277
0.11351361727453035
0.1131167728527599
0.11272148799602748
0.11232776137683678
0.11193559156388899
0.11154497702397732
0.11115591612386615
0.1107684071321555
0.11038244822112853
0.10999803746858408
0.10961517285965318
0.109233852288598
0.10885407356059543
0.1084758343935037
0.10809913241961093
0.10772396518736874
0.10735033016310608
0.10697822473272835
0.10660764620339667
0.10623859180519131
0.1058710586927569
0.10550504394692944
0.10514054457634602
0.10477755751903658
0.10441607964399792
0.10405610775274932
0.10369763858087043
0.103340668799521
0.10298519501694288
0.10263121377994339
0.10227872157536182
0.10192771483151578
0.10157818991963226
0.1012301431552583
0.10088357079965485
0.10053846906117297
0.10019483409661102
0.09985266201255541
0.09951194886670214
0.09917269066916183
0.09883488338374648
0.0984985229292382
0.0981636051806419
0.09783012597041912
0.0974980810897049
0.0971674662895078
0.09683827728189226
0.09651050974114427
0.09618415930491989
0.09585922157537718
0.09553569212029056
0.09521356647414955
0.09489284013924071
0.09457350858671257
0.09425556725762513
0.09393901156398246
0.09362383688975001
0.09331003859185538
0.09299761200117321
0.09268655242349526
0.09237685514048448
0.09206851541061303
0.09176152847008641
0.09145588953375142
0.09115159379598935
0.09084863643159513
0.0905470125966403
0.09024671742932316
0.08994774605080273
0.08965009356602047
0.08935375506450574
0.08905872562116927
0.08876500029708108
0.08847257414023642
0.08818144218630647
0.08789159945937725
0.08760304097267407
0.08731576172927359
0.08702975672280303
0.08674502093812556
0.0864615493520149
0.08617933693381533
0.08589837864609114
0.08561866944526275
0.08534020428223134
0.08506297810299146
0.08478698584923147
0.0845122224589235
0.08423868286690041
0.08396636200542282
0.08369525480473394
0.08342535619360436
0.08315666109986497
0.08288916445092995
0.08262286117430827
0.08235774619810607
0.08209381445151723
0.08183106086530499
0.08156948037227255
0.0813090679077248
0.081049818409919
0.08079172682050736
0.08053478808496889
0.08027899715303248
0.08002434897909036
0.07977083852260307
0.07951846074849499
0.07926721062754148
0.07901708313674628
0.07876807325971166
0.07852017598700012
0.07827338631648573
0.07802769925370005
0.07778310981216802
0.0775396130137367
0.07729720388889658
0.07705587747709361
0.0768156288270356
0.0765764529969899
0.07633834505507378
0.07610130007953864
0.07586531315904549
0.07563037939293463
0.07539649389148803
0.07516365177618496
0.07493184817995109
0.07470107824740017
0.07447133713507081
0.0742426200116555
0.07401492205822424
0.07378823846844094
0.07356256444877593
0.07333789521870941
0.07311422601093237
0.0728915520715387
0.07266986866021447
0.07244917105041922
0.07222945452956345
0.07201071439918011
0.07179294597509077
0.07157614458756659
0.0713603055814848
0.07114542431647917
0.07093149616708651
0.07071851652288794
0.07050648078864492
0.07029538438443222
0.07008522274576412
0.06987599132371795
0.06966768558505218
0.069460301012321
0.06925383310398361
0.06904827737451055
0.06884362935448475
0.06863988459069968
0.06843703864625254
0.0682350871006347
0.06803402554981694
0.0678338496063325
0.06763455489935542
0.06743613707477557
0.06723859179527056
0.0670419147403733
0.06684610160653734
0.06665114810719858
0.06645704997283228
0.06626380295100955
0.06607140280644858
0.06587984532106322
0.06568912629400973
0.065499241541729
0.06531018689798727
0.06512195821391285
0.06493455135803079
0.06474796221629507
0.06456218669211763
0.06437722070639462
0.06419306019753102
0.06400970112146182
0.06382713945167148
0.06364537117921057
0.06346439231271023
0.0632841988783946
0.06310478692009026
0.06292615249923485
0.06274829169488196
0.0625712006037049
0.06239487533999904
0.06221931203567982
0.06204450684028215
0.06187045592095469
0.061697155462454176
0.061524601667138204
0.06135279075495406
0.061181718963428645
0.06101138254765436
0.06084177778027482
0.06067290095146821
0.06050474836892935
0.06033731635785006
0.06017060126089829
0.060004599438195506
0.05983930726729285
0.05967472114314554
0.059510837478086755
0.05934765270179894
0.05918516326128513
0.05902336562083782
0.05886225626200778
0.05870183168357056
0.058542088401492436
0.05838302294889583
0.0582246318760217
0.05806691175019322
0.05790985915577665
0.057753470694142134
0.05759774298362297
0.05744267265947431
0.057288256373830865
0.05713449079566334
0.05698137261073446
0.05682889852155401
0.05667706524733242
0.05652586952393514
0.05637530810383394
0.05622537775606011
0.056076075266153914
0.055927397436116334
0.055779341084357954
0.055631903045648246
0.055485080171063725
0.055338869327935754
0.055193267399797845
0.05504827128633168
0.05490387790331379
0.05476008418256016
0.054616887071871886
0.05447428353497898
0.05433227055148457
0.054190845116808196
0.05405000424212882
0.05390974495432746
0.053770064295929065
0.05363095932504457
0.05349242711531177
0.053354464755836786
0.05321706935113401
0.05308023802106725
0.05294396790078887
0.052808256140679764
0.05267309990628881
0.05253849637827149
0.05240444275232917
0.052270936239147414
0.05213797406433409
0.05200555346835785
0.051873671706485554
0.05174232604872024
0.05161151377973843
0.051481232198827276
0.051351478619821964
0.05122225037104257
0.05109354479523083
0.05096535924948645
0.050837691105204724
0.050710537748011666
0.0505838965777012
0.05045776500817137
0.050332140467360065
0.050207020397181466
0.0500824022534621
0.04995828350587639
