2.003434164538968
1.9126411281296467
1.9085284155218805
1.897489390871147
1.8840645164309586
1.8707823140747595
1.8583533309493099
1.8469492207143363
1.8365996098628385
1.8272953609677294
1.8190137890706064
1.8117244423860142
1.8053905125582337
1.79996950366294
1.795413886664944
1.791671803305419
1.7886877760657112
1.7864033884611987
1.784757918626243
1.7836889212474696
1.7831327590489487
1.7830250878182246
1.7833013000346463
1.783896932335251
1.784748041722972
1.7857915548071328
1.7869655936126005
1.7882097807046664
1.7894655256213432
1.7906762939247807
1.7917878595972696
1.7927485410161879
1.7935094203365123
1.7940245457734754
1.794251115994515
1.7941496455837398
1.793684110323167
1.7928220708386027
1.7915347729866276
1.7897972232219117
1.7875882370956382
1.7848904590149344
1.7816903514599074
1.777978152028038
1.7737477969696607
1.768996810300332
1.7637261581236856
1.7579400684585988
1.751645817612618
1.7448534849450257
1.7375756786757068
1.729827236174305
1.7216249028629642
1.7129869944454086
1.7039330476041612
1.6944834645671516
1.6846591570277831
1.6744811948134288
1.6639704644500235
1.653147342384346
1.6420313871224297
1.630641053942937
1.6189934351666706
1.60710402822299
1.5949865329648165
1.5826526788608033
1.570112081854073
1.5573721298450889
1.544437894961523
1.5313120700563407
1.5179949262670591
1.5044842880163016
1.4907755215765977
1.4768615332966974
1.4627327738207072
1.448377245145073
1.43378050816253
1.4189256894391729
1.4037934873561033
1.3883621794103607
1.372607634395529
1.3565033353497082
1.340020421538958
1.3231277602972105
1.3057920622090846
1.2879780558103329
1.2696487405591652
1.2507657391089593
1.2312897716213098
1.211181275638388
1.1904011944227832
1.168911954106273
1.1466786448190318
1.123670412517518
1.0998620558703651
1.0752358058719287
1.049783244794809
1.0235072962446916
0.9964241908772156
0.9685652852570796
0.939978587973125
0.9107298320078391
0.8809029305121818
0.8505996692255754
0.8199385259912655
0.7890525665802559
0.7580864429460439
0.7271926073653067
0.6965269421665984
0.6662440763429298
0.6364927044051414
0.6074112302892366
0.5791240272607896
0.5517385382388493
0.5253433509378908
0.5000072836478215
0.4757794255384795
0.4526900022491451
0.4307518902446164
0.4099625834193803
0.3903064194625682
0.37175689538566903
0.3542789341719629
0.33783100107123654
0.32236700344782443
0.3078379389167976
0.29419328108992965
0.2813821102454984
0.2693540081617494
0.25805974321500236
0.2474517748034999
0.23748460633667487
0.22811501438940227
0.21930217892485665
0.21100773630120073
0.2031957734850479
0.19583277874625754
0.18888756124601042
0.1823311494200704
0.17613667591846474
0.17027925507725622
0.16473585743610752
0.15948518463737665
0.1545075471070495
0.14978474618503215
0.1452999618059895
0.1410376464002846
0.13698342536058974
0.13312400418083173
0.12944708220171214
0.12594127277607725
0.12259602958583168
0.11940157879033364
0.11634885665672695
0.11342945230960853
0.11063555523623637
0.10795990719066953
0.10539575815314678
0.10293682601765326
0.10057725969949505
0.09831160537471645
0.09613477558353939
0.09404202095013733
0.09202890429056063
0.09009127689927479
0.08822525682238205
0.08642720894208668
0.08469372671229904
0.08302161539946468
0.081407876695766
0.07984969458383015
0.07834442234304935
0.0768895705976265
0.07548279631558305
0.07412189267626357
0.07280477973140828
0.07152949579171106
0.07029418947698426
0.06909711237368268
0.06793661224863701
0.06681112677246558
0.0657191777103249
0.06465936554144501
0.06363036447233626
0.06263091781166301
0.06165983367760609
0.06071598101108894
0.05979828587056433
0.05890572798616493
0.05803733755292547
0.05719219224452581
0.05636941443057352
0.05556816858188011
0.05478765884948609
0.05402712680437517
0.05328584932589741
0.05256313662789915
0.05185833041246225
0.05117080214195971
0.05049995142089263
0.04984520447964132
