2.444265144999777
2.2135064001461315
2.121238882008203
2.0820994883909885
2.064004176227914
2.051145671236287
2.0389543225974203
2.0267581908222176
2.014683153762042
2.002897876728548
1.991511516641
1.9805887829825788
1.9701702022913845
1.960283838094735
1.9509508542632108
1.9421878733643412
1.9340078636814833
1.9264204170146337
1.9194318134958628
1.9130450436744644
1.9072598541458818
1.9020728371775166
1.8974775655544536
1.8934647663801392
1.8900225251147977
1.887136510802229
1.8847902139955204
1.882965189832314
1.8816412998085779
1.8807969469475836
1.880409300194796
1.880454504947437
1.8809078776201753
1.881744083035489
1.882937294196176
1.8844613346414278
1.8862898041050626
1.8883961885867724
1.8907539562199323
1.8933366404806038
1.8961179123424927
1.8990716429546637
1.9021719583176164
1.9053932872751878
1.90871040394194
1.9120984654657112
1.9155330457996413
1.9189901659428548
1.9224463209173972
1.9258785035916868
1.9292642253452048
1.9325815334995955
1.9358090254187192
1.9389258592023997
1.9419117609608796
1.9447470287526074
1.9474125333886878
1.9498897164440272
1.9521605859585267
1.9542077104523452
1.9560142120085056
1.9575637592858608
1.958840561408411
1.9598293637267914
1.960515446458783
1.9608846271833542
1.960923268083007
1.9606182886993562
1.9599571847850827
1.95892805360163
1.9575196257279484
1.9557213031156477
1.9535232027575147
1.9509162049406612
1.9478920046480641
1.9444431642725752
1.9405631654399251
1.936246457429312
1.931488499462178
1.9262857940321223
1.920635908500318
1.9145374824045176
1.907990218340955
1.9009948548803997
1.8935531207614118
1.8856676705382025
1.877342002903734
1.868580364001629
1.859387639111622
1.849769237063606
1.8397309725238746
1.8292789518283459
1.8184194682473045
1.8071589124088019
1.7955037030601442
1.7834602424118595
1.7710348990159823
1.758234019536559
1.745063968954268
1.7315311968078793
1.7176423251258286
1.7034042518627797
1.6888242620520053
1.673910137633308
1.658670256125163
1.6431136680670386
1.627250143525856
1.6110901789688648
1.5946449574444235
1.577926257229909
1.5609463068048308
1.5437175870473783
1.5262525847581356
1.5085635047847918
1.490661950946466
1.4725585884345735
1.4542628022256767
1.4357823671517924
1.4171231455629882
1.3982888279763963
1.3792807307854313
1.3600976631051849
1.3407358722933356
1.3211890747695954
1.3014485756237075
1.281503477307281
1.2613409745879747
1.2409467300285308
1.2203053216469375
1.1994007522157886
1.1782170079584733
1.1567386532734591
1.1349514476173856
1.1128429708117848
1.0904032437516047
1.067625332649786
1.04450592632721
1.0210458773549327
0.9972506987434766
0.9731310080439854
0.9487029099677688
0.9239883069049378
0.899015124217515
0.8738174343334677
0.8484354611330155
0.8229154446977571
0.7973093470068686
0.7716743823003391
0.7460723619863475
0.7205688531290704
0.6952321612013262
0.6701321609193
0.6453390121924945
0.6209218099025128
0.5969472247779782
0.5734781967629267
0.5505727412159279
0.5282829219446998
0.506654034109886
0.4857240256715625
0.46552316995593906
0.44607398586705893
0.42739138788464826
0.4094830365205548
0.39234985208646067
0.3759866506505385
0.3603828606550247
0.3455232812124956
0.33138884778984773
0.31795737697687954
0.3052042685440483
0.293103149389501
0.2816264498039817
0.270745907465053
0.2604329985835917
0.25065929865882947
0.24139677742794344
0.23261803394514363
0.22429647843681766
0.2164064677982801
0.20892340145703925
0.20182378394175693
0.19508525995855452
0.1886866271594833
0.18260783114536974
0.17682994661445967
0.17133514797388744
0.16610667218763583
0.16112877614952073
0.15638669044481426
0.1518665709978291
0.14755544979137628
0.14344118558245694
0.13951241532131492
0.13575850680239154
0.13216951293043958
0.128736127867989
0.12544964523707428
0.12230191847459168
0.11928532338345273
0.116392722877838
0.11361743388783956
0.11095319636451934
0.10839414430911828
0.10593477873841396
0.10356994249083168
0.10129479677389974
0.09910479935222882
0.09699568427573874
0.09496344304985571
0.09300430715246087
0.09111473180615177
0.08929138091865038
0.08753111310874592
0.08583096873986423
0.08418815788807146
0.08260004917599705
0.08106415940869797
0.07957814395188414
0.07813978779710437
0.07674699726248463
0.07539779228136316
0.07409029923470742
0.07282274428650568
0.07159344718441592
0.07040081549083449
0.06924333921222121
0.06811958579699173
0.06702819547459027
0.06596787691047207
0.06493740315368732
0.06393560785556825
0.06296138173968625
0.062013669304785024
0.06109146574380867
0.060193814063451714
0.05931980238985173
0.058468561447154656
0.05763926219669673
0.05683111362548108
0.056043360673489855
0.05527528229016252
0.05452618961109895
0.05379542424672088
0.0530823566752363
0.052386384732824635
0.05170693219448367
0.05104344743945918
0.0503954021956248
0.049762290357590444
