0.4809492099465045
0.5125761980237136
0.511724410847575
0.5114677254451452
0.5120703164433367
0.5118698387371718
0.5107807213805169
0.5098738967870151
0.5095378844426829
0.5094158125141869
0.5092746071063705
0.5091385202887261
0.5089754081592395
0.5086934849285452
0.5083099234690387
0.5079315171418874
0.5076243826740294
0.5073794987226228
0.5071632184905562
0.506949195756844
0.5067184880011617
0.5064626696804491
0.5061899336670482
0.5059181739742892
0.5056607288628598
0.5054198989616289
0.5051902520490416
0.5049643629164161
0.5047367007920803
0.5045055552800445
0.5042730017482916
0.5040429145605015
0.5038184131389163
0.5036004812672761
0.5033882109245728
0.5031799224528003
0.5029742705805138
0.5027708446840652
0.5025701460237422
0.5023731142010885
0.5021805617501706
0.5019928425889129
0.5018098587903522
0.5016312934443192
0.501456879097321
0.5012865582363861
0.5011204897996225
0.500958943866783
0.5008021703813418
0.5006503164607443
0.500503419722722
0.5003614575728559
0.5002244102181996
0.5000923014625391
0.4999652035002803
0.49984321409630356
0.49972642591350963
0.4996149058101351
0.4995086915039363
0.49940780194616136
0.4993122519302954
0.4992220622229325
0.49913726142047177
0.49905788106342763
0.49898394848525046
0.49891548166930155
0.498852488082671
0.498794966850723
0.4987429121444948
0.4986963156915696
0.4986551674039238
0.4986194543789756
0.4985891592805525
0.4985642591203776
0.4985447249535194
0.4985305223874942
0.4985216124276434
0.4985179521603214
0.49851949501303383
0.49852619062824205
0.49853798457619297
0.49855481814925173
0.49857662836899264
0.49860334819297747
0.4986349068139442
0.4986712299326662
0.4987122399377985
0.49875785599597783
0.49880799410234866
0.49886256714871635
0.4989214850421627
0.49898465487306687
0.4990519811081706
0.4991233657802518
0.499198708657404
0.4992779073913432
0.4993608576557388
0.4994474532878519
0.4995375864414223
0.4996311477507877
0.49972802650050685
0.49982811079352296
0.4999312877134233
0.5000374434802235
0.5001464636019447
0.5002582330249227
0.5003726362846198
0.5004895576568431
0.5006088813078888
0.5007304914417903
0.5008542724434203
0.5009801090171121
0.501107886321169
0.5012374900988213
0.5013688068059441
0.5015017237354102
0.5016361291376376
0.5017719123367961
0.5019089638422933
0.5020471754553687
0.5021864403708227
0.5023266532739549
0.5024677104327511
0.5026095097852592
0.5027519510220322
0.5028949356635029
0.5030383671321982
0.5031821508197661
0.5033261941488423
0.5034704066298061
0.503614699912482
0.5037589878328211
0.5039031864545975
0.5040472141061582
0.5041909914122803
0.5043344413212176
0.5044774891270337
0.5046200624873369
0.5047620914365314
0.5049035083947099
0.5050442481723109
0.5051842479706689
0.5053234473785987
0.505461788365159
0.5055992152687517
0.5057356747827129
0.5058711159375633
0.5060054900800793
0.5061387508493498
0.5062708541499883
0.506401758122665
0.5065314231121322
0.5066598116329089
0.5067868883327953
0.5069126199543859
0.507036975294743
0.5071599251633978
0.5072814423388345
0.507401501523616
0.5075200792983054
0.50763715407433
0.5077527060459348
0.5078667171413654
0.5079791709734157
0.5080900527894705
0.5081993494211698
0.5083070492338132
0.5084131420756179
0.5085176192269448
0.5086204733495883
0.5087216984362332
0.5088212897601702
0.5089192438253547
0.5090155583168907
0.5091102320520167
0.5092032649316611
0.5092946578926345
0.5093844128605167
0.5094725327032936
0.5095590211857938
0.5096438829249679
0.5097271233460535
0.5098087486396594
0.5098887657197995
0.5099671821829062
0.5100440062678445
0.5101192468169472
0.5101929132380856
0.5102650154677895
0.5103355639354263
0.5104045695284425
0.5104720435586748
0.5105379977297265
0.5106024441054139
0.5106653950792714
0.5107268633451145
0.5107868618686486
0.5108454038601163
0.5109025027479686
0.510958172153549
0.511012425866775
0.5110652778227978
0.5111167420796293
0.5111668327967126
0.5112155642144185
0.5112629506344506
0.5113090064011333
0.5113537458835693
0.5113971834586353
0.5114393334948029
0.5114802103367575
0.511519828290794
0.5115582016109668
0.5115953444859708
0.5116312710267326
0.5116659952546871
0.511699531090718
0.5117318923447385
0.5117630927058947
0.5117931457333618
0.5118220648477187
0.5118498633228767
0.5118765542785402
0.5119021506731803
0.5119266652975017
0.5119501107683802
0.5119724995232546
0.5119938438149509
0.512014155706924
0.5120334470688939
0.5120517295728634
0.5120690146894974
0.5120853136848478
0.5121006376174073
0.5121149973354788
0.5121284034748409
0.5121408664566988
0.5121523964859029
0.5121630035494259
0.5121726974150784
0.5121814876304573
0.5121893835221087
0.5121963941948973
0.5122025285315692
0.5122077951924966
0.5122122026155935
0.5122157590163962
0.5122184723882909
0.5122203505028879
0.5122214009105266
0.512221630940906
0.5122210477038315
0.5122196580900705
0.5122174687723079
0.5122144862061973
0.5122107166314966
0.5122061660732864
0.5122008403432601
0.5121947450410828
0.5121878855558142
0.5121802670673864
0.5121718945481342
0.5121627727643718
0.5121529062780148
0.5121422994482357
0.5121309564331571
0.5121188811915719
0.5121060774846926
0.5120925488779218
0.5120782987426409
0.5120633302580182
0.5120476464128274
0.5120312500072789
0.5120141436548573
0.5119963297841663
0.5119778106407751
0.5119585882890668
0.5119386646140864
0.5119180413233844
0.5118967199488573
0.5118747018485812
0.5118519882086375
0.5118285800449291
0.5118044782049874
0.5117796833697643
0.5117541960554152
0.511728016615064
0.5117011452405558
0.5116735819641905
0.5116453266604427
0.51161637904766
0.5115867386897456
0.5115564049978185
0.5115253772318569
0.5114936545023169
0.5114612357717321
0.5114281198562907
0.5113943054273886
0.5113597910131604
0.5113245749999857
0.5112886556339715
0.5112520310224078
0.5112146991352011
0.5111766578062774
0.5111379047349615
0.5110984374873278
0.5110582534975233
0.5110173500690622
0.5109757243760904
0.5109333734646216
0.510890294253741
0.5108464835367792
0.5108019379824523
0.5107566541359708
0.5107106284201126
0.5106638571362616
0.5106163364654113
0.5105680624691302
0.5105190310904888
0.5104692381549476
0.5104186793712039
0.5103673503319964
0.5103152465148654
0.5102623632828676
0.5102086958852449
0.5101542394580412
0.5100989890246709
0.5100429394964332
0.5099860856729698
0.509928422242666
0.5098699437829919
0.5098106447607786
0.5097505195324309
0.5096895623440687
0.5096277673315993
0.5095651285207108
0.5095016398267895
0.5094372950547543
0.5093720878988017
0.5093060119420652
0.5092390606561736
0.5091712274007147
0.5091025054225918
0.5090328878552705
0.5089623677179114
0.508890937914382
0.508818591232142
0.5087453203409945
0.5086711177916994
0.508595976014441
0.5085198873171398
0.5084428438836066
0.5083648377715246
0.5082858609102576
0.5082059050984691
0.5081249620015508
0.5080430231488424
0.5079600799306407
0.5078761235949834
0.5077911452441953
0.5077051358311914
0.5076180861555188
0.5075299868591289
0.5074408284218652
0.5073506011566542
0.5072592952043842
0.5071669005284583
0.5070734069090062
0.5069788039367364
0.5068830810064172
0.5067862273099621
0.5066882318291072
0.5065890833276577
0.5064887703432874
0.5063872811788653
0.506284603893292
0.5061807262918209
0.5060756359158418
0.505969320032102
0.5058617656213373
0.5057529593662893
0.5056428876390777
0.5055315364879026
0.5054188916230387
0.5053049384020993
0.5051896618145287
0.5050730464652927
0.504955076557728
0.5048357358755162
0.5047150077637389
0.5045928751089752
0.5044693203183973
0.5043443252978193
0.5042178714286519
0.5040899395437148
0.5039605099018529
0.5038295621613053
0.5036970753517677
0.5035630278450945
0.5034273973245722
0.503290160752704
0.5031512943374401
0.5030107734967766
0.5028685728216582
0.502724666037098
0.5025790259614413
0.5024316244636864
0.5022824324187707
0.5021314196607354
0.5019785549336665
0.5018238058403128
0.5016671387882744
0.5015085189336486
0.5013479101220181
0.5011852748266573
0.5010205740838283
0.5008537674250314
0.5006848128060707
0.5005136665327836
0.5003402831832798
0.5001646155265275
0.4999866144371142
0.49980622880600223
0.4996234054470927
0.4994380889993965
0.49925022182460865
0.4990597438998644
0.4988665927054526
0.4986707031072426
0.4984720072335751
0.4982704343463538
0.498065910706058
0.49785835943038925
0.4976477003462451
0.49743384983470046
0.49721672066866396
0.4969962218428567
0.49677225839574574
0.4965447312230509
0.49631353688241714
0.4960785673888354
0.4958397100003712
0.49559684699373907
0.49534985542924515
0.4950986069045959
0.4948429672970521
0.4945827964933848
0.4943179481070702
0.49404826918213596
0.4937735998830548
0.49349377317005466
0.4932086144592016
0.4929179412665844
0.4926215628359194
0.4923192797488713
0.49201088351737615
0.49169615615724066
0.49137486974227973
0.4910467859382571
0.4907116555158877
0.4903692178421762
0.49001920034936797
0.4896613179808286
0.48929527261318234
0.48892075245409927
0.4885374314151727
0.48814496845940225
0.48774300692289674
0.48733117381051827
0.48690907906533876
0.4864763148119375
0.4860324545737818
0.48557705246516325
0.48510964235845044
0.48462973702774925
0.48413682727044705
0.4836303810085724
0.48310984237241694
0.48257463076947105
0.48202413994240967
0.4814577370206539
0.48087476157092884
0.4802745246532467
0.4796563078899006
0.4790193625563202
0.4783629087040894
0.47768613432800816
0.47698819459084124
0.4762682111213156
0.47552527140303064
0.47475842827419157
0.473966699560489
0.4731490678659851
0.47230448054950214
0.4714318499167044
0.47053005366075595
0.4695979355870448
0.46863430665991074
0.46763794641144824
0.4666076047541824
0.4655420042405176
0.4644398428121884
0.4632997970822612
0.4621205261903069
0.4609006762679536
0.45963888554685434
0.4583337901339152
0.4569840304691719
0.4555882584697487
0.45414514534871886
0.45265339008027
0.4511117284623643
0.4495189427051265
0.4478738714477274
0.44617542007893196
0.44442257120728135
0.442614395096852
0.4407500598546052
0.4388288411266681
0.43685013103478776
0.4348134460621755
0.43271843358155837
0.4305648767091155
0.4283526971676205
0.4260819558518993
0.42375285081072905
0.4213657123921631
0.41892099534410865
0.4164192677182547
0.4138611964919879
0.4112475298978587
0.40857907653101716
0.4058566813888752
0.40308119908087287
0.40025346452634025
0.39737426153204247
0.39444428970552436
0.39146413021400933
0.38843421094048647
0.3853547716188665
0.3822258295498903
0.379047146511006
0.37581819747965445
0.3725381417938127
0.36920579738001474
0.3658196186909771
0.36237767901548923
0.3588776578545281
0.35531683410045173
0.3516920858097415
0.3479998974212136
0.3442363753357162
0.3403972728324033
0.33647802534046356
0.33247379710096625
0.3283795402262948
0.32419006707788833
0.3199001367193103
0.3155045559441131
0.31099829501173626
0.30637661773901703
0.3016352249853153
0.2967704098399221
0.2917792219862834
0.2866596378063024
0.2814107318409905
0.27603284429650266
0.2705277384454078
0.264898741100589
0.25915085891818346
0.2532908632012699
0.2473273362047547
0.2412706727441593
0.2351330322194399
0.2289282379741509
0.2226716231677568
0.21637982493931665
0.21007053142600923
0.20376218896670895
0.19747367933704985
0.19122397889162784
0.18503181282013081
0.1789153182017967
0.17289172909258005
0.16697709552385048
0.16118604614962959
0.15553160155343915
0.15002504217349746
0.14467583170462045
0.1394915939493399
0.1344781386351509
0.129639529837214
0.12497818941736166
0.12049502730870004
0.1161895904776964
0.11206022287750449
0.10810422954041263
0.10431803901292908
0.10069735949397202
0.09723732519473544
0.0939326305225199
0.09077765064972514
0.08776654783563342
0.08489336351362128
0.08215209664501288
0.07953676918728858
0.07704147974845832
0.07466044662290318
0.07238804144848046
0.07021881471007697
0.06814751425839913
0.0661690979290139
0.06427874124699386
0.06247184109575794
0.06074401612128967
0.05909110453933036
0.05750915991631633
0.055994445406438234
0.054543426848059365
0.05315276505298069
0.05181930756138858
0.05054008008320123
0.04931227780220042
