0.5200136315177317
0.5808922835305208
0.5665115179657515
0.5548052863294104
0.5457382785698572
0.5389202242058575
0.5339122575569113
0.5302991554984301
0.5277265760798734
0.5259119484120196
0.52464007594697
0.5237521809277755
0.5231336457391185
0.5227029691483832
0.5224027961974665
0.5221930501683449
0.5220458623178554
0.5219419156766218
0.5218678490568578
0.5218144328238756
0.5217752959057576
0.5217460416469397
0.5217236356778077
0.5217059830095989
0.521691636264613
0.5216795945528905
0.5216691649007499
0.5216598667957716
0.5216513664306514
0.5216434313956256
0.5216358994479247
0.521628656972116
0.5216216241129451
0.5216147445038262
0.52160797816199
0.5216012965669391
0.5215946792453664
0.5215881113965025
0.5215815822368538
0.5215750838430561
0.5215686103401984
0.5215621573302377
0.52155572148766
0.5215493002719752
0.5215428917220933
0.5215364943083071
0.5215301068249811
0.5215237283121483
0.5215173579977554
0.521510995254747
0.5215046395688914
0.5214982905144412
0.521491947735553
0.5214856109319804
0.5214792798479615
0.5214729542635226
0.5214666339876168
0.5214603188526801
0.5214540087102791
0.5214477034276183
0.5214414028847181
0.5214351069721316
0.5214288155890835
0.5214225286419543
0.5214162460430383
0.5214099677095272
0.5214036935626727
0.5213974235270993
0.5213911575302372
0.5213848955018545
0.52137863737367
0.5213723830790362
0.5213661325526731
0.5213598857304506
0.5213536425492078
0.5213474029466026
0.5213411668609884
0.5213349342313105
0.5213287049970202
0.5213224790980057
0.5213162564745312
0.5213100370671899
0.521303820816863
0.5212976076646851
0.5212913975520171
0.5212851904204232
0.5212789862116504
0.5212727848676131
0.5212665863303798
0.5212603905421611
0.5212541974453012
0.521248006982269
0.521241819095652
0.5212356337281515
0.5212294508225761
0.5212232703218392
0.5212170921689556
0.5212109163070371
0.5212047426792923
0.5211985712290224
0.5211924018996204
0.5211862346345701
0.5211800693774428
0.5211739060718977
0.5211677446616807
0.5211615850906217
0.5211554273026361
0.5211492712417222
0.5211431168519614
0.5211369640775168
0.5211308128626327
0.5211246631516346
0.521118514888928
0.5211123680189973
0.5211062224864067
0.5211000782357983
0.5210939352118921
0.521087793359486
0.5210816526234542
0.5210755129487477
0.5210693742803936
0.521063236563494
0.5210570997432261
0.5210509637648421
0.5210448285736677
0.5210386941151028
0.5210325603346202
0.5210264271777652
0.5210202945901558
0.521014162517482
0.5210080309055047
0.5210018997000563
0.5209957688470397
0.5209896382924274
0.5209835079822627
0.520977377862657
0.5209712478797914
0.5209651179799153
0.5209589881093459
0.5209528582144682
0.5209467282417344
0.5209405981376632
0.5209344678488403
0.5209283373219167
0.5209222065036094
0.5209160753407004
0.5209099437800365
0.5209038117685286
0.5208976792531519
0.5208915461809449
0.5208854124990094
0.5208792781545097
0.5208731430946727
0.5208670072667871
0.5208608706182032
0.5208547330963325
0.5208485946486472
0.5208424552226798
0.5208363147660229
0.5208301732263291
0.5208240305513093
0.5208178866887343
0.5208117415864323
0.5208055951922905
0.5207994474542534
0.5207932983203226
0.5207871477385573
0.5207809956570725
0.5207748420240398
0.5207686867876868
0.5207625298962961
0.520756371298206
0.5207502109418087
0.5207440487755517
0.5207378847479358
0.5207317188075153
0.5207255509028987
0.5207193809827466
0.5207132089957723
0.5207070348907414
0.5207008586164715
0.5206946801218311
0.5206884993557406
0.5206823162671708
0.5206761308051426
0.5206699429187276
0.5206637525570468
0.5206575596692705
0.5206513642046184
0.5206451661123584
0.5206389653418075
0.5206327618423299
0.5206265555633378
0.520620346454291
0.5206141344646961
0.5206079195441061
0.5206017016421208
0.520595480708386
0.5205892566925927
0.5205830295444777
0.5205767992138226
0.5205705656504538
0.5205643288042419
0.520558088625102
0.5205518450629922
0.5205455980679148
0.5205393475899146
0.5205330935790795
0.5205268359855396
0.5205205747594672
0.5205143098510767
0.5205080412106238
0.5205017687884049
0.5204954925347585
0.5204892124000624
0.5204829283347356
0.5204766402892368
0.5204703482140638
0.5204640520597547
0.520457751776886
0.5204514473160732
0.5204451386279703
0.5204388256632693
0.5204325083727004
0.5204261867070308
0.5204198606170657
0.5204135300536468
0.5204071949676525
0.5204008553099982
0.5203945110316344
0.5203881620835482
0.5203818084167623
0.5203754499823343
0.5203690867313568
0.5203627186149575
0.5203563455842983
0.5203499675905747
0.5203435845850172
0.520337196518889
0.5203308033434872
0.5203244050101413
0.5203180014702142
0.5203115926751011
0.5203051785762294
0.5202987591250583
0.5202923342730792
0.5202859039718145
0.520279468172818
0.5202730268276744
0.5202665798879988
0.5202601273054372
0.5202536690316655
0.5202472050183893
0.520240735217344
0.5202342595802947
0.5202277780590349
0.5202212906053877
0.5202147971712046
0.5202082977083651
0.5202017921687773
0.520195280504377
0.5201887626671278
0.5201822386090208
0.5201757082820736
0.5201691716383314
0.5201626286298662
0.5201560792087757
0.5201495233271842
0.5201429609372425
0.5201363919911263
0.5201298164410373
0.5201232342392024
0.5201166453378734
0.5201100496893272
0.5201034472458652
0.520096837959813
0.5200902217835207
0.520083598669362
0.5200769685697346
0.5200703314370596
0.5200636872237812
0.5200570358823668
0.5200503773653068
0.520043711625114
0.5200370386143235
0.5200303582854933
0.5200236705912029
0.5200169754840531
0.5200102729166675
0.5200035628416899
0.519996845211786
0.5199901199796424
0.5199833870979662
0.5199766465194852
0.5199698981969478
0.5199631420831223
0.5199563781307972
0.5199496062927806
0.5199428265219004
0.5199360387710038
0.5199292429929574
0.5199224391406464
0.5199156271669753
0.5199088070248671
0.5199019786672633
0.5198951420471236
0.5198882971174263
0.519881443831167
0.5198745821413592
0.5198677120010342
0.5198608333632408
0.5198539461810449
0.5198470504075292
0.5198401459957938
0.5198332328989548
0.519826311070146
0.5198193804625164
0.5198124410292321
0.5198054927234745
0.5197985354984418
0.519791569307347
0.5197845941034196
0.519777609839904
0.5197706164700593
0.5197636139471614
0.5197566022244995
0.5197495812553782
0.5197425509931171
0.51973551139105
0.519728462402525
0.5197214039809044
0.519714336079565
0.5197072586518966
0.5197001716513042
0.5196930750312053
0.5196859687450313
0.5196788527462268
0.5196717269882503
0.5196645914245723
0.5196574460086771
0.5196502906940623
0.5196431254342365
0.5196359501827227
0.5196287648930554
0.5196215695187817
0.5196143640134607
0.5196071483306641
0.519599922423975
0.5195926862469887
0.5195854397533121
0.5195781828965639
0.5195709156303739
0.5195636379083841
0.5195563496842466
0.5195490509116258
0.5195417415441969
0.5195344215356454
0.5195270908396683
0.5195197494099737
0.5195123972002791
0.519505034164314
0.5194976602558172
0.5194902754285385
0.5194828796362381
0.5194754728326855
0.5194680549716613
0.5194606260069556
0.5194531858923684
0.5194457345817096
0.5194382720287989
0.5194307981874655
0.5194233130115482
0.5194158164548952
0.5194083084713644
0.5194007890148227
0.5193932580391464
0.5193857154982211
0.519378161345941
0.5193705955362099
0.5193630180229406
0.5193554287600542
0.5193478277014811
0.5193402148011604
0.5193325900130397
0.5193249532910755
0.5193173045892326
0.5193096438614848
0.5193019710618137
0.51929428614421
0.5192865890626721
0.5192788797712071
0.5192711582238304
0.5192634243745653
0.5192556781774434
0.519247919586505
0.5192401485557973
0.5192323650393764
0.5192245689913062
0.5192167603656583
0.5192089391165129
0.5192011051979575
0.519193258564087
0.5191853991690053
0.5191775269668233
0.5191696419116595
0.5191617439576409
0.5191538330589018
0.519145909169584
0.5191379722438372
0.5191300222358184
0.5191220590996929
0.5191140827896331
0.5191060932598193
0.5190980904644388
0.5190900743576871
0.5190820448937672
0.5190740020268894
0.5190659457112715
0.5190578759011392
0.5190497925507257
0.5190416956142714
0.5190335850460246
0.519025460800241
0.5190173228311837
0.5190091710931239
0.5190010055403396
0.5189928261271172
0.51898463280775
0.5189764255365392
0.5189682042677939
0.5189599689558304
0.5189517195549727
0.5189434560195529
0.5189351783039102
0.5189268863623921
0.5189185801493535
0.5189102596191573
0.5189019247261739
0.5188935754247817
0.5188852116693671
0.5188768334143244
0.5188684406140559
0.5188600332229716
0.5188516111954895
0.5188431744860361
0.518834723049046
0.5188262568389613
0.518817775810233
0.5188092799173201
0.5188007691146899
0.5187922433568181
0.5187837025981887
0.5187751467932944
0.5187665758966366
0.5187579898627246
0.5187493886460769
0.5187407722012205
0.5187321404826915
0.5187234934450348
0.5187148310428036
0.5187061532305609
0.5186974599628784
0.518688751194337
0.5186800268795266
0.5186712869730472
0.518662531429507
0.5186537602035246
0.5186449732497277
0.518636170522754
0.5186273519772504
0.5186185175678741
0.5186096672492922
0.5186008009761814
0.5185919187032288
0.5185830203851317
0.5185741059765975
0.5185651754323444
0.5185562287071005
0.5185472657556052
0.518538286532608
0.5185292909928698
0.5185202790911618
0.5185112507822668
0.5185022060209787
0.5184931447621022
0.5184840669604538
0.5184749725708617
0.5184658615481652
0.5184567338472158
0.5184475894228766
0.5184384282300232
0.5184292502235428
0.518420055358335
0.5184108435893122
0.518401614871399
0.5183923691595327
0.5183831064086635
0.5183738265737545
0.5183645296097822
0.5183552154717359
0.5183458841146187
0.518336535493447
0.5183271695632511
0.5183177862790748
0.5183083855959765
0.5182989674690281
0.5182895318533165
0.5182800787039428
0.5182706079760222
0.5182611196246856
0.5182516136050784
0.5182420898723614
0.5182325483817103
0.5182229890883165
0.5182134119473875
0.5182038169141459
0.5181942039438308
0.5181845729916971
0.5181749240130166
0.5181652569630772
0.5181555717971839
0.5181458684706584
0.5181361469388395
0.5181264071570832
0.5181166490807634
0.5181068726652716
0.5180970778660168
0.5180872646384264
0.5180774329379461
0.5180675827200399
0.5180577139401908
0.5180478265539004
0.5180379205166893
0.5180279957840981
0.5180180523116861
0.518008090055033
0.5179981089697379
0.5179881090114202
0.51797809013572
0.5179680522982981
0.5179579954548355
0.5179479195610347
0.5179378245726189
0.5179277104453345
0.5179175771349472
0.5179074245972465
0.5178972527880434
0.5178870616631716
0.5178768511784871
0.5178666212898688
0.5178563719532194
0.5178461031244646
0.5178358147595532
0.5178255068144588
0.517815179245179
0.5178048320077349
0.517794465058173
0.5177840783525648
0.5177736718470065
0.5177632454976199
0.5177527992605522
0.517742333091977
0.5177318469480938
0.5177213407851284
0.5177108145593334
0.5177002682269886
0.5176897017444009
0.5176791150679043
0.5176685081538615
0.5176578809586623
0.5176472334387254
0.517636565550498
0.517625877250456
0.5176151684951047
0.5176044392409787
0.5175936894446423
0.5175829190626904
0.5175721280517469
0.5175613163684678
0.5175504839695393
0.5175396308116782
0.517528756851634
0.5175178620461869
0.5175069463521498
0.5174960097263677
0.5174850521257183
0.5174740735071123
0.5174630738274935
0.5174520530438398
0.5174410111131622
0.5174299479925064
0.5174188636389528
0.517407758009616
0.5173966310616462
0.5173854827522287
0.5173743130385846
0.5173631218779715
0.517351909227683
0.5173406750450493
0.517329419287438
0.5173181419122537
0.5173068428769391
0.5172955221389742
0.5172841796558784
0.5172728153852086
0.5172614292845616
0.5172500213115728
0.5172385914239179
0.5172271395793121
0.5172156657355113
0.5172041698503117
0.5171926518815506
0.517181111787107
0.5171695495249014
0.5171579650528957
0.5171463583290951
0.5171347293115469
0.517123077958342
0.517111404227614
0.5170997080775408
0.5170879894663445
0.5170762483522907
0.5170644846936909
0.5170526984489017
0.5170408895763241
0.5170290580344064
0.5170172037816421
0.5170053267765718
0.5169934269777832
0.5169815043439102
0.5169695588336362
0.5169575904056909
0.5169455990188532
0.5169335846319507
0.5169215472038605
0.5169094866935081
0.5168974030598701
0.5168852962619724
0.5168731662588921
0.5168610130097568
0.5168488364737458
0.5168366366100902
0.5168244133780724
0.5168121667370282
0.5167998966463458
0.5167876030654666
0.5167752859538857
0.5167629452711517
0.5167505809768687
0.516738193030694
0.5167257813923414
0.5167133460215789
0.5167008868782312
0.5166884039221793
0.5166758971133605
0.5166633664117687
0.5166508117774562
0.5166382331705324
0.5166256305511645
0.5166130038795793
0.5166003531160618
0.5165876782209563
0.5165749791546671
0.5165622558776585
0.516549508350455
0.5165367365336427
0.5165239403878681
0.5165111198738398
0.5164982749523283
0.5164854055841667
0.5164725117302508
0.5164595933515395
0.5164466504090552
0.5164336828638854
0.5164206906771798
0.5164076738101548
0.5163946322240915
0.5163815658803361
0.516368474740301
0.5163553587654652
0.5163422179173738
0.5163290521576396
0.516315861447943
0.5163026457500316
0.5162894050257224
0.5162761392368994
0.5162628483455179
0.5162495323136009
0.5162361911032421
0.5162228246766053
0.5162094329959247
0.5161960160235062
0.5161825737217263
0.5161691060530339
0.5161556129799504
0.5161420944650689
0.5161285504710565
0.516114980960653
0.5161013858966721
0.516087765242002
0.5160741189596052
0.5160604470125195
0.5160467493638576
0.5160330259768081
0.5160192768146361
0.5160055018406823
0.5159917010183653
0.5159778743111807
0.5159640216827015
0.5159501430965785
0.5159362385165419
0.5159223079063999
0.5159083512300404
0.5158943684514304
0.5158803595346173
0.5158663244437285
0.5158522631429725
0.5158381755966388
0.5158240617690982
0.5158099216248033
0.5157957551282895
0.5157815622441742
0.5157673429371579
0.5157530971720246
0.5157388249136423
0.5157245261269626
0.5157102007770219
0.5156958488289413
0.5156814702479269
0.5156670649992707
0.5156526330483511
0.5156381743606311
0.5156236889016625
0.5156091766370828
0.515594637532617
0.5155800715540783
0.5155654786673676
0.5155508588384743
0.5155362120334767
0.5155215382185422
0.5155068373599281
0.5154921094239805
0.515477354377137
0.5154625721859247
0.5154477628169623
0.5154329262369589
0.5154180624127161
0.5154031713111269
0.5153882528991767
0.515373307143943
0.5153583340125969
0.5153433334724021
0.5153283054907166
0.5153132500349915
0.5152981670727724
0.5152830565716995
0.5152679184995081
0.5152527528240282
0.515237559513185
0.5152223385350004
0.515207089857592
0.5151918134491735
0.5151765092780557
0.515161177312646
0.5151458175214498
0.5151304298730692
0.5151150143362049
0.5150995708796555
0.5150840994723185
0.5150686000831893
0.5150530726813634
0.5150375172360349
0.5150219337164978
0.515006322092146
0.5149906823324736
0.5149750144070748
0.5149593182856451
0.5149435939379805
0.5149278413339785
0.5149120604436379
0.5148962512370594
0.5148804136844456
0.5148645477561014
0.5148486534224344
0.5148327306539543
0.5148167794212745
0.5148007996951112
0.5147847914462846
0.5147687546457178
0.5147526892644381
0.5147365952735771
0.5147204726443708
0.5147043213481595
0.5146881413563882
0.5146719326406075
0.5146556951724726
0.5146394289237439
0.5146231338662882
0.5146068099720778
0.5145904572131902
0.5145740755618102
0.5145576649902281
0.5145412254708415
0.5145247569761535
0.5145082594787754
0.5144917329514248
0.5144751773669266
0.5144585926982131
0.5144419789183243
0.5144253360004072
0.5144086639177173
0.5143919626436182
0.5143752321515807
0.5143584724151843
0.514341683408117
0.5143248651041754
0.5143080174772641
0.5142911405013969
0.514274234150696
0.514257298399393
0.5142403332218282
0.514223338592451
0.5142063144858203
0.5141892608766042
0.5141721777395799
0.5141550650496343
0.5141379227817637
0.5141207509110742
0.5141035494127818
0.5140863182622114
0.5140690574347982
0.5140517669060876
0.5140344466517341
0.5140170966475024
0.5139997168692674
0.5139823072930139
0.5139648678948362
0.5139473986509394
0.5139298995376378
0.5139123705313562
0.5138948116086296
0.5138772227461024
0.5138596039205297
0.5138419551087761
0.5138242762878165
0.5138065674347352
0.5137888285267275
0.5137710595410974
0.5137532604552593
0.5137354312467377
0.513717571893166
0.5136996823722881
0.5136817626619572
0.5136638127401358
0.5136458325848963
0.5136278221744199
0.513609781486998
0.5135917105010304
0.5135736091950257
0.5135554775476028
0.5135373155374884
0.5135191231435181
0.5135009003446365
0.5134826471198961
0.5134643634484586
0.5134460493095931
0.5134277046826773
0.5134093295471962
0.5133909238827435
0.5133724876690196
0.5133540208858325
0.5133355235130975
0.5133169955308372
0.5132984369191806
0.5132798476583635
0.5132612277287281
0.5132425771107226
0.5132238957849016
0.5132051837319251
0.5131864409325586
0.5131676673676736
0.5131488630182451
0.5131300278653547
0.5131111618901869
0.5130922650740315
0.5130733373982818
0.5130543788444347
0.513035389394091
0.5130163690289539
0.5129973177308296
0.5129782354816272
0.5129591222633575
0.5129399780581334
0.5129208028481691
0.5129015966157799
0.5128823593433819
0.5128630910134921
0.5128437916087273
0.5128244611118038
0.5128050995055373
0.5127857067728429
0.5127662828967338
0.5127468278603219
0.5127273416468162
0.5127078242395237
0.5126882756218478
0.5126686957772888
0.512649084689443
0.5126294423420025
0.5126097687187536
0.5125900638035791
0.5125703275804543
0.5125505600334498
0.5125307611467281
0.5125109309045458
0.5124910692912511
0.512471176291284
0.5124512518891764
0.5124312960695501
0.5124113088171182
0.5123912901166827
0.5123712399531353
0.5123511583114564
0.512331045176714
0.512310900534064
0.5122907243687493
0.5122705166660991
0.5122502774115284
0.5122300065905372
0.5122097041887105
0.5121893701917168
0.5121690045853085
0.5121486073553201
0.512128178487669
0.5121077179683531
0.5120872257834521
0.5120667019191253
0.512046146361611
0.5120255590972276
0.5120049401123706
0.511984289393513
0.511963606927205
0.5119428927000724
0.5119221466988166
0.5119013689102134
0.5118805593211128
0.5118597179184372
0.5118388446891822
0.5118179396204141
0.5117970026992712
0.5117760339129609
0.5117550332487601
0.5117340006940148
0.511712936236138
0.5116918398626099
0.511670711560977
0.5116495513188506
0.5116283591239069
0.5116071349638853
0.5115858788265885
0.5115645906998805
0.511543270571687
0.5115219184299934
0.5115005342628445
0.5114791180583436
0.5114576698046516
0.5114361894899859
0.5114146771026197
0.5113931326308809
0.5113715560631513
0.5113499473878657
0.511328306593511
0.5113066336686247
0.5112849286017953
0.5112631913816592
0.5112414219969015
0.5112196204362551
0.5111977866884981
0.5111759207424543
0.5111540225869916
0.5111320922110207
0.511110129603495
0.5110881347534084
0.5110661076497957
0.5110440482817293
0.5110219566383212
0.5109998327087188
0.5109776764821066
0.5109554879477031
0.5109332670947602
0.510911013912563
0.5108887283904278
0.510866410517701
0.5108440602837587
0.5108216776780046
0.5107992626898695
0.5107768153088103
0.5107543355243078
0.5107318233258673
0.5107092787030157
0.5106867016453013
0.5106640921422921
0.5106414501835754
0.5106187757587556
0.510596068857454
0.5105733294693061
0.5105505575839623
0.5105277531910852
0.5105049162803491
0.5104820468414383
0.5104591448640462
0.5104362103378739
0.5104132432526289
0.5103902435980238
0.5103672113637748
0.5103441465396017
0.5103210491152245
0.5102979190803637
0.5102747564247382
0.5102515611380642
0.5102283332100543
0.5102050726304158
0.5101817793888485
0.5101584534750453
0.5101350948786885
0.510111703589451
0.5100882795969925
0.5100648228909597
0.5100413334609841
0.5100178112966818
0.5099942563876495
0.5099706687234666
0.5099470482936909
0.5099233950878584
0.5098997090954822
0.5098759903060501
0.5098522387090239
0.5098284542938374
0.5098046370498956
0.5097807869665728
0.509756904033211
0.5097329882391184
0.5097090395735688
0.5096850580257989
0.5096610435850075
0.5096369962403537
0.5096129159809559
0.5095888027958893
0.5095646566741852
0.5095404776048293
0.5095162655767601
0.5094920205788676
0.5094677425999906
0.509443431628917
0.5094190876543806
0.5093947106650605
0.5093703006495792
0.5093458575965009
0.5093213814943299
0.5092968723315096
0.5092723300964197
0.5092477547773762
0.5092231463626278
0.5091985048403564
0.509173830198674
0.5091491224256212
0.5091243815091667
0.5090996074372037
0.5090748001975506
0.5090499597779469
0.5090250861660535
0.5090001793494503
0.5089752393156339
0.5089502660520171
0.5089252595459264
0.5089002197846006
0.5088751467551889
0.5088500404447494
0.5088249008402471
0.508799727928553
0.5087745216964412
0.5087492821305882
0.5087240092175702
0.5086987029438624
0.5086733632958366
0.5086479902597593
0.5086225838217907
0.5085971439679822
0.5085716706842751
0.5085461639564988
0.5085206237703683
0.5084950501114838
0.5084694429653275
0.508443802317263
0.5084181281525325
0.5083924204562557
0.5083666792134277
0.5083409044089173
0.5083150960274652
0.5082892540536822
0.5082633784720468
0.5082374692669048
0.5082115264224659
0.5081855499228027
0.5081595397518488
0.508133495893397
0.5081074183310967
0.5080813070484537
0.5080551620288265
0.5080289832554252
0.5080027707113105
0.5079765243793906
0.5079502442424195
0.5079239302829959
0.5078975824835608
0.507871200826395
0.5078447852936189
0.5078183358671887
0.5077918525288961
0.5077653352603652
0.5077387840430514
0.5077121988582391
0.5076855796870398
0.5076589265103908
0.5076322393090521
0.5076055180636058
0.5075787627544532
0.5075519733618135
0.5075251498657214
0.5074982922460255
0.5074714004823865
0.5074444745542745
0.5074175144409686
0.507390520121553
0.5073634915749163
0.5073364287797499
0.5073093317145445
0.5072822003575901
0.5072550346869722
0.5072278346805713
0.5072006003160603
0.5071733315709026
0.5071460284223498
0.5071186908474404
0.5070913188229975
0.5070639123256273
0.5070364713317158
0.5070089958174285
0.5069814857587074
0.5069539411312691
0.5069263619106036
0.5068987480719711
0.506871099590401
0.5068434164406898
0.5068156985973983
0.5067879460348509
0.5067601587271325
0.5067323366480875
0.5067044797713165
0.5066765880701757
0.5066486615177741
0.506620700086972
0.5065927037503779
0.5065646724803486
0.506536606248985
0.5065085050281309
0.5064803687893723
0.506452197504033
0.5064239911431744
0.5063957496775934
0.5063674730778193
0.5063391613141125
0.506310814356463
0.5062824321745872
0.5062540147379271
0.5062255620156477
0.5061970739766348
0.5061685505894936
0.5061399918225459
0.506111397643829
0.506082768021093
0.5060541029217996
0.5060254023131185
0.5059966661619275
0.505967894434809
0.5059390870980487
0.5059102441176324
0.5058813654592463
0.5058524510882729
0.5058235009697896
0.5057945150685675
0.5057654933490681
0.5057364357754421
0.5057073423115275
0.5056782129208469
0.5056490475666063
0.5056198462116928
0.5055906088186718
0.505561335349787
0.5055320257669559
0.50550268003177
0.5054732981054912
0.5054438799490509
0.5054144255230473
0.5053849347877437
0.5053554077030666
0.5053258442286037
0.5052962443236017
0.505266607946964
0.50523693505725
0.5052072256126714
0.5051774795710919
0.5051476968900235
0.5051178775266261
0.5050880214377047
0.5050581285797071
0.5050281989087231
0.5049982323804811
0.5049682289503473
0.5049381885733232
0.5049081112040433
0.504877996796774
0.5048478453054114
0.504817656683478
0.5047874308841229
0.5047571678601183
0.5047268675638583
0.5046965299473561
0.5046661549622435
0.5046357425597672
0.5046052926907882
0.5045748053057795
0.5045442803548232
0.5045137177876106
0.504483117553438
0.5044524796012062
0.5044218038794183
0.5043910903361779
0.504360338919186
0.5043295495757409
0.5042987222527351
0.5042678568966534
0.5042369534535714
0.5042060118691534
0.5041750320886506
0.5041440140568992
0.5041129577183183
0.5040818630169075
0.5040507298962466
0.5040195582994919
0.5039883481693757
0.5039570994482032
0.5039258120778519
0.5038944859997686
0.5038631211549678
0.5038317174840306
0.5038002749271017
0.5037687934238881
0.5037372729136572
0.5037057133352354
0.5036741146270047
0.503642476726903
0.5036107995724205
0.5035790831005987
0.5035473272480282
0.5035155319508474
0.5034836971447396
0.5034518227649326
0.5034199087461955
0.5033879550228378
0.5033559615287075
0.5033239281971882
0.503291854961199
0.5032597417531914
0.5032275885051481
0.5031953951485809
0.5031631616145291
0.5031308878335575
0.5030985737357548
0.5030662192507319
0.5030338243076196
0.5030013888350677
0.5029689127612422
0.5029363960138247
0.5029038385200092
0.5028712402065019
0.5028386009995183
0.5028059208247818
0.5027731996075222
0.5027404372724736
0.5027076337438731
0.5026747889454584
0.5026419028004664
0.5026089752316321
0.5025760061611861
0.5025429955108529
0.5025099432018497
0.5024768491548842
0.5024437132901532
0.5024105355273408
0.5023773157856171
0.5023440539836354
0.5023107500395322
0.502277403870924
0.5022440153949063
0.5022105845280522
0.5021771111864103
0.502143595285503
0.5021100367403256
0.5020764354653433
0.5020427913744911
0.5020091043811711
0.5019753743982515
0.5019416013380642
0.5019077851124039
0.5018739256325269
0.5018400228091481
0.5018060765524406
0.5017720867720338
0.5017380533770114
0.5017039762759101
0.5016698553767189
0.5016356905868756
0.5016014818132671
0.5015672289622267
0.5015329319395336
0.5014985906504099
0.5014642049995202
0.5014297748909697
0.5013953002283033
0.5013607809145024
0.5013262168519855
0.5012916079426052
0.5012569540876471
0.5012222551878287
0.5011875111432975
0.5011527218536294
0.5011178872178277
0.5010830071343214
0.5010480815009634
0.5010131102150297
0.5009780931732174
0.5009430302716438
0.5009079214058437
0.5008727664707704
0.5008375653607912
0.5008023179696885
0.5007670241906572
0.5007316839163034
0.5006962970386435
0.500660863449102
0.5006253830385108
0.5005898556971075
0.5005542813145342
0.5005186597798358
0.5004829909814591
0.500447274807251
0.5004115111444578
0.5003756998797231
0.5003398408990868
0.5003039340879838
0.5002679793312429
0.5002319765130849
0.500195925517122
0.500159826226356
0.5001236785231769
0.5000874822893622
0.5000512374060753
0.5000149437538639
0.4999786012126597
0.4999422096617757
0.49990576897990635
0.4998692790451257
0.49983273973488584
0.49979615092601626
0.4997595124947222
0.499722824316584
0.49968608626655503
0.4996492982189616
0.4996124600475004
0.49957557162523875
0.49953863282461214
0.49950164351742427
0.4994646035748449
0.4994275128674091
0.49939037126501606
0.4993531786369282
0.4993159348517695
0.49927863977752485
0.49924129328153877
0.49920389523051445
0.4991664454905121
0.4991289439269486
0.4990913904045958
0.49905378478757983
0.49901612693937997
0.4989784167228274
0.4989406540001043
0.49890283863274276
0.4988649704816237
0.498827049406976
0.49878907526837524
0.4987510479247428
0.49871296723434466
0.49867483305479093
0.4986366452430344
0.49859840365536956
0.4985601081474315
0.49852175857419584
0.498483354789976
0.4984448966484245
0.49840638400253
0.49836781670461766
0.4983291946063474
0.49829051755871345
0.4982517854120435
0.49821299801599717
0.498174155219566
0.4981352568710714
0.49809630281816547
0.4980572929078282
0.49801822698636783
0.49797910489941966
0.4979399264919452
0.49790069160823136
0.49786140009188956
0.4978220517858548
0.497782646532385
0.49774318417306035
0.49770366454878173
0.4976640874997714
0.49762445286557017
0.4975847604850388
0.49754501019635544
0.49750520183701563
0.4974653352438322
0.49742541025293274
0.4973854266997609
0.49734538441907405
0.4973052832449436
0.4972651230107538
0.4972249035492008
0.4971846246922924
0.4971442862713477
0.4971038881169955
0.49706343005917397
0.4970229119271299
0.49698233354941906
0.496941694753904
0.496900995367754
0.4968602352174449
0.4968194141287582
0.4967785319267797
0.4967375884359003
0.49669658347981416
0.4966555168815189
0.49661438846331396
0.49657319804680167
0.4965319454528851
0.49649063050176845
0.4964492530129562
0.49640781280525237
0.49636630969676016
0.49632474350488126
0.4962831140463162
0.49624142113706216
0.49619966459241427
0.4961578442269633
0.49611595985459694
0.49607401128849804
0.496031998341145
0.49598992082431015
0.49594777854906097
0.4959055713257576
0.49586329896405434
0.49582096127289815
0.4957785580605281
0.4957360891344754
0.4956935543015631
0.495650953367905
0.49560828613890584
0.49556555241926104
0.4955227520129553
0.4954798847232637
0.49543695035274987
0.49539394870326714
0.49535087957595625
0.495307742771247
0.49526453808885645
0.4952212653277898
0.4951779242863388
0.4951345147620819
0.4950910365518847
0.4950474894518985
0.495003873257561
0.49496018776359485
0.49491643276400854
0.49487260805209543
0.4948287134204338
0.4947847486608862
0.49474071356459925
0.4946966079220043
0.49465243152281585
0.49460818415603214
0.49456386560993437
0.4945194756720871
0.4944750141293379
0.4944304807678167
0.4943858753729353
0.4943411977293892
0.4942964476211539
0.49425162483148866
0.49420672914293307
0.49416176033730874
0.49411671819571834
0.494071602498546
0.4940264130254564
0.4939811495553953
0.4939358118665889
0.49389039973654425
0.49384491294204846
0.49379935125916885
0.4937537144632534
0.49370800232892925
0.4936622146301043
0.49361635113996544
0.4935704116309797
0.49352439587489344
0.4934783036427326
0.49343213470480246
0.49338588883068746
0.4933395657892513
0.4932931653486369
0.49324668727626597
0.49320013133883933
0.4931534973023369
0.49310678493201676
0.49305999399241673
0.49301312424735244
0.4929661754599185
0.49291914739248843
0.49287203980671385
0.4928248524635249
0.49277758512313086
0.49273023754501843
0.4926828094879536
0.4926353007099802
0.4925877109684206
0.4925400400198754
0.49249228762022357
0.49244445352462224
0.49239653748750695
0.49234853926259114
0.49230045860286714
0.49225229526060466
0.49220404898735187
0.49215571953393544
0.4921073066504596
0.49205881008630736
0.49201022959013935
0.49196156490989473
0.49191281579279045
0.4918639819853217
0.4918150632332618
0.49176605928166217
0.4917169698748523
0.49166779475643974
0.4916185336693099
0.49156918635562674
0.491519752556832
0.4914702320136452
0.4914206244660644
0.4913709296533654
0.4913211473141018
0.49127127718610564
0.4912213190064868
0.4911712725116326
0.49112113743720925
0.49107091351815996
0.4910206004887061
0.4909701980823473
0.49091970603186025
0.4908691240693001
0.4908184519259994
0.4907676893325682
0.4907168360188948
0.4906658917141445
0.4906148561467604
0.490563729044463
0.49051251013425035
0.49046119914239766
0.49040979579445737
0.4903582998152596
0.49030671092891065
0.4902550288587947
0.49020325332757286
0.49015138405718184
0.4900994207688367
0.49004736318302794
0.4899952110195228
0.4899429639973649
0.4898906218348743
0.48983818424964687
0.48978565095855375
0.489733021677743
0.4896802961226375
0.4896274740079355
0.48957455504761055
0.48952153895491113
0.4894684254423608
0.48941521422175704
0.48936190500417237
0.48930849749995275
0.4892549914187186
0.4892013864693633
0.48914768236005396
0.48909387879823085
0.4890399754906065
0.48898597214316625
0.4889318684611674
0.48887766414913875
0.488823358910881
0.48876895244946594
0.4887144444672359
0.48865983466580315
0.48860512274605045
0.4885503084081303
0.48849539135146336
0.4884403712747399
0.4883852478759175
0.48833002085222255
0.48827468990014766
0.4882192547154527
0.48816371499316347
0.488108070427572
0.48805232071223476
0.4879964655399732
0.48794050460287275
0.487884437592282
0.4878282641988123
0.4877719841123371
0.4877155970219917
0.4876591026161715
0.4876025005825326
0.4875457906079897
0.4874889723787168
0.4874320455801454
0.4873750098969639
0.4873178650131175
0.48726061061180653
0.4872032463754853
0.48714577198586295
0.48708818712390073
0.48703049146981187
0.486972684703061
0.4869147665023623
0.4868567365456793
0.48679859451022306
0.4867403400724526
0.48668197290807175
0.48662349269203037
0.48656489909852096
0.4865061918009797
0.48644737047208325
0.48638843478374955
0.4863293844071348
0.4862702190126336
0.48621093826987677
0.4861515418477307
0.48609202941429563
0.48603240063690456
0.4859726551821215
0.4859127927157403
0.4858528129027835
0.4857927154075007
0.4857324998933663
0.4856721660230793
0.4856117134585608
0.4855511418609525
0.48549045089061554
0.48542964020712887
0.4853687094692865
0.4853076583350973
0.48524648646178226
0.4851851935057727
0.4851237791227092
0.4850622429674394
0.4850005846940153
0.48493880395569283
0.48487690040492853
0.48481487369337883
0.48475272347189696
0.4846904493905315
0.4846280510985237
0.48456552824430654
0.48450288047550116
0.48444010743891575
0.48437720878054263
0.48431418414555627
0.48425103317831125
0.4841877555223392
0.4841243508203472
0.4840608187142151
0.48399715884499195
0.4839333708528961
0.4838694543773101
0.48380540905677927
0.4837412345290089
0.4836769304308621
0.48361249639835613
0.4835479320666604
0.48348323707009333
0.48341841104212
0.48335345361534876
0.4832883644215284
0.4832231430915462
0.4831577892554229
0.48309230254231195
0.4830266825804949
0.48296092899737897
0.4828950414194938
0.48282901947248813
0.4827628627811268
0.482696570969287
0.48263014365995566
0.4825635804752255
0.4824968810362921
0.4824300449634499
0.48236307187608923
0.4822959613926927
0.48222871313083104
0.48216132670716033
0.48209380173741806
0.48202613783641873
0.48195833461805127
0.48189039169527426
0.4818223086801128
0.48175408518365403
0.48168572081604366
0.4816172151864817
0.48154856790321887
0.48147977857355145
0.48141084680381885
0.4813417721993981
0.4812725543647001
0.48120319290316554
0.48113368741726037
0.4810640375084713
0.48099424277730224
0.4809243028232687
0.48085421724489463
0.4807839856397063
0.48071360760422954
0.4806430827339837
0.48057241062347783
0.48050159086620575
0.480430623054641
0.4803595067802324
0.48028824163339945
0.48021682720352726
0.4801452630789608
0.4800735488470017
0.4800016840939014
0.47992966840485757
0.4798575013640082
0.47978518255442665
0.47971271155811646
0.4796400879560062
0.47956731132794445
0.47949438125269384
0.4794212973079265
0.47934805907021816
0.4792746661150429
0.4792011180167672
0.4791274143486454
0.4790535546828136
0.47897953859028375
0.4789053656409383
0.4788310354035251
0.4787565474456507
0.4786819013337753
0.4786070966332066
0.4785321329080943
0.4784570097214238
0.47838172663501055
0.47830628320949437
0.47823067900433286
0.47815491357779605
0.47807898648695946
0.47800289728769957
0.47792664553468567
0.47785023078137545
0.47777365258000765
0.4776969104815967
0.47762000403592586
0.47754293279154103
0.47746569629574487
0.47738829409458977
0.4773107257328721
0.4772329907541254
0.4771550887006142
0.4770770191133273
0.47699878153197117
0.47692037549496413
0.4768418005394292
0.4767630562011873
0.4766841420147517
0.47660505751331994
0.4765258022287683
0.47644637569164494
0.47636677743116296
0.4762870069751934
0.4762070638502594
0.4761269475815288
0.47604665769280735
0.4759661937065318
0.47588555514376424
0.4758047415241838
0.47572375236608005
0.47564258718634733
0.47556124550047674
0.47547972682254935
0.47539803066522995
0.4753161565397592
0.47523410395594806
0.4751518724221696
0.47506946144535256
0.47498687053097455
0.47490409918305526
0.47482114690414867
0.4747380131953373
0.4746546975562239
0.47457119948492643
0.4744875184780691
0.47440365403077633
0.474319605636666
0.47423537278784217
0.4741509549748888
0.47406635168686145
0.4739815624112817
0.47389658663412987
0.47381142383983754
0.4737260735112819
0.4736405351297772
0.4735548081750697
0.4734688921253294
0.4733827864571438
0.47329649064551166
0.47321000416383474
0.4731233264839127
0.4730364570759351
0.47294939540847536
0.4728621409484839
0.4727746931612815
0.4726870515105525
0.47259921545833844
0.4725111844650311
0.47242295798936706
0.4723345354884191
0.4722459164175921
0.47215710023061513
0.47206808637953546
0.471978874314712
0.47188946348480976
0.4717998533367923
0.4717100433159172
0.47162003286572796
0.47152982142804956
0.4714394084429815
0.47134879334889185
0.4712579755824116
0.4711669545784287
0.4710757297700821
0.47098430058875607
0.470892666464074
0.4708008268238937
0.47070878109430075
0.4706165286996042
0.4705240690623298
0.47043140160321567
0.47033852574120605
0.47024544089344733
0.4701521464752816
0.4700586419002424
0.4699649265800494
0.46987099992460346
0.46977686134198215
0.46968251023843455
0.46958794601837694
0.4694931680843882
0.4693981758372049
0.46930296867571797
0.4692075459969671
0.4691119071961377
0.469016051666556
0.46891997879968567
0.4688236879851238
0.4687271786105971
0.4686304500619577
0.468533501723181
0.4684363329763608
0.46833894320170677
0.46824133177754157
0.4681434980802965
0.46804544148450994
0.46794716136282377
0.4678486570859811
0.4677499280228234
0.4676509735402882
0.4675517930034069
0.46745238577530185
0.4673527512171862
0.4672528886883601
0.46715279754620925
0.4670524771462045
0.46695192684189935
0.46685114598492927
0.46675013392500975
0.46664889000993615
0.4665474135855825
0.4664457039959008
0.46634376058292104
0.4662415826867494
0.46613916964557056
0.46603652079564506
0.4659336354713115
0.4658305130049849
0.46572715272715987
0.4656235539664084
0.46551971604938314
0.4654156383008167
0.46531132004352416
0.46520676059840343
0.46510195928443826
0.4649969154186982
0.4648916283163427
0.4647860972906212
0.4646803216528775
0.4645743007125508
0.4644680337771795
0.4643615201524037
0.464254759141969
0.4641477500477292
0.4640404921696504
0.46393298480581535
0.463825227252426
0.46371721880381
0.463608958752423
0.46350044638885524
0.46339168100183575
0.4632826618782375
0.4631733883030828
0.46306385955954976
0.46295407492897706
0.46284403369087146
0.4627337351229132
0.4626231785009631
0.462512363099069
0.46240128818947424
0.46228995304262344
0.4621783569271714
0.4620664991099903
0.4619543788561783
0.46184199542906823
0.4617293480902356
0.4616164360995084
0.4615032587149758
0.4613898151929978
0.46127610478821596
0.4611621267535615
0.4610478803402681
0.46093336479788083
0.46081857937426746
0.4607035233156304
0.4605881958665178
0.46047259626983483
0.4603567237668568
0.4602405775972409
0.46012415699903925
0.46000746120871183
0.45989048946113953
0.45977324098963834
0.45965571502597263
0.4595379108003702
0.45941982754153643
0.45930146447666875
0.45918282083147277
0.4590638958301769
0.458944688695549
0.45882519864891175
0.4587054249101599
0.45858536669777683
0.4584650232288511
0.4583443937190954
0.45822347738286284
0.458102273433166
0.45798078108169527
0.45785899953883746
0.4577369280136958
0.4576145657141084
0.45749191184666854
0.45736896561674567
0.457245726228505
0.4571221928849286
0.45699836478783773
0.4568742411379132
0.4567498211347181
0.4566251039767202
0.4565000888613145
0.45637477498484647
0.45624916154263573
0.45612324772899976
0.4559970327372779
0.4558705157598565
0.45574369598819353
0.4556165726128443
0.45548914482348674
0.45536141180894796
0.45523337275723086
0.45510502685554055
0.45497637329031215
0.45484741124723826
0.4547181399112967
0.4545885584667801
0.45445866609732344
0.4543284619859344
0.4541979453150218
0.4540671152664272
0.4539359710214545
0.4538045117609002
0.4536727366650862
0.45354064491389035
0.45340823568677857
0.453275508162838
0.45314246152080956
0.4530090949391207
0.4528754075959204
0.452741398669112
0.4526070673363884
0.4524724127752669
0.45233743416312544
0.45220213067723636
0.4520665014948048
0.451930545793004
0.4517942627490129
0.4516576515400534
0.45152071134342864
0.45138344133656105
0.45124584069703055
0.4511079086026154
0.45096964423132996
0.45083104676146585
0.45069211537163206
0.4505528492407956
0.45041324754832357
0.45027330947402433
0.4501330341981896
0.44999242090163794
0.44985146876575627
0.4497101769725451
0.44956854470466134
0.4494265711454626
0.44928425547905293
0.4491415968903271
0.44899859456501684
0.44885524768973595
0.44871155545202884
0.44856751704041486
0.4484231316444383
0.44827839845471396
0.44813331666297707
0.447987885462131
0.447842104046297
0.4476959716108632
0.4475494873525353
0.4474026504693863
0.4472554601609083
0.44710791562806235
0.44696001607333175
0.4468117607007731
0.44666314871606955
0.44651417932658355
0.4463648517414104
0.44621516517143184
0.44606511882937094
0.4459147119298465
0.44576394368942795
0.44561281332669184
0.44546132006227657
0.4453094631189403
0.44515724172161636
0.4450046550974719
0.4448517024759642
0.4446983830889002
0.44454469617049425
0.4443906409574272
0.44423621668890567
0.44408142260672223
0.44392625795531493
0.44377072198182865
0.4436148139361758
0.44345853307109767
0.44330187864222625
0.4431448499081463
0.44298744613045893
0.44282966657384293
0.44267151050611986
0.44251297719831695
0.4423540659247316
0.44219477596299495
0.4420351065941395
0.4418750571026612
0.4417146267765874
0.441553814907542
0.4413926207908123
0.44123104372541583
0.44106908301416736
0.44090673796374646
0.4407440078847662
0.44058089209184026
0.4404173899036524
0.44025350064302515
0.4400892236369892
0.43992455821685333
0.43975950371827444
0.4395940594813273
0.43942822485057614
0.4392619991751449
0.4390953818087895
0.4389283721099685
0.43876096944191556
0.4385931731727122
0.4384249826753597
0.43825639732785193
0.43808741651324984
0.4379180396197531
0.43774826604077527
0.4375780951750176
0.43740752642654296
0.43723655920485094
0.4370651929249524
0.4368934270074447
0.43672126087858754
0.4365486939703779
0.43637572572062644
0.43620235557303366
0.4360285829772658
0.43585440738903264
0.43567982827016233
0.4355048450886806
0.4353294573188864
0.43515366444143055
0.43497746594339237
0.4348008613183584
0.4346238500664995
0.4344464316946506
0.434268605716387
0.4340903716521047
0.4339117290290979
0.43373267738163923
0.433553216251057
0.4333733451858157
0.4331930637415945
0.4330123714813672
0.432831267975481
0.43264975280173695
0.43246782554546903
0.4322854857996237
0.43210273316484066
0.4319195672495323
0.431735987669963
0.43155199405033073
0.4313675860228451
0.43118276322781
0.4309975253137013
0.43081187193724835
0.4306258027635145
0.43043931746597597
0.4302524157266034
0.430065097235941
0.4298773616931876
0.42968920880627565
0.42950063829195256
0.4293116498758598
0.42912224329261306
0.42893241828588247
0.4287421746084718
0.42855151202239894
0.42836043029897464
0.4281689292188825
0.4279770085722587
0.42778466815876964
0.4275919077876937
0.42739872727799766
0.42720512645841635
0.42701110516753193
0.42681666325385126
0.42662180057588434
0.4264265170022228
0.4262308124116176
0.4260346866930555
0.4258381397458381
0.4256411714796571
0.4254437818146724
0.4252459706815881
0.42504773802172874
0.42484908378711467
0.424650007940539
0.4244505104556413
0.4242505913169835
0.42405025052012457
0.4238494880716936
0.42364830398946535
0.42344669830243187
0.4232446710508778
0.42304222228645033
0.4228393520722337
0.4226360604828198
0.4224323476043801
0.422228213534736
0.42202365838343014
0.42181868227179503
0.42161328533302356
0.4214074677122374
0.4212012295665563
0.4209945710651645
0.42078749238937907
0.42057999373271615
0.42037207530095794
0.4201637373122173
0.4199549799970034
0.4197458035982857
0.4195362083715584
0.4193261945849026
0.41911576251904925
0.4189049124674409
0.41869364473629367
0.41848195964465573
0.4182698575244684
0.41805733872062534
0.41784440359103037
0.4176310525066544
0.41741728585159354
0.4172031040231235
0.4169885074317566
0.41677349650129447
0.41655807166888276
0.4163422333850637
0.4161259821138276
0.4159093183326643
0.4156922425326139
0.41547475521831445
0.4152568569080526
0.41503854813380947
0.41481982944130813
0.4146007013900592
0.41438116455340507
0.4141612195185646
0.41394086688667536
0.4137201072728358
0.41349894130614584
0.41327736962974704
0.41305539290086146
0.4128330117908294
0.41261022698514604
0.4123870391834973
0.41216344909979474
0.41193945746220884
0.411715065013202
0.41149027250955905
0.4112650807224187
0.4110394904373015
0.41081350245413895
0.4105871175872998
0.4103603366656161
0.4101331605324072
0.409905590045504
0.40967762607727026
0.4094492695146239
0.4092205212590577
0.4089913822266562
0.408761853348114
0.40853193556875167
0.40830162984853086
0.40807093716206755
0.4078398584986438
0.40760839486222
0.40737654727144346
0.40714431675965734
0.40691170437490753
0.40667871117994914
0.4064453382522491
0.40621158668399165
0.4059774575820784
0.4057429520681294
0.40550807127848193
0.40527281636418844
0.40503718849101245
0.404801188839424
0.40456481860459304
0.40432807899638035
0.4040909712393305
0.4038534965726593
0.4036156562502419
0.40337745154060095
0.40313888372688883
0.4028999541068736
0.40266066399291967
0.40242101471196967
0.40218100760552256
0.40194064402961216
0.40169992535478305
0.4014588529660661
0.40121742826295076
0.4009756526593582
0.4007335275836104
0.4004910544784005
0.40024823480075933
0.40000507002202124
0.3997615616277898
0.3995177111178996
0.39927352000637806
0.39902898982140556
0.39878412210527414
0.39853891841434463
0.39829338031900124
0.39804750940360634
0.3978013072664533
0.3975547755197167
0.3973079157894026
0.3970607297152958
0.39681321895090715
0.396565385163418
0.39631723003362423
0.3960687552558779
0.3958199625380281
0.3955708536013598
0.39532143018053173
0.39507169402351194
0.3948216468915133
0.39457129055892565
0.3943206268132485
0.39406965745502
0.3938183842977474
0.3935668091678325
0.3933149339044987
0.3930627603597153
0.39281029039811977
0.39255752589693976
0.39230446874591324
0.3920511208472068
0.39179748411533355
0.3915435604770679
0.3912893518713612
0.3910348602492537
0.39078008757378685
0.3905250358199134
0.3902697069744061
0.3900141030357658
0.38975822601412635
0.3895020779311618
0.3892456608199867
0.3889889767250612
0.38873202770209053
0.3884748158179242
0.38821734315045553
0.38795961178851734
0.38770162383177853
0.38744338139063883
0.3871848865861204
0.3869261415497616
0.3866671484235073
0.3864079093595974
0.38614842652045667
0.385888702078581
0.3856287382164235
0.38536853712628005
0.3851081010101721
0.3848474320797297
0.3845865325560729
0.3843254046696925
0.3840640506603287
0.38380247277684987
0.3835406732771295
0.38327865442792236
0.38301641850473966
0.3827539677917234
0.38249130458151864
0.38222843117514704
0.3819653498818776
0.38170206301909515
0.3814385729121731
0.3811748818943391
0.3809109923065436
0.3806469064973267
0.380382626822684
0.3801181556459311
0.37985349533756835
0.37958864827514405
0.3793236168431173
0.3790584034327196
0.37879301044181607
0.37852744027476604
0.3782616953422828
0.37799577806129225
0.377729690854792
0.37746343615170835
0.3771970163867536
0.3769304340002832
0.3766636914381516
0.3763967911515659
0.37612973559694374
0.3758625272357647
0.375595168534426
0.3753276619640952
0.37506001000056327
0.37479221512409644
0.37452427981928893
0.3742562065749145
0.3739879978837773
0.37371965624256315
0.3734511841516899
0.37318258411515803
0.3729138586403999
0.37264501023813024
0.37237604142219516
0.37210695470942134
0.3718377526194654
0.371568437674662
0.3712990123998734
0.37102947932233754
0.37075984097151593
0.3704900998789427
0.37022025857807295
0.3699503196041297
0.36968028549395354
0.369410158785849
0.36913994201943456
0.3688696377354892
0.3685992484758016
0.36832877678301734
0.3680582252004884
0.3677875962721209
0.3675168925422232
0.3672461165553559
0.3669752708561797
0.36670435798930473
0.36643338049913976
0.366162340929742
0.3658912418246664
0.3656200857268164
0.365348875178293
0.36507761272024714
0.3648063008927293
0.36453494223454086
0.3642635392830866
0.36399209457422665
0.36372061064212785
0.3634490900191184
0.3631775352355395
0.3629059488196005
0.3626343332972326
0.362362691191944
0.3620910250246745
0.3618193373136524
0.36154763057425027
0.36127590731884207
0.3610041700566609
0.3607324212936573
0.36046066353235734
0.3601888992717238
0.35991713100701417
0.3596453612296431
0.3593735924270431
0.3591018270825276
0.3588300676751526
0.3585583166795818
0.35828657656595025
0.3580148497997296
0.3577431388415945
0.35747144614728893
0.3571997741674952
0.35692812534770013
0.3566565021280666
0.3563849069433026
0.35611334222253266
0.3558418103891694
0.35557031386078775
0.35529885504899666
0.35502743635931555
0.3547560601910495
0.35448472893716565
0.35421344498417096
0.3539422107119904
0.3536710284938477
0.3533999006961445
0.3531288296783428
0.35285781779284775
0.35258686738489015
0.3523159807924124
0.35204516034595384
0.3517744083685377
0.3515037271755582
0.3512331190746707
0.35096258636568173
0.35069213134043886
0.3504217562827243
0.35015146346814807
0.34988125516404256
0.3496111336293575
0.3493411011145583
0.3490711598615224
0.3488013121034399
0.34853156006471275
0.34826190596085643
0.34799235199840445
0.3477229003748087
0.347453553278348
0.34718431288803225
0.3469151813735105
0.34664616089498046
0.3463772536030966
0.34610846163888304
0.3458397871336446
0.3455712322088812
0.3453027989762024
0.34503448953724314
0.34476630598358166
0.34449825039665694
0.34423032484768923
0.3439625313976018
0.3436948720969413
0.34342734898580235
0.3431599640937525
0.34289271943975774
0.34262561703211003
0.34235865886835587
0.34209184693522543
0.3418251832085639
0.3415586696532646
0.3412923082232018
0.3410261008611648
0.34076004949879524
0.3404941560565241
0.3402284224435097
0.33996285055757813
0.3396974422851641
0.33943219950125325
0.33916712406932575
0.3389022178413009
0.33863748265748467
0.3383729203465139
0.33810853272530855
0.337844321599019
0.3375802887609779
0.33731643599265265
0.33705276506359866
0.33678927773141376
0.3365259757416956
0.33626286082799656
0.3359999347117843
0.33573719910240013
0.33547465569702023
0.33521230618061776
0.334950152225926
0.3346881954934027
0.3344264376311956
0.3341648802751105
0.3339035250485763
0.3336423735626175
0.3333814274158228
0.3331206881943161
0.3328601574717306
0.33259983680918215
0.33233972775524256
0.3320798318459185
0.33182015060462644
0.331560685542172
0.33130143815672897
0.33104240993382034
0.33078360234629955
0.33052501685433366
0.3302666549053861
0.3300085179342033
0.3297506073627996
0.32949292460044427
0.32923547104365025
0.32897824807616266
0.32872125706894934
0.3284644993801926
0.32820797635528065
0.3279516893268014
0.3276956396145361
0.3274398285254562
0.327184257353718
0.3269289273806608
0.3266738398748045
0.32641899609185043
0.32616439727467916
0.3259100446533535
0.32565593944512033
0.3254020828544128
0.3251484760728544
0.3248951202792651
0.32464201663966535
0.32438916630728437
0.3241365704225656
0.3238842301131777
0.3236321464940214
0.3233803206672418
0.32312875372223726
0.3228774467356729
0.3226264007714922
0.3223756168809309
0.3221250961025317
0.32187483946215817
0.3216248479730119
0.32137512263564805
0.3211256644379934
0.32087647435536476
0.3206275533504866
0.32037890237351274
0.3201305223620449
0.3198824142411545
0.31963457892340535
0.3193870173088741
0.31913973028517584
0.3188927187274859
0.3186459834985665
0.3183995254487894
0.3181533454161645
0.31790744422636474
0.3176618226927531
0.3174164816164116
0.3171714217861684
0.3169266439786278
0.3166821489581991
0.3164379374771274
0.3161940102755231
0.3159503680813949
0.31570701161068077
0.3154639415672796
0.315221158643086
0.31497866351802195
0.31473645686007157
0.31449453932531546
0.31425291155796586
0.31401157419040154
0.3137705278432046
0.31352977312519614
0.3132893106334726
0.313049140953445
0.3128092646588745
0.31256968231191185
0.3123303944631351
0.3120914016515898
0.3118527044048268
0.31161430323894346
0.311376198658623
0.3111383911571752
0.31090088121657694
0.3106636693075144
0.3104267558894237
0.3101901414105329
0.30995382630790547
0.3097178110074805
0.30948209592411813
0.3092466814616406
0.3090115680128778
0.3087767559597091
0.3085422456731083
0.30830803751318836
0.3080741318292444
0.3078405289598004
0.30760722923265305
0.3073742329649172
0.30714154046307207
0.3069091520230054
0.30667706793006144
0.3064452884590855
0.3062138138744704
0.30598264443020423
0.305751780369916
0.305521221926922
0.30529096932427424
0.30506102277480684
0.30483138248118274
0.30460204863594253
0.3043730214215511
0.3041443010104456
0.30391588756508275
0.30368778123798806
0.30345998217180264
0.30323249049933204
0.30300530634359374
0.3027784298178665
0.3025518610257382
0.30232560006115405
0.302099647008465
0.30187400194247715
0.30164866492850034
0.30142363602239514
0.30119891527062365
0.30097450271029697
0.3007503983692246
0.3005266022659625
0.3003031144098624
0.3000799348011206
0.2998570634308265
0.2996345002810116
0.29941224532469746
0.29919029852594614
0.2989686598399066
0.2987473292128655
0.29852630658229484
0.2983055918769006
0.29808518501667086
0.2978650859129253
0.2976452944683636
0.29742581057711215
0.2972066341247744
0.2969877649884778
0.2967692030369229
0.29655094813043037
0.29633300012098945
0.29611535885230683
0.29589802415985217
0.2956809958709076
0.2954642738046155
0.2952478577720241
0.29503174757613676
0.29481594301195785
0.29460044386654116
0.294385249919035
0.2941703609407309
0.29395577669510936
0.29374149693788665
0.29352752141706057
0.2933138498729578
0.2931004820382792
0.2928874176381459
0.29267465639014517
0.29246219800437595
0.29225004218349454
0.29203818862275943
0.2918266370100763
0.29161538702604356
0.2914044383439968
0.2911937906300527
0.2909834435431543
0.29077339673511443
0.2905636498506603
0.2903542025274767
0.290145054396249
0.28993620508070844
0.2897276541976731
0.28951940135709164
0.28931144616208687
0.28910378820899624
0.2888964270874159
0.2886893623802422
0.28848259366371276
0.28827612050744894
0.2880699424744967
0.287864059121368
0.28765846999808115
0.2874531746482021
0.2872481726088844
0.2870434634109091
0.2868390465787254
0.28663492163048915
0.2864310880781038
0.28622754542725753
0.2860242931774645
0.28582133082210104
0.2856186578484455
0.28541627373771644
0.2852141779651098
0.28501236999983576
0.2848108493051587
0.2846096153384306
0.2844086675511313
0.2842080053889019
0.2840076282915837
0.28380753569325207
0.2836077270222533
0.28340820170123937
0.28320895914720323
0.2830099987715134
0.2828113199799496
0.2826129221727355
0.2824148047445729
0.2822169670846768
0.28201940857680713
0.28182212859930283
0.28162512652511423
0.28142840172183564
0.28123195355173797
0.2810357813717996
0.28083988453373937
0.28064426238404705
0.2804489142640143
0.2802538395097665
0.2800590374522915
0.2798645074174709
0.27967024872611007
0.27947626069396647
0.2792825426317805
0.27908909384530295
0.27889591363532457
0.2787030012977044
0.27851035612339686
0.2783179773984805
0.2781258644041853
0.27793401641691834
0.2777424327082933
0.2775511125451541
0.2773600551896031
0.2771692598990257
0.27697872592611666
0.2767884525189052
0.27659843892077984
0.27640868437051264
0.27621918810228474
0.2760299493457085
0.27584096732585284
0.275652241263266
0.27546377037399866
0.275275553869626
0.27508759095727175
0.2748998808396289
0.27471242271498214
0.2745252157772288
0.2743382592159013
0.27415155221618615
0.2739650939589467
0.2737788836207415
0.2735929203738452
0.27340720338626817
0.27322173182177545
0.27303650483990605
0.2728515215959918
0.272666781241175
0.2724822829224271
0.2722980257825667
0.27211400896027615
0.2719302315901196
0.2717466928025588
0.27156339172397087
0.2713803274766632
0.2711974991788899
0.2710149059448682
0.2708325468847923
0.2706504211048488
0.2704685277072319
0.2702868657901577
0.2701054344478766
0.26992423277068944
0.26974325984495917
0.2695625147531247
0.26938199657371364
0.2692017043813545
0.269021637246789
0.26884179423688376
0.26866217441464246
0.26848277683921673
0.2683036005659168
0.26812464464622243
0.2679459081277936
0.26776739005447986
0.2675890894663307
0.2674110053996045
0.26723313688677813
0.2670554829565553
0.2668780426338756
0.2667008149399225
0.2665237988921306
0.2663469935041953
0.2661703977860774
0.2659940107440125
0.2658178313805165
0.26564185869439233
0.2654660916807357
0.26529052933094266
0.26511517063271267
0.2649400145700558
0.26476506012329676
0.2645903062690805
0.26441575198037554
0.26424139622647885
0.26406723797301923
0.2638932761819613
0.2637195098116088
0.2635459378166068
0.2633725591479454
0.2631993727529615
0.26302637757534153
0.2628535725551226
0.26268095662869434
0.2625085287288001
0.262336287784539
0.262164232721365
0.261992362461089
0.26182067592187686
0.2616491720182526
0.2614778496610949
0.26130670775763826
0.2611357452114714
0.2609649609225367
0.26079435378712834
0.26062392269789025
0.2604536665438157
0.26028358421024334
0.26011367457885515
0.25994393652767495
0.259774368931064
0.25960497065971816
0.25943574058066476
0.2592666775572587
0.2590977804491779
0.25892904811242035
0.2587604793992982
0.2585920731584335
0.258423828234754
0.258255743469487
0.25808781770015377
0.2579200497605647
0.25775243848081286
0.2575849826872677
0.2574176812025686
0.2572505328456193
0.257083536431579
0.2569166907718569
0.2567499946741044
0.25658344694220764
0.25641704637627905
0.25625079177265053
0.25608468192386397
0.2559187156186642
0.25575289164198844
0.2555872087749596
0.2554216657948758
0.2552562614752007
0.25509099458555634
0.25492586389171074
0.254760868155569
0.25459600613516425
0.25443127658464576
0.25426667825426963
0.2541022098903872
0.25393787023543524
0.2537736580279242
0.25360957200242673
0.253445610889567
0.2532817734160091
0.25311805830444445
0.25295446427358115
0.2527909900381303
0.2526276343087954
0.2524643957922588
0.2523012731911698
0.25213826520413113
0.2519753705256867
0.2518125878463093
0.25164991585238505
0.2514873532262032
0.25132489864593965
0.25116255078564576
0.2510003083152334
0.25083816990046126
0.2506761342029207
0.2505141998800232
0.25035236558498347
0.25019062996680685
0.25002899167027565
0.2498674493359323
0.2497060016000669
0.24954464709470084
0.24938338444757374
0.24922221228212652
0.24906112921748824
0.24890013386845963
0.2487392248454996
0.24857840075470786
0.24841766019781122
0.24825700177214824
0.2480964240706536
0.24793592568184164
0.24777550518979272
0.24761516117413673
0.24745489221003697
0.24729469686817632
0.24713457371473962
0.2469745213113997
0.24681453821530086
0.24665462297904345
0.24649477415066876
0.24633499027364233
0.24617526988683977
0.24601561152452983
0.24585601371635957
0.24569647498733913
0.24553699385782513
0.2453775688435071
0.24521819845538984
0.24505888119977992
0.24489961557826978
0.24474040008772244
0.24458123322025607
0.24442211346323042
0.24426303929923035
0.24410400920605138
0.24394502165668608
0.24378607511930755
0.24362716805725712
0.24346829892902877
0.2433094661882548
0.24315066828369242
0.24299190365921017
0.2428331707537733
0.2426744680014311
0.24251579383130292
0.2423571466675658
0.24219852492944077
0.24203992703118063
0.24188135138205782
0.2417227963863514
0.2415642604433353
0.2414057419472668
0.24124723928737526
0.24108875084785045
0.24093027500783123
0.24077181014139687
0.24061335461755423
0.24045490680022918
0.24029646504825708
0.2401380277153726
0.23997959315020206
0.23982115969625267
0.23966272569190647
0.2395042894704122
0.23934584935987582
0.23918740368325614
0.23902895075835648
0.23887048889781898
0.2387120164091196
0.23855353159456147
0.23839503275127072
0.23823651817119296
0.2380779861410884
0.23791943494252915
0.2377608628518958
0.23760226814037616
0.23744364907396312
0.23728500391345358
0.237126330914448
0.23696762832734986
0.23680889439736846
0.23665012736451735
0.2364913254636187
0.23633248692430492
0.23617360997102213
0.23601469282303422
0.23585573369442808
0.23569673079411774
0.23553768232585282
0.23537858648822305
0.23521944147466783
0.2350602454734842
0.2349009966678357
0.23474169323576394
0.23458233335019732
0.234422915178966
0.23426343688481163
0.2341038966254037
0.23394429255335225
0.2337846228162245
0.23362488555656022
0.23346507891189108
0.23330520101475702
0.23314524999272715
0.23298522396842009
0.23282512105952485
0.23266493937882457
0.23250467703421882
0.2323443321287499
0.23218390276062806
0.23202338702325853
0.2318627830052709
0.23170208879054666
0.23154130245825189
0.23138042208286805
0.23121944573422618
0.23105837147753983
0.2308971973734429
0.23073592147802519
0.2305745418428706
0.23041305651509936
0.23025146353740705
0.2300897609481069
0.22992794678117565
0.22976601906629837
0.22960397582891492
0.22944181509026879
0.2292795348674576
0.2291171331734839
0.22895460801730852
0.22879195740390607
0.22862917933432028
0.22846627180572204
0.2283032328114695
0.22814006034117007
0.22797675238074164
0.22781330691247895
0.22764972191511923
0.22748599536391073
0.22732212523068326
0.22715810948391907
0.22699394608882778
0.22682963300742182
0.22666516819859245
0.22650054961819102
0.2263357752191103
0.226170842951366
0.22600575076218427
0.2258404965960874
0.22567507839498457
0.22550949409826193
0.22534374164287607
0.22517781896345218
0.22501172399237812
0.224845454659906
0.22467900889425466
0.22451238462171336
0.22434557976674752
0.22417859225210826
0.22401141999894322
0.22384406092690878
0.2236765129542864
0.2235087739980997
0.22334084197423576
0.22317271479756545
0.22300439038207012
0.2228358666409678
0.22266714148684236
0.2224982128317772
0.22232907858748782
0.22215973666545907
0.2219901849770855
0.22182042143381178
0.2216504439472786
0.2214802504294678
0.2213098387928537
0.2211392069505521
0.22096835281647856
0.22079727430550264
0.22062596933360845
0.22045443581805685
0.22028267167755033
0.22011067483240065
0.21993844320469894
0.21976597471848786
0.2195932672999374
0.21942031887752336
0.2192471273822073
0.2190736907476203
0.2189000069102491
0.2187260738096242
0.21855188938851203
0.2183774515931081
0.21820275837323536
0.21802780768254115
0.21785259747870184
0.21767712572362574
0.21750139038366195
0.21732538942980856
0.21714912083792834
0.2169725825889613
0.2167957726691445
0.21661868907023216
0.2164413297897191
0.216263692831067
0.21608577620393302
0.2159075779244004
0.21572909601521298
0.21555032850601125
0.21537127343357107
0.21519192884204544
0.21501229278320821
0.21483236331670105
0.2146521385102813
0.21447161644007467
0.21429079519082758
0.21410967285616417
0.21392824753884496
0.21374651735102737
0.21356448041452866
0.2133821348610914
0.21319947883265153
0.21301651048160797
0.21283322797109377
0.2126496294752517
0.21246571317950877
0.21228147728085647
0.2120969199881281
0.21191203952228366
0.2117268341166917
0.21154130201741606
0.21135544148350405
0.2111692507872744
0.21098272821460884
0.21079587206524494
0.2106086806530697
0.2104211523064159
0.2102332853683581
0.21004507819701204
0.20985652916583342
0.20966763666392005
0.20947839909631238
0.20928881488429768
0.20909888246571368
0.2089086002952546
0.20871796684477542
0.20852698060360012
0.2083356400788277
0.20814394379564138
0.2079518902976164
0.20775947814702922
0.20756670592516602
0.2073735722326341
0.20718007568966837
0.20698621493644453
0.20679198863338633
0.20659739546147596
0.20640243412256334
0.206207103339675
0.20601140185732275
0.20581532844181155
0.20561888188154637
0.205422060987339
0.20522486459271477
0.2050272915542155
0.2048293407517042
0.20463101108866724
0.2044323014925153
0.20423321091488306
0.20403373833192756
0.2038338827446241
0.20363364317906088
0.20343301868673214
0.20323200834482846
0.20303061125652505
0.2028288265512686
0.20262665338505995
0.2024240909407372
0.20222113842825187
0.2020177950849462
0.20181406017582665
0.2016099329938315
0.20140541286009989
0.2012004991242333
0.20099519116455686
0.200789488388375
0.20058339023222407
0.20037689616212154
0.20017000567381057
0.19996271829300133
0.1997550335756072
0.1995469511079776
0.1993384705071251
0.19912959142094885
0.19892031352845416
0.19871063653996468
0.19850056019733273
0.19829008427414152
0.1980792085759049
0.19786793294025937
0.19765625723715316
0.19744418136902703
0.19723170527099176
0.19701882891099837
0.19680555229000296
0.1965918754421252
0.19637779843480194
0.19616332136893275
0.19594844437901993
0.19573316763330273
0.19551749133388366
0.19530141571685045
0.19508494105238752
0.1948680676448845
0.19465079583303618
0.19443312598993434
0.19421505852315465
0.19399659387483484
0.19377773252174646
0.1935584749753588
0.19333882178189543
0.19311877352238385
0.1928983308126968
0.1926774943035871
0.1924562646807131
0.1922346426646582
0.1920126290109419
0.1917902245100225
0.19156742998729287
0.19134424630306862
0.1911206743525664
0.19089671506587635
0.19067236940792584
0.1904476383784353
0.19022252301186585
0.18999702437735813
0.18977114357866615
0.1895448817540789
0.18931824007633724
0.18909121975254073
0.18886382202404847
0.1886360481663693
0.1884078994890467
0.18817937733553433
0.1879504830830632
0.18772121814250273
0.18749158395821158
0.1872615820078833
0.18703121380238238
0.18680048088557283
0.18656938483413976
0.18633792725740247
0.1861061097971221
0.18587393412729813
0.18564140195396142
0.1854085150149578
0.1851752750797242
0.18494168394905913
0.18470774345488492
0.1844734554600033
0.18423882185784515
0.18400384457221103
0.1837685255570078
0.18353286679597824
0.183296870302421
0.18306053811890977
0.18282387231700178
0.1825868749969423
0.1823495482873622
0.18211189434497163
0.18187391535424544
0.18163561352710442
0.18139699110259142
0.18115805034654311
0.18091879355125312
0.18067922303513462
0.1804393411423745
0.1801991502425857
0.17995865273045414
0.17971785102537885
0.1794767475711129
0.17923534483539638
0.17899364530958572
0.17875165150828162
0.1785093659689522
0.17826679125155198
0.1780239299381386
0.17778078463248767
0.17753735795970102
0.1772936525658168
0.1770496711174146
0.1768054163012178
0.17656089082369533
0.17631609741066037
0.17607103880686714
0.17582571777560752
0.17558013709830309
0.1753342995741002
0.17508820801945918
0.17484186526774606
0.17459527416882165
0.17434843758863117
0.1741013584087922
0.17385403952618222
0.1736064838525278
0.17335869431399117
0.17311067385075976
0.1728624254166327
0.17261395197861074
0.17236525651648546
0.17211634202242893
0.1718672115005847
0.1716178679666603
0.17136831444751946
0.17111855398077738
0.1708685896143969
0.17061842440628422
0.17036806142389005
0.17011750374381
0.16986675445138708
0.16961581664031739
0.16936469341225757
0.16911338787643349
0.16886190314925414
0.16861024235392433
0.16835840862006352
0.16810640508332497
0.16785423488501905
0.1676019011717401
0.16734940709499396
0.16709675581083094
0.16684395047948208
0.16659099426499616
0.16633789033488347
0.16608464185976113
0.1658312520130018
0.16557772397038714
0.16532406090976537
0.16507026601070962
0.16481634245418428
0.16456229342221185
0.16430812209754592
0.16405383166334697
0.16379942530286284
0.16354490619911297
0.16329027753457653
0.16303554249088575
0.162780704248523
0.1625257659865208
0.162270730882168
0.1620156021107204
0.16176038284511357
0.16150507625568147
0.1612496855098806
0.16099421377201503
0.16073866420297078
0.16048303995994956
0.16022734419621043
0.1599715800608143
0.15971575069837415
0.1594598592488074
0.15920390884709504
0.15894790262304478
0.15869184370105627
0.15843573519989476
0.1581795802324649
0.1579233819055927
0.15766714331980852
0.15741086756913752
0.15715455774089138
0.15689821691546707
0.15664184816614696
0.15638545455890704
0.15612903915222556
0.1558726049968975
0.15561615513585408
0.1553596926039842
0.15510322042796215
0.15484674162607798
0.15459025920807226
0.15433377617497498
0.15407729551894825
0.15382082022313293
0.1535643532614983
0.153307897598698
0.1530514561899265
0.15279503198078073
0.15253862790712738
0.15228224689496928
0.15202589186031945
0.15176956570907735
0.15151327133690823
0.1512570116291249
0.15100078946057632
0.15074460769553555
0.15048846918759312
0.15023237677955392
0.14997633330333598
0.14972034157987213
0.14946440441901798
0.14920852461945802
0.14895270496861787
0.14869694824258
0.1484412572059995
0.14818563461202447
0.14793008320221912
0.14767460570649046
0.1474192048430146
0.14716388331816843
0.14690864382646351
0.14665348905048117
0.14639842166081155
0.1461434443159931
0.14588855966245712
0.14563377033447325
0.14537907895409424
0.1451244881311094
0.14487000046299453
0.1446156185348661
0.1443613449194378
0.1441071821769781
0.14385313285527096
0.1435991994895771
0.143345384602598
0.1430916907044416
0.14283812029258974
0.14258467585186693
0.14233135985441173
0.14207817475964818
0.14182512301426128
0.14157220705217033
0.1413194292945088
0.1410667921496003
0.1408142980129401
0.14056194926717605
0.1403097482820913
0.14005769741458804
0.1398057990086733
0.13955405539544502
0.13930246889308018
0.139051041806824
0.1387997764289786
0.13854867503889562
0.1382977399029679
0.13804697327462273
0.13779637739431588
0.13754595448952756
0.13729570677475758
0.13704563645152287
0.13679574570835648
0.13654603672080387
0.13629651165142573
0.13604717264979582
0.13579802185250345
0.13554906138315595
0.13530029335237914
0.13505171985782385
0.13480334298416774
0.1345551648031206
0.13430718737342992
0.13405941274088734
0.1338118429383345
0.13356447998567034
0.13331732588985853
0.13307038264493704
0.13282365223202508
0.13257713661933399
0.1323308377621759
0.1320847576029742
0.1318388980712744
0.1315932610837553
0.13134784854424006
0.13110266234370851
0.13085770436030947
0.1306129764593727
0.1303684804934233
0.13012421830219406
0.12988019171263915
0.1296364025389489
0.12939285258256397
0.1291495436321896
0.1289064774638109
0.12866365584070827
0.12842108051347312
0.12817875322002317
0.12793667568561873
0.12769484962287933
0.1274532767318007
0.1272119586997699
0.1269708972015851
0.12673009389947026
0.12648955044309435
0.12624926846958862
0.12600924960356463
0.12576949545713195
0.1255300076299176
0.1252907877090832
0.12505183726934538
0.12481315787299362
0.12457475106990978
0.12433661839758678
0.12409876138114972
0.12386118153337443
0.12362388035470662
0.12338685933328405
0.12315011994495481
0.12291366365329917
0.1226774919096486
0.122441606153108
0.12220600781057607
0.12197069829676604
0.12173567901422712
0.1215009513533665
0.12126651669246973
0.12103237639772378
0.12079853182323781
0.12056498431106591
0.12033173519122935
0.12009878578173826
0.11986613738861523
0.11963379130591703
0.11940174881575849
0.1191700111883343
0.11893857968194346
0.11870745554301221
0.11847664000611682
0.11824613429400907
0.11801593961763826
0.11778605717617632
0.11755648815704199
0.11732723373592478
0.11709829507681024
0.11686967333200397
0.11664136964215689
0.1164133851362907
0.11618572093182232
0.11595837813459037
0.11573135783887992
0.11550466112744923
0.11527828907155503
0.11505224273097871
0.1148265231540535
0.11460113137769029
0.11437606842740478
0.11415133531734405
0.11392693305031465
0.11370286261780868
0.11347912500003249
0.11325572116593331
0.11303265207322874
0.11280991866843315
0.11258752188688737
0.11236546265278638
0.11214374187920857
0.11192236046814487
0.11170131931052724
0.11148061928625817
0.111260261264241
0.11104024610240897
0.11082057464775548
0.11060124773636416
0.11038226619343969
0.11016363083333755
0.10994534245959593
0.10972740186496611
0.10950980983144389
0.1092925671303013
0.10907567452211762
0.10885913275681239
0.1086429425736764
0.10842710470140451
0.10821161985812891
0.10799648875145033
0.10778171207847242
0.10756729052583462
0.10735322476974483
0.10713951547601439
0.10692616330009037
0.1067131688870911
0.10650053287183961
0.10628825587889838
0.1060763385226037
0.10586478140710165
0.10565358512638172
0.10544275026431327
0.10523227739468118
0.10502216708122043
0.10481241987765384
0.10460303632772701
0.10439401696524439
0.10418536231410788
0.10397707288835117
0.10376914919217886
0.1035615917200022
0.10335440095647784
0.10314757737654409
0.10294112144546015
0.10273503361884298
0.10252931434270625
0.10232396405349896
0.10211898317814334
0.10191437213407395
0.10171013132927761
0.10150626116233108
0.10130276202244155
0.10109963428948593
0.10089687833405099
0.10069449451747244
0.10049248319187591
0.1002908447002172
0.10008957937632228
0.09988868754492802
0.09968816952172414
0.0994880256133928
0.09928825611765048
0.0990888613232893
0.09888984151021862
0.09869119694950611
0.09849292790342097
0.09829503462547426
0.09809751736046238
0.0979003763445085
0.0977036118051054
0.09750722396115818
0.0973112130230269
0.09711557919256918
0.09692032266318404
0.09672544361985376
0.0965309422391885
0.09633681868946892
0.09614307313068993
0.09594970571460466
0.09575671658476764
0.09556410587657913
0.0953718737173296
0.09518002022624276
0.09498854551452067
0.09479744968538789
0.0946067328341362
0.09441639504816848
0.09422643640704377
0.09403685698252245
0.09384765683861046
0.0936588360316044
0.09347039461013676
0.0932823326152208
0.09309465008029613
0.09290734703127344
0.09272042348657988
0.0925338794572051
0.09234771494674601
0.09216192995145275
0.09197652446027405
0.09179149845490298
0.09160685190982248
0.0914225847923517
0.09123869706269101
0.09105518867396825
0.09087205957228507
0.09068930969676162
0.09050693897958362
0.09032494734604835
0.09014333471460999
0.08996210099692595
0.08978124609790343
0.08960076991574446
0.08942067234199295
0.08924095326158069
0.08906161255287325
0.08888265008771554
0.08870406573147921
0.08852585934310779
0.08834803077516334
0.08817057987387224
0.0879935064791715
0.08781681042475478
0.08764049153811872
0.08746454964060846
0.0872889845474641
0.08711379606786737
0.08693898400498576
0.08676454815602058
0.08659048831225158
0.08641680425908314
0.08624349577609063
0.08607056263706521
0.08589800461006077
0.08572582145743901
0.08555401293591472
0.08538257879660248
0.08521151878506128
0.08504083264134038
0.08487052010002497
0.08470058089028104
0.08453101473590093
0.08436182135534875
0.08419300046180578
0.08402455176321431
0.08385647496232425
0.0836887697567369
0.08352143583895068
0.08335447289640494
0.08318788061152574
0.08302165866176935
0.08285580671966752
0.0826903244528714
0.08252521152419647
0.08236046759166579
0.08219609230855482
0.08203208532343534
0.08186844628021922
0.08170517481820205
0.08154227057210683
0.08137973317212818
0.08121756224397456
0.08105575740891276
0.08089431828381033
0.08073324448117906
0.08057253560921772
0.08041219127185519
0.08025221106879227
0.08009259459554587
0.07993334144348967
0.07977445119989773
0.07961592344798561
0.07945775776695359
0.07929995373202749
0.07914251091450057
0.07898542888177638
0.07882870719740778
0.07867234542114115
0.07851634310895486
0.07836069981310222
0.07820541508215141
0.0780504884610265
0.07789591949104754
0.07774170770997182
0.0775878526520334
0.07743435384798314
0.07728121082512912
0.0771284231073763
0.07697599021526548
0.07682391166601343
0.07667218697355208
0.07652081564856716
0.07636979719853731
0.07621913112777359
0.07606881693745657
0.07591885412567621
0.07576924218746914
0.07561998061485692
0.07547106889688442
0.07532250651965702
0.07517429296637804
0.0750264277173867
0.07487891025019477
0.07473174003952375
0.07458491655734151
0.07443843927289925
0.07429230765276786
0.07414652116087367
0.07400107925853545
0.07385598140449949
0.07371122705497572
0.07356681566367322
0.07342274668183515
0.07327901955827451
0.07313563373940865
0.07299258866929434
0.07284988378966181
0.07270751853994993
0.07256549235733975
0.07242380467678873
0.0722824549310644
0.07214144255077853
0.07200076696441983
0.0718604275983874
0.07172042387702414
0.07158075522264913
0.07144142105559034
0.07130242079421767
0.07116375385497388
0.0710254196524084
0.07088741759920754
0.07074974710622754
0.07061240758252488
0.07047539843538819
0.07033871907036955
0.07020236889131438
0.07006634730039354
0.06993065369813245
0.06979528748344219
0.06966024805364941
0.06952553480452615
0.06939114713031952
0.06925708442378126
0.06912334607619716
0.06898993147741592
0.06885684001587816
0.06872407107864542
0.06859162405142782
0.06845949831861349
0.0683276932632958
0.06819620826730198
0.06806504271122023
0.06793419597442749
0.06780366743511684
0.06767345647032495
0.06754356245595805
0.06741398476681959
0.06728472277663666
0.06715577585808591
0.06702714338281987
0.06689882472149326
0.0667708192437887
0.06664312631844145
0.06651574531326591
0.06638867559518041
0.06626191653023199
0.066135467483621
0.06600932781972683
0.06588349690213095
0.0657579740936419
0.06563275875631921
0.06550785025149745
0.06538324793980949
0.06525895118120978
0.06513495933499874
0.06501127175984428
0.0648878878138063
0.06476480685435831
0.06464202823841009
0.06451955132233059
0.0643973754619693
0.06427550001267927
0.06415392432933788
0.06403264776636863
0.06391166967776331
0.06379098941710254
0.06367060633757685
0.06355051979200778
0.06343072913286857
0.06331123371230452
0.06319203288215344
0.06307312599396579
0.06295451239902469
0.06283619144836562
0.06271816249279605
0.062600424882915
0.062482977969132214
0.06236582110168734
0.06224895363066878
0.06213237490603238
0.06201608427762016
0.061900081095178715
0.06178436470837708
0.06166893446682559
0.06155378972009269
0.061438929817723927
0.06132435410925803
0.061210061944245664
0.06109605267226592
0.06098232564294335
0.06086888020596528
0.06075571571109825
0.060642831508204376
0.06053022694725836
0.06041790137836289
0.06030585415176576
0.06019408461787457
0.06008259212727374
0.059971376030738856
0.05986043567925328
0.05974977042402277
0.05963937961649036
0.05952926260835218
0.05941941875157144
0.05930984739839371
0.059200547901360936
0.0590915196133262
0.05898276188746746
0.05887427407730236
0.05876605553670114
0.05865810561990137
0.05855042368152081
0.05844300907657127
0.05833586116047186
0.05822897928906202
0.05812236281861472
0.05801601110584934
0.05790992350794419
0.05780409938254914
0.057698538087798505
0.05759323898232295
0.057488201425261544
0.05738342477627422
0.057278908395553454
0.0571746516438358
0.05707065388241405
0.05696691447314834
0.05686343277847738
0.05676020816143025
0.05665723998563673
0.056554527615339086
0.056452070415402025
0.05634986775132403
0.056247918989248
0.05614622349597096
0.05604478063895498
0.05594358978633742
0.05584265030694058
0.05574196157028197
0.055641522946583685
0.05554133380678291
0.055441393522540516
0.05534170146625119
0.05524225701105251
0.05514305953083409
0.05504410840024679
0.05494540299471171
0.054846942690428696
0.05474872686438555
0.05465075489436659
0.054553026158960606
0.05445554003757001
0.054358295910418304
0.05426129315855912
0.054164531163883645
0.05406800930912875
0.053971726977884674
0.05387568355460298
0.05377987842460432
0.053684310974085304
0.053588980590126484
0.05349388666069945
0.0533990285746739
0.05330440572182502
0.053210017492840087
0.053115863279325846
0.053021942473814525
0.05292825446977134
0.052834798661600776
0.05274157444465251
0.05264858121522876
0.05255581837058979
0.05246328530896054
0.052370981429536494
0.05227890613248958
0.05218705881897429
0.05209543889113362
0.05200404575210418
0.05191287880602252
0.051821937458030126
0.05173122111427901
0.05164072918193736
0.051550461069194316
0.051460416185265236
0.05137059394039737
0.0512809937458738
0.051191615014019226
0.051102457158204356
0.051013519592850845
0.05092480173343586
0.05083630299649654
0.05074802279963463
0.050659960561520806
0.05057211570189908
0.05048448764159088
0.05039707580249946
0.05030987960761357
0.05022289848101198
0.05013613184786714
0.05004957913444882
0.04996323976812813
