0.5343156064324242
0.5234641005550473
0.5178103622264874
0.5219882595501815
0.5214398359585768
0.519327591132672
0.520454907281508
0.5214317081528276
0.5197659731428891
0.517692086042993
0.5170684783216682
0.517197365779189
0.5172983608455954
0.517455958497314
0.5175947773279785
0.5174040837483412
0.5169376101429977
0.516518987798897
0.5163002226724065
0.5162196245080566
0.5161885663323336
0.5161437314160296
0.5160319346736051
0.5158435114725036
0.5156246991806606
0.5154295456271226
0.5152777530861348
0.5151573295650808
0.5150450584565456
0.5149207819955681
0.5147759500689894
0.514616160757316
0.5144545361033352
0.5143013859979014
0.5141589208521994
0.5140227975376772
0.5138866521802856
0.5137461065807345
0.5136006052220841
0.513452678562928
0.5133055966826159
0.5131612524607418
0.5130195072989276
0.5128789042873989
0.5127378867575032
0.5125956997820231
0.5124525816742447
0.5123093385603861
0.5121667180649674
0.5120250035157646
0.5118839964978459
0.5117432776651887
0.5116025130209109
0.51146162029382
0.5113207434731216
0.5111801063785083
0.5110398644452951
0.5109000399337383
0.51076055240154
0.5106212983364699
0.5104822199730298
0.5103433275142576
0.5102046760367652
0.5100663237215219
0.5099283007881384
0.5097906036403264
0.5096532099967602
0.5095161000907967
0.5093792700434288
0.5092427321287656
0.5091065056966597
0.5089706067243276
0.5088350423732833
0.5086998121641703
0.5085649131200272
0.5084303447551209
0.5082961111082672
0.5081622195461558
0.5080286779916765
0.507895492639934
0.5077626673304092
0.5076302044473884
0.5074981063846001
0.5073663765754889
0.5072350196382734
0.5071040408275242
0.5069734453249883
0.5068432378361489
0.50671342264482
0.5065840039700817
0.5064549863429948
0.5063263747936411
0.5061981748105622
0.5060703921767544
0.5059430328261193
0.5058161028092798
0.5056896083677691
0.5055635560528712
0.5054379528178709
0.5053128060480327
0.5051881235379702
0.5050639134521561
0.5049401843018392
0.5048169449504876
0.5046942046378313
0.5045719730025935
0.5044502600882763
0.5043290763281812
0.5042084325161518
0.5040883397728043
0.5039688095134773
0.5038498534178417
0.5037314833965467
0.5036137115495801
0.5034965501134517
0.5033800113975668
0.5032641077121147
0.5031488512897349
0.5030342542017913
0.50292032826856
0.502807084961938
0.5026945352996155
0.5025826897305469
0.5024715580123428
0.5023611490815061
0.5022514709172377
0.5021425303991387
0.502034333158855
0.5019268834257078
0.5018201838665682
0.5017142354205131
0.5016090371289679
0.5015045859620674
0.5014008766418818
0.5012979014630662
0.5011956501114456
0.5010941094810873
0.5009932634904624
0.5008930928983547
0.5007935751201728
0.5006946840452797
0.5005963898559026
0.5004986588481158
0.5004014532553662
0.5003047310749653
0.5002084458979508
0.5001125467426776
0.5000169778924386
0.4999216787373588
0.49982658362073074
0.4997316216899097
0.4996367167518227
0.49954178713309894
0.49944674554477747
0.4993514989514992
0.49925594844503957
0.49915998912199233
0.4990635099653775
0.498966393729909
0.4988685168306368
0.4987697492346539
0.49866995435554806
0.49856898895026835
0.4984667030180804
0.4983629397012832
0.4982575351873818
0.4981503186124285
0.49804111196527623
0.4979297299925232
0.49781598010397193
0.4976996622784742
0.49758056897008923
0.4974584850145468
0.49733318753606337
0.49720444585464174
0.4970720213940491
0.49693566759074337
0.4967951298040981
0.4966501452283436
0.4965004428067153
0.4963457431483676
0.4961857584486635
0.49602019241350376
0.49584874018839054
0.4956710882929354
0.4954869145615224
0.4952958880908064
0.495097669194671
0.4948919093671819
0.49467825125394427
0.494456328632107
0.4942257663990382
0.4939861805694381
0.49373717828033525
0.4934783578030417
0.4932093085607173
0.49292961114970174
0.4926388373622477
0.4923365502076887
0.4920223039284557
0.4916956440066927
0.49135610715654265
0.4910032212964973
0.4906365054955461
0.49025546988624796
0.4898596155373109
0.48944843427783635
0.4890214084651019
0.488578010687646
0.4881177033955415
0.48763993845011444
0.48714415658604027
0.4866297867797404
0.4860962455193723
0.48554293597341897
0.4849692470570132
0.48437455239761934
0.4837582092045665
0.48311955705012893
0.482457916573346
0.4817725881215186
0.48106285034823415
0.48032795879077445
0.47956714445379756
0.47877961243013156
0.4779645405933323
0.4771210784002334
0.4762483458450143
0.4753454326092638
0.4744113974551016
0.4734452679106096
0.4724460402986089
0.4714126801612164
0.47034412313359814
0.4692392763209218
0.4680970202326539
0.4669162113280004
0.46569568522532767
0.4644342606267075
0.4631307440060416
0.46178393510531834
0.4603926332780746
0.4589556447117286
0.4574717905507227
0.45593991592999644
0.4543588999128316
0.4527276663083549
0.4510451953217737
0.4493105359648367
0.4475228191252717
0.4456812711625936
0.4437852278644474
0.44183414856363745
0.4398276301825159
0.4377654209400481
0.4356474334293937
0.4334737567521157
0.43124466738102435
0.4289606384189208
0.42662234692664047
0.4242306790119198
0.4217867324013072
0.41929181626063095
0.416747448084671
0.4141553475422793
0.41151742723709095
0.408835780423448
0.40611266579896654
0.4033504895757897
0.40055178510830197
0.3977191904224606
0.3948554240477031
0.391963259594079
0.38904549954287404
0.3861049487275666
0.3831443879732727
0.3801665483376271
0.3771740863557993
0.3741695606392195
0.3711554101142255
0.368133934116213
0.3651072744800245
0.3620773996912649
0.35904609108874974
0.35601493103780024
0.35298529292959113
0.3499583328047162
0.34693498235059694
0.34391594298281813
0.340901680690067
0.3378924213008374
0.3348881458169437
0.33188858545356137
0.3288932160273246
0.325901251342496
0.3229116352401622
0.31992303199713296
0.3169338147907388
0.31394205198502256
0.31094549104613733
0.30794153996487816
0.30492724615887046
0.30189927295488944
0.2988538739244363
0.29578686557698564
0.29269359922163646
0.2895689332074304
0.2864072072639926
0.2832022213038653
0.27994722182601595
0.27663489997363655
0.27325740632336815
0.2698063885578157
0.2662730591895136
0.2626483012884277
0.25892282046553977
0.25508735085201506
0.2511329210960066
0.24705118307620658
0.2428348007850943
0.23847788957078486
0.2339764869439079
0.22932902630996493
0.2245367757687441
0.2196041975671114
0.21453918214968726
0.2093531159078036
0.20406075448818256
0.19867989301554623
0.19323084805380783
0.18773578936417554
0.18221797786581306
0.17670097590575345
0.1712078952579167
0.16576073794954274
0.16037986794868375
0.15508363196181008
0.14988812902131743
0.14480711406340968
0.13985201167030464
0.13503201251242647
0.13035422572311975
0.1258238639769239
0.12144444295138007
0.11721798196691192
0.11314519716439894
0.10922568222354308
0.10545807426479961
0.10184020431222002
0.09836923270982222
0.09504177038554402
0.09185398702946813
0.0888017072425337
0.08588049562075346
0.08308573163160146
0.08041267504686671
0.07785652263194956
0.07541245675451574
0.07307568655853774
0.07084148234401903
0.06870520378995196
0.06666232265216847
0.06470844055499916
0.06283930247452073
0.061050806481751124
0.059339010277672265
0.05770013501022149
0.05613056681839028
0.054626856502213
0.05318571767136107
0.051804023680607346
0.05047880361855461
0.04920723757737264
