0.523061003745033
0.5778104230145784
0.562984697515992
0.5513173693573412
0.5425904725721988
0.5362703975713135
0.531805171567375
0.5287071214391839
0.5265848763266799
0.5251434248299856
0.5241694787772889
0.5235130897393616
0.5230708018590353
0.5227721318565383
0.5225694658526443
0.5224308221197982
0.5223348015600234
0.5222671234741834
0.5222182748405713
0.5221819266506347
0.5221538720985998
0.5221313169369377
0.5221124062203324
0.5220959091614905
0.5220810094909485
0.5220671661034633
0.522054020477171
0.522041335193695
0.5220289531266343
0.5220167703594136
0.5220047182199062
0.5219927513670511
0.52198083989381
0.5219689640947558
0.5219571110009638
0.5219452720866531
0.521933441752429
0.5219216163229904
0.5219097933854846
0.521897971353263
0.5218861491786863
0.5218743261643872
0.5218625018395194
0.5218506758788282
0.5218388480499055
0.5218270181789566
0.5218151861286935
0.521803351784156
0.5217915150436927
0.5217796758132853
0.5217678340030321
0.5217559895250089
0.5217441422920083
0.5217322922168256
0.5217204392118845
0.5217085831890667
0.5216967240596612
0.5216848617343786
0.5216729961234005
0.521661127136443
0.5216492546828213
0.5216373786715137
0.5216254990112177
0.5216136156103988
0.5216017283773333
0.5215898372201421
0.5215779420468205
0.5215660427652604
0.52155413928327
0.5215422315085882
0.5215303193488968
0.521518402711829
0.5215064815049779
0.5214945556359005
0.5214826250121236
0.5214706895411443
0.5214587491304353
0.5214468036874444
0.5214348531195963
0.5214228973342924
0.5214109362389125
0.5213989697408137
0.5213869977473303
0.5213750201657742
0.5213630369034333
0.5213510478675724
0.5213390529654309
0.5213270521042239
0.5213150451911404
0.5213030321333421
0.521291012837964
0.5212789872121127
0.5212669551628661
0.5212549165972714
0.5212428714223466
0.521230819545077
0.5212187608724164
0.5212066953112855
0.5211946227685709
0.5211825431511243
0.5211704563657626
0.5211583623192657
0.5211462609183769
0.521134152069801
0.5211220356802041
0.5211099116562132
0.5210977799044144
0.5210856403313524
0.5210734928435307
0.5210613373474087
0.5210491737494035
0.5210370019558866
0.5210248218731848
0.5210126334075785
0.5210004364653016
0.52098823095254
0.5209760167754311
0.5209637938400631
0.5209515620524738
0.5209393213186507
0.5209270715445289
0.5209148126359916
0.5209025444988682
0.5208902670389343
0.5208779801619104
0.5208656837734615
0.5208533777791962
0.5208410620846655
0.5208287365953626
0.5208164012167215
0.520804055854117
0.5207917004128635
0.5207793347982135
0.5207669589153583
0.5207545726694259
0.5207421759654809
0.5207297687085239
0.5207173508034897
0.5207049221552476
0.5206924826686
0.5206800322482823
0.520667570798961
0.5206550982252343
0.5206426144316296
0.5206301193226051
0.5206176128025461
0.5206050947757673
0.5205925651465098
0.5205800238189405
0.5205674706971531
0.5205549056851653
0.5205423286869191
0.5205297396062798
0.520517138347035
0.5205045248128946
0.5204918989074889
0.520479260534369
0.5204666095970054
0.5204539459987869
0.5204412696430206
0.5204285804329312
0.5204158782716594
0.5204031630622615
0.5203904347077095
0.5203776931108889
0.5203649381745992
0.5203521698015523
0.5203393878943724
0.5203265923555949
0.5203137830876656
0.52030095999294
0.5202881229736832
0.5202752719320678
0.5202624067701748
0.5202495273899914
0.5202366336934112
0.5202237255822331
0.5202108029581609
0.5201978657228021
0.5201849137776673
0.5201719470241699
0.5201589653636247
0.5201459686972479
0.5201329569261557
0.520119929951364
0.5201068876737877
0.5200938299942397
0.5200807568134304
0.5200676680319669
0.5200545635503524
0.5200414432689857
0.5200283070881598
0.5200151549080616
0.5200019866287711
0.5199888021502617
0.5199756013723974
0.519962384194934
0.5199491505175176
0.5199359002396838
0.5199226332608577
0.5199093494803523
0.5198960487973682
0.5198827311109929
0.519869396320201
0.5198560443238516
0.5198426750206891
0.5198292883093424
0.5198158840883236
0.5198024622560276
0.5197890227107319
0.5197755653505951
0.5197620900736567
0.5197485967778364
0.5197350853609336
0.5197215557206264
0.5197080077544709
0.519694441359901
0.5196808564342272
0.5196672528746364
0.5196536305781908
0.5196399894418278
0.5196263293623586
0.5196126502364685
0.5195989519607151
0.519585234431529
0.5195714975452119
0.5195577411979364
0.5195439652857461
0.5195301697045538
0.5195163543501417
0.51950251911816
0.5194886639041272
0.5194747886034287
0.5194608931113166
0.5194469773229087
0.5194330411331887
0.5194190844370042
0.5194051071290676
0.5193911091039544
0.5193770902561028
0.5193630504798136
0.5193489896692489
0.5193349077184324
0.5193208045212471
0.5193066799714372
0.519292533962605
0.5192783663882119
0.5192641771415777
0.5192499661158785
0.5192357332041485
0.5192214782992775
0.5192072012940108
0.5191929020809489
0.5191785805525475
0.5191642366011153
0.5191498701188149
0.5191354809976612
0.519121069129522
0.5191066344061159
0.5190921767190132
0.5190776959596345
0.5190631920192503
0.5190486647889807
0.5190341141597944
0.5190195400225083
0.5190049422677872
0.5189903207861433
0.5189756754679349
0.5189610062033669
0.5189463128824895
0.5189315953951982
0.5189168536312323
0.5189020874801757
0.5188872968314557
0.5188724815743424
0.5188576415979478
0.5188427767912265
0.5188278870429737
0.5188129722418263
0.5187980322762609
0.5187830670345939
0.5187680764049811
0.5187530602754173
0.5187380185337351
0.5187229510676058
0.5187078577645367
0.5186927385118729
0.5186775931967952
0.5186624217063212
0.5186472239273024
0.5186319997464264
0.5186167490502146
0.5186014717250225
0.5185861676570387
0.5185708367322853
0.5185554788366167
0.5185400938557188
0.5185246816751102
0.5185092421801398
0.5184937752559868
0.5184782807876621
0.5184627586600047
0.518447208757684
0.518431630965198
0.5184160251668729
0.5184003912468631
0.518384729089151
0.5183690385775455
0.5183533195956822
0.5183375720270237
0.5183217957548579
0.5183059906622984
0.5182901566322835
0.5182742935475769
0.5182584012907658
0.5182424797442615
0.5182265287902985
0.518210548310935
0.518194538188051
0.5181784983033494
0.5181624285383546
0.5181463287744124
0.5181301988926903
0.5181140387741758
0.518097848299677
0.518081627349822
0.5180653758050587
0.518049093545654
0.5180327804516933
0.5180164364030815
0.5180000612795406
0.5179836549606112
0.517967217325651
0.5179507482538348
0.5179342476241542
0.5179177153154175
0.5179011512062486
0.5178845551750876
0.5178679271001898
0.5178512668596256
0.5178345743312804
0.5178178493928541
0.5178010919218603
0.5177843017956266
0.5177674788912947
0.5177506230858189
0.5177337342559666
0.5177168122783177
0.5176998570292648
0.5176828683850121
0.5176658462215761
0.5176487904147838
0.5176317008402745
0.5176145773734977
0.5175974198897138
0.5175802282639934
0.517563002371217
0.5175457420860754
0.5175284472830688
0.5175111178365064
0.5174937536205064
0.5174763545089964
0.517458920375712
0.517441451094197
0.5174239465378038
0.5174064065796917
0.5173888310928286
0.5173712199499891
0.5173535730237551
0.5173358901865149
0.5173181713104644
0.5173004162676049
0.5172826249297446
0.5172647971684974
0.5172469328552829
0.5172290318613264
0.5172110940576586
0.5171931193151154
0.5171751075043373
0.5171570584957701
0.5171389721596638
0.5171208483660726
0.5171026869848555
0.5170844878856751
0.5170662509379977
0.5170479760110935
0.5170296629740361
0.517011311695702
0.5169929220447718
0.5169744938897279
0.5169560270988564
0.5169375215402453
0.5169189770817857
0.5169003935911705
0.5168817709358949
0.5168631089832565
0.5168444076003542
0.5168256666540888
0.5168068860111628
0.5167880655380799
0.5167692051011452
0.516750304566465
0.5167313637999464
0.5167123826672976
0.5166933610340276
0.5166742987654459
0.5166551957266623
0.5166360517825873
0.5166168667979316
0.5165976406372059
0.5165783731647208
0.5165590642445874
0.5165397137407159
0.5165203215168169
0.5165008874363998
0.5164814113627738
0.516461893159048
0.5164423326881299
0.5164227298127266
0.5164030843953444
0.5163833962982884
0.5163636653836625
0.5163438915133697
0.5163240745491111
0.5163042143523872
0.5162843107844965
0.5162643637065358
0.5162443729794007
0.5162243384637848
0.5162042600201799
0.5161841375088758
0.5161639707899607
0.51614375972332
0.516123504168638
0.5161032039853954
0.5160828590328719
0.5160624691701441
0.5160420342560861
0.5160215541493701
0.516001028708465
0.5159804577916373
0.5159598412569505
0.5159391789622658
0.5159184707652411
0.5158977165233313
0.5158769160937884
0.515856069333661
0.515835176099795
0.5158142362488326
0.5157932496372128
0.5157722161211714
0.5157511355567401
0.5157300077997473
0.5157088327058182
0.515687610130374
0.515666339928632
0.5156450219556055
0.5156236560661043
0.5156022421147334
0.5155807799558945
0.5155592694437849
0.5155377104323977
0.5155161027755211
0.5154944463267392
0.5154727409394321
0.5154509864667743
0.5154291827617365
0.515407329677084
0.5153854270653775
0.5153634747789726
0.5153414726700198
0.5153194205904648
0.5152973183920474
0.5152751659263022
0.5152529630445587
0.5152307095979408
0.5152084054373659
0.5151860504135465
0.5151636443769885
0.5151411871779918
0.5151186786666507
0.5150961186928527
0.5150735071062786
0.5150508437564033
0.5150281284924944
0.5150053611636126
0.5149825416186122
0.51495966970614
0.5149367452746354
0.5149137681723298
0.5148907382472482
0.5148676553472065
0.5148445193198138
0.5148213300124701
0.5147980872723674
0.5147747909464893
0.5147514408816104
0.5147280369242966
0.5147045789209046
0.5146810667175814
0.5146575001602652
0.5146338790946839
0.5146102033663553
0.5145864728205872
0.5145626873024769
0.5145388466569109
0.5145149507285647
0.5144909993619025
0.5144669924011771
0.5144429296904295
0.5144188110734885
0.5143946363939707
0.5143704054952797
0.5143461182206066
0.5143217744129289
0.5142973739150105
0.5142729165694014
0.5142484022184375
0.5142238307042393
0.5141992018687136
0.5141745155535508
0.5141497716002259
0.5141249698499978
0.5141001101439087
0.5140751923227842
0.5140502162272327
0.514025181697644
0.5140000885741903
0.5139749366968256
0.5139497259052839
0.5139244560390802
0.5138991269375094
0.5138737384396453
0.5138482903843419
0.5138227826102304
0.5137972149557204
0.5137715872589994
0.5137458993580308
0.5137201510905551
0.5136943422940883
0.5136684728059207
0.5136425424631188
0.5136165511025215
0.5135904985607418
0.5135643846741649
0.5135382092789486
0.5135119722110212
0.5134856733060826
0.5134593123996019
0.5134328893268179
0.5134064039227376
0.5133798560221361
0.5133532454595554
0.5133265720693039
0.5132998356854551
0.5132730361418474
0.5132461732720834
0.5132192469095285
0.5131922568873097
0.5131652030383166
0.5131380851951979
0.5131109031903625
0.5130836568559778
0.5130563460239692
0.5130289705260186
0.5130015301935635
0.5129740248577959
0.5129464543496628
0.5129188184998623
0.5128911171388457
0.512863350096814
0.5128355172037182
0.5128076182892575
0.5127796531828785
0.5127516217137744
0.5127235237108827
0.5126953590028851
0.5126671274182067
0.512638828785013
0.5126104629312096
0.5125820296844427
0.5125535288720937
0.5125249603212826
0.5124963238588629
0.5124676193114229
0.512438846505282
0.5124100052664918
0.5123810954208322
0.5123521167938121
0.5123230692106664
0.5122939524963556
0.5122647664755632
0.5122355109726954
0.5122061858118784
0.5121767908169574
0.5121473258114956
0.5121177906187708
0.512088185061776
0.5120585089632155
0.5120287621455051
0.511998944430769
0.5119690556408389
0.511939095597252
0.5119090641212487
0.5118789610337714
0.5118487861554626
0.5118185393066623
0.511788220307407
0.5117578289774276
0.5117273651361469
0.5116968286026778
0.5116662191958217
0.5116355367340658
0.5116047810355817
0.5115739519182233
0.5115430491995234
0.5115120726966932
0.5114810222266194
0.5114498976058616
0.5114186986506506
0.5113874251768861
0.5113560770001341
0.5113246539356251
0.5112931557982504
0.5112615824025617
0.5112299335627672
0.5111982090927296
0.5111664088059636
0.5111345325156336
0.5111025800345506
0.5110705511751698
0.5110384457495891
0.5110062635695445
0.510974004446409
0.510941668191189
0.5109092546145227
0.5108767635266753
0.5108441947375386
0.5108115480566265
0.5107788232930726
0.5107460202556275
0.5107131387526562
0.5106801785921339
0.5106471395816445
0.5106140215283765
0.5105808242391204
0.5105475475202659
0.5105141911777976
0.5104807550172937
0.510447238843921
0.5104136424624328
0.5103799656771657
0.5103462082920349
0.5103123701105331
0.5102784509357253
0.5102444505702458
0.510210368816296
0.510176205475639
0.5101419603495978
0.510107633239051
0.5100732239444286
0.5100387322657102
0.5100041580024197
0.5099695009536228
0.5099347609179217
0.5098999376934538
0.5098650310778853
0.5098300408684098
0.5097949668617427
0.5097598088541184
0.5097245666412856
0.5096892400185041
0.5096538287805403
0.509618332721664
0.5095827516356426
0.5095470853157393
0.5095113335547077
0.5094754961447876
0.5094395728777014
0.5094035635446493
0.5093674679363058
0.509331285842815
0.5092950170537857
0.5092586613582883
0.5092222185448498
0.5091856884014491
0.5091490707155132
0.5091123652739121
0.5090755718629548
0.5090386902683847
0.5090017202753746
0.5089646616685226
0.5089275142318473
0.5088902777487831
0.5088529520021755
0.5088155367742764
0.5087780318467394
0.508740437000615
0.5087027520163456
0.5086649766737604
0.5086271107520718
0.5085891540298692
0.508551106285114
0.5085129672951355
0.5084747368366256
0.5084364146856328
0.5083980006175592
0.5083594944071533
0.5083208958285058
0.5082822046550446
0.5082434206595294
0.5082045436140464
0.5081655732900034
0.5081265094581242
0.5080873518884432
0.5080481003503007
0.5080087546123365
0.5079693144424862
0.507929779607974
0.507890149875308
0.5078504250102756
0.5078106047779366
0.5077706889426187
0.5077306772679112
0.5076905695166607
0.5076503654509639
0.5076100648321634
0.5075696674208413
0.5075291729768143
0.5074885812591264
0.5074478920260459
0.5074071050350569
0.5073662200428558
0.5073252368053444
0.5072841550776238
0.5072429746139901
0.5072016951679276
0.5071603164921024
0.507118838338358
0.507077260457709
0.5070355826003343
0.5069938045155725
0.5069519259519154
0.5069099466570021
0.5068678663776129
0.5068256848596644
0.5067834018482023
0.5067410170873957
0.5066985303205324
0.5066559412900109
0.5066132497373361
0.506570455403113
0.5065275580270392
0.5064845573479017
0.506441453103568
0.5063982450309822
0.5063549328661582
0.5063115163441728
0.5062679951991618
0.5062243691643117
0.5061806379718553
0.5061368013530649
0.5060928590382463
0.5060488107567332
0.5060046562368808
0.5059603952060594
0.5059160273906497
0.5058715525160353
0.5058269703065974
0.505782280485709
0.5057374827757279
0.5056925768979925
0.5056475625728138
0.5056024395194707
0.5055572074562034
0.5055118661002083
0.5054664151676308
0.5054208543735605
0.5053751834320247
0.5053294020559823
0.505283509957319
0.5052375068468395
0.5051913924342638
0.5051451664282203
0.5050988285362393
0.5050523784647485
0.5050058159190668
0.5049591406033981
0.5049123522208259
0.5048654504733078
0.5048184350616695
0.5047713056855996
0.504724062043643
0.5046767038331964
0.5046292307505021
0.5045816424906432
0.5045339387475365
0.5044861192139294
0.5044381835813918
0.5043901315403133
0.504341962779896
0.5042936769881494
0.5042452738518866
0.5041967530567173
0.504148114287043
0.5040993572260529
0.5040504815557172
0.5040014869567836
0.5039523731087708
0.503903139689965
0.5038537863774138
0.5038043128469215
0.5037547187730453
0.503705003829089
0.5036551676870996
0.5036052100178621
0.5035551304908942
0.5035049287744432
0.5034546045354806
0.5034041574396976
0.5033535871515011
0.5033028933340093
0.5032520756490477
0.503201133757144
0.5031500673175249
0.5030988759881121
0.503047559425518
0.5029961172850416
0.5029445492206647
0.5028928548850489
0.5028410339295311
0.5027890860041201
0.5027370107574933
0.5026848078369929
0.5026324768886228
0.5025800175570451
0.5025274294855774
0.5024747123161887
0.5024218656894974
0.502368889244768
0.5023157826199074
0.5022625454514635
0.5022091773746218
0.5021556780232026
0.5021020470296588
0.5020482840250733
0.5019943886391574
0.5019403605002475
0.5018861992353032
0.5018319044699062
0.5017774758282575
0.5017229129331753
0.5016682154060945
0.5016133828670641
0.5015584149347456
0.5015033112264125
0.5014480713579478
0.5013926949438439
0.5013371815972009
0.5012815309297258
0.5012257425517317
0.501169816072137
0.5011137510984646
0.5010575472368413
0.5010012040919987
0.5009447212672705
0.5008880983645944
0.5008313349845114
0.5007744307261658
0.5007173851873052
0.5006601979642814
0.5006028686520504
0.5005453968441728
0.5004877821328152
0.5004300241087506
0.5003721223613592
0.5003140764786298
0.5002558860471606
0.5001975506521616
0.5001390698774545
0.5000804433054756
0.500021670517277
0.49996275109252863
0.49990368460951984
0.4998444706451628
0.49978510877499305
0.4997255985731732
0.49966593961249506
0.4996061314643827
0.49954617369889454
0.4994860658847271
0.49942580758921773
0.4993653983783481
0.49930483781674745
0.49924412546769625
0.4991832608931299
0.4991222436536426
0.4990610733084913
0.4989997494155997
0.4989382715315628
0.4988766392116515
0.49881485200981623
0.49875290947869294
0.49869081116960723
0.4986285566325793
0.4985661454163297
0.4985035770682839
0.4984408511345786
0.4983779671600663
0.49831492468832217
0.498251723261649
0.49818836242108416
0.4981248417064047
0.4980611606561352
0.4979973188075524
0.4979333156966935
0.49786915085836225
0.49780482382613567
0.4977403341323715
0.4976756813082156
0.497610864883609
0.4975458843872953
0.49748073934682835
0.4974154292885809
0.4973499537377517
0.49728431221837355
0.49721850425332215
0.4971525293643241
0.4970863870719655
0.4970200768957004
0.4969535983538603
0.4968869509636624
0.49682013424121896
0.49675314770154666
0.49668599085857557
0.4966186632251588
0.4965511643130827
0.4964834936330758
0.49641565069481935
0.49634763500695667
0.49627944607710406
0.4962110834118604
0.49614254651681783
0.496073834896573
0.49600494805473627
0.4959358854939435
0.4958666467158671
0.4957972312212259
0.49572763850979773
0.4956578680804297
0.4955879194310501
0.49551779205867874
0.4954474854594404
0.4953769991285747
0.4953063325604492
0.49523548524857036
0.495164456685596
0.49509324636334745
0.4950218537728214
0.49495027840420214
0.4948785197468743
0.49480657728943483
0.4947344505197063
0.4946621389247485
0.4945896419908713
0.49451695920364863
0.4944440900479293
0.49437103400785154
0.49429779056685574
0.4942243592076965
0.4941507394124562
0.4940769306625589
0.49400293243878296
0.4939287442212737
0.49385436548955763
0.4937797957225556
0.49370503439859553
0.49363008099542655
0.49355493499023234
0.49347959585964435
0.4934040630797554
0.4933283361261334
0.4932524144738343
0.49317629759741677
0.49309998497095464
0.493023476068051
0.49294677036185147
0.49286986732505855
0.4927927664299443
0.49271546714836395
0.49263796895177014
0.4925602713112261
0.4924823736974189
0.4924042755806729
0.4923259764309636
0.49224747571793087
0.4921687729108923
0.492089867478856
0.4920107588905352
0.49193144661435995
0.49185193011849065
0.49177220887083223
0.49169228233904577
0.49161214999056196
0.49153181129259427
0.49145126571215103
0.49137051271604876
0.49128955177092426
0.4912083823432476
0.4911270038993341
0.49104541590535633
0.4909636178273574
0.4908816091312619
0.49079938928288763
0.49071695774795854
0.4906343139921151
0.4905514574809274
0.4904683876799043
0.49038510405450664
0.49030160607015727
0.49021789319225184
0.4901339648861703
0.4900498206172864
0.4899654598509789
0.4898808820526412
0.48979608668769203
0.48971107322158414
0.48962584111981483
0.48954038984793485
0.489454718871558
0.4893688276563697
0.48928271566813575
0.48919638237271096
0.48910982723604746
0.48902304972420274
0.48893604930334733
0.48884882543977237
0.48876137759989746
0.48867370525027654
0.48858580785760586
0.4884976848887298
0.48840933581064727
0.4883207600905178
0.4882319571956675
0.4881429265935935
0.48805366775197
0.4879641801386528
0.4878744632216836
0.4877845164692946
0.4876943393499121
0.48760393133215996
0.4875132918848632
0.4874224204770512
0.4873313165779589
0.4872399796570314
0.48714840918392344
0.487056604628503
0.48696456546085115
0.4868722911512641
0.48677978117025256
0.4866870349885433
0.4865940520770778
0.4865008319070125
0.48640737394971734
0.4863136776767754
0.48621974255998013
0.4861255680713345
0.4860311536830476
0.48593649886753265
0.4858416030974037
0.4857464658454717
0.4856510865847413
0.48555546478840583
0.4854595999298431
0.4853634914826104
0.4852671389204384
0.4851705417172259
0.4850736993470335
0.4849766112840762
0.4848792770027179
0.48478169597746196
0.484683867682945
0.484585791593927
0.4844874671852848
0.48438889393200074
0.48429007130915436
0.4841909987919127
0.4840916758555191
0.48399210197528325
0.48389227662656964
0.4837921992847862
0.48369186942537246
0.483591286523787
0.4834904500554952
0.48338935949595524
0.4832880143206052
0.4831864140048493
0.48308455802404293
0.4829824458534788
0.48288007696837054
0.48277745084383916
0.48267456695489513
0.4825714247764229
0.48246802378316517
0.4823643634497045
0.48226044325044665
0.4821562626596028
0.4820518211511713
0.481947118198919
0.48184215327636315
0.48173692585675104
0.4816314354130415
0.4815256814178849
0.4814196633436021
0.481313380662165
0.48120683284517496
0.481100019363842
0.48099293968896306
0.48088559329090025
0.4807779796395588
0.48067009820436474
0.48056194845424194
0.4804535298575896
0.4803448418822586
0.4802358839955278
0.4801266556640812
0.480017156353983
0.47990738553065365
0.47979734265884555
0.47968702720261824
0.4795764386253134
0.4794655763895297
0.4793544399570975
0.4792430287890535
0.479131342345615
0.4790193800861537
0.4789071414691702
0.47879462595226735
0.47868183299212425
0.4785687620444698
0.478455412564056
0.4783417840046314
0.47822787581891446
0.4781136874585664
0.4779992183741644
0.47788446801517476
0.47776943582992626
0.4776541212655818
0.4775385237681131
0.4774226427822718
0.47730647775156415
0.4771900281182222
0.47707329332317827
0.47695627280603675
0.4768389660050478
0.4767213723570803
0.47660349129759505
0.47648532226061757
0.47636686467871214
0.47624811798295485
0.47612908160290784
0.4760097549665918
0.47589013750046116
0.47577022862937746
0.4756500277765836
0.47552953436367906
0.4754087478105937
0.4752876675355632
0.47516629295510343
0.4750446234839877
0.47492265853522003
0.474800397520013
0.47467783984776313
0.4745549849260278
0.4744318321605019
0.47430838095499517
0.4741846307114106
0.4740605808297209
0.47393623070794844
0.47381157974214294
0.47368662732636113
0.47356137285264677
0.47343581571101034
0.4733099552894093
0.47318379097372965
0.4730573221477675
0.4729305481932108
0.4728034684896223
0.4726760824144223
0.47254838934287235
0.4724203886480599
0.47229207970088266
0.47216346187003444
0.4720345345219903
0.4719052970209947
0.47177574872904765
0.4716458890058929
0.4715157172090065
0.47138523269358684
0.4712544348125437
0.4711233229164894
0.47099189635373045
0.470860154470259
0.470728096609747
0.4705957221135388
0.4704630303206461
0.47033002056774315
0.4701966921891631
0.4700630445168943
0.46992907688057906
0.469794788607511
0.4696601790226353
0.46952524744854907
0.4693899932055023
0.46925441561139936
0.4691185139818035
0.46898228762993915
0.4688457358666981
0.46870885800064405
0.4685716533380207
0.46843412118275807
0.46829626083648257
0.4681580715985252
0.46801955276593343
0.4678807036334825
0.46774152349368775
0.4676020116368185
0.4674621673509131
0.4673219899217944
0.4671814786330868
0.4670406327662338
0.46689945160051677
0.4667579344130765
0.4666160804789322
0.4664738890710054
0.46633135946014226
0.46618849091513836
0.46604528270276474
0.4659017340877933
0.4657578443330264
0.46561361269932383
0.4654690384456345
0.46532412082902674
0.46517885910472134
0.4650332525261242
0.46488730034486225
0.4647410018108178
0.46459435617216727
0.4644473626754181
0.4643000205654486
0.46415232908554915
0.46400428747746275
0.46385589498142854
0.46370715083622704
0.46355805427922353
0.4634086045464161
0.46325880087248283
0.46310864249083084
0.4629581286336465
0.46280725853194693
0.4626560314156318
0.46250444651353845
0.46235250305349584
0.4622002002623807
0.4620475373661761
0.46189451359002837
0.4617411281583086
0.4615873802946719
0.4614332692221213
0.46127879416306994
0.46112395433940667
0.46096874897256057
0.46081317728356935
0.46065723849314655
0.46050093182175145
0.4603442564896593
0.4601872117170333
0.46002979672399735
0.4598720107307101
0.45971385295744027
0.4595553226246434
0.45939641895303873
0.4592371411636883
0.459077488478077
0.45891746011819334
0.4587570553066115
0.4585962732665742
0.45843511322207875
0.45827357439796
0.4581116560199794
0.4579493573149107
0.45778667751063007
0.45762361583620537
0.45746017152198737
0.4572963437997011
0.45713213190253965
0.456967535065258
0.45680255252426816
0.45663718351773486
0.4564714272856736
0.45630528307004786
0.4561387501148695
0.4559718276662971
0.45580451497273927
0.45563681128495476
0.4554687158561564
0.45530022794211533
0.4551313468012655
0.4549620716948093
0.45479240188682446
0.45462233664437196
0.4544518752376041
0.45428101693987377
0.4541097610278448
0.45393810678160335
0.45376605348476884
0.4535936004246073
0.4534207468921448
0.45324749218228094
0.4530738355939047
0.4528997764300096
0.4527253139978102
0.45255044760885976
0.45237517657916704
0.45219950022931604
0.4520234178845842
0.45184692887506306
0.4516700325357781
0.4514927282068099
0.45131501523341677
0.4511368929661555
0.4509583607610055
0.4507794179794916
0.45060006398880803
0.4504202981619431
0.4502401198778036
0.4500595285213406
0.4498785234836758
0.44969710416222636
0.44951526996083324
0.4493330202898869
0.44915035456645636
0.44896727221441535
0.44878377266457153
0.44859985535479496
0.4484155197301461
0.44823076524300615
0.4480455913532052
0.44785999752815253
0.4476739832429661
0.4474875479806024
0.4473006912319872
0.44711341249614467
0.4469257112803298
0.4467375871001566
0.44654903947973046
0.44636006795177785
0.4461706720577779
0.4459808513480922
0.4457906053820964
0.4455999337283105
0.4454088359645297
0.4452173116779547
0.44502536046532293
0.4448329819330377
0.4446401756973001
0.4444469413842376
0.4442532786300348
0.44405918708106296
0.44386466639400923
0.44366971623600626
0.44347433628476096
0.4432785262286825
0.44308228576701203
0.4428856146099487
0.4426885124787794
0.4424909791060033
0.44229301423546147
0.44209461762246105
0.44189578903390103
0.4416965282483993
0.4414968350564154
0.4412967092603762
0.44109615067479846
0.4408951591264123
0.44069373445428417
0.4404918765099373
0.44028958515747385
0.44008686027369465
0.43988370174821956
0.43968010948360536
0.4394760833954643
0.43927162341258186
0.43906672947703246
0.43886140154429526
0.43865563958336945
0.4384494435768869
0.43824281352122674
0.4380357494266251
0.43782825131728836
0.43762031923150113
0.4374119532217364
0.4372031533547629
0.4369939197117519
0.4367842523883828
0.4365741514949478
0.4363636171564551
0.43615264951273136
0.43594124871852213
0.4357294149435921
0.43551714837282307
0.43530444920631156
0.4350913176594644
0.43487775396309397
0.43466375836351
0.4344493311226125
0.43423447251798186
0.4340191828429673
0.43380346240677586
0.43358731153455626
0.43337073056748543
0.4331537198628499
0.4329362797941285
0.4327184107510717
0.43250011313977954
0.43228138738277944
0.4320622339190998
0.4318426532043442
0.4316226457107632
0.43140221192732364
0.4311813523597775
0.43096006753072863
0.430738357979696
0.4305162242631788
0.4302936669547153
0.4300706866449444
0.4298472839416615
0.42962345946987396
0.4293992138718561
0.42917454780719955
0.42894946195286465
0.42872395700322585
0.4284980336701208
0.4282716926828913
0.4280449347884273
0.4278177607512057
0.4275901713533286
0.42736216739455923
0.4271337496923551
0.4269049190819003
0.4266756764161345
0.42644602256578107
0.4262159584193715
0.4259854848832686
0.42575460288168876
0.42552331335671933
0.4252916172683353
0.4250595155944144
0.4248270093307492
0.4245940994910563
0.42436078710698527
0.42412707322812243
0.42389295892199613
0.423658445274076
0.4234235333877723
0.4231882243844319
0.4229525194033332
0.42271641960167694
0.42247992615457614
0.4222430402550434
0.42200576311397436
0.4217680959601325
0.4215300400401268
0.42129159661839144
0.42105276697715993
0.4208135524164389
0.4205739542539783
0.42033397382524024
0.4200936124833641
0.41985287159913154
0.419611752560926
0.419370256774693
0.41912838566389565
0.4188861406694696
0.418643523249774
0.4184005348805414
0.418157177054824
0.4179134512829395
0.41766935909241226
0.4174249020279136
0.41718008165119963
0.41693489954104584
0.41668935729318046
0.4164434565202147
0.41619719885157075
0.41595058593340806
0.4157036194285468
0.4154563010163885
0.4152086323928355
0.41496061527020733
0.41471225137715484
0.41446354245857275
0.41421449027550855
0.41396509660507136
0.41371536324033537
0.4134652919902444
0.4132148846795117
0.4129641431485195
0.41271306925321416
0.412461664865002
0.4122099318706395
0.41195787217212454
0.411705487686584
0.41145278034615873
0.41119975209788834
0.41094640490359136
0.41069274073974504
0.4104387615973629
0.4101844694818715
0.40992986641298024
0.4096749544245563
0.40941973556449196
0.40916421189457336
0.4089083854903447
0.4086522584409726
0.4083958328491084
0.4081391108307466
0.4078820945150845
0.40762478604437746
0.4073671875737941
0.40710930127126777
0.4068511293173494
0.40659267390505505
0.4063339372397147
0.406074921538818
0.405815629031858
0.4055560619601747
0.405296222576795
0.40503611314627436
0.40477573594453303
0.4045150932586932
0.404254187386915
0.40399302063822917
0.40373159533237
0.4034699137996062
0.40320797838056993
0.4029457914260868
0.40268335529700083
0.4024206723640022
0.4021577450074506
0.40189457561719905
0.40163116659241593
0.4013675203414074
0.40110363928143533
0.40083952583853855
0.40057518244734946
0.4003106115509117
0.4000458156004962
0.3997807970554155
0.3995155583828398
0.3992501020576091
0.39898443056204574
0.3987185463857672
0.3984524520254965
0.39818614998487295
0.39791964277426173
0.3976529329105626
0.3973860229170195
0.39711891532302745
0.3968516126639398
0.39658411748087613
0.396316432320528
0.3960485597349645
0.3957805022814385
0.39551226252219185
0.3952438430242598
0.3949752463592761
0.39470647510327656
0.3944375318365045
0.3941684191432129
0.3938991396114696
0.3936296958329604
0.39336009040279224
0.3930903259192977
0.3928204049838376
0.3925503302006045
0.39228010417642695
0.3920097295205726
0.3917392088445519
0.39146854476192233
0.3911977398880921
0.3909267968401252
0.3906557182365454
0.39038450669714053
0.3901131648427688
0.3898416952951641
0.3895701006767412
0.3892983836104024
0.3890265467193442
0.38875459262686585
0.38848252395617466
0.3882103433301961
0.387938053371382
0.38766565670152053
0.38739315594154533
0.38712055371134735
0.3868478526295853
0.38657505531349834
0.38630216437871895
0.3860291824390868
0.3857561121064622
0.3854829559905432
0.3852097166986801
0.3849363968356928
0.38466299900369005
0.3843895258018864
0.3841159798264236
0.38384236367019064
0.3835686799226463
0.38329493116964103
0.3830211199932421
0.3827472489715576
0.38247332067856377
0.3821993376839306
0.38192530255285245
0.3816512178458757
0.3813770861187311
0.3811029099221647
0.38082869180177187
0.3805544342978315
0.38028013994514254
0.3800058112728598
0.3797314508043339
0.37945706105695
0.37918264454196987
0.3789082037643735
0.3786337412227041
0.3783592594089121
0.37808476080820363
0.37781024789888734
0.3775357231522249
0.3772611890322817
0.37698664799577947
0.37671210249195136
0.3764375549623963
0.37616300784093676
0.375888463553478
0.3756139245178678
0.37533939314375814
0.37506487183246934
0.3747903629768545
0.37451586896116595
0.3742413921609249
0.37396693494278904
0.3736924996644262
0.37341808867438586
0.3731437043119748
0.3728693489071334
0.37259502478031303
0.3723207342423571
0.37204647959438103
0.37177226312765643
0.3714980871234952
0.37122395385313595
0.3709498655776327
0.37067582454774434
0.3704018330038263
0.37012789317572337
0.36985400728266515
0.3695801775331622
0.3693064061249053
0.36903269524466453
0.3687590470681911
0.3684854637601218
0.36821194747388286
0.367938500351598
0.36766512452399636
0.3673918221103229
0.36711859521825113
0.3668454459437952
0.3665723763712277
0.3662993885729943
0.36602648460963494
0.3657536665297024
0.36548093636968565
0.36520829615393363
0.3649357478945804
0.36466329359147287
0.36439093523210003
0.3641186747915219
0.3638465142323044
0.3635744555044513
0.36330250054534
0.3630306512796601
0.3627589096193508
0.3624872774635417
0.36221575669849604
0.36194434919755225
0.36167305682107187
0.3614018814163842
0.3611308248177361
0.36085988884624204
0.3605890753098348
0.3603183860032202
0.3600478227078303
0.3597773871917807
0.3595070812098283
0.35923690650333046
0.3589668648002052
0.35869695781489497
0.3584271872483299
0.3581575547878918
0.35788806210738344
0.3576187108669948
0.35734950271327337
0.3570804392790953
0.3568115221836379
0.3565427530323537
0.356274133416945
0.3560056649153419
0.3557373490916788
0.3554691874962749
0.3552011816656143
0.3549333331223286
0.3546656433751796
0.35439811391904424
0.3541307462349007
0.35386354178981505
0.3535965020369307
0.3533296284154567
0.35306292235066
0.35279638525385626
0.35253001852240384
0.3522638235396989
0.35199780167516964
0.3517319542842742
0.35146628270849767
0.35120078827535195
0.35093547229837585
0.3506703360771353
0.3504053808972271
0.35014060803028085
0.3498760187339645
0.3496116142519894
0.3493473958141159
0.3490833646361624
0.3488195219200122
0.3485558688536243
0.3482924066110416
0.348029136352405
0.3477660592239631
0.34750317635808625
0.347240488873281
0.3469779978742038
0.34671570445167754
0.3464536096827077
0.3461917146304995
0.34593002034447684
0.3456685278603
0.34540723819988645
0.34514615237143026
0.3448852713694247
0.3446245961746828
0.34436412775436065
0.34410386706198015
0.3438438150374545
0.34358397260711104
0.3433243406837177
0.3430649201665088
0.3428057119412108
0.3425467168800709
0.342287935841884
0.3420293696720204
0.3417710192024567
0.34151288525180273
0.3412549686253334
0.3409972701150182
0.3407397904995527
0.3404825305443895
0.340225491001771
0.33996867261076047
0.3397120760972765
0.3394557021741244
0.3391995515410317
0.3389436248846802
0.3386879228787426
0.3384324461839155
0.3381771954479552
0.33792217130571306
0.33766737437917177
0.3374128052774806
0.33715846459699245
0.3369043529212999
0.3366504708212729
0.33639681885509604
0.3361433975683046
0.335890207493823
0.3356372491520043
0.3353845230506648
0.3351320296851256
0.3348797695382494
0.3346277430804788
0.3343759507698759
0.334124393052161
0.333873070360751
0.33362198311679925
0.3333711317292338
0.3331205165947981
0.3328701380980881
0.3326199966115943
0.3323700924957392
0.3321204260989175
0.3318709977575358
0.331621807796051
0.33137285652701165
0.33112414425109565
0.3308756712571507
0.3306274378222336
0.330379444211649
0.3301316906789895
0.32988417746617466
0.32963690480348967
0.329389872909625
0.3291430819917152
0.3288965322453773
0.32865022385475023
0.32840415699253256
0.328158331820022
0.32791274848715213
0.32766740713253245
0.3274223078834845
0.32717745085607974
0.3269328361551786
0.32668846387446676
0.326444334096491
0.32620044689269867
0.3259568023234722
0.3257134004381658
0.3254702412751427
0.32522732486180916
0.324984651214652
0.32474222033927175
0.32450003223041907
0.32425808687202945
0.32401638423725615
0.3237749242885053
0.3235337069774694
0.3232927322451603
0.3230520000219427
0.32281151022756543
0.3225712627711948
0.3223312575514471
0.3220914944564175
0.32185197336371335
0.3216126941404841
0.3213736566434508
0.3211348607189368
0.3208963062028966
0.3206579929209445
0.32041992068838354
0.32018208931023284
0.3199444985812558
0.319707148285986
0.3194700381987549
0.31923316808371704
0.31899653769487535
0.31876014677610764
0.3185239950611884
0.31828808227381544
0.3180524081276317
0.3178169723262478
0.31758177456326586
0.31734681452229974
0.31711209187699707
0.3168776062910585
0.3166433574182597
0.316409344902469
0.31617556837766664
0.3159420274679632
0.3157087217876166
0.31547565094104946
0.3152428145228653
0.31501021211786345
0.3147778433010545
0.31454570763767514
0.3143138046832006
0.3140821339833582
0.3138506950741391
0.313619487481811
0.3133885107229274
0.3131577643043386
0.312927247723201
0.3126969604669858
0.31246690201348615
0.31223707183082505
0.31200746937746177
0.3117780941021974
0.3115489454441793
0.31132002283290466
0.31109132568822656
0.3108628534203518
0.31063460542984694
0.31040658110763725
0.3101787798350058
0.3099512009835947
0.30972384391540153
0.3094967079827786
0.30926979252842796
0.3090430968853981
0.3088166203770781
0.3085903623171921
0.3083643220097928
0.30813849874925225
0.3079128918202545
0.30768750049778465
0.30746232404711943
0.30723736172381416
0.307012612773692
0.3067880764328285
0.3065637519275385
0.30633963847435974
0.30611573528003744
0.30589204154150507
0.30566855644586766
0.305445279170381
0.3052222088824307
0.30499934473951257
0.3047766858892075
0.3045542314691589
0.30433198060704736
0.3041099324205648
0.3038880860173875
0.3036664404951476
0.3034449949414034
0.3032237484336094
0.3030027000390848
0.30278184881497955
0.30256119380824104
0.3023407340555793
0.302120468583429
0.30190039640791355
0.3016805165348048
0.3014608279594838
0.30124132966689854
0.3010220206315217
0.30080289981730635
0.30058396617764127
0.30036521865530313
0.3001466561824098
0.29992827768036995
0.2997100820598326
0.29949206822063634
0.29927423505175305
0.29905658143123587
0.29883910622616106
0.29862180829257134
0.2984046864754155
0.2981877396084892
0.297970966514371
0.29775436600436017
0.29753793687841085
0.2973216779250648
0.29710558792138425
0.2968896656328805
0.29667390981344377
0.29645831920526955
0.29624289253878267
0.29602762853256326
0.29581252589326656
0.2955975833155442
0.2953827994819618
0.2951681730629171
0.2949537027165536
0.29473938708867453
0.2945252248126543
0.2943112145093469
0.29409735478699633
0.2938836442411397
0.2936700814545122
0.2934566649969503
0.2932433934252906
0.29303026528326864
0.2928172791014151
0.29260443339694986
0.29239172667367475
0.29217915742186307
0.29196672411814845
0.29175442522540973
0.2915422591926567
0.29133022445491
0.29111831943308153
0.2909065425338518
0.2906948921495447
0.290483366658001
0.29027196442244824
0.29006068379137007
0.2898495230983704
0.28963848066203857
0.2894275547858098
0.289216743757824
0.28900604585078193
0.2887954593217993
0.28858498241225733
0.2883746133476522
0.28816435033744064
0.28795419157488333
0.28774413523688613
0.2875341794838376
0.287324322459445
0.28711456229056664
0.28690489708704137
0.2866953249415163
0.2864858439292703
0.2862764521080355
0.28606714751781576
0.2858579281807021
0.2856487921006836
0.2854397372634593
0.2852307616362422
0.28502186316756245
0.2848130397870692
0.2846042894053248
0.2843956099135993
0.28418699918366136
0.2839784550675635
0.2837699753974267
0.2835615579852201
0.28335320062253766
0.28314490108037027
0.28293665710887717
0.2827284664371502
0.28252032677297656
0.2823122358025978
0.28210419119046404
0.2818961905789859
0.28168823158828105
0.28148031181591804
0.2812724288366558
0.2810645802021785
0.2808567634408282
0.28064897605733097
0.28044121553252216
0.2802334793230635
0.2800257648611587
0.27981806955426547
0.2796103907848001
0.27940272590984006
0.2791950722608224
0.27898742714323554
0.2787797878363091
0.2785721515926969
0.2783645156381571
0.2781568771712263
0.2779492333628898
0.27774158135624694
0.2775339182661703
0.27732624117896265
0.277118547152006
0.27691083321340815
0.27670309636164203
0.2764953335651806
0.2762875417621282
0.27607971785984387
0.27587185873456205
0.27566396123100484
0.2754560221619925
0.27524803830804506
0.275040006416981
0.27483192320350847
0.27462378534881215
0.27441558950013345
0.2742073322703453
0.27399901023752166
0.27379061994450044
0.2735821578984401
0.27337362057037157
0.2731650043947435
0.27295630576895985
0.2727475210529149
0.2725386465685177
0.2723296785992143
0.2721206133894999
0.2719114471444281
0.2717021760291109
0.2714927961682145
0.2712833036454456
0.27107369450303526
0.27086396474121227
0.27065411031767117
0.27044412714703536
0.27023401110030953
0.27002375800432943
0.2698133636412018
0.2696028237477387
0.26939213401488504
0.26918129008713765
0.2689702875619593
0.2687591219891851
0.26854778887041997
0.2683362836584317
0.2681246017565357
0.26791273851797104
0.2677006892452726
0.2674884491896331
0.2672760135502594
0.2670633774737204
0.26685053605328923
0.2666374843282774
0.26642421728336063
0.26621072984789984
0.2659970168952518
0.2657830732420754
0.26556889364763
0.26535447281306407
0.26513980538070064
0.2649248859333122
0.26470970899339086
0.26449426902240936
0.2642785604200771
0.26406257752358736
0.2638463146068593
0.26362976587977033
0.263412925487386
0.26319578750917877
0.26297834595824265
0.26276059478050107
0.2625425278539077
0.262324138987641
0.2621054219212926
0.2618863703240508
0.2616669777938757
0.2614472378566705
0.2612271439654479
0.2610066894994869
0.2607858677634899
0.2605646719867304
0.260343095322198
0.260121130845738
0.259898771555187
0.2596760103695031
0.25945284012789377
0.25922925358894017
0.25900524342971565
0.2587808022449043
0.25855592254591386
0.25833059675998904
0.25810481722932144
0.25787857621015664
0.25765186587190186
0.2574246782962325
0.2571970054761967
0.25696883931532255
0.2567401716267221
0.25651099413220013
0.2562812984613635
0.2560510761507283
0.2558203186428379
0.2555890172853755
0.25535716333028524
0.25512474793289946
0.2548917621510647
0.2546581969442799
0.2544240431728373
0.2541892915969729
0.2539539328760233
0.25371795756759147
0.2534813561267246
0.25324411890509957
0.2530062361502219
0.25276769800463555
0.2525284945051489
0.25228861558207255
0.25204805105847256
0.25180679064944406
0.25156482396139773
0.25132214049136886
0.2510787296263452
0.25083458064261555
0.25058968270514326
0.2503440248669615
0.25009759606859544
0.24985038513751168
0.24960238078759409
0.24935357161865218
0.2491039461159597
0.24885349264982587
0.2486021994752028
0.2483500547313285
0.2480970464414086
0.24784316251233904
0.24758839073446867
0.2473327187814091
0.2470761342098874
0.24681862445964892
0.2465601768534096
0.24630077859686103
0.24604041677872945
0.24577907837089197
0.2455167502285517
0.2452534190904756
0.24498907157929428
0.24472369420187068
0.2444572733497347
0.24418979529959373
0.2439212462139137
0.24365161214157938
0.24338087901863292
0.2431090326690975
0.24283605880588482
0.24256194303178985
0.24228667084058145
0.24201022761818253
0.24173259864395158
0.24145376909206331
0.24117372403299323
0.24089244843511134
0.24060992716638308
0.24032614499618773
0.24004108659725154
0.2397547365477022
0.23946707933324873
0.23917809934948417
0.23888778090432788
0.23859610822059216
0.2383030654386941
0.23800863661950689
0.23771280574735407
0.23741555673315518
0.23711687341772306
0.23681673957521499
0.23651513891674508
0.23621205509415752
0.23590747170396745
0.23560137229147118
0.23529374035502812
0.23498455935052065
0.2346738126959919
0.23436148377646893
0.23404755594896898
0.23373201254769668
0.2334148368894329
0.2330960122791187
0.23277552201563623
0.23245334939779214
0.23212947773050094
0.23180389033117674
0.23147657053633022
0.2311475017083769
0.2308166672426559
0.2304840505746632
0.23014963518749829
0.22981340461952757
0.22947534247226517
0.22913543241847223
0.2287936582104724
0.2284500036886893
0.22810445279040062
0.22775698955871157
0.22740759815174721
0.2270562628520601
0.22670296807625517
0.2263476983848286
0.2259904384922188
0.2256311732770668
0.22526988779268564
0.22490656727773112
0.22454119716707563
0.2241737631028762
0.2238042509458369
0.22343264678665486
0.22305893695765233
0.2226831080445802
0.22230514689859415
0.22192504064839103
0.22154277671250186
0.2211583428117307
0.2207717269817335
0.22038291758572545
0.21999190332730928
0.21959867326341265
0.21920321681732652
0.21880552379182963
0.218405584382391
0.21800338919043605
0.21759892923666355
0.21719219597440115
0.21678318130298335
0.21637187758114151
0.2159582776403842
0.21554237479836041
0.21512416287218233
0.2147036361916963
0.21428078961268188
0.21385561852996235
0.2134281188904099
0.21299828720582592
0.21256612056567636
0.21213161664966748
0.2116947737401374
0.21125559073424732
0.21081406715594916
0.21037020316771482
0.20992399958199973
0.20947545787242491
0.20902458018465506
0.2085713693469525
0.2081158288803846
0.2076579630086668
0.2071977766676161
0.2067352755141991
0.2062704659351503
0.20580335505514202
0.20533395074448532
0.20486226162634386
0.20438829708343775
0.20391206726422123
0.20343358308851567
0.20295285625257845
0.20246989923359066
0.20198472529354794
0.20149734848253747
0.20100778364138577
0.20051604640366275
0.2000221531970298
0.19952612124391642
0.1990279685615167
0.19852771396109198
0.1980253770465727
0.1975209782124478
0.1970145386409378
0.19650608029844058
0.1959956259312511
0.1954831990605434
0.19496882397661966
0.19445252573241942
0.1939343301362926
0.19341426374403684
0.19289235385020054
0.1923686284786559
0.19184311637245063
0.19131584698294044
0.19078685045821459
0.1902561576308218
0.18972380000480726
0.18918980974207666
0.18865421964809534
0.1881170631569423
0.18757837431573438
0.18703818776843473
0.18649653873907066
0.18595346301437374
0.18540899692587004
0.1848631773314373
0.1843160415963551
0.18376762757387258
0.1832179735853162
0.1826671183997679
0.1821151012133347
0.18156196162804475
0.1810077396303899
0.18045247556955196
0.17989621013533444
0.17933898433583487
0.1787808394748882
0.17822181712930538
0.1776619591259484
0.17710130751866215
0.176539904565103
0.17597779270348807
0.1754150145293026
0.1748516127719916
0.17428763027166777
0.1737231099558686
0.17315809481638808
0.17259262788621785
0.17202675221662214
0.17146051085437847
0.17089394681921122
0.1703271030814435
0.1697600225398975
0.1691927480000663
0.1686253221525817
0.16805778755200543
0.16749018659596362
0.16692256150464788
0.16635495430070457
0.1657874067895322
0.1652199605400055
0.16465265686564493
0.16408553680624843
0.1635186411100004
0.16295201021607375
0.16238568423773797
0.16181970294598513
0.16125410575368598
0.16068893170028517
0.16012421943704624
0.15956000721285077
0.15899633286056308
0.15843323378396146
0.15787074694524308
0.15730890885310575
0.15674775555140708
0.1561873226084041
0.1556276451065727
0.15506875763300726
0.15451069427039596
0.15395348858857322
0.15339717363664238
0.15284178193566553
0.1522873454719156
0.15173389569068552
0.15118146349064412
0.15063007921873736
0.15007977266562053
0.14953057306161754
0.14898250907319568
0.14843560879994644
0.14788989977206268
0.1473454089483011
0.14680216271441734
0.14626018688206577
0.14571950668814754
0.14518014679459862
0.1446421312886025
0.1441054836832171
0.14357022691839944
0.14303638336242025
0.14250397481365035
0.141973022502708
0.14144354709495296
0.14091556869331462
0.14038910684143904
0.13986418052714425
0.13934080818616634
0.13881900770618788
0.13829879643113077
0.13778019116570359
0.1372632081801883
0.13674786321545596
0.1362341714881949
0.13572214769634283
0.13521180602470875
0.13470316015077108
0.13419622325064257
0.1336910080051905
0.13318752660629815
0.13268579076325737
0.13218581170928526
0.1316876002081463
0.13119116656087904
0.13069652061260925
0.13020367175944525
0.12971262895544378
0.12922340071963606
0.12873599514310863
0.12825041989612765
0.12776668223529866
0.12728478901075554
0.12680474667336997
0.12632656128197392
0.12585023851058744
0.12537578365564792
0.12490320164323174
0.12443249703626114
0.12396367404169564
0.12349673651769613
0.12303168798076075
0.12256853161282558
0.12210727026832632
0.1216479064812149
0.12119044247192934
0.12073488015431065
0.12028122114246376
0.119829466757559
0.11937961803457127
0.11893167572895336
0.11848564032323955
0.1180415120335801
0.11759929081619924
0.11715897637377995
0.1167205681617687
0.1162840653946019
0.11584946705184897
0.11541677188427393
0.11498597841981237
0.11455708496946118
0.11413008963308427
0.1137049903051275
0.11328178468024805
0.1128604702588529
0.11244104435254851
0.11202350408950057
0.11160784641970306
0.11119406812015686
0.11078216579995838
0.11037213590529729
0.10996397472436381
0.10955767839216576
0.10915324289525613
0.10875066407637038
0.10834993763897502
0.10795105915172759
0.1075540240528483
0.10715882765440371
0.1067654651465054
0.10637393160141989
0.10598422197759562
0.10559633112360362
0.10521025378199657
0.10482598459308244
0.1044435180986186
0.10406284874542376
0.10368397088891124
0.10330687879654152
0.10293156665119878
0.10255802855448969
0.10218625852996707
0.10181625052627793
0.10144799842023919
0.1010814960198408
0.10071673706717668
0.10035371524130662
0.09999242416104898
0.09963285738770485
0.09927500842771642
0.09891887073525946
0.09856443771477112
0.0982117027234154
0.09786065907348522
0.09751130003474466
0.097163618836711
0.09681760867087787
0.09647326269288137
0.09613057402460921
0.0957895357562549
0.09545014094831776
0.09511238263354907
0.09477625381884763
0.09444174748710278
0.09410885659898864
0.09377757409470877
0.09344789289569347
0.0931198059062496
0.09279330601516608
0.0924683860972726
0.09214503901495578
0.09182325761963221
0.0915030347531797
0.09118436324932695
0.09086723593500404
0.09055164563165304
0.0902375851565009
0.08992504732379475
0.08961402494600088
0.08930451083496707
0.08899649780305247
0.08868997866422032
0.08838494623510035
0.08808139333601706
0.08777931279198688
0.08747869743368453
0.08717954009837911
0.08688183363084119
0.08658557088422068
0.08629074472089696
0.0859973480133019
0.08570537364471612
0.08541481451003936
0.08512566351653554
0.08483791358455299
0.0845515576482211
0.08426658865612294
0.08398299957194555
0.083700783375108
0.08341993306136679
0.08314044164340138
0.08286230215137887
0.08258550763349784
0.08231005115651305
0.0820359258062416
0.08176312468805057
0.08149164092732493
0.08122146766992044
0.08095259808259772
0.08068502535343929
0.08041874269225263
0.08015374333095489
0.07989002052394378
0.07962756754845274
0.07936637770489224
0.07910644431717635
0.07884776073303562
0.0785903203243167
0.07833411648726915
0.07807914264281848
0.0778253922368285
0.07757285874035012
0.07732153564985939
0.07707141648748392
0.07682249480121822
0.07657476416512807
0.07632821817954509
0.0760828504712506
0.07583865469364982
0.07559562452693633
0.07535375367824738
0.07511303588181018
0.07487346489907903
0.07463503451886463
0.07439773855745423
0.07416157085872388
0.07392652529424393
0.07369259576337507
0.07345977619335842
0.07322806053939782
0.07299744278473587
0.0727679169407213
0.07253947704687255
0.07231211717093258
0.07208583140891897
0.07186061388516705
0.07163645875236781
0.07141336019160005
0.07119131241235688
0.07097030965256698
0.07075034617861066
0.07053141628533116
0.07031351429604052
0.07009663456252208
0.06988077146502582
0.06966591941226263
0.06945207284139168
0.06923922621800498
0.06902737403610702
0.06881651081809165
0.06860663111471435
0.06839772950506076
0.06818980059651243
0.06798283902470866
0.06777683945350477
0.06757179657492803
0.06736770510912941
0.06716455980433356
0.06696235543678451
0.06676108681069018
0.06656074875816254
0.0663613361391565
0.06616284384140544
0.06596526678035466
0.06576859989909303
0.06557283816828055
0.06537797658607626
0.06518401017806227
0.06499093399716585
0.06479874312358061
0.06460743266468492
0.06441699775495868
0.06422743355589855
0.0640387352559314
0.06385089807032593
0.0636639172411034
0.06347778803694602
0.06329250575310444
0.06310806571130377
0.06292446325964822
0.0627416937725247
0.06255975265050487
0.06237863532024615
0.062198337234392
0.062018853871470644
0.06184018073579292
0.06166231335734887
0.06148524729170521
0.06130897811989855
0.06113350144833128
0.06095881290866433
0.06078490815770997
0.060611782877324785
0.06043943277429979
0.06026785358025227
0.060097041051515795
0.0599269909690293
0.05975769913822718
0.059589161388926976
0.05942137357521827
0.059254331575349886
0.05908803129161798
0.05892246865025201
0.05875763960130233
0.058593540118525994
0.058430166199272965
0.0582675138643717
0.0581055791580153
0.05794435814764617
0.057783846923841545
0.05762404160019845
0.057464938313218625
0.05730653322219299
0.05714882250908692
0.05699180237842412
0.05683546905717154
0.056679818794623985
0.056524847862288424
0.05637055255376826
0.05621692918464859
0.05606397409237966
0.05591168363616272
0.05576005419683358
0.05560908217674832
0.0554587639996672
0.055309096110640804
0.05516007497589409
0.055011697082712405
0.05486395893932666
0.05471685707479877
0.05457038803890776
0.05442454840203565
0.054279334755053615
0.05413474370920844
0.05399077189600924
0.05384741596711425
0.053704672594218156
0.053562538468939366
0.05342101030270782
0.05328008482665308
0.053139758791492075
0.05300002896741851
0.052860892143991096
0.05272234513002294
0.052584384753471325
0.052447007861327305
0.05231021131950588
0.05217399201273676
0.05203834684445517
0.05190327273669304
0.05176876662997103
0.051634825483190025
0.05150144627352366
0.051368625996311465
0.05123636166495159
0.05110465031079463
0.05097348898303747
0.05084287474861772
0.05071280469210849
0.050583275915613526
0.05045428553866287
0.05032583069810888
0.050197908548022724
0.05007051625959129
0.04994365102101432
