0.49034572337721644
0.5209325555766273
0.5200393487806082
0.5194193752082288
0.5189742776287599
0.5186548168801105
0.5184257203517487
0.5182614736959776
0.5181436866142168
0.518059139695433
0.5179983496969983
0.5179545239965804
0.5179228029543124
0.5178997131291097
0.5178827738245377
0.5178702145737201
0.5178607726037807
0.5178535478103272
0.5178478990066971
0.5178433697544906
0.5178396353725145
0.5178364650959947
0.5178336950668874
0.5178312090634674
0.5178289247575418
0.5178267839181088
0.5178247454315515
0.5178227803312381
0.5178208682601624
0.5178189949551839
0.5178171504592392
0.5178153278520444
0.5178135223498864
0.5178117306679904
0.5178099505695497
0.5178081805473458
0.5178064195994552
0.517804667071642
0.5178029225469558
0.5178011857686861
0.5177994565868449
0.5177977349212055
0.5177960207359597
0.5177943140224996
0.5177926147878582
0.5177909230470717
0.5177892388182412
0.5177875621194389
0.5177858929668606
0.5177842313738097
0.5177825773502266
0.5177809309025645
0.5177792920338797
0.5177776607440457
0.5177760370300315
0.5177744208862043
0.5177728123046356
0.5177712112753918
0.5177696177868044
0.5177680318257145
0.5177664533776909
0.5177648824272221
0.5177633189578843
0.5177617629524861
0.5177602143931942
0.5177586732616403
0.517757139539013
0.5177556132061357
0.5177540942435324
0.5177525826314839
0.5177510783500758
0.5177495813792381
0.5177480916987788
0.5177466092884124
0.5177451341277838
0.517743666196488
0.517742205474088
0.5177407519401269
0.5177393055741422
0.517737866355673
0.5177364342642705
0.5177350092795037
0.5177335913809652
0.5177321805482764
0.5177307767610908
0.5177293799990981
0.5177279902420258
0.5177266074696427
0.51772523166176
0.5177238627982326
0.5177225008589608
0.5177211458238915
0.5177197976730177
0.5177184563863804
0.5177171219440693
0.5177157943262216
0.5177144735130237
0.5177131594847109
0.5177118522215673
0.5177105517039267
0.5177092579121712
0.5177079708267323
0.5177066904280908
0.5177054166967765
0.5177041496133673
0.5177028891584909
0.517701635312823
0.5177003880570877
0.517699147372058
0.5176979132385543
0.5176966856374454
0.5176954645496478
0.5176942499561257
0.5176930418378904
0.5176918401760012
0.5176906449515634
0.5176894561457299
0.5176882737397001
0.5176870977147193
0.51768592805208
0.5176847647331199
0.5176836077392233
0.5176824570518195
0.5176813126523838
0.517680174522436
0.5176790426435423
0.5176779169973121
0.517676797565401
0.5176756843295081
0.5176745772713771
0.5176734763727959
0.517672381615596
0.5176712929816534
0.5176702104528861
0.517669134011257
0.5176680636387712
0.5176669993174771
0.5176659410294657
0.5176648887568704
0.5176638424818677
0.5176628021866754
0.5176617678535538
0.5176607394648048
0.5176597170027721
0.5176587004498411
0.5176576897884376
0.5176566850010297
0.5176556860701251
0.5176546929782733
0.5176537057080639
0.5176527242421266
0.517651748563132
0.5176507786537902
0.5176498144968509
0.5176488560751042
0.5176479033713793
0.5176469563685445
0.5176460150495077
0.5176450793972154
0.5176441493946529
0.5176432250248444
0.5176423062708525
0.517641393115778
0.5176404855427595
0.5176395835349743
0.5176386870756369
0.5176377961479994
0.5176369107353522
0.5176360308210217
0.5176351563883723
0.5176342874208053
0.5176334239017586
0.5176325658147065
0.5176317131431605
0.5176308658706676
0.5176300239808119
0.5176291874572125
0.5176283562835253
0.5176275304434409
0.5176267099206862
0.5176258946990233
0.5176250847622496
0.5176242800941973
0.5176234806787333
0.5176226864997601
0.5176218975412142
0.5176211137870669
0.5176203352213233
0.517619561828023
0.5176187935912401
0.5176180304950816
0.5176172725236889
0.5176165196612366
0.517615771891933
0.5176150292000193
0.5176142915697706
0.5176135589854943
0.5176128314315307
0.5176121088922532
0.5176113913520675
0.5176106787954114
0.5176099712067557
0.5176092685706029
0.5176085708714876
0.5176078780939761
0.5176071902226667
0.517606507242189
0.5176058291372045
0.5176051558924055
0.5176044874925158
0.51760382392229
0.5176031651665141
0.5176025112100041
0.5176018620376074
0.5176012176342015
0.5176005779846944
0.5175999430740245
0.5175993128871599
0.517598687409099
0.5175980666248701
0.5175974505195311
0.5175968390781694
0.5175962322859026
0.5175956301278765
0.5175950325892669
0.5175944396552783
0.5175938513111445
0.5175932675421283
0.5175926883335208
0.5175921136706418
0.5175915435388396
0.5175909779234912
0.5175904168100012
0.5175898601838027
0.5175893080303571
0.5175887603351532
0.5175882170837076
0.5175876782615646
0.5175871438542963
0.5175866138475018
0.5175860882268077
0.5175855669778681
0.5175850500863635
0.5175845375380017
0.5175840293185173
0.5175835254136718
0.5175830258092528
0.5175825304910748
0.5175820394449788
0.5175815526568318
0.517581070112527
0.5175805917979834
0.5175801176991466
0.5175796478019876
0.5175791820925029
0.5175787205567152
0.5175782631806721
0.517577809950447
0.5175773608521386
0.5175769158718705
0.5175764749957914
0.5175760382100754
0.5175756055009212
0.5175751768545519
0.5175747522572159
0.517574331695186
0.5175739151547591
0.5175735026222565
0.5175730940840246
0.5175726895264328
0.5175722889358751
0.5175718922987698
0.5175714996015582
0.517571110830706
0.5175707259727025
0.5175703450140606
0.5175699679413163
0.517569594741029
0.5175692253997819
0.5175688599041812
0.5175684982408557
0.5175681403964576
0.517567786357662
0.5175674361111665
0.5175670896436919
0.5175667469419811
0.5175664079928001
0.5175660727829366
0.5175657412992014
0.5175654135284269
0.5175650894574677
0.5175647690732014
0.5175644523625265
0.5175641393123637
0.5175638299096557
0.5175635241413666
0.5175632219944825
0.5175629234560112
0.5175626285129808
0.5175623371524425
0.5175620493614673
0.5175617651271479
0.5175614844365986
0.5175612072769538
0.5175609336353697
0.517560663499023
0.5175603968551111
0.5175601336908523
0.5175598739934851
0.5175596177502693
0.5175593649484842
0.5175591155754302
0.5175588696184277
0.5175586270648178
0.5175583879019605
0.5175581521172371
0.5175579196980484
0.5175576906318151
0.5175574649059778
0.5175572425079966
0.5175570234253516
0.5175568076455423
0.5175565951560877
0.5175563859445261
0.5175561799984157
0.5175559773053336
0.5175557778528761
0.5175555816286586
0.5175553886203156
0.5175551988155009
0.5175550122018868
0.5175548287671649
0.5175546484990449
0.517554471385256
0.5175542974135453
0.5175541265716793
0.517553958847442
0.5175537942286366
0.5175536327030843
0.5175534742586247
0.517553318883116
0.5175531665644336
0.5175530172904719
0.5175528710491428
0.5175527278283764
0.5175525876161204
0.5175524504003408
0.517552316169021
0.5175521849101621
0.5175520566117827
0.5175519312619195
0.5175518088486262
0.5175516893599738
0.5175515727840512
0.5175514591089643
0.5175513483228362
0.5175512404138074
0.5175511353700353
0.5175510331796943
0.5175509338309761
0.517550837312089
0.5175507436112581
0.5175506527167261
0.5175505646167516
0.5175504792996101
0.5175503967535939
0.5175503169670119
0.5175502399281893
0.517550165625468
0.5175500940472059
0.5175500251817777
0.5175499590175745
0.5175498955430028
0.5175498347464863
0.5175497766164641
0.5175497211413917
0.5175496683097405
0.5175496181099981
0.5175495705306674
0.5175495255602678
0.5175494831873341
0.517549443400417
0.5175494061880831
0.5175493715389141
0.5175493394415076
0.517549309884477
0.5175492828564509
0.517549258346073
0.5175492363420027
0.5175492168329151
0.5175491998075001
0.5175491852544627
0.5175491731625236
0.5175491635204182
0.5175491563168974
0.5175491515407267
0.5175491491806866
0.5175491492255729
0.517549151664196
0.5175491564853814
0.5175491636779691
0.5175491732308138
0.5175491851327852
0.5175491993727679
0.5175492159396603
0.5175492348223758
0.5175492560098425
0.5175492794910027
0.5175493052548135
0.5175493332902459
0.5175493635862856
0.5175493961319322
0.5175494309162001
0.5175494679281176
0.5175495071567272
0.5175495485910857
0.5175495922202638
0.517549638033346
0.5175496860194314
0.5175497361676327
0.5175497884670764
0.5175498429069034
0.5175498994762681
0.5175499581643386
0.5175500189602968
0.5175500818533384
0.5175501468326731
0.5175502138875238
0.5175502830071268
0.5175503541807333
0.517550427397606
0.5175505026470231
0.5175505799182747
0.5175506592006649
0.5175507404835119
0.517550823756146
0.5175509090079118
0.5175509962281666
0.5175510854062813
0.5175511765316397
0.5175512695936391
0.5175513645816895
0.5175514614852147
0.5175515602936507
0.5175516609964474
0.5175517635830673
0.5175518680429853
0.5175519743656903
0.517552082540684
0.5175521925574798
0.5175523044056052
0.5175524180746
0.5175525335540169
0.5175526508334213
0.517552769902391
0.5175528907505171
0.517553013367403
0.5175531377426649
0.5175532638659314
0.5175533917268436
0.5175535213150555
0.5175536526202332
0.5175537856320558
0.5175539203402144
0.5175540567344126
0.5175541948043664
0.5175543345398044
0.5175544759304673
0.5175546189661082
0.5175547636364926
0.5175549099313979
0.5175550578406143
0.5175552073539434
0.5175553584612002
0.5175555111522104
0.517555665416813
0.5175558212448585
0.5175559786262098
0.5175561375507418
0.5175562980083409
0.5175564599889062
0.5175566234823488
0.5175567884785911
0.5175569549675683
0.5175571229392266
0.5175572923835249
0.5175574632904332
0.5175576356499343
0.517557809452022
0.5175579846867022
0.5175581613439925
0.5175583394139227
0.5175585188865337
0.5175586997518784
0.5175588820000214
0.5175590656210393
0.5175592506050196
0.5175594369420622
0.5175596246222781
0.5175598136357901
0.5175600039727328
0.5175601956232518
0.5175603885775046
0.5175605828256606
0.5175607783579
0.5175609751644147
0.5175611732354082
0.5175613725610955
0.5175615731317029
0.5175617749374682
0.5175619779686405
0.5175621822154803
0.5175623876682595
0.5175625943172613
0.5175628021527805
0.5175630111651226
0.5175632213446053
0.5175634326815567
0.5175636451663167
0.5175638587892362
0.5175640735406777
0.5175642894110144
0.5175645063906312
0.5175647244699239
0.5175649436392995
0.5175651638891763
0.5175653852099835
0.5175656075921622
0.5175658310261634
0.5175660555024503
0.5175662810114967
0.5175665075437876
0.517566735089819
0.517566963640098
0.5175671931851429
0.5175674237154829
0.5175676552216584
0.5175678876942202
0.5175681211237311
0.5175683555007644
0.517568590815904
0.5175688270597454
0.5175690642228951
0.5175693022959694
0.5175695412695975
0.5175697811344181
0.517570021881081
0.5175702635002473
0.5175705059825888
0.5175707493187884
0.5175709934995394
0.5175712385155468
0.5175714843575254
0.5175717310162022
0.5175719784823138
0.5175722267466083
0.5175724757998444
0.5175727256327922
0.517572976236232
0.5175732276009549
0.5175734797177634
0.5175737325774703
0.5175739861708993
0.517574240488885
0.5175744955222731
0.5175747512619191
0.5175750076986905
0.5175752648234647
0.5175755226271302
0.5175757811005866
0.5175760402347435
0.5175763000205216
0.5175765604488528
0.5175768215106791
0.5175770831969537
0.5175773454986402
0.5175776084067131
0.5175778719121576
0.5175781360059697
0.517578400679156
0.5175786659227342
0.5175789317277318
0.5175791980851884
0.5175794649861529
0.5175797324216858
0.517580000382858
0.5175802688607514
0.5175805378464582
0.5175808073310815
0.5175810773057351
0.5175813477615434
0.5175816186896418
0.517581890081176
0.5175821619273027
0.5175824342191891
0.5175827069480131
0.5175829801049634
0.5175832536812397
0.5175835276680516
0.5175838020566202
0.5175840768381768
0.5175843520039635
0.5175846275452334
0.5175849034532496
0.5175851797192869
0.5175854563346296
0.517585733290574
0.517586010578426
0.5175862881895028
0.5175865661151323
0.5175868443466528
0.5175871228754134
0.5175874016927741
0.5175876807901054
0.5175879601587887
0.517588239790216
0.51758851967579
0.5175887998069244
0.5175890801750431
0.5175893607715811
0.517589641587984
0.5175899226157086
0.5175902038462216
0.5175904852710009
0.5175907668815352
0.5175910486693239
0.5175913306258775
0.5175916127427163
0.5175918950113719
0.5175921774233875
0.5175924599703154
0.5175927426437201
0.5175930254351763
0.5175933083362694
0.5175935913385961
0.517593874433763
0.5175941576133883
0.5175944408691008
0.51759472419254
0.5175950075753564
0.5175952910092111
0.5175955744857762
0.5175958579967344
0.5175961415337796
0.5175964250886166
0.5175967086529605
0.5175969922185377
0.5175972757770854
0.5175975593203518
0.5175978428400957
0.517598126328087
0.5175984097761064
0.5175986931759456
0.5175989765194072
0.5175992597983048
0.5175995430044626
0.5175998261297159
0.5176001091659115
0.5176003921049063
0.5176006749385684
0.5176009576587774
0.5176012402574235
0.5176015227264078
0.5176018050576423
0.5176020872430503
0.5176023692745662
0.5176026511441351
0.5176029328437133
0.517603214365268
0.5176034957007779
0.5176037768422324
0.5176040577816314
0.5176043385109876
0.5176046190223228
0.5176048993076713
0.5176051793590777
0.5176054591685983
0.5176057387283003
0.5176060180302618
0.5176062970665725
0.5176065758293329
0.5176068543106551
0.5176071325026618
0.5176074103974874
0.5176076879872772
0.5176079652641881
0.5176082422203876
0.5176085188480553
0.5176087951393812
0.5176090710865673
0.5176093466818261
0.5176096219173822
0.517609896785471
0.5176101712783394
0.5176104453882455
0.5176107191074587
0.5176109924282601
0.5176112653429417
0.5176115378438072
0.5176118099231717
0.5176120815733611
0.517612352786714
0.5176126235555789
0.5176128938723168
0.5176131637292998
0.5176134331189115
0.5176137020335467
0.5176139704656123
0.5176142384075262
0.5176145058517179
0.5176147727906286
0.5176150392167107
0.5176153051224287
0.5176155705002582
0.5176158353426866
0.5176160996422129
0.5176163633913475
0.5176166265826129
0.5176168892085424
0.5176171512616818
0.5176174127345885
0.5176176736198309
0.5176179339099899
0.5176181935976576
0.5176184526754375
0.5176187111359458
0.51761896897181
0.5176192261756691
0.5176194827401742
0.517619738657988
0.5176199939217854
0.5176202485242526
0.5176205024580876
0.5176207557160013
0.5176210082907149
0.5176212601749629
0.5176215113614908
0.5176217618430563
0.5176220116124293
0.517622260662391
0.5176225089857356
0.5176227565752679
0.517623003423806
0.517623249524179
0.5176234948692289
0.5176237394518091
0.5176239832647851
0.5176242263010349
0.5176244685534483
0.5176247100149272
0.5176249506783853
0.5176251905367494
0.5176254295829574
0.51762566780996
0.5176259052107195
0.5176261417782113
0.5176263775054224
0.5176266123853517
0.5176268464110112
0.5176270795754246
0.5176273118716281
0.5176275432926702
0.5176277738316112
0.5176280034815246
0.5176282322354955
0.5176284600866219
0.5176286870280138
0.5176289130527935
0.5176291381540965
0.5176293623250696
0.5176295855588731
0.517629807848679
0.5176300291876719
0.5176302495690495
0.5176304689860212
0.5176306874318094
0.5176309048996489
0.5176311213827871
0.517631336874484
0.5176315513680121
0.5176317648566566
0.5176319773337151
0.5176321887924984
0.5176323992263296
0.517632608628544
0.5176328169924905
0.5176330243115304
0.517633230579037
0.5176334357883976
0.5176336399330113
0.5176338430062903
0.5176340450016598
0.5176342459125576
0.517634445732434
0.5176346444547529
0.5176348420729905
0.5176350385806363
0.5176352339711917
0.5176354282381723
0.5176356213751063
0.5176358133755342
0.51763600423301
0.5176361939411008
0.5176363824933864
0.5176365698834595
0.5176367561049262
0.5176369411514057
0.5176371250165297
0.5176373076939436
0.5176374891773055
0.5176376694602867
0.5176378485365721
0.5176380263998588
0.5176382030438582
0.5176383784622939
0.5176385526489033
0.517638725597437
0.5176388973016584
0.5176390677553446
0.5176392369522858
0.5176394048862853
0.5176395715511604
0.5176397369407408
0.51763990104887
0.517640063869405
0.5176402253962161
0.5176403856231867
0.5176405445442136
0.5176407021532077
0.5176408584440925
0.5176410134108054
0.5176411670472975
0.5176413193475325
0.5176414703054889
0.5176416199151574
0.5176417681705433
0.5176419150656648
0.5176420605945538
0.5176422047512559
0.5176423475298304
0.5176424889243503
0.5176426289289018
0.5176427675375848
0.5176429047445132
0.5176430405438149
0.5176431749296305
0.5176433078961153
0.5176434394374376
0.5176435695477798
0.5176436982213382
0.5176438254523225
0.5176439512349567
0.5176440755634781
0.5176441984321383
0.5176443198352022
0.5176444397669493
0.5176445582216721
0.5176446751936776
0.5176447906772867
0.5176449046668341
0.5176450171566682
0.5176451281411518
0.5176452376146614
0.5176453455715875
0.5176454520063347
0.5176455569133216
0.5176456602869808
0.5176457621217585
0.5176458624121161
0.5176459611525279
0.517646058337483
0.5176461539614845
0.5176462480190491
0.5176463405047084
0.5176464314130076
0.5176465207385064
0.5176466084757785
0.5176466946194118
0.5176467791640085
0.5176468621041849
0.5176469434345716
0.5176470231498138
0.5176471012445701
0.5176471777135143
0.5176472525513338
0.517647325752731
0.5176473973124218
0.5176474672251371
0.517647535485622
0.5176476020886358
0.5176476670289522
0.5176477303013594
0.5176477919006598
0.5176478518216705
0.517647910059223
0.5176479666081628
0.5176480214633508
0.5176480746196611
0.5176481260719832
0.5176481758152209
0.5176482238442922
0.5176482701541303
0.517648314739682
0.5176483575959094
0.5176483987177888
0.5176484381003111
0.517648475738482
0.5176485116273217
0.5176485457618645
0.51764857813716
0.5176486087482722
0.5176486375902795
0.5176486646582754
0.5176486899473676
0.5176487134526788
0.5176487351693462
0.5176487550925217
0.5176487732173723
0.5176487895390788
0.517648804052838
0.51764881675386
0.5176488276373707
0.5176488366986107
0.5176488439328347
0.5176488493353129
0.5176488529013297
0.5176488546261846
0.5176488545051919
0.5176488525336808
0.517648848706995
0.5176488430204935
0.5176488354695499
0.5176488260495523
0.5176488147559042
0.5176488015840237
0.517648786529344
0.517648769587313
0.5176487507533933
0.517648730023063
0.5176487073918145
0.5176486828551556
0.5176486564086084
0.5176486280477106
0.5176485977680146
0.5176485655650878
0.5176485314345123
0.5176484953718855
0.5176484573728195
0.5176484174329417
0.517648375547894
0.5176483317133338
0.5176482859249334
0.5176482381783797
0.5176481884693752
0.517648136793637
0.5176480831468973
0.5176480275249034
0.5176479699234176
0.5176479103382173
0.517647848765095
0.517647785199858
0.5176477196383291
0.5176476520763456
0.5176475825097602
0.5176475109344408
0.5176474373462698
0.5176473617411456
0.5176472841149807
0.5176472044637035
0.517647122783257
0.5176470390695992
0.5176469533187037
0.5176468655265591
0.5176467756891686
0.5176466838025511
0.5176465898627403
0.5176464938657848
0.517646395807749
0.5176462956847118
0.5176461934927675
0.5176460892280255
0.5176459828866101
0.5176458744646611
0.5176457639583332
0.5176456513637961
0.517645536677235
0.51764541989485
0.5176453010128562
0.5176451800274844
0.5176450569349795
0.5176449317316025
0.5176448044136294
0.5176446749773509
0.5176445434190727
0.5176444097351165
0.5176442739218186
0.51764413597553
0.5176439958926177
0.5176438536694633
0.5176437093024635
0.5176435627880304
0.517643414122591
0.5176432633025875
0.5176431103244772
0.5176429551847325
0.517642797879841
0.5176426384063055
0.5176424767606435
0.5176423129393878
0.5176421469390866
0.5176419787563029
0.5176418083876149
0.5176416358296156
0.5176414610789136
0.5176412841321323
0.5176411049859099
0.5176409236369002
0.5176407400817715
0.517640554317208
0.517640366339908
0.5176401761465853
0.517639983733969
0.5176397890988028
0.5176395922378456
0.5176393931478713
0.5176391918256686
0.5176389882680419
0.5176387824718097
0.5176385744338063
0.5176383641508803
0.517638151619896
0.5176379368377318
0.5176377198012818
0.5176375005074549
0.5176372789531747
0.5176370551353797
0.5176368290510237
0.5176366006970753
0.5176363700705177
0.5176361371683494
0.5176359019875837
0.5176356645252485
0.5176354247783868
0.5176351827440565
0.51763493841933
0.5176346918012952
0.5176344428870542
0.5176341916737239
0.5176339381584368
0.5176336823383393
0.5176334242105927
0.5176331637723735
0.5176329010208727
0.5176326359532958
0.5176323685668636
0.5176320988588109
0.5176318268263879
0.5176315524668589
0.5176312757775033
0.5176309967556149
0.5176307153985018
0.5176304317034878
0.51763014566791
0.5176298572891211
0.5176295665644879
0.5176292734913915
0.5176289780672284
0.5176286802894088
0.5176283801553576
0.5176280776625144
0.5176277728083334
0.5176274655902827
0.5176271560058452
0.5176268440525184
0.5176265297278139
0.5176262130292575
0.5176258939543898
0.5176255725007656
0.517625248665954
0.5176249224475382
0.5176245938431161
0.5176242628502995
0.5176239294667146
0.5176235936900018
0.5176232555178155
0.5176229149478249
0.5176225719777124
0.5176222266051757
0.5176218788279253
0.5176215286436868
0.5176211760501996
0.5176208210452169
0.517620463626506
0.5176201037918488
0.51761974153904
0.5176193768658894
0.5176190097702199
0.5176186402498688
0.5176182683026869
0.5176178939265395
0.5176175171193048
0.5176171378788756
0.517616756203158
0.5176163720900717
0.517615985537551
0.5176155965435428
0.5176152051060082
0.5176148112229222
0.517614414892273
0.517614016112062
0.5176136148803052
0.5176132111950313
0.5176128050542829
0.5176123964561158
0.5176119853985991
0.5176115718798158
0.5176111558978617
0.5176107374508465
0.517610316536893
0.5176098931541373
0.5176094673007283
0.5176090389748287
0.5176086081746143
0.5176081748982738
0.5176077391440091
0.5176073009100353
0.5176068601945806
0.5176064169958857
0.5176059713122049
0.5176055231418056
0.5176050724829672
0.5176046193339827
0.5176041636931579
0.5176037055588112
0.5176032449292738
0.51760278180289
0.5176023161780158
0.517601848053021
0.5176013774262876
0.5176009042962101
0.5176004286611957
0.5175999505196637
0.5175994698700466
0.5175989867107886
0.517598501040347
0.5175980128571905
0.5175975221598015
0.5175970289466729
0.5175965332163118
0.5175960349672357
0.5175955341979757
0.5175950309070739
0.517594525093085
0.517594016754576
0.5175935058901252
0.5175929924983234
0.517592476577773
0.5175919581270882
0.5175914371448954
0.5175909136298324
0.5175903875805492
0.5175898589957068
0.517589327873978
0.5175887942140477
0.5175882580146121
0.5175877192743783
0.5175871779920656
0.5175866341664044
0.5175860877961369
0.5175855388800158
0.5175849874168055
0.5175844334052817
0.517583876844231
0.5175833177324516
0.5175827560687519
0.5175821918519522
0.5175816250808833
0.5175810557543871
0.5175804838713163
0.5175799094305342
0.5175793324309153
0.5175787528713444
0.5175781707507172
0.5175775860679401
0.5175769988219294
0.5175764090116128
0.5175758166359279
0.5175752216938228
0.5175746241842559
0.5175740241061962
0.5175734214586224
0.5175728162405236
0.5175722084508991
0.5175715980887585
0.5175709851531207
0.5175703696430152
0.5175697515574809
0.517569130895567
0.5175685076563323
0.5175678818388454
0.5175672534421838
0.5175666224654358
0.5175659889076982
0.5175653527680781
0.5175647140456916
0.517564072739664
0.5175634288491304
0.5175627823732346
0.5175621333111298
0.5175614816619782
0.5175608274249517
0.5175601705992299
0.5175595111840026
0.5175588491784676
0.5175581845818322
0.5175575173933117
0.5175568476121304
0.5175561752375214
0.517555500268726
0.5175548227049942
0.5175541425455841
0.5175534597897626
0.5175527744368045
0.5175520864859927
0.5175513959366186
0.5175507027879815
0.5175500070393886
0.5175493086901553
0.5175486077396043
0.5175479041870668
0.5175471980318812
0.5175464892733935
0.5175457779109578
0.5175450639439352
0.5175443473716943
0.5175436281936114
0.5175429064090695
0.5175421820174594
0.5175414550181786
0.517540725410632
0.5175399931942312
0.5175392583683947
0.5175385209325482
0.5175377808861239
0.5175370382285605
0.5175362929593037
0.5175355450778054
0.5175347945835242
0.5175340414759251
0.5175332857544789
0.5175325274186634
0.5175317664679618
0.5175310029018638
0.517530236719865
0.5175294679214668
0.5175286965061765
0.5175279224735072
0.5175271458229773
0.5175263665541114
0.5175255846664389
0.5175248001594951
0.5175240130328205
0.5175232232859608
0.5175224309184666
0.5175216359298942
0.5175208383198044
0.5175200380877629
0.5175192352333404
0.5175184297561121
0.5175176216556583
0.5175168109315633
0.5175159975834163
0.5175151816108106
0.5175143630133439
0.5175135417906179
0.5175127179422389
0.5175118914678168
0.5175110623669656
0.5175102306393028
0.5175093962844501
0.5175085593020328
0.5175077196916795
0.5175068774530225
0.5175060325856974
0.5175051850893432
0.5175043349636013
0.5175034822081178
0.5175026268225403
0.5175017688065202
0.517500908159711
0.5175000448817694
0.5174991789723548
0.5174983104311286
0.5174974392577552
0.517496565451901
0.5174956890132348
0.5174948099414272
0.5174939282361511
0.5174930438970813
0.5174921569238944
0.5174912673162687
0.5174903750738841
0.5174894801964218
0.5174885826835651
0.517487682534998
0.5174867797504058
0.5174858743294751
0.5174849662718934
0.5174840555773489
0.517483142245531
0.5174822262761294
0.5174813076688347
0.5174803864233377
0.5174794625393296
0.5174785360165022
0.517477606854547
0.5174766750531556
0.5174757406120201
0.5174748035308316
0.5174738638092811
0.51747292144706
0.5174719764438579
0.5174710287993649
0.51747007851327
0.5174691255852608
0.5174681700150249
0.5174672118022476
0.5174662509466146
0.5174652874478087
0.5174643213055125
0.5174633525194064
0.5174623810891692
0.5174614070144783
0.5174604302950088
0.5174594509304338
0.5174584689204246
0.5174574842646501
0.5174564969627765
0.5174555070144685
0.5174545144193871
0.5174535191771907
0.5174525212875359
0.5174515207500752
0.5174505175644581
0.5174495117303316
0.5174485032473388
0.5174474921151198
0.5174464783333104
0.5174454619015431
0.5174444428194467
0.5174434210866459
0.5174423967027612
0.5174413696674091
0.5174403399802012
0.5174393076407456
0.5174382726486453
0.5174372350034979
0.5174361947048973
0.5174351517524315
0.5174341061456839
0.5174330578842323
0.5174320069676495
0.5174309533955024
0.5174298971673524
0.517428838282755
0.5174277767412602
0.5174267125424111
0.5174256456857453
0.5174245761707943
0.517423503997082
0.5174224291641268
0.51742135167144
0.5174202715185257
0.5174191887048812
0.5174181032299968
0.5174170150933554
0.5174159242944323
0.5174148308326952
0.5174137347076044
0.517412635918612
0.5174115344651624
0.5174104303466913
0.5174093235626266
0.5174082141123875
0.5174071019953846
0.5174059872110199
0.5174048697586867
0.5174037496377686
0.5174026268476406
0.5174015013876678
0.5174003732572069
0.517399242455604
0.5173981089821951
0.5173969728363077
0.5173958340172576
0.5173946925243516
0.5173935483568852
0.5173924015141442
0.5173912519954027
0.5173900997999251
0.5173889449269637
0.5173877873757604
0.5173866271455454
0.5173854642355374
0.5173842986449437
0.5173831303729595
0.5173819594187683
0.5173807857815413
0.5173796094604376
0.5173784304546036
0.5173772487631734
0.5173760643852681
0.5173748773199958
0.5173736875664517
0.5173724951237177
0.5173712999908625
0.5173701021669407
0.5173689016509933
0.5173676984420477
0.517366492539117
0.5173652839412
0.5173640726472807
0.5173628586563295
0.517361641967301
0.5173604225791353
0.5173592004907575
0.5173579757010772
0.5173567482089886
0.5173555180133701
0.5173542851130846
0.5173530495069791
0.5173518111938837
0.5173505701726129
0.5173493264419645
0.5173480800007195
0.5173468308476419
0.5173455789814789
0.5173443244009603
0.5173430671047987
0.5173418070916889
0.5173405443603079
0.5173392789093147
0.5173380107373504
0.5173367398430375
0.5173354662249803
0.5173341898817639
0.5173329108119549
0.5173316290141006
0.5173303444867292
0.5173290572283493
0.5173277672374501
0.5173264745125006
0.5173251790519499
0.5173238808542271
0.5173225799177403
0.5173212762408778
0.5173199698220063
0.5173186606594722
0.5173173487516
0.5173160340966931
0.5173147166930339
0.5173133965388822
0.5173120736324758
0.5173107479720309
0.5173094195557406
0.5173080883817763
0.5173067544482857
0.517305417753394
0.5173040782952029
0.5173027360717912
0.5173013910812134
0.5173000433215006
0.5172986927906599
0.5172973394866738
0.5172959834075008
0.5172946245510743
0.5172932629153032
0.5172918984980712
0.5172905312972362
0.517289161310632
0.5172877885360647
0.5172864129713162
0.5172850346141411
0.5172836534622682
0.5172822695133996
0.5172808827652107
0.5172794932153492
0.5172781008614367
0.5172767057010661
0.5172753077318039
0.5172739069511874
0.5172725033567265
0.5172710969459028
0.5172696877161689
0.5172682756649488
0.5172668607896375
0.5172654430876005
0.5172640225561742
0.5172625991926648
0.5172611729943488
0.5172597439584727
0.517258312082252
0.517256877362872
0.5172554397974869
0.5172539993832199
0.5172525561171626
0.5172511099963755
0.5172496610178865
0.5172482091786921
0.5172467544757557
0.5172452969060093
0.5172438364663507
0.5172423731536457
0.5172409069647265
0.5172394378963916
0.5172379659454054
0.5172364911084991
0.5172350133823689
0.517233532763677
0.5172320492490501
0.5172305628350804
0.5172290735183247
0.5172275812953042
0.5172260861625044
0.5172245881163744
0.5172230871533273
0.5172215832697398
0.517220076461951
0.5172185667262639
0.5172170540589434
0.5172155384562168
0.5172140199142743
0.517212498429267
0.5172109739973081
0.517209446614472
0.5172079162767939
0.5172063829802701
0.5172048467208578
0.5172033074944733
0.517201765296994
0.5172002201242566
0.5171986719720567
0.5171971208361499
0.5171955667122502
0.5171940095960301
0.5171924494831207
0.5171908863691109
0.5171893202495477
0.5171877511199352
0.5171861789757346
0.5171846038123644
0.5171830256251995
0.5171814444095709
0.5171798601607661
0.5171782728740282
0.5171766825445554
0.5171750891675015
0.517173492737975
0.5171718932510387
0.5171702907017104
0.5171686850849612
0.5171670763957159
0.5171654646288533
0.5171638497792044
0.5171622318415539
0.5171606108106382
0.5171589866811465
0.5171573594477192
0.5171557291049488
0.517154095647379
0.5171524590695039
0.5171508193657692
0.5171491765305699
0.5171475305582518
0.5171458814431092
0.5171442291793876
0.5171425737612799
0.5171409151829287
0.5171392534384246
0.5171375885218064
0.5171359204270602
0.5171342491481207
0.5171325746788684
0.5171308970131312
0.5171292161446835
0.517127532067246
0.5171258447744844
0.5171241542600111
0.5171224605173821
0.5171207635400994
0.5171190633216091
0.517117359855301
0.5171156531345094
0.5171139431525114
0.5171122299025274
0.5171105133777206
0.5171087935711965
0.5171070704760029
0.5171053440851289
0.5171036143915048
0.5171018813880025
0.5171001450674343
0.5170984054225521
0.5170966624460491
0.5170949161305569
0.5170931664686466
0.5170914134528283
0.5170896570755502
0.517087897329199
0.5170861342060992
0.5170843676985122
0.5170825977986366
0.5170808244986078
0.5170790477904973
0.5170772676663123
0.5170754841179961
0.5170736971374263
0.5170719067164158
0.5170701128467117
0.517068315519995
0.51706651472788
0.5170647104619153
0.5170629027135808
0.5170610914742898
0.5170592767353874
0.5170574584881502
0.5170556367237862
0.517053811433434
0.5170519826081628
0.5170501502389719
0.51704831431679
0.5170464748324751
0.5170446317768141
0.5170427851405222
0.5170409349142425
0.517039081088546
0.5170372236539305
0.5170353626008206
0.5170334979195677
0.5170316296004482
0.5170297576336649
0.517027882009345
0.5170260027175404
0.5170241197482277
0.5170222330913067
0.5170203427366008
0.5170184486738565
0.5170165508927419
0.5170146493828482
0.5170127441336876
0.5170108351346934
0.51700892237522
0.5170070058445415
0.5170050855318522
0.5170031614262653
0.5170012335168138
0.5169993017924481
0.5169973662420368
0.5169954268543664
0.5169934836181405
0.5169915365219788
0.5169895855544173
0.5169876307039076
0.5169856719588167
0.5169837093074263
0.5169817427379322
0.5169797722384438
0.5169777977969839
0.5169758194014883
0.5169738370398047
0.5169718506996928
0.5169698603688238
0.5169678660347794
0.5169658676850519
0.5169638653070435
0.5169618588880652
0.5169598484153376
0.516957833875989
0.5169558152570558
0.5169537925454818
0.5169517657281173
0.5169497347917192
0.5169476997229501
0.5169456605083778
0.5169436171344746
0.5169415695876175
0.516939517854087
0.5169374619200662
0.5169354017716417
0.5169333373948019
0.516931268775436
0.5169291958993354
0.5169271187521912
0.5169250373195945
0.5169229515870359
0.5169208615399048
0.516918767163489
0.5169166684429736
0.516914565363441
0.5169124579098708
0.5169103460671375
0.516908229820012
0.5169061091531594
0.5169039840511399
0.5169018544984065
0.516899720479306
0.5168975819780777
0.5168954389788525
0.5168932914656532
0.516891139422393
0.5168889828328755
0.5168868216807935
0.5168846559497299
0.5168824856231548
0.5168803106844267
0.5168781311167912
0.5168759469033805
0.5168737580272124
0.5168715644711906
0.5168693662181033
0.5168671632506229
0.5168649555513045
0.5168627431025876
0.5168605258867924
0.5168583038861212
0.5168560770826572
0.5168538454583643
0.5168516089950852
0.5168493676745421
0.5168471214783358
0.5168448703879438
0.5168426143847216
0.5168403534499002
0.5168380875645872
0.5168358167097641
0.5168335408662875
0.5168312600148877
0.5168289741361669
0.516826683210601
0.5168243872185364
0.5168220861401908
0.5168197799556519
0.5168174686448773
0.5168151521876928
0.5168128305637927
0.5168105037527382
0.5168081717339575
0.5168058344867449
0.5168034919902591
0.5168011442235241
0.5167987911654273
0.5167964327947188
0.5167940690900115
0.5167917000297791
0.516789325592357
0.5167869457559396
0.5167845604985815
0.5167821697981949
0.5167797736325502
0.516777371979275
0.5167749648158524
0.5167725521196211
0.5167701338677757
0.5167677100373621
0.5167652806052815
0.5167628455482867
0.5167604048429811
0.5167579584658202
0.516755506393108
0.5167530486009984
0.5167505850654932
0.5167481157624416
0.5167456406675396
0.5167431597563285
0.5167406730041951
0.5167381803863696
0.516735681877926
0.5167331774537804
0.5167306670886905
0.5167281507572544
0.5167256284339105
0.5167231000929361
0.5167205657084457
0.5167180252543921
0.5167154787045641
0.5167129260325856
0.5167103672119149
0.5167078022158447
0.5167052310174998
0.5167026535898369
0.5167000699056437
0.5166974799375381
0.5166948836579668
0.5166922810392047
0.516689672053354
0.516687056672343
0.5166844348679256
0.5166818066116798
0.5166791718750073
0.5166765306291322
0.5166738828450997
0.5166712284937762
0.5166685675458473
0.5166658999718172
0.5166632257420077
0.5166605448265573
0.5166578571954198
0.516655162818364
0.516652461664972
0.5166497537046387
0.5166470389065705
0.5166443172397839
0.5166415886731056
0.5166388531751702
0.5166361107144198
0.5166333612591033
0.5166306047772743
0.5166278412367908
0.516625070605314
0.5166222928503077
0.5166195079390354
0.5166167158385623
0.5166139165157507
0.5166111099372617
0.5166082960695528
0.5166054748788765
0.5166026463312806
0.516599810392605
0.516596967028483
0.5165941162043377
0.5165912578853827
0.5165883920366202
0.5165855186228397
0.5165826376086172
0.5165797489583138
0.5165768526360746
0.5165739486058275
0.5165710368312824
0.5165681172759284
0.5165651899030352
0.5165622546756501
0.5165593115565963
0.5165563605084735
0.5165534014936554
0.5165504344742884
0.5165474594122911
0.5165444762693524
0.5165414850069306
0.5165384855862519
0.5165354779683088
0.5165324621138598
0.5165294379834271
0.5165264055372962
0.5165233647355134
0.5165203155378855
0.516517257903978
0.5165141917931136
0.5165111171643721
0.5165080339765873
0.5165049421883462
0.5165018417579883
0.5164987326436039
0.5164956148030319
0.5164924881938598
0.516489352773421
0.5164862084987942
0.5164830553268019
0.5164798932140084
0.5164767221167189
0.5164735419909783
0.5164703527925685
0.5164671544770085
0.516463946999552
0.516460730315186
0.5164575043786295
0.516454269144332
0.5164510245664715
0.516447770598954
0.5164445071954109
0.516441234309198
0.5164379518933943
0.5164346599007988
0.5164313582839315
0.5164280469950298
0.5164247259860473
0.5164213952086529
0.5164180546142287
0.5164147041538681
0.5164113437783749
0.5164079734382611
0.5164045930837451
0.5164012026647508
0.516397802130905
0.5163943914315368
0.5163909705156747
0.5163875393320461
0.5163840978290741
0.5163806459548773
0.5163771836572676
0.5163737108837477
0.5163702275815103
0.5163667336974357
0.5163632291780903
0.5163597139697251
0.5163561880182732
0.5163526512693486
0.5163491036682438
0.5163455451599287
0.5163419756890479
0.5163383951999202
0.5163348036365345
0.5163312009425503
0.5163275870612942
0.5163239619357586
0.5163203255085997
0.516316677722136
0.5163130185183453
0.5163093478388637
0.5163056656249834
0.5163019718176505
0.5162982663574625
0.5162945491846682
0.5162908202391634
0.5162870794604904
0.5162833267878345
0.5162795621600242
0.5162757855155271
0.516271996792448
0.5162681959285279
0.5162643828611414
0.5162605575272943
0.5162567198636208
0.5162528698063834
0.5162490072914687
0.5162451322543863
0.5162412446302662
0.5162373443538566
0.5162334313595218
0.5162295055812398
0.5162255669526006
0.516221615406803
0.516217650876653
0.516213673294561
0.5162096825925404
0.516205678702204
0.516201661554763
0.516197631081023
0.5161935872113835
0.5161895298758339
0.5161854590039524
0.5161813745249018
0.5161772763674296
0.5161731644598633
0.5161690387301087
0.5161648991056482
0.5161607455135366
0.5161565778804003
0.5161523961324334
0.5161482001953963
0.5161439899946125
0.5161397654549654
0.5161355265008973
0.5161312730564055
0.5161270050450398
0.5161227223899002
0.5161184250136339
0.5161141128384333
0.5161097857860322
0.516105443777704
0.5161010867342578
0.5160967145760376
0.5160923272229178
0.5160879245943003
0.5160835066091132
0.5160790731858067
0.5160746242423504
0.5160701596962307
0.516065679464448
0.5160611834635134
0.516056671609446
0.5160521438177696
0.5160476000035107
0.5160430400811936
0.5160384639648399
0.5160338715679631
0.5160292628035674
0.5160246375841432
0.5160199958216646
0.5160153374275863
0.5160106623128409
0.5160059703878344
0.5160012615624446
0.5159965357460167
0.5159917928473606
0.515987032774748
0.5159822554359074
0.5159774607380236
0.515972648587732
0.5159678188911162
0.5159629715537045
0.5159581064804671
0.5159532235758113
0.5159483227435793
0.5159434038870445
0.5159384669089077
0.5159335117112933
0.5159285381957472
0.5159235462632311
0.5159185358141212
0.5159135067482022
0.5159084589646661
0.5159033923621068
0.515898306838517
0.5158932022912845
0.5158880786171886
0.5158829357123961
0.5158777734724576
0.5158725917923035
0.5158673905662408
0.5158621696879483
0.5158569290504736
0.5158516685462287
0.5158463880669857
0.5158410875038741
0.5158357667473752
0.5158304256873193
0.5158250642128807
0.5158196822125746
0.5158142795742524
0.5158088561850974
0.515803411931621
0.5157979466996584
0.5157924603743644
0.5157869528402086
0.5157814239809725
0.5157758736797433
0.5157703018189113
0.5157647082801644
0.5157590929444836
0.5157534556921404
0.5157477964026891
0.5157421149549652
0.5157364112270798
0.5157306850964147
0.5157249364396181
0.5157191651326003
0.5157133710505281
0.5157075540678213
0.5157017140581472
0.5156958508944163
0.5156899644487762
0.5156840545926094
0.5156781211965253
0.5156721641303578
0.5156661832631588
0.5156601784631943
0.5156541495979385
0.5156480965340697
0.5156420191374637
0.5156359172731907
0.5156297908055087
0.515623639597859
0.5156174635128599
0.5156112624123033
0.5156050361571476
0.5155987846075137
0.5155925076226785
0.5155862050610703
0.5155798767802633
0.5155735226369713
0.5155671424870432
0.5155607361854572
0.5155543035863142
0.5155478445428336
0.515541358907347
0.5155348465312918
0.5155283072652063
0.515521740958724
0.515515147460567
0.5155085266185406
0.515501878279527
0.5154952022894802
0.515488498493418
0.5154817667354188
0.5154750068586132
0.5154682187051784
0.5154614021163326
0.5154545569323281
0.5154476829924451
0.5154407801349864
0.5154338481972686
0.5154268870156185
0.5154198964253647
0.5154128762608319
0.5154058263553343
0.5153987465411684
0.5153916366496071
0.5153844965108925
0.5153773259542295
0.5153701248077781
0.515362892898648
0.5153556300528908
0.5153483360954921
0.5153410108503671
0.515333654140351
0.5153262657871931
0.515318845611549
0.5153113934329743
0.5153039090699167
0.5152963923397087
0.51528884305856
0.5152812610415511
0.5152736461026242
0.5152659980545773
0.5152583167090554
0.515250601876543
0.515242853366358
0.5152350709866411
0.5152272545443504
0.5152194038452522
0.5152115186939141
0.5152035988936959
0.515195644246742
0.5151876545539738
0.5151796296150806
0.5151715692285123
0.5151634731914705
0.5151553412999
0.5151471733484813
0.5151389691306208
0.5151307284384441
0.5151224510627849
0.5151141367931789
0.515105785417853
0.5150973967237187
0.5150889704963602
0.5150805065200288
0.5150720045776316
0.5150634644507233
0.515054885919497
0.5150462687627753
0.5150376127580003
0.515028917681225
0.5150201833071038
0.5150114094088823
0.515002595758389
0.5149937421260247
0.5149848482807533
0.5149759139900918
0.5149669390201008
0.5149579231353744
0.5149488660990301
0.514939767672699
0.5149306276165159
0.5149214456891087
0.5149122216475879
0.5149029552475372
0.5148936462430025
0.5148842943864809
0.5148748994289114
0.5148654611196631
0.5148559792065251
0.5148464534356957
0.5148368835517705
0.5148272692977333
0.5148176104149434
0.5148079066431255
0.5147981577203576
0.5147883633830606
0.5147785233659864
0.5147686374022064
0.5147587052231
0.5147487265583439
0.5147387011358985
0.5147286286819975
0.5147185089211359
0.5147083415760576
0.5146981263677433
0.5146878630153987
0.5146775512364423
0.5146671907464924
0.5146567812593555
0.5146463224870128
0.5146358141396087
0.5146252559254374
0.51461464755093
0.5146039887206417
0.5145932791372396
0.5145825185014878
0.5145717065122366
0.514560842866407
0.5145499272589786
0.5145389593829751
0.5145279389294524
0.5145168655874827
0.5145057390441425
0.5144945589844983
0.5144833250915913
0.5144720370464253
0.5144606945279508
0.514449297213052
0.5144378447765311
0.5144263368910951
0.5144147732273396
0.5144031534537357
0.5143914772366137
0.5143797442401497
0.5143679541263483
0.51435610655503
0.5143442011838134
0.5143322376681017
0.514320215661066
0.5143081348136307
0.514295994774456
0.514283795189924
0.5142715357041214
0.5142592159588236
0.5142468355934791
0.5142343942451921
0.5142218915487065
0.5142093271363897
0.5141967006382151
0.5141840116817459
0.5141712598921178
0.5141584448920212
0.5141455663016856
0.5141326237388608
0.5141196168188
0.5141065451542418
0.5140934083553927
0.5140802060299097
0.5140669377828813
0.5140536032168092
0.5140402019315917
0.5140267335245035
0.5140131975901777
0.5139995937205876
0.5139859215050271
0.5139721805300921
0.5139583703796611
0.5139444906348763
0.5139305408741239
0.5139165206730147
0.5139024296043645
0.5138882672381736
0.5138740331416075
0.5138597268789769
0.5138453480117163
0.513830896098365
0.5138163706945453
0.5138017713529425
0.5137870976232836
0.5137723490523162
0.5137575251837876
0.5137426255584233
0.5137276497139057
0.5137125971848517
0.5136974675027917
0.5136822601961467
0.513666974790207
0.5136516108071093
0.5136361677658147
0.5136206451820852
0.5136050425684615
0.5135893594342406
0.5135735952854507
0.5135577496248299
0.5135418219518015
0.5135258117624513
0.5135097185495019
0.5134935418022905
0.5134772810067443
0.5134609356453557
0.5134445051971573
0.5134279891376988
0.5134113869390202
0.5133946980696277
0.5133779219944681
0.5133610581749037
0.5133441060686864
0.5133270651299311
0.5133099348090909
0.5132927145529307
0.5132754038044998
0.5132580020031059
0.5132405085842888
0.5132229229797924
0.513205244617538
0.513187472921597
0.5131696073121634
0.5131516472055258
0.5131335920140387
0.5131154411460961
0.5130971940061011
0.5130788499944385
0.5130604085074459
0.5130418689373849
0.5130232306724102
0.5130044930965424
0.512985655589637
0.5129667175273552
0.5129476782811333
0.5129285372181526
0.5129092937013091
0.512889947089183
0.5128704967360063
0.512850941991634
0.5128312822015104
0.5128115167066393
0.5127916448435508
0.5127716659442701
0.5127515793362856
0.5127313843425141
0.5127110802812715
0.512690666466237
0.512670142206421
0.5126495068061323
0.5126287595649428
0.5126078997776549
0.5125869267342673
0.5125658397199395
0.5125446380149589
0.512523320894704
0.512501887629611
0.5124803374851378
0.5124586697217276
0.5124368835947744
0.5124149783545857
0.5123929532463476
0.5123708075100866
0.5123485403806338
0.5123261510875874
0.5123036388552756
0.5122810029027184
0.5122582424435907
0.5122353566861836
0.5122123448333654
0.5121892060825444
0.5121659396256286
0.5121425446489878
0.5121190203334126
0.5120953658540761
0.5120715803804934
0.5120476630764812
0.5120236131001179
0.5119994296037017
0.5119751117337105
0.5119506586307604
0.5119260694295639
0.5119013432588881
0.5118764792415127
0.5118514764941869
0.5118263341275882
0.5118010512462771
0.5117756269486562
0.5117500603269254
0.5117243504670377
0.5116984964486557
0.5116724973451079
0.5116463522233424
0.5116200601438826
0.5115936201607824
0.5115670313215802
0.5115402926672532
0.5115134032321704
0.511486362044048
0.5114591681239005
0.511431820485995
0.5114043181378037
0.5113766600799563
0.5113488453061912
0.5113208728033087
0.5112927415511209
0.5112644505224047
0.5112359986828505
0.5112073849910147
0.5111786083982688
0.5111496678487499
0.5111205622793099
0.5110912906194657
0.5110618517913466
0.5110322447096445
0.5110024682815624
0.5109725214067614
0.5109424029773094
0.510912111877628
0.5108816469844402
0.5108510071667165
0.5108201912856228
0.5107891981944651
0.5107580267386367
0.5107266757555629
0.5106951440746471
0.5106634305172149
0.5106315338964597
0.5105994530173863
0.5105671866767554
0.5105347336630278
0.5105020927563062
0.5104692627282801
0.5104362423421678
0.510403030352659
0.5103696255058565
0.510336026539219
0.5103022321815018
0.5102682411526984
0.5102340521639818
0.5101996639176436
0.5101650751070363
0.5101302844165122
0.5100952905213627
0.5100600920877587
0.5100246877726883
0.5099890762238967
0.5099532560798248
0.5099172259695455
0.5098809845127037
0.5098445303194521
0.5098078619903894
0.5097709781164967
0.5097338772790743
0.5096965580496777
0.5096590189900538
0.5096212586520765
0.5095832755776822
0.5095450682988043
0.5095066353373083
0.5094679752049269
0.5094290864031931
0.5093899674233745
0.5093506167464069
0.5093110328428282
0.50927121417271
0.5092311591855914
0.5091908663204112
0.5091503340054403
0.5091095606582126
0.5090685446854577
0.5090272844830315
0.5089857784358477
0.5089440249178082
0.5089020222917338
0.5088597689092941
0.5088172631109381
0.5087745032258235
0.508731487571746
0.5086882144550685
0.5086446821706508
0.5086008890017775
0.508556833220086
0.5085125130854964
0.5084679268461375
0.5084230727382762
0.5083779489862439
0.5083325538023642
0.5082868853868796
0.5082409419278794
0.5081947216012247
0.5081482225704762
0.5081014429868198
0.5080543809889927
0.5080070347032084
0.5079594022430847
0.507911481709566
0.507863271190851
0.5078147687623163
0.5077659724864422
0.5077168804127368
0.5076674905776614
0.5076178010045538
0.5075678097035532
0.507517514671525
0.507466913891983
0.5074160053350152
0.5073647869572063
0.507313256701562
0.5072614124974318
0.5072092522604332
0.5071567738923746
0.5071039752811785
0.5070508543008048
0.5069974088111735
0.5069436366580888
0.5068895356731605
0.5068351036737279
0.5067803384627823
0.50672523782889
0.5066697995461152
0.5066140213739424
0.5065579010571997
0.5065014363259802
0.5064446248955672
0.5063874644663546
0.5063299527237717
0.506272087338204
0.5062138659649176
0.5061552862439823
0.5060963458001938
0.5060370422429972
0.50597737316641
0.505917336148946
0.5058569287535377
0.5057961485274612
0.5057349930022588
0.5056734596936631
0.505611546101521
0.5055492497097186
0.505486567986104
0.5054234983824131
0.5053600383341942
0.505296185260732
0.5052319365649744
0.5051672896334566
0.505102241836227
0.5050367905267739
0.504970933041951
0.504904666701904
0.5048379888099986
0.5047708966527458
0.504703387499731
0.5046354586035412
0.5045671071996936
0.5044983305065641
0.5044291257253165
0.5043594900398315
0.5042894206166374
0.50421891460484
0.504147969136054
0.5040765813243332
0.5040047482661036
0.5039324670400946
0.5038597347072736
0.5037865483107774
0.5037129048758475
0.5036388014097645
0.5035642349017833
0.5034892023230686
0.503413700626632
0.5033377267472685
0.5032612776014949
0.503184350087488
0.5031069410850237
0.5030290474554181
0.5029506660414661
0.502871793667385
0.5027924271387563
0.5027125632424679
0.5026321987466592
0.5025513304006654
0.5024699549349634
0.5023880690611185
0.5023056694717317
0.5022227528403886
0.5021393158216083
0.5020553550507945
0.5019708671441863
0.5018858486988115
0.5018002962924392
0.5017142064835352
0.501627575811218
0.5015404007952139
0.5014526779358176
0.5013644037138488
0.5012755745906148
0.5011861870078707
0.5010962373877816
0.5010057221328892
0.5009146376260749
0.5008229802305271
0.5007307462897094
0.50063793212733
0.5005445340473124
0.5004505483337671
0.5003559712509663
0.5002607990433178
0.5001650279353422
0.5000686541316505
0.4999716738169244
0.4998740831558968
0.4997758782933346
0.4996770553540233
0.4995776104427524
0.4994775396443041
0.4993768390234412
0.49927550462489956
0.49917353247337937
0.499070918573541
0.4989676589100004
0.4988637494473274
0.498759186130046
0.49865396488263564
0.49854808160953534
0.49844153219514886
0.49833431250385296
0.4982264183800057
0.498117845647959
0.4980085901120717
0.49789864755672564
0.49778801374634185
0.49767668442540175
0.4975646553184683
0.4974519221302098
0.49733848054542634
0.4972243262290779
0.49710945482631486
0.4969938619625107
0.49687754324329714
0.496760494254601
0.49664271056268466
0.49652418771418694
0.49640492123616786
0.49628490663615565
0.49616413940219534
0.4960426150028996
0.4959203288875045
0.4957972764859239
0.49567345320880946
0.4955488544476118
0.4954234755746445
0.49529731194315035
0.4951703588873701
0.49504261172261543
0.4949140657453414
0.49478471623322456
0.4946545584452426
0.4945235876217553
0.4943917989845915
0.4942591877371347
0.4941257490644142
0.4939914781331989
0.4938563700920924
0.4937204200716316
0.4935836231843888
0.49344597452507527
0.4933074691706487
0.49316810218042345
0.49302786859618286
0.492886763442295
0.4927447817258313
0.4926019184366886
0.49245816854771224
0.4923135270148249
0.49216798877715556
0.49202154875717385
0.491874201860825
0.4917259429776698
0.49157676698102654
0.4914266687281161
0.4912756430602099
0.4911236848027809
0.4909707887656584
0.4908169497431841
0.49066216251437295
0.49050642184307636
0.4903497224781478
0.4901920591536126
0.49003342658884047
0.4898738194887199
0.48971323254383714
0.4895516604306578
0.48938909781171064
0.489225539335776
0.4890609796380754
0.4888954133404655
0.48872883505163556
0.4885612393673056
0.48839262087043056
0.4882229741314051
0.48805229370827313
0.4878805741469388
0.4877078099813825
0.48753399573387723
0.4873591259152116
0.48718319502491086
0.48700619755146657
0.4868281279725649
0.4866489807553195
0.48646875035650816
0.48628743122281026
0.4861050177910503
0.4859215044884402
0.4857368857328289
0.4855511559329519
0.48536430948868453
0.48517634079129845
0.4849872442237206
0.4847970141607953
0.4846056449695487
0.4844131310094567
0.4842194666327151
0.48402464618451296
0.4838286640033082
0.48363151442110686
0.4834331917637435
0.4832336903511669
0.483033004497725
0.4828311285124558
0.4826280566993785
0.482423783357789
0.48221830278255695
0.4820116092644253
0.48180369709031357
0.481594560543622
0.48138419390453957
0.4811725914503545
0.4809597474557655
0.480745656193198
0.480530311933121
0.4803137089443667
0.48009584149445267
0.4798767038499075
0.47965629027659534
0.47943459504004743
0.4792116124057922
0.47898733663968907
0.47876176200826515
0.4785348827790528
0.4783066932209298
0.47807718760446205
0.4778463602022488
0.4776142052892688
0.4773807171432286
0.4771458900449151
0.4769097182785475
0.47667219613213185
0.47643331789781934
0.4761930778722644
0.47595147035698626
0.4757084896587313
0.47546413008983834
0.4752183859686052
0.47497125161965786
0.4747227213743198
0.47447278957098576
0.47422145055549514
0.4739686986815087
0.4737145283108849
0.47345893381406134
0.4732019095704349
0.47294344996874593
0.47268354940746166
0.4724222022951645
0.47215940305093923
0.4718951461047637
0.4716294258978999
0.47136223688328893
0.4710935735259435
0.4708234303033481
0.4705518017058547
0.4702786822370848
0.4700040664143303
0.4697279487689572
0.46945032384681146
0.4691711862086252
0.4688905304304254
0.468608351103945
0.4683246428370328
0.4680394002540697
0.4677526179963819
0.46746429072265927
0.46717441310937335
0.46688297985119814
0.46658998566143284
0.4662954252724238
0.46599929343599317
0.4657015849238645
0.46540229452809223
0.4651014170614935
0.46479894735808114
0.4644948802734975
0.4641892106854528
0.46388193349416224
0.463573043622788
0.463262536017881
0.4629504056498261
0.46263664751328815
0.4623212566276612
0.4620042280375195
0.4616855568130694
0.4613652380506058
0.46104326687296954
0.4607196384300054
0.460394347899026
0.46006739048527456
0.4597387614223931
0.4594084559728895
0.4590764694286114
0.4587427971112179
0.4584074343726581
0.4580703765956493
0.4577316191941599
0.4573911576138924
0.45704898733277266
0.45670510386143975
0.4563595027437376
0.4560121795572129
0.4556631299136136
0.45531234945939103
0.4549598338762045
0.4546055788814307
0.45424958022867523
0.45389183370828656
0.4535323351478754
0.45317108041283555
0.4528080654068696
0.4524432860725174
0.4520767383916881
0.451708418386196
0.4513383221183004
0.4509664456912485
0.4505927852498235
0.45021733698089417
0.449840097113971
0.44946106192176405
0.44908022772074724
0.44869759087172434
0.44831314778040077
0.44792689489795856
0.44753882872163697
0.447148945795315
0.44675724271010153
0.4463637161049266
0.44596836266713974
0.4455711791331111
0.44517216228883727
0.4447713089705535
0.4443686160653483
0.4439640805117828
0.44355769930051725
0.44314946947493944
0.44273938813179875
0.44232745242184607
0.4419136595504766
0.4414980067783788
0.44108049142218886
0.44066111085514703
0.44023986250776187
0.43981674386847786
0.43939175248434836
0.4389648859617131
0.4385361419668799
0.43810551822681265
0.43767301252982327
0.43723862272626796
0.43680234672924906
0.4363641825153207
0.4359241281251999
0.4354821816644828
0.43503834130436364
0.43459260528235893
0.4341449719030378
0.43369543953875445
0.4332440066303864
0.432790671688075
0.4323354332919738
0.4318782900929963
0.4314192408135714
0.43095828424840166
0.43049541926522344
0.4300306448055734
0.42956395988555696
0.42909536359662026
0.4286248551063262
0.42815243365913175
0.42767809857717054
0.4272018492610359
0.42672368519056847
0.4262436059256449
0.4257616111069692
0.425277700456866
0.42479187378007716
0.42430413096455594
0.4238144719822675
0.4233228968899874
0.4228294058301033
0.4223339990314137
0.42183667680993175
0.4213374395696858
0.42083628780352145
0.4203332220939032
0.4198282431137152
0.4193213516270607
0.41881254849006133
0.4183018346516538
0.41778921115438583
0.417274679135209
0.4167582398262699
0.416239894555698
0.4157196447483899
0.4151974919267925
0.4146734377116788
0.41414748382292216
0.4136196320802646
0.4130898844040818
0.4125582428161399
0.41202470944035013
0.4114892865035143
0.4109519763360653
0.4104127813728
0.4098717041536065
0.4093287473241808
0.40878391363673755
0.4082372059507111
0.40768862723344756
0.4071381805608885
0.4065858691182434
0.40603169620065127
0.40547566521383444
0.4049177796747365
0.4043580432121529
0.4037964595673466
0.40323303259465215
0.402667766262066
0.40210066465182465
0.4015317319609664
0.40096097250188084
0.40038839070284266
0.39981399110852966
0.39923777838052343
0.3986597572977984
0.39807993275718834
0.39749830977383904
0.3969148934816423
0.3963296891336515
0.39574270210247964
0.39515393788067565
0.39456340208108487
0.39397110043718553
0.39337703880340813
0.3927812231554325
0.39218365959046203
0.39158435432747996
0.3909833137074795
0.39038054419367446
0.3897760523716851
0.38916984494970075
0.3885619287586197
0.38795231075216485
0.3873409980069733
0.3867279977226633
0.3861133172218744
0.3854969639502829
0.3848789454765915
0.38425926949249223
0.3836379438126028
0.38301497637437754
0.38239037523799024
0.3817641485861892
0.38113630472412624
0.3805068520791567
0.37987579920061193
0.37924315475954395
0.3786089275484405
0.3779731264809134
0.37733576059135615
0.3766968390345735
0.3760563710853835
0.37541436613818746
0.37477083370651315
0.37412578342252684
0.3734792250365185
0.372831168416355
0.3721816235469042
0.3715306005294319
0.37087810958096623
0.37022416103363537
0.3695687653339732
0.36891193304219827
0.3682536748314614
0.3675940014870658
0.3669329239056563
0.3662704530943825
0.365606600170029
0.36494137635812157
0.36427479299200216
0.3636068615118757
0.362937593463831
0.3622670004988316
0.3615950943716799
0.3609218869399561
0.36024739016292595
0.3595716161004275
0.3588945769117252
0.35821628485434553
0.3575367522828796
0.35685599164776677
0.35617401549404937
0.3554908364601049
0.354806467276355
0.35412092076394897
0.3534342098334269
0.3527463474833567
0.3520573467989537
0.35136722095067374
0.35067598319279003
0.349983646861946
0.34929022537568977
0.348595732230989
0.3479001810027278
0.3472035853421831
0.34650595897548553
0.3458073157020625
0.3451076693930653
0.3444070339897795
0.3437054235020206
0.3430028520065154
0.3422993336452695
0.34159488262391996
0.3408895132100782
0.34018323973165854
0.33947607657519646
0.3387680381841554
0.33805913905722557
0.337349393746611
0.3366388168563092
0.3359274230403839
0.33521522700122836
0.33450224348782354
0.33378848729399124
0.3330739732566389
0.332358716254004
0.3316427312038917
0.3309260330619101
0.3302086368197042
0.3294905575031857
0.3287718101707646
0.32805240991157775
0.32733237184371944
0.32661171111247156
0.3258904428885371
0.32516858236627316
0.32444614476192957
0.32372314531188884
0.32299959927091126
0.3222755219103855
0.3215509285165816
0.3208258343889132
0.3201002548382042
0.3193742051849636
0.31864770075766724
0.3179207568910475
0.3171933889243933
0.31646561219985825
0.31573744206077714
0.31500889384999675
0.3142799829082129
0.313550724572323
0.3128211341737867
0.3120912270370019
0.31136101847769065
0.31063052380130124
0.309899758301421
0.30916873725820504
0.30843747593681886
0.3077059895858947
0.30697429343600435
0.3062424026981478
0.30551033256225496
0.3047780981957076
0.3040457147418743
0.3033131973186638
0.3025805610170951
0.3018478208998849
0.3011149920000523
0.3003820893195419
0.29964912782786457
0.29891612246075583
0.29818308811885424
0.29745003966639655
0.29671699192993284
0.29598395969706115
0.29525095771517884
0.2945180006902557
0.2937851032856249
0.2930522801207937
0.29231954577027475
0.29158691476243415
0.2908544015783621
0.29012202065076254
0.2893897863628607
0.28865771304733323
0.28792581498525505
0.28719410640506915
0.28646260148157343
0.28573131433492865
0.28500025902968595
0.2842694495738337
0.2835388999178642
0.2828086239538599
0.2820786355145986
0.28134894837267915
0.2806195762396649
0.27989053276524833
0.27916183153643237
0.278433486076733
0.2777055098453985
0.27697791623665013
0.27625071857893824
0.2755239301342194
0.2747975640972503
0.27407163359490067
0.27334615168548315
0.272621131358102
0.2718965855320186
0.27117252705603556
0.2704489687078958
0.26972592319370153
0.2690034031473478
0.2682814211299743
0.26755998962943217
0.26683912105976837
0.266118827760725
0.2653991219972558
0.26468001595905666
0.2639615217601128
0.26324365143826045
0.2625264169547642
0.26180983019390847
0.261093902962603
0.26037864699000435
0.25966407392714996
0.25895019534660685
0.25823702274213356
0.25752456752835595
0.25681284104045526
0.256101854533871
0.25539161918401415
0.25468214608599493
0.2539734462543617
0.2532655306228532
0.2525584100441602
0.25185209528970254
0.2511465970494141
0.2504419259315406
0.2497380924624486
0.2490351070864448
0.24833298016560656
0.24763172197962152
0.2469313427256394
0.24623185251813193
0.2455332613887635
0.2448355792862717
0.2441388160763568
0.2434429815415797
0.2427480853812717
0.24205413721144903
0.24136114656474048
0.2406691228903192
0.23997807555384693
0.23928801383742393
0.23859894693954664
0.23791088397507526
0.23722383397520735
0.23653780588745954
0.2358528085756563
0.2351688508199269
0.23448594131670772
0.23380408867875394
0.23312330143515514
0.23244358803136073
0.23176495682920928
0.23108741610696548
0.23041097405936398
0.22973563879765743
0.22906141834967336
0.22838832065987436
0.22771635358942585
0.2270455249162682
0.2263758423351967
0.22570731345794448
0.22503994581327214
0.2243737468470626
0.22370872392242197
0.22304488431978342
0.2223822352370186
0.22172078378955226
0.22106053701048273
0.22040150185070687
0.21974368517904988
0.21908709378239913
0.21843173436584462
0.217777613552821
0.21712473788525585
0.2164731138237236
0.21582274774760057
0.21517364595522678
0.2145258146640715
0.2138792600109025
0.21323398805195942
0.21259000476313228
0.211947316040142
0.2113059276987276
0.21066584547483436
0.21002707502480863
0.20938962192559443
0.20875349167493473
0.2081186896915767
0.20748522131548003
0.2068530918080299
0.2062223063522525
0.20559287005303448
0.20496478793734685
0.20433806495447127
0.20371270597623076
0.20308871579722326
0.20246609913505836
0.20184486063059937
0.20122500484820563
0.20060653627598207
0.1999894593260279
0.19937377833469194
0.19875949756283007
0.19814662119606546
0.19753515334505262
0.19692509804574473
0.19631645925966348
0.1957092408741733
0.19510344670275714
0.1944990804852967
0.1938961458883551
0.19329464650546269
0.19269458585740598
0.19209596739251938
0.1914987944869805
0.19090307044510732
0.1903087984996595
0.18971598181214178
0.1891246234731107
0.18853472650248365
0.18794629384985123
0.18735932839479252
0.1867738329471924
0.18618981024756243
0.18560726296736385
0.18502619370933326
0.18444660500781176
0.18386849932907542
0.18329187907166997
0.1827167465667457
0.1821431040783978
0.18157095380400673
0.18100029787458238
0.18043113835511032
0.17986347724490045
0.17929731647793737
0.1787326579232352
0.17816950338519164
0.1776078546039467
0.17704771325574242
0.17648908095328567
0.17593195924611219
0.17537634962095322
0.1748222535021041
0.17426967225179507
0.1737186071705642
0.17316905949763156
0.17262103041127524
0.17207452102921184
0.17152953240897395
0.17098606554829476
0.17044412138549
0.16990370079984446
0.16936480461199915
0.16882743358433913
0.16829158842138517
0.16775726977018524
0.1672244782207073
0.16669321430623524
0.16616347850376412
0.16563527123439842
0.165108592863751
0.16458344370234276
0.1640598240060046
0.16353773397627955
0.163017173760827
0.16249814345382713
0.1619806430963865
0.16146467267694553
0.16095023213168533
0.16043732134493727
0.15992594014959183
0.1594160883275088
0.15890776560992867
0.15840097167788372
0.15789570616261137
0.15739196864596572
0.15688975866083205
0.15638907569154048
0.15588991917428052
0.15539228849751555
0.15489618300239805
0.15440160198318587
0.15390854468765686
0.15341701031752525
0.15292699802885845
0.15243850693249197
0.15195153609444734
0.15146608453634675
0.15098215123583078
0.15049973512697334
0.15001883510069955
0.14953945000519944
0.14906157864634584
0.14858521978810832
0.14811037215296935
0.1476370344223383
0.14716520523696663
0.1466948831973615
0.1462260668641993
0.14575875475873898
0.1452929453632337
0.14482863712134392
0.14436582843854695
0.14390451768254917
0.14344470318369407
0.14298638323537255
0.14252955609443027
0.14207421998157535
0.14162037308178457
0.1411680135447084
0.14071713948507636
0.14026774898310018
0.13981984008487486
0.13937341080278243
0.13892845911589
0.1384849829703498
0.13804298027979678
0.1376024489257453
0.13716338675798392
0.13672579159496998
0.13628966122422229
0.13585499340271212
0.13542178585725326
0.13499003628488995
0.1345597423532851
0.13413090170110492
0.1337035119384029
0.13327757064700252
0.13285307538087796
0.13243002366653353
0.13200841300338123
0.13158824086411647
0.13116950469509261
0.13075220191669343
0.1303363299237038
0.12992188608567898
0.12950886774731185
0.12909727222879808
0.12868709682619972
0.12827833881180759
0.1278709954345003
0.1274650639201031
0.1270605414717432
0.12665742527020435
0.126255712474279
0.12585540022111794
0.1254564856265795
0.12505896578557502
0.12466283777241341
0.12426809864114274
0.12387474542589129
0.12348277514120433
0.12309218478238132
0.12270297132580865
0.12231513172929236
0.12192866293238691
0.1215435618567228
0.12115982540633269
0.1207774504679732
0.1203964339114473
0.12001677258992188
0.11963846334024544
0.11926150298326162
0.11888588832412213
0.11851161615259664
0.1181386832433798
0.1177670863563979
0.11739682223711166
0.11702788761681733
0.11666027921294592
0.11629399372935884
0.11592902785664362
0.11556537827240498
0.1152030416415549
0.11484201461660085
0.11448229383792974
0.11412387593409241
0.11376675752208347
0.11341093520762033
0.11305640558541896
0.112703165239468
0.11235121074330105
0.11200053866026505
0.11165114554378823
0.11130302793764446
0.11095618237621625
0.11061060538475495
0.11026629347963861
0.10992324316862812
0.10958145095112026
0.10924091331839977
0.10890162675388743
0.10856358773338776
0.1082267927253325
0.10789123819102409
0.10755692058487497
0.1072238363546453
0.10689198194167887
0.10656135378113649
0.1062319483022269
0.10590376192843588
0.1055767910777529
0.10525103216289554
0.104926481591532
0.10460313576650102
0.10428099108603014
0.10396004394395147
0.10364029072991501
0.10332172782959982
0.10300435162492479
0.10268815849425414
0.10237314481260307
0.1020593069518412
0.10174664128089278
0.10143514416593527
0.1011248119705965
0.10081564105614882
0.10050762778170157
0.10020076850439119
0.09989505957957012
0.09959049736099271
0.09928707820099916
0.0989847984506977
0.09868365446014571
0.09838364257852635
0.09808475915432589
0.09778700053550704
0.09749036306968188
0.09719484310428117
0.09690043698672349
0.09660714106458058
0.09631495168574247
0.0960238651985796
0.09573387795210322
0.09544498629612394
0.09515718658140855
0.09487047515983504
0.09458484838454495
0.09430030261009538
0.09401683419260702
0.09373443948991257
0.09345311486170185
0.09317285666966552
0.09289366127763725
0.0926155250517336
0.09233844436049277
0.09206241557501085
0.09178743506907666
0.09151349921930514
0.0912406044052689
0.09096874700962698
0.09069792341825383
0.0904281300203649
0.09015936320864143
0.08989161937935326
0.0896248949324803
0.08935918627183179
0.08909448980516399
0.08883080194429746
0.0885681191052308
0.08830643770825401
0.08804575417806022
0.08778606494385541
0.08752736643946665
0.08726965510344936
0.08701292737919174
0.0867571797150196
0.08650240856429739
0.08624861038552986
0.0859957816424606
0.08574391880417015
0.08549301834517205
0.08524307674550743
0.08499409049083888
0.08474605607254182
0.08449896998779514
0.08425282873967044
0.0840076288372192
0.08376336679555946
0.0835200391359605
0.08327764238592647
0.08303617307927845
0.08279562775623493
0.08255600296349189
0.08231729525430062
0.08207950118854423
0.08184261733281391
0.08160664026048228
0.08137156655177728
0.08113739279385296
0.08090411558086051
0.08067173151401734
0.08044023720167483
0.08020962925938514
0.07997990430996696
0.07975105898356935
0.07952308991773543
0.0792959937574637
0.0790697671552694
0.07884440677124369
0.07861990927311241
0.07839627133629314
0.07817348964395178
0.07795156088705718
0.07773048176443521
0.07751024898282222
0.07729085925691587
0.07707230930942667
0.07685459587112738
0.07663771568090114
0.07642166548578996
0.07620644204104046
0.07599204211014962
0.07577846246490953
0.07556569988545028
0.07535375116028308
0.07514261308634132
0.07493228246902119
0.0747227561222217
0.07451403086838247
0.07430610353852184
0.07409897097227383
0.07389263001792355
0.07368707753244212
0.0734823103815209
0.07327832543960407
0.07307511958992159
0.0728726897245199
0.07267103274429229
0.07247014555900884
0.07227002508734522
0.07207066825690987
0.07187207200427213
0.07167423327498723
0.07147714902362266
0.07128081621378249
0.07108523181813076
0.070890392818415
0.07069629620548834
0.07050293897933083
0.07031031814907016
0.07011843073300153
0.069927273758607
0.06973684426257391
0.0695471392908123
0.06935815589847236
0.06916989114996032
0.06898234211895436
0.06879550588841912
0.06860937955062002
0.06842396020713695
0.06823924496887684
0.06805523095608591
0.06787191529836116
0.06768929513466133
0.06750736761331708
0.06732612989204023
0.0671455791379332
0.06696571252749697
0.06678652724663925
0.06660802049068068
0.06643018946436258
0.06625303138185189
0.06607654346674688
0.0659007229520819
0.06572556708033159
0.06555107310341457
0.06537723828269613
0.0652040598889915
0.06503153520256709
0.0648596615131424
0.06468843611989082
0.06451785633144005
0.0643479194658721
0.06417862285072248
0.06400996382297926
0.06384193972908163
0.06367454792491736
0.06350778577582071
0.06334165065656916
0.06317613995137994
0.06301125105390608
0.06284698136723217
0.0626833283038692
0.06252028928574965
0.062357861744221234
0.06219604312004128
0.062034830863369826
0.061874222433762706
0.06171421530016412
0.061554806940898925
0.06139599484366437
0.06123777650552144
0.0610801494328856
0.06092311114151841
0.06076665915651633
0.06061079101230185
0.060455504252612265
0.06030079643048923
0.0601466651082675
0.059993107857563
0.05984012225926161
0.05968770590350635
0.0595358563896853
0.059384571326418126
0.05923384833154374
0.0590836850321058
0.0589340790643398
0.05878502807365819
0.05863652971463652
0.0584885816509983
0.058341181555600204
0.058194327110416694
0.05804801600652461
0.057902245944086696
0.05775701463233645
0.05761231978956093
0.057468159143084285
0.05732453042925114
0.0571814313934089
0.05703885978989084
0.05689681338199805
0.056755289941981965
0.05661428725102563
0.05647380309922585
0.05633383528557451
0.05619438161793932
0.056055439913045554
0.055917007996455895
0.055779083702551774
0.05564166487451334
0.055504749364299534
0.05536833503262812
0.055232419748955604
0.055097001391456464
0.05496207784700268
0.05482764701114304
0.05469370678808185
0.054560255090658316
0.054427289840324355
0.054294808967124096
0.05416281040967134
0.05403129211512835
0.05390025203918354
0.05376968814602955
0.05363959840834075
0.05350998080725088
0.053380833332330895
0.053252153981565686
0.053123940761331374
0.05299619168637258
0.05286890477977924
0.052742078072963314
0.052615709605635476
0.052489797425781595
0.05236433958963924
0.052239334161674165
0.05211477921455605
0.05199067282913493
0.05186701309441724
0.05174379810754151
0.051621025973754245
0.05149869480638574
0.051376802726825474
0.05125534786449775
0.05113432835683725
0.05101374234926398
0.05089358799515911
0.05077386345583976
0.050654566900534326
0.05053569650635725
0.050417250458284366
0.05029922694912762
0.050181624179509915
0.05006444035783987
0.04994767370028662
