0.4889460010741722
0.5257315897996195
0.5244973278388996
0.523499696933833
0.5227970009502065
0.5223021263435645
0.5219526688838566
0.5217046694714124
0.5215273337429094
0.5213991693677398
0.5213052125643344
0.5212350606035882
0.5211814874474664
0.5211394750965284
0.5211055383710941
0.5210772554329831
0.5210529419054764
0.5210314249081005
0.5210118864658677
0.5209937550207058
0.5209766302659998
0.5209602310540978
0.5209443592759364
0.5209288747972942
0.5209136780504805
0.5208986979285628
0.5208838833544592
0.5208691973987752
0.5208546131670326
0.5208401109167036
0.5208256760302439
0.5208112975849719
0.5207969673399626
0.5207826790150224
0.5207684277748319
0.5207542098576922
0.5207400223065834
0.5207258627729457
0.5207117293724048
0.5206976205778222
0.5206835351393324
0.5206694720240312
0.5206554303700824
0.5206414094514878
0.5206274086508126
0.5206134274378956
0.520599465353106
0.5205855219940776
0.5205715970051329
0.5205576900688014
0.5205438008989807
0.5205299292353985
0.5205160748391088
0.5205022374888157
0.5204884169778667
0.5204746131117824
0.5204608257062273
0.5204470545853371
0.5204332995803378
0.5204195605284048
0.5204058372717193
0.5203921296566874
0.5203784375332902
0.5203647607545486
0.5203510991760762
0.5203374526557087
0.5203238210531967
0.5203102042299492
0.520296602048821
0.5202830143739354
0.5202694410705366
0.520255882004867
0.5202423370440639
0.5202288060560749
0.5202152889095858
0.5202017854739606
0.520188295619192
0.5201748192158592
0.5201613561350923
0.5201479062485433
0.5201344694283606
0.5201210455471676
0.5201076344780455
0.5200942360945171
0.5200808502705345
0.5200674768804673
0.5200541157990932
0.5200407669015898
0.5200274300635264
0.5200141051608587
0.5200007920699219
0.5199874906674263
0.5199742008304526
0.5199609224364475
0.5199476553632203
0.5199343994889385
0.5199211546921253
0.5199079208516566
0.5198946978467571
0.519881485556999
0.519868283862298
0.5198550926429116
0.5198419117794365
0.5198287411528059
0.5198155806442876
0.5198024301354816
0.5197892895083175
0.5197761586450536
0.5197630374282728
0.5197499257408824
0.5197368234661108
0.519723730487506
0.519710646688933
0.5196975719545731
0.5196845061689204
0.5196714492167801
0.5196584009832678
0.5196453613538056
0.5196323302141219
0.5196193074502489
0.5196062929485198
0.5195932865955681
0.519580288278325
0.5195672978840183
0.5195543153001696
0.5195413404145924
0.5195283731153917
0.51951541329096
0.5195024608299774
0.5194895156214085
0.5194765775545015
0.5194636465187856
0.5194507224040694
0.5194378051004398
0.5194248944982588
0.5194119904881638
0.5193990929610632
0.5193862018081371
0.5193733169208342
0.5193604381908705
0.5193475655102271
0.519334698771149
0.5193218378661436
0.5193089826879779
0.5192961331296778
0.5192832890845266
0.5192704504460618
0.5192576171080755
0.519244788964611
0.519231965909962
0.5192191478386712
0.5192063346455273
0.5191935262255657
0.5191807224740639
0.5191679232865427
0.519155128558763
0.5191423381867243
0.5191295520666636
0.5191167700950536
0.5191039921686013
0.5190912181842458
0.5190784480391576
0.5190656816307362
0.5190529188566095
0.5190401596146315
0.519027403802881
0.5190146513196603
0.5190019020634935
0.5189891559331248
0.5189764128275172
0.5189636726458512
0.5189509352875235
0.5189382006521441
0.518925468639537
0.5189127391497373
0.5189000120829899
0.5188872873397484
0.5188745648206738
0.5188618444266324
0.5188491260586949
0.5188364096181353
0.5188236950064286
0.51881098212525
0.5187982708764738
0.518785561162171
0.5187728528846094
0.5187601459462503
0.5187474402497495
0.5187347356979541
0.5187220321939015
0.5187093296408187
0.5186966279421208
0.5186839270014091
0.5186712267224706
0.5186585270092761
0.5186458277659787
0.5186331288969139
0.5186204303065968
0.518607731899721
0.5185950335811584
0.5185823352559571
0.5185696368293401
0.5185569382067046
0.5185442392936199
0.5185315399958276
0.5185188402192388
0.5185061398699339
0.5184934388541613
0.5184807370783355
0.518468034449037
0.5184553308730102
0.5184426262571626
0.518429920508564
0.5184172135344446
0.5184045052421942
0.5183917955393612
0.5183790843336515
0.5183663715329272
0.5183536570452052
0.5183409407786567
0.5183282226416056
0.5183155025425278
0.5183027803900497
0.5182900560929476
0.5182773295601459
0.5182646007007174
0.5182518694238802
0.5182391356389984
0.5182263992555804
0.518213660183278
0.5182009183318848
0.5181881736113363
0.5181754259317077
0.518162675203214
0.5181499213362075
0.5181371642411788
0.5181244038287541
0.5181116400096951
0.5180988726948976
0.518086101795391
0.518073327222337
0.5180605488870286
0.5180477667008895
0.5180349805754727
0.5180221904224602
0.5180093961536615
0.5179965976810128
0.5179837949165764
0.5179709877725392
0.517958176161213
0.5179453599950321
0.5179325391865532
0.517919713648455
0.5179068832935362
0.5178940480347157
0.5178812077850308
0.517868362457638
0.5178555119658096
0.517842656222935
0.5178297951425196
0.5178169286381826
0.5178040566236585
0.5177911790127935
0.5177782957195473
0.5177654066579906
0.5177525117423054
0.5177396108867836
0.5177267040058259
0.5177137910139425
0.5177008718257508
0.517687946355975
0.5176750145194466
0.5176620762311017
0.5176491314059818
0.5176361799592326
0.5176232218061028
0.5176102568619447
0.517597285042212
0.5175843062624601
0.5175713204383452
0.5175583274856231
0.5175453273201498
0.5175323198578792
0.5175193050148639
0.5175062827072539
0.5174932528512954
0.5174802153633319
0.5174671701598017
0.5174541171572383
0.5174410562722693
0.517427987421617
0.5174149105220954
0.5174018254906128
0.5173887322441681
0.5173756306998525
0.5173625207748479
0.5173494023864262
0.51733627545195
0.5173231398888702
0.5173099956147269
0.5172968425471486
0.5172836806038511
0.5172705097026377
0.517257329761398
0.5172441406981083
0.5172309424308302
0.5172177348777107
0.5172045179569815
0.5171912915869588
0.5171780556860422
0.5171648101727149
0.5171515549655432
0.5171382899831757
0.517125015144343
0.5171117303678574
0.5170984355726125
0.5170851306775827
0.5170718156018225
0.517058490264467
0.5170451545847305
0.5170318084819067
0.517018451875368
0.5170050846845655
0.5169917068290287
0.5169783182283644
0.5169649188022568
0.516951508470468
0.5169380871528361
0.5169246547692763
0.5169112112397793
0.5168977564844122
0.5168842904233175
0.5168708129767128
0.5168573240648912
0.5168438236082198
0.5168303115271403
0.5168167877421693
0.5168032521738963
0.5167897047429854
0.5167761453701734
0.5167625739762703
0.5167489904821599
0.516735394808798
0.5167217868772132
0.5167081666085063
0.5166945339238505
0.5166808887444907
0.5166672309917438
0.5166535605869982
0.5166398774517136
0.5166261815074213
0.5166124726757236
0.5165987508782937
0.5165850160368757
0.5165712680732846
0.5165575069094053
0.5165437324671945
0.516529944668678
0.5165161434359526
0.5165023286911851
0.5164885003566122
0.5164746583545412
0.5164608026073488
0.516446933037482
0.5164330495674574
0.5164191521198614
0.5164052406173506
0.5163913149826505
0.5163773751385572
0.5163634210079361
0.5163494525137224
0.5163354695789206
0.5163214721266058
0.5163074600799219
0.516293433362083
0.5162793918963731
0.5162653356061452
0.5162512644148234
0.5162371782459007
0.5162230770229406
0.5162089606695764
0.5161948291095119
0.5161806822665206
0.5161665200644465
0.5161523424272041
0.5161381492787781
0.5161239405432245
0.5161097161446693
0.5160954760073097
0.5160812200554139
0.5160669482133211
0.5160526604054423
0.5160383565562594
0.5160240365903259
0.5160097004322681
0.5159953480067833
0.515980979238641
0.5159665940526836
0.5159521923738263
0.5159377741270561
0.5159233392374344
0.5159088876300947
0.5158944192302448
0.5158799339631657
0.515865431754213
0.515850912528816
0.5158363762124791
0.5158218227307815
0.5158072520093769
0.515792663973995
0.5157780585504412
0.5157634356645967
0.5157487952424192
0.5157341372099431
0.5157194614932799
0.5157047680186181
0.5156900567122241
0.5156753275004424
0.5156605803096962
0.5156458150664869
0.5156310316973955
0.5156162301290826
0.5156014102882885
0.515586572101834
0.515571715496621
0.5155568403996319
0.5155419467379314
0.515527034438666
0.5155121034290647
0.5154971536364399
0.5154821849881861
0.5154671974117837
0.5154521908347959
0.5154371651848713
0.5154221203897438
0.5154070563772335
0.5153919730752462
0.5153768704117749
0.5153617483149002
0.5153466067127905
0.5153314455337024
0.5153162647059817
0.515301064158064
0.5152858438184745
0.5152706036158299
0.5152553434788371
0.5152400633362959
0.5152247631170979
0.5152094427502281
0.5151941021647651
0.5151787412898816
0.5151633600548452
0.5151479583890195
0.515132536221864
0.5151170934829348
0.5151016301018858
0.515086146008469
0.5150706411325353
0.5150551154040348
0.515039568753018
0.5150240011096368
0.5150084124041434
0.5149928025668935
0.5149771715283455
0.5149615192190615
0.5149458455697078
0.5149301505110563
0.5149144339739846
0.5148986958894772
0.5148829361886265
0.514867154802632
0.5148513516628036
0.51483552670056
0.5148196798474312
0.5148038110350579
0.514787920195194
0.5147720072597058
0.5147560721605733
0.514740114829892
0.5147241351998723
0.5147081332028408
0.5146921087712422
0.5146760618376386
0.5146599923347114
0.5146439001952616
0.5146277853522113
0.5146116477386039
0.5145954872876055
0.5145793039325054
0.5145630976067177
0.5145468682437813
0.5145306157773617
0.5145143401412509
0.5144980412693698
0.5144817190957677
0.514465373554624
0.514449004580249
0.5144326121070851
0.5144161960697075
0.514399756402825
0.5143832930412814
0.5143668059200568
0.5143502949742672
0.5143337601391675
0.5143172013501506
0.5143006185427497
0.5142840116526388
0.5142673806156339
0.5142507253676945
0.5142340458449232
0.5142173419835682
0.5142006137200241
0.5141838609908324
0.514167083732683
0.5141502818824152
0.5141334553770188
0.5141166041536355
0.5140997281495587
0.514082827302237
0.5140659015492726
0.5140489508284246
0.5140319750776086
0.514014974234899
0.5139979482385293
0.5139808970268939
0.5139638205385483
0.5139467187122113
0.5139295914867658
0.5139124388012593
0.5138952605949065
0.5138780568070889
0.5138608273773572
0.5138435722454314
0.5138262913512033
0.5138089846347367
0.5137916520362684
0.5137742934962107
0.5137569089551515
0.5137394983538556
0.5137220616332661
0.5137045987345064
0.5136871095988801
0.5136695941678726
0.5136520523831536
0.5136344841865761
0.5136168895201799
0.5135992683261914
0.5135816205470253
0.5135639461252859
0.5135462450037686
0.5135285171254604
0.5135107624335424
0.5134929808713896
0.5134751723825739
0.5134573369108634
0.5134394744002254
0.5134215847948271
0.5134036680390367
0.5133857240774244
0.5133677528547651
0.513349754316038
0.513331728406429
0.5133136750713315
0.5132955942563484
0.5132774859072923
0.5132593499701881
0.5132411863912734
0.5132229951170001
0.5132047760940358
0.5131865292692653
0.5131682545897915
0.5131499520029373
0.5131316214562467
0.5131132628974853
0.5130948762746435
0.5130764615359362
0.513058018629805
0.5130395475049193
0.5130210481101773
0.5130025203947083
0.5129839643078731
0.5129653797992658
0.5129467668187154
0.5129281253162866
0.5129094552422815
0.5128907565472409
0.5128720291819459
0.5128532730974186
0.5128344882449245
0.5128156745759732
0.5127968320423191
0.5127779605959648
0.5127590601891602
0.5127401307744052
0.5127211723044509
0.5127021847323008
0.5126831680112118
0.5126641220946967
0.512645046936524
0.5126259424907211
0.5126068087115739
0.5125876455536289
0.5125684529716952
0.512549230920845
0.5125299793564149
0.5125106982340084
0.5124913875094956
0.5124720471390166
0.51245267707898
0.5124332772860675
0.5124138477172331
0.5123943883297051
0.5123748990809872
0.5123553799288607
0.5123358308313843
0.5123162517468972
0.5122966426340191
0.5122770034516522
0.5122573341589826
0.5122376347154806
0.512217905080904
0.5121981452152973
0.5121783550789943
0.5121585346326192
0.5121386838370877
0.5121188026536085
0.5120988910436843
0.5120789489691139
0.512058976391992
0.5120389732747123
0.512018939579967
0.5119988752707502
0.5119787803103568
0.5119586546623853
0.5119384982907393
0.5119183111596273
0.5118980932335652
0.5118778444773769
0.5118575648561965
0.5118372543354683
0.5118169128809484
0.5117965404587067
0.5117761370351266
0.5117557025769082
0.5117352370510682
0.5117147404249403
0.511694212666179
0.5116736537427578
0.5116530636229728
0.511632442275442
0.5116117896691083
0.5115911057732387
0.5115703905574269
0.5115496439915941
0.5115288660459893
0.5115080566911917
0.5114872158981111
0.5114663436379886
0.5114454398823988
0.51142450460325
0.5114035377727854
0.5113825393635845
0.511361509348564
0.5113404477009784
0.5113193543944221
0.5112982294028289
0.5112770727004745
0.5112558842619768
0.5112346640622962
0.5112134120767386
0.511192128280954
0.5111708126509389
0.5111494651630372
0.51112808579394
0.5111066745206887
0.5110852313206731
0.5110637561716346
0.5110422490516661
0.5110207099392127
0.5109991388130731
0.5109775356524006
0.5109559004367027
0.5109342331458434
0.5109125337600432
0.5108908022598799
0.51086903862629
0.5108472428405681
0.5108254148843695
0.5108035547397096
0.5107816623889652
0.5107597378148747
0.5107377810005392
0.5107157919294235
0.5106937705853558
0.510671716952529
0.510649631015502
0.5106275127591985
0.5106053621689091
0.5105831792302917
0.5105609639293716
0.5105387162525419
0.5105164361865652
0.5104941237185725
0.5104717788360653
0.5104494015269149
0.5104269917793629
0.5104045495820227
0.5103820749238792
0.5103595677942889
0.5103370281829812
0.5103144560800577
0.5102918514759935
0.5102692143616372
0.5102465447282111
0.5102238425673116
0.5102011078709097
0.5101783406313506
0.5101555408413553
0.5101327084940188
0.510109843582813
0.5100869461015837
0.5100640160445539
0.510041053406321
0.5100180581818604
0.5099950303665218
0.5099719699560327
0.5099488769464956
0.5099257513343902
0.5099025931165722
0.5098794022902743
0.5098561788531049
0.5098329228030498
0.50980963413847
0.5097863128581034
0.5097629589610644
0.5097395724468426
0.5097161533153045
0.5096927015666919
0.5096692172016222
0.5096457002210883
0.5096221506264582
0.5095985684194752
0.5095749536022567
0.5095513061772949
0.5095276261474563
0.5095039135159805
0.5094801682864807
0.5094563904629437
0.509432580049728
0.5094087370515652
0.5093848614735575
0.5093609533211794
0.5093370126002755
0.5093130393170611
0.5092890334781208
0.5092649950904086
0.5092409241612467
0.5092168206983256
0.5091926847097028
0.5091685162038024
0.5091443151894146
0.5091200816756947
0.5090958156721623
0.5090715171887013
0.5090471862355577
0.5090228228233398
0.5089984269630178
0.5089739986659214
0.5089495379437405
0.5089250448085231
0.5089005192726757
0.5088759613489602
0.5088513710504954
0.5088267483907539
0.5088020933835627
0.5087774060431012
0.5087526863838997
0.5087279344208401
0.5087031501691521
0.5086783336444146
0.508653484862553
0.5086286038398383
0.5086036905928861
0.5085787451386553
0.5085537674944459
0.5085287576778994
0.5085037157069963
0.5084786416000542
0.508453535375728
0.5084283970530072
0.5084032266512148
0.5083780241900062
0.5083527896893669
0.5083275231696122
0.5083022246513834
0.5082768941556495
0.5082515317037027
0.5082261373171583
0.5082007110179522
0.5081752528283398
0.5081497627708943
0.5081242408685045
0.5080986871443735
0.5080731016220166
0.5080474843252596
0.5080218352782366
0.5079961545053893
0.5079704420314634
0.5079446978815081
0.5079189220808734
0.5078931146552084
0.5078672756304594
0.5078414050328672
0.5078155028889659
0.507789569225581
0.5077636040698256
0.5077376074491007
0.5077115793910906
0.507685519923763
0.5076594290753649
0.5076333068744217
0.5076071533497343
0.5075809685303767
0.5075547524456943
0.5075285051253008
0.5075022265990766
0.507475916897166
0.5074495760499745
0.5074232040881672
0.5073968010426659
0.5073703669446462
0.5073439018255351
0.5073174057170098
0.5072908786509929
0.5072643206596522
0.5072377317753957
0.5072111120308711
0.5071844614589616
0.5071577800927842
0.5071310679656867
0.5071043251112446
0.5070775515632588
0.5070507473557532
0.5070239125229703
0.5069970470993705
0.5069701511196278
0.5069432246186275
0.5069162676314631
0.5068892801934336
0.5068622623400401
0.5068352141069837
0.506808135530162
0.5067810266456654
0.5067538874897756
0.5067267180989615
0.5066995185098763
0.5066722887593544
0.5066450288844087
0.506617738922227
0.5065904189101686
0.5065630688857626
0.5065356888867028
0.5065082789508452
0.5064808391162056
0.5064533694209554
0.5064258699034181
0.5063983406020671
0.5063707815555216
0.5063431928025434
0.5063155743820333
0.5062879263330287
0.5062602486946989
0.5062325415063427
0.5062048048073845
0.506177038637371
0.5061492430359672
0.5061214180429545
0.506093563698225
0.5060656800417795
0.5060377671137244
0.5060098249542658
0.5059818536037084
0.505953853102451
0.5059258234909827
0.5058977648098791
0.5058696770997998
0.5058415604014831
0.5058134147557442
0.5057852402034697
0.5057570367856151
0.505728804543201
0.5057005435173085
0.5056722537490768
0.5056439352796983
0.5056155881504152
0.505587212402516
0.5055588080773318
0.5055303752162318
0.5055019138606198
0.5054734240519311
0.5054449058316269
0.5054163592411931
0.5053877843221335
0.5053591811159686
0.5053305496642289
0.5053018900084539
0.5052732021901867
0.5052444862509695
0.5052157422323408
0.5051869701758311
0.5051581701229593
0.5051293421152273
0.5051004861941181
0.5050716024010902
0.5050426907775749
0.5050137513649706
0.5049847842046409
0.5049557893379087
0.5049267668060535
0.5048977166503068
0.5048686389118479
0.5048395336318006
0.5048104008512279
0.5047812406111295
0.5047520529524366
0.5047228379160085
0.5046935955426277
0.5046643258729968
0.5046350289477342
0.5046057048073689
0.5045763534923384
0.5045469750429827
0.5045175694995421
0.5044881369021508
0.5044586772908346
0.5044291907055065
0.5043996771859625
0.5043701367718764
0.5043405695027977
0.5043109754181457
0.5042813545572065
0.5042517069591286
0.5042220326629183
0.5041923317074364
0.5041626041313931
0.5041328499733453
0.504103069271691
0.5040732620646662
0.50404342839034
0.5040135682866114
0.5039836817912043
0.5039537689416642
0.5039238297753537
0.5038938643294475
0.5038638726409308
0.5038338547465923
0.5038038106830216
0.5037737404866055
0.5037436441935229
0.5037135218397415
0.5036833734610124
0.5036531990928689
0.5036229987706182
0.5035927725293418
0.5035625204038877
0.5035322424288691
0.5035019386386588
0.5034716090673851
0.5034412537489293
0.5034108727169198
0.5033804660047291
0.5033500336454697
0.50331957567199
0.5032890921168701
0.5032585830124185
0.5032280483906669
0.5031974882833675
0.5031669027219884
0.5031362917377096
0.5031056553614194
0.5030749936237099
0.503044306554874
0.5030135941849003
0.5029828565434704
0.5029520936599541
0.502921305563406
0.5028904922825613
0.5028596538458322
0.5028287902813041
0.5027979016167315
0.5027669878795343
0.5027360490967943
0.5027050852952506
0.5026740965012968
0.5026430827409761
0.5026120440399791
0.5025809804236384
0.5025498919169259
0.5025187785444487
0.5024876403304458
0.5024564772987836
0.5024252894729533
0.5023940768760657
0.5023628395308499
0.502331577459647
0.5023002906844086
0.502268979226692
0.5022376431076572
0.502206282348063
0.5021748969682635
0.5021434869882049
0.5021120524274215
0.5020805933050329
0.502049109639739
0.502017601449819
0.5019860687531255
0.5019545115670823
0.5019229299086811
0.5018913237944778
0.5018596932405889
0.5018280382626883
0.5017963588760042
0.5017646550953158
0.5017329269349495
0.5017011744087763
0.5016693975302078
0.5016375963121933
0.5016057707672174
0.5015739209072949
0.5015420467439695
0.5015101482883096
0.5014782255509053
0.5014462785418659
0.5014143072708157
0.501382311746892
0.5013502919787413
0.5013182479745166
0.5012861797418742
0.5012540872879712
0.5012219706194616
0.5011898297424945
0.5011576646627101
0.5011254753852372
0.5010932619146908
0.5010610242551685
0.5010287624102482
0.5009964763829845
0.500964166175907
0.5009318317910171
0.5008994732297841
0.5008670904931449
0.500834683581499
0.5008022524947067
0.5007697972320866
0.5007373177924129
0.5007048141739128
0.5006722863742633
0.5006397343905896
0.500607158219462
0.5005745578568931
0.5005419332983365
0.5005092845386825
0.5004766115722574
0.5004439143928201
0.5004111929935596
0.5003784473670935
0.5003456775054648
0.5003128834001399
0.5002800650420064
0.5002472224213705
0.5002143555279552
0.5001814643508975
0.5001485488787468
0.5001156090994623
0.5000826450004108
0.5000496565683649
0.5000166437895011
0.49998360664939673
0.49995054513302883
0.49991745922477177
0.4998843489083953
0.49985121416706246
0.49981805498332776
0.4997848713391353
0.4997516632158167
0.49971843059408916
0.4996851734540541
0.4996518917751939
0.49961858553637284
0.49958525471583226
0.4995518992911907
0.4995185192394413
0.49948511453695105
0.499451685159458
0.49941823108207006
0.4993847522792638
0.49935124872488207
0.4993177203921329
0.499284167253588
0.49925058928118105
0.49921698644620605
0.49918335871931596
0.49914970607052156
0.4991160284691895
0.4990823258840416
0.4990485982831524
0.49901484563394893
0.4989810679032084
0.4989472650570581
0.4989134370609726
0.49887958387977394
0.4988457054776293
0.4988118018180505
0.49877787286389236
0.498743918577352
0.49870993891996734
0.498675933852616
0.49864190333551456
0.4986078473282172
0.49857376578961476
0.49853965867793376
0.498505525950735
0.49847136756491356
0.49843718347669724
0.4984029736416449
0.4983687380146472
0.49833447654992485
0.4983001892010276
0.49826587592083343
0.4982315366615487
0.49819717137470587
0.49816278001116393
0.4981283625211076
0.49809391885404597
0.4980594489588121
0.49802495278356307
0.49799043027577816
0.4979558813822592
0.49792130604912954
0.4978867042218337
0.4978520758451366
0.4978174208631232
0.49778273921919847
0.497748030856086
0.49771329571582806
0.4976785337397853
0.49764374486863633
0.49760892904237725
0.497574086200321
0.49753921628109754
0.4975043192226533
0.4974693949622511
0.4974344434364696
0.49739946458120315
0.4973644583316617
0.4973294246223704
0.49729436338716976
0.49725927455921515
0.4972241580709771
0.4971890138542402
0.4971538418401047
0.4971186419589847
0.4970834141406094
0.49704815831402216
0.49701287440758124
0.49697756234895923
0.4969422220651435
0.4969068534824358
0.4968714565264532
0.4968360311221272
0.4968005771937044
0.49676509466474666
0.4967295834581308
0.4966940434960495
0.4966584747000108
0.49662287699083885
0.49658725028867395
0.4965515945129727
0.4965159095825082
0.496480195415371
0.4964444519289685
0.496408679040026
0.4963728766645868
0.4963370447180121
0.4963011831149825
0.4962652917694973
0.49622937059487565
0.4961934195037567
0.4961574384081
0.4961214272191863
0.49608538584761747
0.49604931420331766
0.49601321219553374
0.49597707973283517
0.49594091672311585
0.49590472307359285
0.49586849869080896
0.4958322434806325
0.4957959573482573
0.4957596401982047
0.4957232919343225
0.4956869124597878
0.49565050167710584
0.4956140594881116
0.4955775857939701
0.495541080495178
0.49550454349156337
0.49546797468228687
0.49543137396584264
0.49539474124005917
0.4953580764020999
0.4953213793484642
0.495284649974988
0.4952478881768452
0.49521109384854795
0.49517426688394794
0.4951374071762371
0.4951005146179489
0.4950635891009587
0.4950266305164853
0.4949896387550915
0.49495261370668525
0.49491555526052056
0.4948784633051987
0.49484133772866923
0.4948041784182309
0.49476698526053237
0.4947297581415744
0.49469249694670925
0.4946552015606435
0.4946178718674379
0.494580507750509
0.4945431090926303
0.4945056757759334
0.4944682076819088
0.4944307046914077
0.4943931666846424
0.4943555935411881
0.4943179851399838
0.49428034135933396
0.4942426620769089
0.4942049471697465
0.494167196514254
0.49412940998620813
0.4940915874607571
0.4940537288124219
0.4940158339150972
0.49397790264205277
0.4939399348659351
0.4939019304587687
0.49386388929195646
0.49382581123628255
0.4937876961619124
0.493749543938395
0.49371135443466324
0.49367312751903686
0.4936348630592219
0.49359656092231396
0.4935582209747982
0.4935198430825511
0.49348142711084275
0.493442972924337
0.49340448038709345
0.49336594936256906
0.49332737971361973
0.49328877130250093
0.49325012399086987
0.49321143763978725
0.4931727121097179
0.4931339472605327
0.49309514295150997
0.4930562990413372
0.4930174153881123
0.49297849184934545
0.4929395282819603
0.4929005245422954
0.4928614804861061
0.4928223959685659
0.49278327084426804
0.4927441049672271
0.49270489819088026
0.4926656503680893
0.49262636135114213
0.49258703099175394
0.49254765914106935
0.49250824564966317
0.49246879036754315
0.49242929314415085
0.49238975382836286
0.49235017226849365
0.4923105483122958
0.49227088180696277
0.4922311725991298
0.49219142053487547
0.4921516254597243
0.49211178721864696
0.4920719056560633
0.4920319806158431
0.4919920119413078
0.4919519994752324
0.49191194305984726
0.4918718425368396
0.4918316977473546
0.49179150853199805
0.4917512747308376
0.49171099618340375
0.4916706727286929
0.4916303042051679
0.49158989045076035
0.49154943130287154
0.4915089265983754
0.4914683761736189
0.4914277798644246
0.4913871375060916
0.4913464489333981
0.4913057139806025
0.4912649324814454
0.491224104269151
0.49118322917642887
0.4911423070354763
0.4911013376779786
0.4910603209351128
0.491019256637547
0.49097814461544437
0.4909369846984635
0.49089577671575974
0.49085452049598893
0.49081321586730664
0.4907718626573717
0.4907304606933466
0.49068900980190094
0.4906475098092111
0.4906059605409633
0.49056436182235497
0.4905227134780964
0.49048101533241256
0.4904392672090447
0.49039746893125225
0.4903556203218145
0.49031372120303185
0.4902717713967287
0.4902297707242534
0.49018771900648195
0.49014561606381823
0.490103461716196
0.49006125578308135
0.4900189980834737
0.4899766884359077
0.489934326658455
0.4898919125687259
0.48984944598387087
0.4898069267205831
0.48976435459509876
0.48972172942320047
0.489679051020217
0.4896363192010271
0.48959353378005926
0.48955069457129474
0.489507801388269
0.48946485404407253
0.48942185235135394
0.4893787961223208
0.4893356851687408
0.4892925193019452
0.48924929833282865
0.4892060220718515
0.48916269032904236
0.48911930291399863
0.48907585963588857
0.48903236030345293
0.4889888047250068
0.48894519270844106
0.4889015240612243
0.4888577985904041
0.48881401610260894
0.48877017640405
0.48872627930052254
0.48868232459740724
0.4886383120996727
0.4885942416118768
0.48855011293816764
0.4885059258822857
0.48846168024756564
0.48841737583693784
0.4883730124529298
0.4883285898976677
0.48828410797287847
0.48823956647989075
0.48819496521963746
0.488150303992656
0.4881055825990915
0.4880608008386967
0.4880159585108351
0.4879710554144813
0.4879260913482236
0.4878810661102647
0.48783597949842405
0.4877908313101383
0.48774562134246435
0.48770034939207996
0.48765501525528526
0.4876096187280044
0.48756415960578775
0.4875186376838123
0.4874730527568842
0.48742740461943945
0.48738169306554596
0.4873359178889054
0.4872900788828537
0.4872441758403631
0.48719820855404383
0.48715217681614553
0.48710608041855824
0.48705991915281444
0.48701369281009044
0.48696740118120774
0.4869210440566343
0.4868746212264862
0.4868281324805295
0.48678157760818064
0.48673495639850883
0.4866882686402376
0.48664151412174467
0.48659469263106575
0.4865478039558939
0.4865008478835818
0.48645382420114325
0.4864067326952545
0.48635957315225514
0.48631234535815027
0.4862650490986113
0.4862176841589774
0.48617025032425704
0.4861227473791294
0.4860751751079452
0.48602753329472903
0.4859798217231791
0.4859320401766706
0.48588418843825537
0.48583626629066373
0.4857882735163063
0.4857402098972744
0.4856920752153418
0.48564386925196645
0.48559559178829104
0.48554724260514404
0.48549882148304213
0.4854503282021909
0.48540176254248496
0.48535312428351146
0.485304413204549
0.48525562908457065
0.48520677170224386
0.4851578408359327
0.4851088362636985
0.4850597577633007
0.485010605112199
0.4849613780875536
0.48491207646622725
0.4848627000247855
0.4848132485394988
0.4847637217863424
0.48471411954099897
0.48466444157885846
0.48461468767502014
0.4845648576042929
0.48451495114119697
0.4844649680599654
0.4844149081345438
0.4843647711385923
0.48431455684548674
0.4842642650283197
0.4842138954599009
0.484163447912759
0.48411292215914237
0.4840623179710201
0.4840116351200826
0.483960873377744
0.48391003251514114
0.4838591123031363
0.48380811251231726
0.48375703291299876
0.48370587327522274
0.48365463336876047
0.4836033129631123
0.4835519118275094
0.48350042973091445
0.4834488664420223
0.48339722172926153
0.4833454953607947
0.4832936871045193
0.4832417967280698
0.4831898239988162
0.4831377686838675
0.48308563055007087
0.4830334093640128
0.4829811048920207
0.48292871690016254
0.482876245154249
0.4828236894198327
0.48277104946221094
0.48271832504642503
0.48266551593726115
0.48261262189925214
0.48255964269667734
0.48250657809356373
0.4824534278536864
0.4824001917405701
0.4823468695174888
0.482293460947467
0.4822399657932813
0.4821863838174592
0.4821327147822813
0.4820789584497818
0.48202511458174874
0.4819711829397248
0.4819171632850079
0.48186305537865265
0.48180885898146975
0.48175457385402704
0.48170019975665096
0.481645736449426
0.48159118369219606
0.4815365412445648
0.48148180886589587
0.4814269863153144
0.4813720733517065
0.48131706973372085
0.4812619752197684
0.48120678956802293
0.4811515125364229
0.4810961438826702
0.48104068336423156
0.48098513073833904
0.48092948576199035
0.4808737481919494
0.48081791778474714
0.48076199429668093
0.48070597748381677
0.48064986710198765
0.4805936629067957
0.4805373646536121
0.4804809720975767
0.4804244849935999
0.4803679030963617
0.48031122616031313
0.4802544539396757
0.48019758618844255
0.4801406226603783
0.4800835631090201
0.4800264072876767
0.4799691549494304
0.4799118058471359
0.47985435973342166
0.4797968163606897
0.4797391754811164
0.4796814368466519
0.47962360020902106
0.4795656653197235
0.47950763193003465
0.4794494997910046
0.4793912686534591
0.4793329382680002
0.4792745083850057
0.47921597875462957
0.4791573491268029
0.47909861925123304
0.4790397888774046
0.478980857754579
0.47892182563179514
0.4788626922578692
0.47880345738139546
0.47874412075074557
0.4786846821140693
0.47862514121929445
0.47856549781412705
0.4785057516460516
0.47844590246233054
0.47838595001000556
0.47832589403589654
0.47826573428660213
0.47820547050849976
0.4781451024477461
0.47808462985027633
0.4780240524618049
0.4779633700278249
0.47790258229360943
0.4778416890042097
0.4777806899044564
0.4777195847389598
0.4776583732521089
0.4775970551880718
0.4775356302907962
0.4774740983040088
0.47741245897121515
0.47735071203570045
0.4772888572405284
0.47722689432854226
0.47716482304236413
0.4771026431243949
0.47704035431681435
0.47697795636158136
0.4769154490004332
0.47685283197488604
0.4767901050262344
0.47672726789555175
0.4766643203236893
0.47660126205127706
0.4765380928187226
0.47647481236621236
0.47641142043370993
0.4763479167609571
0.4762843010874732
0.4762205731525551
0.47615673269527686
0.47609277945448997
0.47602871316882284
0.47596453357668067
0.47590024041624573
0.4758358334254762
0.47577131234210746
0.4757066769036503
0.47564192684739187
0.4755770619103949
0.47551208182949806
0.475446986341315
0.47538177518223484
0.47531644808842144
0.47525100479581367
0.4751854450401247
0.4751197685568423
0.47505397508122765
0.4749880643483167
0.47492203609291844
0.4748558900496155
0.4747896259527634
0.47472324353649054
0.47465674253469825
0.4745901226810602
0.4745233837090219
0.47445652535180116
0.4743895473423872
0.4743224494135404
0.4742552312977927
0.4741878927274466
0.4741204334345753
0.47405285315102225
0.47398515160840093
0.4739173285380943
0.47384938367125584
0.47378131673880675
0.4737131274714385
0.4736448155996106
0.4735763808535508
0.4735078229632555
0.47343914165848855
0.4733703366687817
0.4733014077234336
0.4732323545515102
0.4731631768818441
0.4730938744430344
0.4730244469634463
0.47295489417121106
0.4728852157942255
0.47281541156015167
0.47274548119641707
0.4726754244302138
0.47260524098849827
0.4725349305979919
0.4724644929851796
0.4723939278763101
0.47232323499739554
0.4722524140742119
0.47218146483229745
0.4721103869969536
0.4720391802932442
0.4719678444459957
0.4718963791797958
0.471824784218995
0.4717530592877042
0.4716812041097968
0.47160921840890635
0.471537101908428
0.4714648543315172
0.4713924754010901
0.47131996483982275
0.47124732237015154
0.47117454771427303
0.47110164059414295
0.47102860073147673
0.47095542784774924
0.4708821216641944
0.4708086819018056
0.47073510828133425
0.4706614005232912
0.47058755834794547
0.47051358147532485
0.4704394696252153
0.4703652225171608
0.47029083987046433
0.47021632140418557
0.47014166683714287
0.47006687588791257
0.4699919482748286
0.4699168837159824
0.46984168192922326
0.46976634263215844
0.4696908655421521
0.46961525037632673
0.4695394968515619
0.469463604684495
0.46938757359152095
0.46931140328879234
0.4692350934922192
0.4691586439174699
0.46908205427996985
0.4690053242949029
0.4689284536772106
0.4688514421415922
0.4687742894025059
0.46869699517416763
0.4686195591705522
0.46854198110539225
0.46846426069218006
0.46838639764416623
0.46830839167436134
0.4682302424955344
0.4681519498202146
0.46807351336069086
0.4679949328290123
0.46791620793698824
0.46783733839618913
0.4677583239179459
0.46767916421335154
0.46759985899326006
0.46752040796828787
0.46744081084881395
0.4673610673449802
0.46728117716669143
0.4672011400236167
0.46712095562518874
0.4670406236806055
0.46696014389882984
0.46687951598859034
0.4667987396583818
0.466717814616466
0.46663674057087234
0.4665555172293977
0.46647414429960765
0.4663926214888378
0.4663109485041926
0.46622912505254804
0.46614715084055125
0.46606502557462126
0.4659827489609502
0.46590032070550375
0.4658177405140222
0.46573500809202095
0.46565212314479193
0.46556908537740344
0.46548589449470257
0.46540255020131505
0.4653190522016459
0.465235400199882
0.4651515938999911
0.46506763300572485
0.4649835172206178
0.46489924624799084
0.46481481979094974
0.46473023755238846
0.4646454992349891
0.46456060454122416
0.46447555317335604
0.46439034483344044
0.4643049792233257
0.46421945604465575
0.4641337749988701
0.4640479357872067
0.4639619381107016
0.4638757816701917
0.4637894661663159
0.46370299129951675
0.4636163567700412
0.46352956227794334
0.46344260752308497
0.4633554922051384
0.46326821602358653
0.46318077867772606
0.4630931798666685
0.4630054192893419
0.4629174966444929
0.4628294116306886
0.4627411639463184
0.4626527532895956
0.46256417935855937
0.4624754418510777
0.4623865404648481
0.46229747489740036
0.46220824484609846
0.4621188500081427
0.4620292900805722
0.4619395647602667
0.4618496737439486
0.461759616728186
0.46166939340939406
0.46157900348383846
0.46148844664763716
0.4613977225967622
0.46130683102704356
0.46121577163417066
0.4611245441136952
0.4610331481610339
0.4609415834714711
0.46084984974016086
0.4607579466621307
0.4606658739322837
0.4605736312454012
0.46048121829614613
0.46038863477906516
0.4602958803885928
0.46020295481905293
0.46010985776466296
0.4600165889195364
0.45992314797768596
0.4598295346330266
0.45973574857937916
0.4596417895104732
0.45954765711994994
0.45945335110136665
0.45935887114819907
0.459264216953845
0.459169388211628
0.4590743846148009
0.45897920585654856
0.45888385162999323
0.45878832162819594
0.4586926155441617
0.45859673307084325
0.4585006739011437
0.4584044377279215
0.45830802424399375
0.4582114331421406
0.45811466411510815
0.458017716855614
0.45792059105634975
0.45782328640998626
0.4577258026091776
0.45762813934656454
0.4575302963147797
0.4574322732064513
0.45733406971420787
0.4572356855306824
0.45713712034851695
0.45703837386036705
0.4569394457589061
0.45684033573683036
0.45674104348686356
0.45664156870176104
0.45654191107431524
0.4564420702973603
0.45634204606377626
0.4562418380664951
0.4561414459985049
0.4560408695528549
0.4559401084226608
0.45583916230110993
0.4557380308814663
0.4556367138570756
0.45553521092137095
0.4554335217678773
0.45533164609021815
0.45522958358211985
0.4551273339374181
0.4550248968500617
0.4549222720141207
0.4548194591237895
0.4547164578733941
0.45461326795739765
0.4545098890704058
0.4544063209071722
0.4543025631626063
0.45419861553177626
0.45409447770991795
0.45399014939243904
0.45388563027492607
0.45378092005314996
0.45367601842307304
0.4535709250808546
0.45346563972285714
0.45336016204565366
0.4532544917460329
0.45314862852100707
0.45304257206781723
0.4529363220839403
0.45282987826709625
0.452723240315254
0.45261640792663843
0.45250938079973746
0.45240215863330824
0.45229474112638496
0.45218712797828536
0.45207931888861713
0.4519713135572863
0.451863111684503
0.45175471297078934
0.4516461171169873
0.45153732382426415
0.4514283327941212
0.45131914372840126
0.4512097563292954
0.4511001702993508
0.4509903853414775
0.4508804011589578
0.45077021745545176
0.4506598339350061
0.45054925030206244
0.4504384662614634
0.45032748151846214
0.45021629577872907
0.45010490874836045
0.4499933201338864
0.449881529642278
0.4497695369809575
0.4496573418578037
0.44954494398116235
0.4494323430598533
0.4493195388031792
0.4492065309209337
0.44909331912341
0.4489799031214089
0.44886628262624795
0.4487524573497693
0.4486384270043484
0.44852419130290383
0.44840974995890387
0.4482951026863769
0.4481802491999196
0.44806518921470584
0.4479499224464952
0.4478344486116425
0.4477187674271068
0.4476028786104594
0.447486781879894
0.4473704769542356
0.44725396355294883
0.447137241396148
0.44702031020460664
0.4469031696997653
0.4467858196037426
0.4466682596393432
0.4465504895300681
0.4464325090001237
0.4463143177744314
0.44619591557863725
0.4460773021391213
0.44595847718300674
0.44583944043817103
0.4457201916332543
0.44560073049766935
0.4454810567616114
0.4453611701560688
0.4452410704128311
0.44512075726450073
0.44500023044450154
0.4448794896870901
0.44475853472736415
0.4446373653012744
0.44451598114563257
0.4443943819981236
0.4442725675973142
0.44415053768266366
0.4440282919945341
0.4439058302742003
0.44378315226386056
0.4436602577066469
0.44353714634663466
0.4434138179288538
0.4432902721992987
0.443166508904939
0.44304252779372943
0.44291832861462094
0.44279391111757127
0.4426692750535544
0.4425444201745727
0.44241934623366624
0.4422940529849241
0.44216854018349444
0.44204280758559567
0.44191685494852717
0.44179068203067945
0.4416642885915455
0.4415376743917309
0.4414108391929652
0.4412837827581128
0.44115650485118263
0.4410290052373403
0.4409012836829186
0.4407733399554275
0.4406451738235664
0.4405167850572338
0.4403881734275393
0.44025933870681366
0.44013028066861987
0.440000999087765
0.4398714937403094
0.43974176440358015
0.4396118108561794
0.4394816328779972
0.4393512302502216
0.4392206027553508
0.4390897501772021
0.4389586723009252
0.43882736891301216
0.43869583980130794
0.4385640847550223
0.43843210356474094
0.4382998960224358
0.43816746192147665
0.4380348010566418
0.4379019132241296
0.4377687982215692
0.43763545584803176
0.43750188590404104
0.4373680881915854
0.43723406251412744
0.4370998086766169
0.43696532648549996
0.4368306157487309
0.43669567627578354
0.436560507877662
0.4364251103669111
0.4362894835576285
0.43615362726547424
0.43601754130768333
0.43588122550307545
0.43574467967206626
0.4356079036366789
0.4354708972205538
0.43533366024896075
0.43519619254880865
0.43505849394865725
0.43492056427872766
0.43478240337091334
0.43464401105879036
0.434505387177629
0.4343665315644036
0.434227444057804
0.4340881244982461
0.4339485727278822
0.4338087885906121
0.43366877193209363
0.4335285225997524
0.43338804044279383
0.4332473253122125
0.43310637706080335
0.4329651955431717
0.43282378061574395
0.43268213213677775
0.4325402499663725
0.43239813396647975
0.43225578400091336
0.4321131999353597
0.43197038163738777
0.43182732897646003
0.4316840418239412
0.43154052005311017
0.43139676353916767
0.43125277215924884
0.4311085457924309
0.4309640843197446
0.4308193876241836
0.4306744555907135
0.43052928810628305
0.4303838850598321
0.4302382463423031
0.4300923718466489
0.42994626146784354
0.42979991510289167
0.42965333265083644
0.4295065140127706
0.4293594590918457
0.42921216779327975
0.429064640024368
0.42891687569449144
0.42876887471512604
0.4286206369998508
0.42847216246435826
0.428323451026462
0.4281745026061059
0.4280253171253731
0.42787589450849445
0.4277262346818565
0.42757633757401076
0.427426203115682
0.4272758312397763
0.42712522188138924
0.4269743749778147
0.42682329046855216
0.42667196829531534
0.42652040840204
0.4263686107348916
0.42621657524227313
0.42606430187483313
0.42591179058547335
0.42575904132935516
0.4256060540639087
0.4254528287488389
0.42529936534613355
0.4251456638200699
0.424991724137222
0.4248375462664682
0.4246831301789965
0.4245284758483136
0.42437358325024976
0.42421845236296596
0.4240630831669609
0.4239074756450769
0.42375162978250636
0.423595545566798
0.42343922298786263
0.42328266203797993
0.4231258627118036
0.422968825006368
0.4228115489210925
0.4226540344577885
0.4224962816206639
0.42233829041632914
0.42218006085380244
0.422021592944514
0.42186288670231237
0.4217039421434686
0.4215447592866808
0.4213853381530799
0.42122567876623307
0.4210657811521489
0.42090564533928126
0.4207452713585344
0.4205846592432658
0.4204238090292911
0.42026272075488763
0.4201013944607981
0.4199398301902345
0.4197780279888811
0.4196159879048983
0.41945370998892556
0.41929119429408507
0.4191284408759832
0.4189654497927155
0.41880222110486787
0.41863875487551966
0.418475051170246
0.4183111100571205
0.4181469316067166
0.4179825158921111
0.41781786298888385
0.41765297297512183
0.41748784593141963
0.41732248194088045
0.41715688108911875
0.4169910434642607
0.4168249691569455
0.41665865826032544
0.4164921108700687
0.4163253270843577
0.416158307003891
0.4159910507318834
0.4158235583740661
0.41565583003868684
0.4154878658365091
0.415319665880813
0.4151512302873945
0.4149825591745643
0.41481365266314796
0.4146445108764848
0.4144751339404264
0.41430552198333637
0.4141356751360884
0.41396559353206475
0.41379527730715504
0.41362472659975447
0.4134539415507616
0.41328292230357655
0.41311166900409824
0.4129401818007231
0.41276846084434105
0.4125965062883341
0.4124243182885724
0.4122518970034119
0.41207924259369155
0.4119063552227284
0.4117332350563152
0.41155988226271706
0.41138629701266627
0.4112124794793598
0.4110384298384536
0.4108641482680596
0.41068963494874017
0.41051489006350395
0.4103399137978008
0.41016470633951685
0.4099892678789692
0.4098135986089006
0.40963769872447414
0.4094615684232672
0.4092852079052652
0.4091086173728562
0.40893179703082516
0.4087547470863462
0.40857746774897646
0.40839995923064976
0.4082222217456697
0.40804425551070195
0.4078660607447673
0.4076876376692344
0.407508986507812
0.4073301074865403
0.40715100083378464
0.40697166678022595
0.40679210555885276
0.4066123174049532
0.40643230255610485
0.40625206125216834
0.4060715937352753
0.40589090024982155
0.40570998104245615
0.40552883636207276
0.4053474664597993
0.40516587158898776
0.4049840520052048
0.4048020079662206
0.40461973973199933
0.4044372475646869
0.40425453172860193
0.4040715924902231
0.4038884301181787
0.4037050448832349
0.40352143705828436
0.40333760691833426
0.4031535547404941
0.40296928080396405
0.4027847853900217
0.4026000687820104
0.402415131265326
0.40222997312740427
0.40204459465770687
0.4018589961477096
0.4016731778908873
0.40148714018270104
0.4013008833205841
0.401114407603928
0.4009277133340677
0.4007408008142681
0.40055367034970857
0.40036632224746793
0.4001787568165106
0.3999909743676705
0.39980297521363584
0.39961475966893323
0.3994263280499127
0.3992376806747307
0.399048817863335
0.3988597399374474
0.3986704472205479
0.3984809400378575
0.3982912187163213
0.3981012835845917
0.39791113497301095
0.397720773213593
0.3975301986400071
0.3973394115875586
0.3971484123931719
0.39695720139537144
0.3967657789342632
0.3965741453515168
0.39638230099034616
0.3961902461954897
0.3959979813131925
0.395805506691186
0.39561282267866815
0.39541992962628403
0.39522682788610636
0.3950335178116133
0.3948399997576705
0.39464627408050834
0.3944523411377029
0.39425820128815336
0.39406385489206197
0.3938693023109117
0.39367454390744555
0.39347958004564376
0.3932844110907025
0.3930890374090118
0.3928934593681321
0.3926976773367724
0.39250169168476784
0.39230550278305604
0.3921091110036537
0.39191251671963345
0.39171572030510093
0.3915187221351699
0.39132152258593866
0.3911241220344656
0.39092652085874574
0.39072871943768434
0.3905307181510738
0.39033251737956776
0.3901341175046554
0.3899355189086373
0.3897367219745984
0.38953772708638373
0.38933853462857027
0.3891391449864422
0.38893955854596424
0.38873977569375445
0.3885397968170575
0.38833962230371794
0.3881392525421524
0.3879386879213221
0.3877379288307053
0.3875369756602692
0.38733582880044226
0.3871344886420845
0.3869329555764607
0.3867312299952099
0.3865293122903177
0.3863272028540862
0.3861249020791043
0.3859224103582193
0.3857197280845054
0.3855168556512351
0.3853137934518474
0.3851105418799179
0.3849071013291287
0.384703472193236
0.38449965486603993
0.3842956497413524
0.3840914572129663
0.38388707767462193
0.3836825115199769
0.3834777591425726
0.38327282093580106
0.3830676972928733
0.38286238860678556
0.38265689527028623
0.3824512176758418
0.38224535621560407
0.38203931128137514
0.381833083264573
0.38162667255619837
0.3814200795467987
0.38121330462643316
0.38100634818463847
0.3807992106103919
0.3805918922920768
0.3803843936174458
0.38017671497358524
0.3799688567468774
0.37976081932296574
0.3795526030867154
0.37934420842217814
0.3791356357125535
0.3789268853401515
0.3787179576863538
0.37850885313157673
0.3782995720552311
0.3780901148356848
0.37788048185022205
0.3776706734750052
0.37746069008503474
0.3772505320541085
0.37704019975478276
0.37682969355832996
0.37661901383469937
0.37640816095247503
0.37619713527883436
0.375985937179507
0.3757745670187321
0.3755630251592157
0.37535131196208915
0.3751394277868653
0.37492737299139545
0.37471514793182553
0.3745027529625527
0.37429018843618045
0.3740774547034747
0.37386455211331804
0.3736514810126656
0.37343824174649876
0.3732248346577793
0.37301126008740315
0.37279751837415476
0.3725836098546586
0.3723695348633329
0.37215529373234185
0.3719408867915475
0.3717263143684618
0.3715115767881969
0.37129667437341746
0.3710816074442899
0.37086637631843355
0.37065098131086965
0.3704354227339713
0.3702197008974121
0.3700038161081153
0.3697877686702007
0.3695715588849347
0.36935518705067505
0.36913865346282015
0.36892195841375375
0.3687051021927925
0.3684880850861305
0.368270907376786
0.36805356934454453
0.3678360712659044
0.36761841341402035
0.36740059605864717
0.3671826194660821
0.3669644838991082
0.3667461896169363
0.3665277368751454
0.3663091259256259
0.3660903570165186
0.365871430392155
0.36565234629299725
0.36543310495557785
0.365213706612437
0.3649941514920611
0.36477443981882135
0.3645545718129095
0.3643345476902742
0.36411436766255834
0.36389403193703296
0.3636735407165327
0.36345289419939014
0.36323209257936956
0.3630111360455985
0.36279002478250316
0.3625687589697374
0.3623473387821159
0.3621257643895436
0.3619040359569468
0.3616821536442016
0.3614601176060633
0.36123792799209464
0.36101558494659247
0.36079308860851544
0.36057043911140935
0.36034763658333346
0.3601246811467843
0.3599015729186207
0.35967831200998635
0.3594548985262327
0.359231332566841
0.3590076142253432
0.3587837435892432
0.3585597207399352
0.3583355457526236
0.3581112186962405
0.3578867396333642
0.3576621086201336
0.3574373257061669
0.35721239093447366
0.35698730434137094
0.3567620659563952
0.35653667580221615
0.3563111338945469
0.3560854402420556
0.35585959484627466
0.35563359770151076
0.3554074487947512
0.3551811481055725
0.35495469560604637
0.3547280912606438
0.354501335026141
0.3542744268515223
0.35404736667788084
0.353820154438323
0.35359279005786637
0.35336527345334035
0.3531376045332841
0.3529097831978437
0.35268180933866944
0.35245368283881
0.35222540357260707
0.35199697140558833
0.3517683861943598
0.35153964778649677
0.35131075602043244
0.3510817107253482
0.35085251172106036
0.3506231588179062
0.35039365181662974
0.3501639905082651
0.34993417467401994
0.3497042040851567
0.34947407850287227
0.34924379767817904
0.3490133613517799
0.3487827692539475
0.34855202110439787
0.34832111661216497
0.3480900554754729
0.3478588373816087
0.34762746200678996
0.3473959290160358
0.34716423806303254
0.3469323887900003
0.346700380827558
0.3464682137945848
0.3462358872980835
0.3460034009330401
0.3457707542822821
0.34553794691633666
0.34530497839328567
0.3450718482586212
0.34483855604509606
0.3446051012725783
0.3443714834478977
0.3441377020646963
0.3439037566032747
0.3436696465304354
0.34343537129932905
0.3432009303492933
0.3429663231056958
0.3427315489797708
0.34249660736845766
0.3422614976542348
0.34202621920495413
0.3417907713736729
0.3415551534984845
0.34131936490234543
0.34108340489290434
0.3408472727623253
0.3406109677871126
0.34037448922793123
0.3401378363294277
0.33990100832004727
0.3396640044118516
0.3394268238003318
0.3391894656642228
0.33895192916531247
0.33871421344825225
0.33847631764036473
0.33823824085144705
0.3379999821735769
0.33776154068091346
0.33752291542949714
0.33728410545704823
0.3370451097827628
0.3368059274071079
0.3365665573116129
0.3363269984586618
0.3360872497912807
0.33584731023292597
0.33560717868726914
0.3353668540379794
0.33512633514850626
0.3348856208618589
0.3346447100003834
0.3344036013655392
0.33416229373767314
0.3339207858757919
0.33367907651733253
0.3334371643779311
0.3331950481511887
0.3329527265084388
0.3327101980985082
0.33246746154748064
0.33222451545845505
0.331981358411305
0.33173798896243495
0.3314944056445346
0.33125060696633213
0.3310065914123471
0.33076235744263854
0.3305179034925547
0.33027322797247965
0.3300283292675781
0.32978320573754066
0.3295378557163253
0.329292277511899
0.3290464694059768
0.32880042965376205
0.32855415648368125
0.32830764809712254
0.32806090266816884
0.32781391834333296
0.3275666932412894
0.3273192254526067
0.32707151303947835
0.32682355403545266
0.3265753464451619
0.32632688824405187
0.32607817737810785
0.3258292117635846
0.32557998928673115
0.32533050780351774
0.32508076513936385
0.324830759088861
0.32458048741550233
0.3243299478514057
0.324079138097041
0.3238280558209561
0.32357669865950367
0.32332506421656854
0.3230731500632938
0.32282095373781095
0.3225684727449675
0.32231570455605796
0.3220626466085545
0.3218092963058396
0.32155565101693995
0.3213017080762607
0.3210474647833238
0.3207929184025069
0.3205380661627827
0.3202829052574639
0.32002743284394825
0.31977164604346586
0.3195155419408309
0.3192591175841961
0.3190023699848085
0.31874529611677066
0.3184878929168055
0.3182301572840224
0.3179720860796913
0.31771367612701784
0.31745492421092486
0.31719582707783767
0.3169363814354752
0.31667658395264586
0.31641643125904934
0.3161559199450845
0.31589504656166295
0.3156338076200285
0.3153721995915857
0.31511021890773194
0.3148478619597006
0.31458512509840914
0.3143220046343156
0.3140584968372856
0.3137945979364649
0.31353030412016347
0.31326561153574783
0.31300051628954273
0.312735014446744
0.31246910203134187
0.31220277502605354
0.3119360293722696
0.31166886097000934
0.3114012656778904
0.31113323931310993
0.31086477765143844
0.31059587642722686
0.3103265313334289
0.3100567380216351
0.3097864921021236
0.3095157891439252
0.30924462467490316
0.30897299418185076
0.3087008931106034
0.30842831686616945
0.3081552608128759
0.30788172027453575
0.307607690534629
0.3073331668365067
0.3070581443836118
0.30678261833972065
0.30650658382920376
0.3062300359373097
0.30595296971046726
0.30567538015661194
0.30539726224553304
0.30511861090924347
0.30483942104237505
0.3045596875025936
0.3042794051110426
0.3039985686528081
0.3037171728774107
0.30343521249932265
0.303152682198511
0.30286957662100766
0.30258589037950695
0.30230161805398903
0.3020167541923734
0.3017312933111994
0.3014452298963367
0.30115855840372435
0.3008712732601389
0.30058336886399456
0.3002948395861727
0.3000056797708818
0.2997158837365489
0.2994254457767445
0.29913436016113626
0.29884262113647675
0.2985502229276242
0.2982571597385947
0.29796342575364926
0.2976690151384101
0.29737392204101754
0.2970781405933126
0.29678166491205943
0.2964844891001992
0.2961866072481373
0.2958880134350663
0.29558870173032403
0.2952886661947823
0.29498790088227295
0.29468639984104666
0.2943841571152674
0.294081166746538
0.29377742277546254
0.2934729192432404
0.29316765019329455
0.29286160967293307
0.29255479173504223
0.2922471904398141
0.2919387998565049
0.2916296140652252
0.2913196271587608
0.291008833244426
0.29069722644594537
0.29038480090536484
0.2900715507849941
0.28975747026937326
0.2894425535672707
0.2891267949137055
0.2888101885719961
0.28849272883583277
0.28817441003137695
0.28785522651938095
0.28753517269732987
0.2872142430016053
0.28689243190966907
0.2865697339422643
0.2862461436656345
0.28592165569375855
0.28559626469060134
0.2852699653723763
0.28494275250982193
0.28461462093048645
0.2842855655210246
0.28395558122949865
0.28362466306768835
0.28329280611340385
0.2829600055128014
0.2826262564827005
0.28229155431290054
0.28195589436849433
0.2816192720921788
0.28128168300655776
0.2809431227164392
0.2806035869111211
0.2802630713666677
0.2799215719481685
0.27957908461198744
0.27923560540798964
0.2788911304817532
0.27854565607675574
0.2781991785365413
0.2778516943068604
0.2775031999377829
0.27715369208578333
0.2768031675157928
0.2764516231032208
0.27609905583593963
0.27574546281623374
0.27539084126270974
0.275035188512165
0.27467850202141525
0.2743207793690772
0.2739620182573041
0.2736022165134754
0.2732413720918351
0.27287948307507875
0.27251654767588884
0.2721525642384142
0.27178753123969346
0.27142144729102186
0.2710543111392565
0.2706861216680647
0.27031687789910624
0.26994657899315555
0.2695752242511586
0.2692028131152231
0.26882934516954315
0.2684548201412579
0.26807923790123683
0.26770259846480077
0.26732490199236997
0.26694614879004136
0.2665663393100956
0.2661854741514305
0.2658035540599222
0.26542057992871526
0.26503655279843763
0.264651473857342
0.26426534444137617
0.2638781660341769
0.2634899402669923
0.26310066891853057
0.26271035391473574
0.26231899732848923
0.2619266013792423
0.2615331684325736
0.2611387009996767
0.26074320173677756
0.26034667344448176
0.2599491190670522
0.25955054169162006
0.2591509445473275
0.25875033100440453
0.25834870457318193
0.2579460689030391
0.2575424277812909
0.25713778513201146
0.2567321450148022
0.25632551162349665
0.25591788928481163
0.2555092824569444
0.2550996957281129
0.25468913381504726
0.2542776015614301
0.2538651039362886
0.25345164603234
0.25303723306429443
0.2526218703671108
0.2522055633942178
0.2517883177156904
0.25137013901639366
0.25095103309409006
0.2505310058575138
0.2501100633244146
0.2496882116195732
0.24926545697279068
0.24884180571684988
0.2484172642854595
0.24799183921117257
0.24756553712328994
0.24713836474574535
0.24671032889497654
0.2462814364777845
0.24585169448918126
0.24542111001022984
0.24498969020587757
0.24455744232278434
0.24412437368714845
0.24369049170253193
0.24325580384768594
0.24282031767437934
0.24238404080523146
0.24194698093155256
0.24150914581118807
0.24107054326637897
0.2406311811816267
0.24019106750157312
0.2397502102288973
0.23930861742222295
0.23886629719404667
0.23842325770868297
0.23797950718022792
0.23753505387054627
0.2370899060872778
0.23664407218186875
0.23619756054762647
0.2357503796177999
0.235302537863685
0.2348540437927602
0.23440490594684635
0.23395513290029776
0.2335047332582221
0.2330537156547306
0.23260208875121943
0.2321498612346818
0.23169704181605333
0.23124363922858857
0.23078966222627223
0.2303351195822605
0.22988002008736147
0.22942437254854342
0.22896818578748185
0.2285114686391381
0.22805422995037483
0.22759647857860382
0.22713822339047066
0.2266794732605719
0.22622023707020825
0.22576052370617375
0.22530034205957492
0.22483970102468978
0.22437860949785676
0.2239170763764002
0.22345511055758718
0.2229927209376202
0.2225299164106618
0.2220667058678909
0.22160309819659346
0.2211391022792833
0.2206747269928562
0.2202099812077732
0.21974487378727595
0.21927941358663122
0.2188136094524061
0.21834747022177056
0.21788100472183022
0.21741422176898564
0.2169471301683207
0.21647973871301482
0.2160120561837848
0.2155440913483493
0.21507585296091986
0.21460734976171555
0.21413859047650036
0.2136695838161461
0.21320033847621378
0.21273086313656037
0.21226116646096307
0.21179125709676666
0.2113211436745484
0.2108508348078027
0.21038033909264406
0.20990966510752757
0.20943882141298448
0.20896781655137717
0.20849665904666734
0.20802535740419864
0.20755392011049523
0.20708235563307364
0.20661067242026512
0.20613887890105326
0.20566698348492107
0.20519499456171023
0.20472292050149068
0.204250769654438
0.20377855035072306
0.20330627090040687
0.20283393959334628
0.2023615646991051
0.2018891544668724
0.2014167171253883
0.2009442608828736
0.2004717939269645
0.19999932442465582
0.1995268605222424
0.19905441034526877
0.19858198199848048
0.1981095835657772
0.19763722311016985
0.19716490867373868
0.19669264827759142
0.19622044992182547
0.1957483215854879
0.19527627122653646
0.19480430678180125
0.19433243616694457
0.19386066727642012
0.19338900798343223
0.19291746613989189
0.19244604957637101
0.1919747661020565
0.1915036235046984
0.19103262955055944
0.1905617919843578
0.19009111852920935
0.1896206168865647
0.18915029473614375
0.18868015973586552
0.1882102195217747
0.18774048170796262
0.187270953886486
0.1868016436272785
0.186332558478059
0.18586370596423546
0.185395093588803
0.1849267288322362
0.18445861915237866
0.18399077198432287
0.18352319474029066
0.18305589480950304
0.1825888795580468
0.18212215632873605
0.181655732440966
0.1811896151905641
0.18072381184963304
0.1802583296663892
0.1797931758649955
0.17932835764538868
0.17886388218309962
0.17839975662907043
0.1779359881094643
0.17747258372546965
0.17700955055310058
0.1765468956429889
0.176084626020175
0.17562274868388877
0.17516127060732928
0.1747001987374364
0.17423953999465966
0.17377930127272062
0.1733194894383706
0.17286011133114457
0.17240117376310937
0.1719426835186087
0.1714846473540014
0.17102707199739836
0.17056996414839318
0.17011333047778976
0.16965717762732557
0.16920151220939178
0.16874634080674947
0.1682916699722416
0.16783750622850402
0.1673838560676703
0.16693072595107636
0.16647812230896014
0.16602605154016062
0.1655745200118125
0.1651235340590396
0.16467309998464638
0.1642232240588063
0.16377391251875
0.1633251715684504
0.16287700737830696
0.16242942608482905
0.16198243379031735
0.16153603656254548
0.16109024043443917
0.16064505140375718
0.16020047543276883
0.1597565184479355
0.15931318633958716
0.1588704849616029
0.15842842013109018
0.15798699762806429
0.15754622319512937
0.1571061025371605
0.1566666413209844
0.15622784517506438
0.15578971968918573
0.15535227041414063
0.1549155028614174
0.15447942250289082
0.15404403477051365
0.15360934505601048
0.15317535871057542
0.15274208104456982
0.1523095173272254
0.15187767278634745
0.15144655260802303
0.15101616193633205
0.15058650587305994
0.15015758947741542
0.14972941776575174
0.14930199571129021
0.14887532824384908
0.14844942024957572
0.14802427657068287
0.1475999020051892
0.14717630130666323
0.14675347918397436
0.14633144030104495
0.14591018927661015
0.14548973068397988
0.14507006905080885
0.14465120885886815
0.1442331545438244
0.14381591049502296
0.14339948105527736
0.1429838705206629
0.14256908314031716
0.14215512311624418
0.14174199460312703
0.14132970170814305
0.14091824849078777
0.14050763896270216
0.14009787708750784
0.13968896678064735
0.13928091190923048
0.1388737162918869
0.13846738369862566
0.13806191785069954
0.13765732242047674
0.13725360103131862
0.13685075725746462
0.13644879462392168
0.13604771660636175
0.1356475266310258
0.13524822807463358
0.13484982426429978
0.13445231847745834
0.13405571394179105
0.13366001383516513
0.13326522128557516
0.13287133937109388
0.13247837111982763
0.13208631950987984
0.13169518746932024
0.1313049778761615
0.13091569355834226
0.1305273372937159
0.1301399118100478
0.1297534197850171
0.12936786384622628
0.12898324657121796
0.12859957048749598
0.128216838072556
0.12783505175391943
0.12745421390917666
0.1270743268660344
0.1266953929023722
0.12631741424630144
0.12594039307623484
0.12556433152095914
0.12518923165971566
0.12481509552228644
0.12444192508908666
0.12406972229126381
0.12369848901080091
0.12332822708062881
0.12295893828474093
0.1225906243583181
0.12222328698785477
0.12185692781129366
0.12149154841816577
0.12112715034973598
0.12076373509915385
0.1204013041116097
0.12003985878449722
0.1196794004675809
0.11931993046316804
0.11896145002628705
0.11860396036487052
0.11824746263994312
0.11789195796581538
0.11753744741028074
0.11718393199481995
0.11683141269480724
0.11647989043972373
0.11612936611337454
0.11577984055410968
0.11543131455505065
0.1150837888643208
0.11473726418528032
0.11439174117676387
0.11404722045332594
0.11370370258548546
0.11336118809997853
0.11301967748001286
0.112679171165526
0.11233966955344835
0.11200117299796908
0.11166368181080547
0.11132719626147516
0.11099171657757442
0.11065724294505544
0.11032377550851065
0.10999131437145784
0.10965985959662902
0.10932941120626248
0.10899996918239681
0.10867153346716865
0.10834410396311248
0.10801768053346324
0.10769226300246085
0.10736785115565821
0.10704444474023038
0.10672204346528649
0.10640064700218448
0.10608025498484579
0.10576086701007512
0.10544248263787874
0.10512510139178703
0.10480872275917788
0.10449334619160205
0.10417897110510833
0.1038655968805737
0.10355322286403087
0.10324184836700057
0.10293147266682265
0.10262209500698918
0.10231371459747944
0.10200633061509447
0.10169994220379326
0.10139454847502992
0.10109014850809135
0.10078674135043572
0.10048432601803135
0.10018290149569674
0.09988246673743992
0.09958302066679953
0.09928456217718568
0.09898709013222065
0.0986906033660806
0.09839510068383625
0.09810058086179535
0.09780704264784369
0.09751448476178576
0.09722290589568774
0.09693230471421703
0.09664267985498402
0.09635402992888203
0.09606635352042789
0.09577964918810151
0.09549391546468498
0.09520915085760163
0.0949253538492536
0.09464252289736
0.09436065643529273
0.0940797528724131
0.09379981059440676
0.09352082796361803
0.09324280331938324
0.09296573497836325
0.09268962123487424
0.09241446036121914
0.09214025060801576
0.0918669902045258
0.0915946773589808
0.09132331025890845
0.09105288707145688
0.09078340594371759
0.09051486500304734
0.09024726235738782
0.08998059609558538
0.08971486428770814
0.08945006498536136
0.0891861962220026
0.08892325601325375
0.08866124235721295
0.08840015323476338
0.08813998660988161
0.08788074042994341
0.08762241262602846
0.08736500111322286
0.08710850379091988
0.08685291854311933
0.08659824323872431
0.08634447573183705
0.08609161386205208
0.08583965545474778
0.08558859832137597
0.0853384402597497
0.08508917905432886
0.08484081247650381
0.08459333828487706
0.08434675422554276
0.08410105803236471
0.08385624742725134
0.08361232012042945
0.08336927381071554
0.08312710618578471
0.08288581492243793
0.08264539768686738
0.08240585213491844
0.08216717591235098
0.08192936665509737
0.08169242198951927
0.08145633953266102
0.08122111689250226
0.08098675166820637
0.08075324145037006
0.08052058382126605
0.08028877635508784
0.08005781661818986
0.07982770216932596
0.07959843055988551
0.07936999933412799
0.07914240602941425
0.07891564817643594
0.0786897232994432
0.0784646289164695
0.07824036253955398
0.07801692167496255
0.07779430382340562
0.07757250648025411
0.07735152713575376
0.07713136327523537
0.0769120123793251
0.0766934719241511
0.07647573938154778
0.07625881221925865
0.07604268790113641
0.07582736388734093
0.07561283763453495
0.07539910659607754
0.07518616822221535
0.07497401996027193
0.07476265925483418
0.07455208354793724
0.07434229027924681
0.07413327688623952
0.0739250408043812
0.07371757946730174
0.0735108903069707
0.07330497075386685
0.07309981823714891
0.07289543018482243
0.07269180402390485
0.07248893718058866
0.07228682708040217
0.07208547114836865
0.07188486680916265
0.07168501148726471
0.07148590260711442
0.07128753759325987
0.07108991387050759
0.0708930288640674
0.07069687999969818
0.07050146470384938
0.07030678040380164
0.07011282452780537
0.06991959450521697
0.06972708776663329
0.06953530174402446
0.06934423387086391
0.06915388158225753
0.06896424231506994
0.06877531350804988
0.06858709260195259
0.06839957703966136
0.06821276426630629
0.06802665172938221
0.06784123687886368
0.067656517167319
0.0674724900500221
0.06728915298506298
0.06710650343345528
0.06692453885924357
0.066743256729608
0.06656265451496754
0.06638272968908117
0.06620347972914752
0.06602490211590328
0.0658469943337193
0.06566975387069501
0.06549317821875188
0.06531726487372487
0.06514201133545156
0.06496741510786128
0.06479347369906091
0.06462018462142026
0.06444754539165565
0.06427555353091177
0.06410420656484185
0.06393350202368667
0.06376343744235251
0.06359401036048587
0.06342521832254916
0.06325705887789299
0.06308952958082813
0.06292262799069478
0.06275635167193273
0.06259069819414737
0.062425665132176275
0.06226125006615357
0.06209745058157347
0.061934264269351724
0.061771688725886446
0.06160972155311752
0.061448360358584156
0.06128760275548188
0.06112744636271797
0.06096788880496558
0.0608089277127164
0.060650560722332804
0.06049278547609806
0.0603355996222661
0.06017900081510837
0.060022986714962846
0.059867554988277866
0.05971270330765782
0.059558429351906736
0.05940473080607024
0.05925160536147714
0.05909905071577964
0.05894706457299251
0.058795644643531014
0.05864478864424845
0.058494494298471506
0.058344759336035903
0.058195581493320166
0.0580469585132782
0.05789888814547202
0.05775136814610232
0.05760439627803873
0.05745797031084914
0.05731208802082749
0.057166747191021536
0.0570219456112588
0.056877681078172544
0.05673395139522598
0.05659075437273604
0.05644808782789677
0.05630594958480068
0.0561643374744603
0.05602324933482848
0.05588268301081814
0.05574263635432057
0.055603107224224076
0.055464093486430416
0.055325593013871674
0.055187603686526004
0.05505012339143219
0.0549131500227043
0.05477668148154445
0.05464071567625628
0.05450525052225666
0.05437028394208681
0.0542358138654236
0.05410183822908867
0.05396835497705871
0.05383536206047344
0.05370285743764372
0.05357083907405927
0.05343930494239556
0.05330825302251923
0.05317768130149428
0.053047587773586986
0.052917970440269906
0.05278882731022633
0.0526601563993528
0.0525319557307625
0.052404223334786615
0.052276957248976685
0.0521501555181051
0.05202381619416609
0.051897937336375384
0.051772517011169895
0.051647553292206966
0.05152304426036239
0.0513989880037289
0.05127538261761382
0.05115222620453585
0.051029516874222
0.0509072527436035
0.05078543193681207
0.05066405258517493
0.050543112827209906
0.050422610808619775
0.05030254468228636
0.05018291260826453
0.050063712753775295
0.04994494329319868
