1.9824482977694056
2.2473122572635287
2.19422875310113
2.145358313860159
2.1167189166844826
2.09817292025034
2.0839186947526485
2.0715447398573605
2.0601536508719205
2.049423247161247
2.0392382281897232
2.029558463280264
2.0203728062166846
2.011682218383963
2.003492937323247
1.9958132804289257
1.9886519192269132
1.9820168430454055
1.9759146945663801
1.9703503286902897
1.965326516545869
1.960843750307895
1.9569001224879927
1.9534912634257418
1.9506103264019807
1.948248013003156
1.9463926331578045
1.9450301952698663
1.9441445224490852
1.9437173911875525
1.9437286890609768
1.9441565881986227
1.9449777313943504
1.9461674278374055
1.9476998555347418
1.9495482675849423
1.9516851995552658
1.9540826753162244
1.9567124088100727
1.9595459993770161
1.9625551184401515
1.9657116855590426
1.9689880321016442
1.9723570510516568
1.9757923317577735
1.9792682787354314
1.9827602139421967
1.9862444622560433
1.9896984201828656
1.993100608097827
1.9964307065777365
1.9996695776034734
2.0027992715988416
2.005803021423201
2.008665224549433
2.0113714147372592
2.0139082245569453
2.016263340133056
2.0184254494661227
2.0203841856560527
2.022130066299213
2.023654430265891
2.0249493729903567
2.0260076813259507
2.026822768936058
2.0273886131113783
2.0276996938272505
2.027750935783827
2.0275376541082384
2.027055504342469
2.0263004372941174
2.0252686592894555
2.0239565983388816
2.02236087670296
2.020478290331218
2.0183057956336135
2.0158405040333394
2.0130796847357524
2.01002077612753
2.006661406187385
2.0029994222387795
1.999032930299356
1.994760344173558
1.9901804442864026
1.985292446059608
1.980096077379162
1.974591664390188
1.9687802244777308
1.9626635648517
1.956244384657148
1.9495263779906251
1.9425143346411067
1.935214234820668
1.9276333336455431
1.9197802307207184
1.9116649199247815
1.903298814442437
1.8946947423023184
1.8858669081896218
1.876830818141081
1.867603164893804
1.8582016731191715
1.8486449054659166
1.838952032168699
1.8291425688310878
1.8192360887308436
1.8092519174851396
1.799208819031794
1.7891246825355636
1.7790162199609705
1.7688986836559935
1.7587856124013683
1.7486886130766701
1.7386171834859148
1.7285785800989242
1.7185777326299412
1.7086172056118905
1.698697205532841
1.6888156307531936
1.678968160361231
1.6691483773657991
1.6593479211585054
1.649556663975718
1.639762906111956
1.6299535848338795
1.6201144922697737
1.6102304979579993
1.6002857721899444
1.5902640067465983
1.5801486300788323
1.5699230144032017
1.559570672567706
1.5490754428809128
1.5384216603928271
1.5275943133693664
1.5165791839182778
1.5053629719077068
1.493933401474049
1.4822793095475553
1.4703907159359233
1.4582588746008405
1.445876305842578
1.4332368091757703
1.4203354567383506
1.4071685671288807
1.3937336596205263
1.3800293887592807
1.3660554594287602
1.3518125225644677
1.3373020518394285
1.3225262018341564
1.3074876484610252
1.2921894127501041
1.2766346695322501
1.2608265430851306
1.2447678924444967
1.2284610898273591
1.2119077964620437
1.1951087410637198
1.1780635072202992
1.160770337047011
1.1432259596111563
1.1254254538031672
1.1073621565163616
1.089027628170849
1.0704116887403694
1.0515025384531433
1.0322869781339832
1.0127507445601724
0.9928789759428996
0.9726568213142115
0.952070204643565
0.9311067492371463
0.9097568596206417
0.8880149459681944
0.8658807598117793
0.8433607894690551
0.820469640595805
0.7972313040670784
0.7736801940211797
0.7498618284806077
0.7258330288388943
0.7016615368128242
0.6774249894693704
0.6532092516942759
0.629106173475602
0.6052109057029809
0.5816189609395717
0.5584232350291265
0.5357112063849366
0.5135625031896065
0.49204698064609165
0.4712233903410076
0.4511386620045507
0.431827763324248
0.41331406195727177
0.39561008811443377
0.37871858570434275
0.3626337425470406
0.3473425019924785
0.33282587559592214
0.31906019593172247
0.30601826758394857
0.29367039114499627
0.2819852488014356
0.2709306505456716
0.26047414740976665
0.2505835228072785
0.24122717562452986
0.23237440966033046
0.22399564385247414
0.21606255684646353
0.2085481781639144
0.2014269367393889
0.19467467606984476
0.18826864375996494
0.18218746190757235
0.1764110835847878
0.17092073964121926
0.1656988791812851
0.16072910633723883
0.15599611535733723
0.15148562553830147
0.14718431713637098
0.14307976907655698
0.13916039903149208
0.13541540624751686
0.13183471734613464
0.12840893521502955
0.12512929101732617
0.12198759928474318
0.11897621601495159
0.1160879996618861
0.11331627488684842
0.11065479892547804
0.10809773041907592
0.10563960055676344
0.10327528637634513
0.10099998607553842
0.09880919619070537
0.09669869050680811
0.09466450056956902
0.09270289767842929
0.09081037624662135
0.08898363842233
0.0872195798723719
0.08551527663701511
0.08386797297139845
0.08227507009548818
0.08073411578059075
0.07924279470613033
0.07779891952569233
0.07640042258625829
0.07504534824909449
0.07373184576497033
0.07245816266024192
0.07122263859390662
0.0700236996490052
0.06885985302474981
0.06772968209852129
0.06663184182939766
0.06556505447719647
0.06452810561313276
0.06351984040013813
0.06253916012265975
0.061585018947393294
0.06065642089788508
0.05975241702731067
0.05887210277498261
0.058014615493282795
0.05717913213276584
0.05636486707413915
0.055571070096704214
0.05479702447364925
0.05404204518533007
0.0533054772423439
0.0525866941108357
0.05188509623303846
0.05120010963658165
0.050531184626582175
0.04987779455497574
