0.4910541141450765
0.5140699363969837
0.5140855841531276
0.514037692564411
0.5139996854126077
0.5139682937498897
0.5139412136179986
0.5139169177560949
0.5138943981826598
0.5138729931491636
0.5138522711326605
0.5138319531909602
0.5138118610887058
0.5137918827152235
0.5137719490901239
0.5137520191230311
0.5137320695532714
0.5137120883427662
0.5136920703651534
0.5136720146169741
0.5136519224337698
0.513631796366308
0.5136116394876601
0.5135914549791234
0.5135712458946192
0.5135510150376125
0.5135307649074926
0.5135104976875392
0.5134902152566139
0.5134699192133149
0.5134496109056296
0.5134292914619134
0.5134089618208
0.5133886227587877
0.5133682749149342
0.513347918812516
0.5133275548777516
0.5133071834558087
0.5132868048243793
0.5132664192051195
0.5132460267732406
0.5132256276655225
0.5132052219869858
0.5131848098164322
0.5131643912110406
0.5131439662101693
0.5131235348384982
0.5131030971086257
0.5130826530232089
0.5130622025767297
0.5130417457569479
0.5130212825461
0.5130008129218846
0.512980336858273
0.5129598543261782
0.5129393652940014
0.512918869728085
0.5128983675930823
0.5128778588522627
0.5128573434677617
0.5128368214007878
0.5128162926117887
0.5127957570605925
0.5127752147065203
0.5127546655084794
0.51273410942504
0.5127135464144982
0.5126929764349264
0.5126723994442165
0.5126518154001132
0.5126312242602425
0.5126106259821352
0.5125900205232434
0.5125694078409586
0.5125487878926209
0.5125281606355314
0.5125075260269584
0.5124868840241443
0.5124662345843111
0.5124455776646637
0.5124249132223937
0.5124042412146802
0.5123835615986935
0.5123628743315949
0.5123421793705384
0.5123214766726708
0.5123007661951318
0.5122800478950547
0.5122593217295656
0.5122385876557829
0.5122178456308177
0.512197095611773
0.5121763375557419
0.5121555714198088
0.5121347971610473
0.5121140147365199
0.5120932241032767
0.5120724252183553
0.5120516180387794
0.5120308025215576
0.5120099786236835
0.5119891463021329
0.511968305513865
0.5119474562158196
0.5119265983649177
0.5119057319180588
0.5118848568321211
0.5118639730639605
0.5118430805704085
0.5118221793082723
0.5118012692343332
0.5117803503053461
0.5117594224780371
0.5117384857091045
0.5117175399552161
0.5116965851730089
0.5116756213190876
0.5116546483500238
0.5116336662223558
0.5116126748925858
0.5115916743171798
0.5115706644525665
0.5115496452551368
0.5115286166812416
0.5115075786871913
0.5114865312292546
0.5114654742636577
0.5114444077465833
0.5114233316341685
0.5114022458825049
0.5113811504476375
0.5113600452855623
0.511338930352227
0.5113178056035282
0.5112966709953117
0.5112755264833706
0.5112543720234446
0.5112332075712184
0.5112120330823212
0.5111908485123253
0.5111696538167447
0.5111484489510348
0.5111272338705904
0.511106008530745
0.5110847728867699
0.5110635268938726
0.511042270507196
0.5110210036818172
0.5109997263727464
0.5109784385349255
0.5109571401232276
0.510935831092455
0.510914511397339
0.5108931809925381
0.5108718398326368
0.5108504878721452
0.5108291250654969
0.5108077513670484
0.5107863667310784
0.5107649711117854
0.5107435644632875
0.5107221467396214
0.5107007178947401
0.5106792778825131
0.5106578266567242
0.5106363641710709
0.5106148903791632
0.5105934052345222
0.5105719086905787
0.5105504007006729
0.5105288812180522
0.5105073501958708
0.5104858075871878
0.5104642533449667
0.5104426874220741
0.5104211097712779
0.5103995203452464
0.5103779190965477
0.5103563059776479
0.5103346809409098
0.510313043938592
0.5102913949228477
0.510269733845723
0.5102480606591564
0.5102263753149774
0.5102046777649047
0.5101829679605457
0.5101612458533947
0.5101395113948326
0.5101177645361239
0.5100960052284175
0.5100742334227443
0.510052449070016
0.5100306521210244
0.5100088425264395
0.5099870202368089
0.5099651852025556
0.5099433373739782
0.5099214767012483
0.5098996031344096
0.5098777166233772
0.5098558171179359
0.5098339045677384
0.5098119789223052
0.5097900401310228
0.5097680881431416
0.509746122907776
0.5097241443739023
0.5097021524903576
0.5096801472058385
0.5096581284688998
0.5096360962279533
0.5096140504312663
0.5095919910269605
0.5095699179630108
0.5095478311872437
0.5095257306473362
0.5095036162908141
0.5094814880650517
0.5094593459172693
0.5094371897945321
0.50941501964375
0.5093928354116749
0.5093706370448998
0.5093484244898578
0.5093261976928212
0.509303956599898
0.5092817011570336
0.5092594313100072
0.5092371470044311
0.5092148481857504
0.5091925347992393
0.5091702067900024
0.5091478641029717
0.5091255066829056
0.5091031344743876
0.509080747421825
0.5090583454694476
0.5090359285613063
0.5090134966412712
0.5089910496530314
0.508968587540092
0.5089461102457749
0.5089236177132147
0.5089011098853601
0.5088785867049702
0.5088560481146148
0.508833494056672
0.5088109244733271
0.5087883393065715
0.5087657384982007
0.5087431219898138
0.5087204897228107
0.5086978416383922
0.5086751776775578
0.5086524977811044
0.5086298018896248
0.5086070899435065
0.5085843618829301
0.508561617647868
0.508538857178083
0.5085160804131269
0.5084932872923384
0.5084704777548433
0.5084476517395511
0.5084248091851546
0.508401950030129
0.5083790742127293
0.5083561816709894
0.5083332723427205
0.5083103461655102
0.5082874030767202
0.5082644430134854
0.508241465912713
0.508218471711079
0.5081954603450295
0.508172431750777
0.5081493858642998
0.5081263226213409
0.5081032419574064
0.5080801438077629
0.5080570281074376
0.5080338947912157
0.5080107437936402
0.5079875750490084
0.5079643884913725
0.507941184054537
0.507917961672057
0.5078947212772378
0.5078714628031326
0.5078481861825407
0.5078248913480069
0.5078015782318197
0.5077782467660092
0.5077548968823465
0.5077315285123418
0.5077081415872423
0.507684736038032
0.5076613117954291
0.5076378687898849
0.5076144069515821
0.5075909262104337
0.5075674264960812
0.5075439077378927
0.5075203698649622
0.5074968128061077
0.5074732364898692
0.5074496408445078
0.5074260257980043
0.507402391278057
0.5073787372120808
0.5073550635272049
0.5073313701502725
0.5073076570078378
0.5072839240261653
0.507260171131229
0.5072363982487091
0.5072126053039917
0.5071887922221666
0.5071649589280269
0.507141105346066
0.5071172314004766
0.5070933370151499
0.5070694221136726
0.5070454866193268
0.5070215304550871
0.5069975535436211
0.506973555807285
0.5069495371681239
0.5069254975478706
0.5069014368679426
0.5068773550494418
0.5068532520131516
0.506829127679537
0.5068049819687417
0.5067808148005871
0.5067566260945707
0.5067324157698646
0.5067081837453135
0.5066839299394337
0.506659654270411
0.5066353566561002
0.5066110370140218
0.5065866952613615
0.506562331314969
0.5065379450913557
0.5065135365066933
0.5064891054768121
0.5064646519171999
0.5064401757430003
0.5064156768690102
0.5063911552096799
0.5063666106791097
0.5063420431910501
0.5063174526588985
0.5062928389956993
0.5062682021141406
0.5062435419265543
0.5062188583449135
0.5061941512808308
0.5061694206455573
0.5061446663499811
0.5061198883046246
0.5060950864196447
0.5060702606048297
0.5060454107695984
0.506020536822998
0.5059956386737035
0.5059707162300152
0.5059457693998577
0.5059207980907776
0.5058958022099427
0.5058707816641401
0.5058457363597745
0.505820666202867
0.505795571099053
0.505770450953581
0.5057453056713106
0.5057201351567118
0.5056949393138622
0.5056697180464468
0.5056444712577551
0.5056191988506803
0.5055939007277176
0.5055685767909626
0.5055432269421094
0.5055178510824497
0.5054924491128711
0.5054670209338539
0.5054415664454727
0.5054160855473917
0.5053905781388653
0.5053650441187353
0.5053394833854296
0.505313895836961
0.5052882813709254
0.5052626398845003
0.5052369712744429
0.5052112754370889
0.5051855522683509
0.5051598016637169
0.5051340235182485
0.5051082177265795
0.5050823841829144
0.5050565227810265
0.5050306334142571
0.5050047159755128
0.5049787703572653
0.5049527964515488
0.5049267941499588
0.5049007633436507
0.5048747039233383
0.5048486157792915
0.5048224988013363
0.5047963528788516
0.5047701779007684
0.5047439737555688
0.5047177403312835
0.5046914775154908
0.5046651851953152
0.5046388632574252
0.5046125115880327
0.5045861300728907
0.5045597185972923
0.5045332770460689
0.504506805303589
0.5044803032537559
0.5044537707800075
0.5044272077653138
0.5044006140921753
0.5043739896426223
0.5043473342982127
0.5043206479400311
0.5042939304486865
0.5042671817043121
0.504240401586562
0.5042135899746115
0.5041867467471546
0.5041598717824028
0.5041329649580837
0.5041060261514394
0.5040790552392249
0.5040520520977071
0.5040250166026631
0.5039979486293782
0.5039708480526456
0.5039437147467638
0.5039165485855364
0.5038893494422689
0.5038621171897691
0.5038348517003446
0.5038075528458016
0.5037802204974435
0.5037528545260694
0.503725454801973
0.5036980211949409
0.5036705535742511
0.5036430518086716
0.5036155157664596
0.5035879453153592
0.5035603403226009
0.5035327006548992
0.5035050261784522
0.5034773167589395
0.5034495722615214
0.503421792550837
0.5033939774910032
0.5033661269456134
0.5033382407777355
0.5033103188499112
0.5032823610241548
0.5032543671619512
0.5032263371242546
0.5031982707714879
0.5031701679635409
0.5031420285597688
0.503113852418991
0.5030856393994901
0.5030573893590102
0.5030291021547557
0.5030007776433902
0.5029724156810349
0.5029440161232677
0.5029155788251212
0.5028871036410826
0.5028585904250911
0.5028300390305376
0.5028014493102633
0.5027728211165575
0.502744154301158
0.5027154487152484
0.5026867042094578
0.502657920633859
0.5026290978379668
0.502600235670739
0.5025713339805724
0.502542392615303
0.5025134114222046
0.5024843902479886
0.5024553289388003
0.5024262273402206
0.5023970852972623
0.5023679026543713
0.5023386792554232
0.5023094149437237
0.5022801095620071
0.5022507629524345
0.5022213749565935
0.5021919454154965
0.50216247416958
0.5021329610587035
0.5021034059221472
0.5020738085986127
0.5020441689262211
0.5020144867425114
0.5019847618844399
0.5019549941883795
0.501925183490118
0.5018953296248574
0.501865432427212
0.5018354917312089
0.5018055073702861
0.5017754791772909
0.5017454069844798
0.5017152906235168
0.5016851299254735
0.5016549247208263
0.5016246748394573
0.5015943801106515
0.5015640403630973
0.5015336554248853
0.5015032251235059
0.5014727492858502
0.5014422277382082
0.5014116603062678
0.5013810468151138
0.5013503870892273
0.5013196809524847
0.5012889282281566
0.5012581287389068
0.5012272823067918
0.5011963887532598
0.5011654478991493
0.5011344595646888
0.5011034235694963
0.5010723397325769
0.5010412078723234
0.5010100278065155
0.5009787993523175
0.5009475223262789
0.5009161965443334
0.5008848218217973
0.5008533979733693
0.5008219248131296
0.5007904021545388
0.5007588298104383
0.5007272075930477
0.5006955353139653
0.5006638127841668
0.5006320398140055
0.5006002162132096
0.5005683417908837
0.5005364163555068
0.5005044397149314
0.5004724116763837
0.5004403320464625
0.500408200631138
0.5003760172357516
0.5003437816650159
0.5003114937230125
0.5002791532131923
0.5002467599383752
0.5002143137007482
0.5001818143018663
0.5001492615426504
0.500116655223388
0.5000839951437315
0.5000512811026985
0.5000185128986704
0.49998569032939233
0.4999528131919727
0.4999198812828821
0.49988689439795303
0.49985385233237933
0.4998207548807161
0.4997876018368781
0.49975439299414004
0.4997211281451361
0.4996878070818588
0.4996544295956593
0.4996209954772463
0.49958750451668554
0.49955395650340007
0.49952035122616856
0.49948668847312605
0.499452968031763
0.4994191896889244
0.49938535323081035
0.4993514584429741
0.49931750511032397
0.4992834930171203
0.4992494219469767
0.49921529168285944
0.49918110200708676
0.4991468527013285
0.4991125435466061
0.4990781743232916
0.4990437448111078
0.4990092547891281
0.49897470403577526
0.4989400923288219
0.4989054194453901
0.4988706851619506
0.498835889254323
0.498801031497675
0.49876611166652257
0.49873112953472937
0.49869608487550665
0.4986609774614127
0.49862580706435267
0.4985905734555788
0.4985552764056892
0.49851991568462883
0.498484491061688
0.4984490023055034
0.4984134491840563
0.4983778314646742
0.498342148914029
0.498306401298138
0.49827058838236293
0.49823470993140995
0.4981987657093295
0.49816275547951644
0.4981266790047094
0.4980905360469905
0.49805432636778624
0.49801804972786606
0.4979817058873426
0.4979452946056723
0.49790881564165423
0.4978722687534303
0.49783565369848587
0.497798970233648
0.49776221811508736
0.4977253970983163
0.4976885069381902
0.49765154738890616
0.4976145182040038
0.4975774191363647
0.4975402499382126
0.49750301036111294
0.4974657001559732
0.49742831907304286
0.4973908668619125
0.49735334327151504
0.4973157480501245
0.4972780809453572
0.49724034170417
0.4972025300728619
0.49716464579707326
0.49712668862178555
0.4970886582913218
0.4970505545493464
0.4970123771388649
0.4969741258022243
0.4969358002811126
0.4968974003165594
0.49685892564893497
0.4968203760179515
0.4967817511626616
0.4967430508214595
0.4967042747320804
0.49666542263160074
0.49662649425643846
0.4965874893423517
0.49654840762444086
0.49650924883714653
0.49647001271425106
0.4964306989888775
0.49639130739349036
0.4963518376598952
0.49631228951923845
0.49627266270200804
0.4962329569380326
0.4961931719564822
0.49615330748586806
0.4961133632540422
0.4960733389881983
0.4960332344148703
0.49599304925993415
0.4959527832486063
0.49591243610544433
0.49587200755434724
0.4958314973185547
0.4957909051206477
0.4957502306825481
0.49570947372551866
0.4956686339701633
0.49562771113642706
0.49558670494359536
0.4955456151102948
0.4955044413544932
0.4954631833934983
0.49542184094395947
0.4953804137218662
0.495338901442549
0.4952973038206783
0.4952556205702661
0.4952138514046641
0.49517199603656464
0.49513005417799966
0.49508802554034237
0.4950459098343055
0.49500370676994165
0.4949614160566436
0.4949190374031438
0.49487657051751405
0.49483401510716607
0.4947913708788509
0.49474863753865844
0.4947058147920179
0.4946629023436976
0.4946198998978039
0.4945768071577826
0.4945336238264171
0.49449034960582894
0.4944469841974783
0.4944035273021622
0.4943599786200158
0.4943163378505112
0.4942726046924574
0.4942287788439999
0.4941848600026212
0.49414084786513957
0.49409674212770893
0.4940525424858191
0.49400824863429493
0.4939638602672959
0.493919377078316
0.49387479876018386
0.49383012500506124
0.49378535550444347
0.4937404899491587
0.4936955280293678
0.4936504694345633
0.4936053138535699
0.4935600609745428
0.49351471048496837
0.49346926207166264
0.4934237154207719
0.4933780702177705
0.4933323261474624
0.49328648289397875
0.49324054014077867
0.4931944975706473
0.4931483548656964
0.4931021117073632
0.4930557677764096
0.4930093227529215
0.4929627763163085
0.49291612814530267
0.4928693779179582
0.4928225253116504
0.4927755700030749
0.4927285116682472
0.49268134998250135
0.4926340846204891
0.4925867152561798
0.4925392415628585
0.49249166321312576
0.4924439798788962
0.49239619123139794
0.49234829694117144
0.4923002966780686
0.4922521901112512
0.49220397690919077
0.4921556567396669
0.49210722926976586
0.4920586941658804
0.49201005109370743
0.4919612997182479
0.4919124397038051
0.49186347071398306
0.491814392411686
0.4917652044591166
0.4917159065177748
0.4916664982484563
0.49161697931125176
0.4915673493655442
0.49151760807000894
0.49146775508261126
0.49141779006060526
0.491367712660532
0.4913175225382185
0.4912672193487757
0.4912168027465971
0.4911662723853569
0.4911156279180081
0.4910648689967818
0.49101399527318446
0.4909630063979964
0.49091190202127
0.4908606817923283
0.49080934535976234
0.49075789237142997
0.49070632247445356
0.4906546353152179
0.4906028305393688
0.4905509077918103
0.49049886671670356
0.4904467069574631
0.4903944281567568
0.4903420299565023
0.49028951199786475
0.4902368739212556
0.4901841153663292
0.4901312359719816
0.4900782353763469
0.49002511321679604
0.4899718691299336
0.4899185027515959
0.48986501371684776
0.4898114016599814
0.48975766621451183
0.4897038070131759
0.4896498236879292
0.4895957158699429
0.4895414831896018
0.48948712527650073
0.4894326417594428
0.4893780322664353
0.48932329642468775
0.4892684338606091
0.4892134441998039
0.48915832706707
0.4891030820863954
0.48904770888095517
0.48899220707310803
0.4889365762843938
0.4888808161355296
0.4888249262464072
0.48876890623608915
0.48871275572280604
0.488656474323953
0.4886000616560854
0.4885435173349174
0.4884868409753166
0.4884300321913013
0.48837309059603723
0.48831601580183326
0.4882588074201383
0.4882014650615375
0.48814398833574835
0.4880863768516175
0.4880286302171162
0.4879707480393371
0.4879127299244896
0.4878545754778971
0.48779628430399213
0.4877378560063126
0.4876792901874976
0.48762058644928385
0.4875617443925014
0.4875027636170685
0.48744364372198923
0.48738438430534764
0.4873249849643042
0.4872654452950919
0.4872057648930104
0.48714594335242356
0.4870859802667535
0.4870258752284772
0.4869656278291208
0.4869052376592562
0.4868447043084959
0.48678402736548865
0.48672320641791417
0.4866622410524791
0.4866011308549122
0.48653987540995924
0.486478474301378
0.4864169271119345
0.48635523342339665
0.4862933928165303
0.4862314048710939
0.4861692691658339
0.48610698527847895
0.48604455278573555
0.48598197126328224
0.48591924028576566
0.48585635942679345
0.4857933282589314
0.4857301463536958
0.48566681328155
0.48560332861189814
0.48553969191308005
0.48547590275236585
0.4854119606959505
0.48534786530894836
0.4852836161553881
0.4852192127982063
0.48515465479924264
0.4850899417192339
0.4850250731178093
0.48496004855348324
0.48489486758365075
0.484829529764582
0.4847640346514159
0.48469838179815405
0.484632570757657
0.48456660108163513
0.48450047232064625
0.4844341840240874
0.4843677357401899
0.4843011270160133
0.4842343573974397
0.4841674264291673
0.484100333654705
0.48403307861636624
0.48396566085526244
0.48389807991129774
0.4838303353231628
0.4837624266283286
0.48369435336303995
0.48362611506231035
0.48355771125991515
0.48348914148838573
0.4834204052790029
0.4833515021617918
0.4832824316655143
0.4832131933176639
0.48314378664445967
0.4830742111708389
0.483004466420452
0.482934551915656
0.4828644671775077
0.4827942117257584
0.4827237850788474
0.48265318675389485
0.48258241626669723
0.4825114731317194
0.4824403568620896
0.48236906696959225
0.48229760296466245
0.4822259643563794
0.4821541506524602
0.4820821613592534
0.4820099959817333
0.48193765402349326
0.4818651349867401
0.48179243837228625
0.48171956367954627
0.48164651040652795
0.4815732780498277
0.4814998661046241
0.48142627406467153
0.4813525014222939
0.48127854766837924
0.4812044122923729
0.4811300947822715
0.48105559462461744
0.4809809113044921
0.4809060443055105
0.480830993109815
0.48075575719806907
0.4806803360494518
0.4806047291416521
0.48052893595086177
0.48045295595177107
0.4803767886175623
0.4803004334199034
0.48022388982894293
0.48014715731330443
0.48007023534008025
0.4799931233748262
0.479915820881556
0.4798383273227357
0.47976064215927783
0.4796827648505363
0.47960469485430113
0.4795264316267926
0.4794479746226563
0.479369323294958
0.4792904770951779
0.4792114354732056
0.47913219787733563
0.479052763754262
0.4789731325490727
0.4788933037052458
0.478813276664644
0.47873305086750956
0.47865262575246026
0.47857200075648465
0.4784911753149367
0.4784101488615324
0.47832892082834455
0.4782474906457987
0.47816585774266906
0.47808402154607366
0.47800198148147105
0.47791973697265555
0.47783728744175397
0.4777546323092211
0.4776717709938365
0.47758870291270067
0.47750542748123115
0.47742194411315914
0.4773382522205269
0.477254351213683
0.47717024050128076
0.4770859194902736
0.47700138758591326
0.4769166441917463
0.4768316887096117
0.47674652053963784
0.47666113908024
0.4765755437281185
0.47648973387825566
0.4764037089239142
0.4763174682566345
0.4762310112662333
0.47614433734080197
0.4760574458667042
0.4759703362285744
0.47588300780931725
0.4757954599901058
0.47570769215038006
0.4756197036678461
0.4755314939184756
0.4754430622765051
0.47535440811443475
0.4752655308030285
0.47517642971131374
0.4750871042065811
0.47499755365438423
0.47490777741854034
0.47481777486113075
0.4747275453425004
0.47463708822125994
0.4745464028542854
0.47445548859671965
0.4743643448019738
0.47427297082172826
0.4741813660059342
0.4740895297028156
0.473997461258871
0.4739051600188752
0.4738126253258823
0.4737198565212274
0.47362685294452983
0.47353361393369553
0.47344013882492025
0.4733464269526929
0.47325247764979894
0.473158290247324
0.4730638640746575
0.4729691984594973
0.472874292727853
0.4727791462040516
0.47268375821074116
0.4725881280688963
0.47249225509782317
0.47239613861516466
0.4722997779369066
0.47220317237738224
0.4721063212492805
0.47200922386364946
0.4719118795299052
0.47181428755583765
0.47171644724761724
0.471618357909803
0.4715200188453492
0.4714214293556136
0.47132258874036526
0.471223496297793
0.4711241513245136
0.4710245531155807
0.4709247009644939
0.47082459416320777
0.470724232002142
0.4706236137701902
0.4705227387547313
0.47042160624163926
0.47032021551529307
0.47021856585858895
0.4701166565529509
0.470014486878342
0.46991205611327697
0.46980936353483316
0.4697064084186641
0.4696031900390112
0.4694997076687174
0.46939596057924027
0.4692919480406651
0.46918766932171946
0.4690831236897874
0.4689783104109232
0.468873228749867
0.46876787797005975
0.46866225733365796
0.4685563661015506
0.4684502035333748
0.4683437688875317
0.46823706142120386
0.4681300803903723
0.4680228250498335
0.4679152946532179
0.4678074884530072
0.4676994057005531
0.4675910456460969
0.4674824075387869
0.46737349062669953
0.4672642941568586
0.46715481737525477
0.4670450595268679
0.46693501985568586
0.466824697604727
0.4667140920160619
0.4666032023308349
0.466492027789286
0.4663805676307753
0.46626882109380396
0.46615678741603916
0.4660444658343377
0.46593185558476946
0.46581895590264333
0.465705766022531
0.4655922851782929
0.46547851260310397
0.4653644475294798
0.46525008918930305
0.46513543681385056
0.4650204896338206
0.4649052468793608
0.4647897077800956
0.46467387156515566
0.4645577374632067
0.46444130470247824
0.46432457251079345
0.4642075401156002
0.4640902067440004
0.46397257162278205
0.4638546339784496
0.46373639303725706
0.4636178480252384
0.4634989981682423
0.46337984269196364
0.4632603808219773
0.4631406117837728
0.4630205348027877
0.46290014910444277
0.4627794539141772
0.462658448457484
0.4625371319599464
0.46241550364727346
0.4622935627453381
0.4621713084802139
0.46204874007821245
0.46192585676592174
0.4618026577702454
0.46167914231844087
0.46155530963815944
0.46143115895748615
0.4613066895049792
0.4611819005097128
0.4610567912013161
0.460931360810016
0.4608056085666798
0.46067953370285614
0.4605531354508195
0.46042641304361287
0.46029936571509167
0.46017199269996845
0.46004429323385687
0.4599162665533176
0.4597879118959032
0.45965922850020535
0.4595302156058999
0.4594008724537947
0.4592711982858769
0.45914119234536044
0.4590108538767347
0.45888018212581216
0.45874917633977896
0.4586178357672434
0.4584861596582863
0.4583541472645113
0.45822179783909567
0.45808911063684155
0.45795608491422796
0.4578227199294621
0.4576890149425329
0.4575549692152636
0.4574205820113645
0.45728585259648735
0.4571507802382801
0.4570153642064405
0.4568796037727715
0.4567434982112371
0.4566070467980179
0.4564702488115674
0.4563331035326683
0.4561956102444906
0.456057768232648
0.45591957678525663
0.45578103519299257
0.4556421427491513
0.455502898749706
0.45536330249336754
0.45522335328164454
0.455083050418902
0.4549423932124247
0.45480138097247486
0.45466001301235637
0.4545182886484743
0.4543762072003989
0.4542337679909258
0.45409097034614043
0.453947813595481
0.4538042970718012
0.4536604201114343
0.4535161820542578
0.45337158224375695
0.45322662002709013
0.45308129475515396
0.4529356057826486
0.4527895524681434
0.4526431341741429
0.4524963502671532
0.45234920011774926
0.45220168310064035
0.4520537985947389
0.4519055459832265
0.4517569246536231
0.4516079339978535
0.4514585734123166
0.4513088422979537
0.45115874006031775
0.4510082661096413
0.45085741986090627
0.45070620073391404
0.450554608153354
0.450402641548874
0.4502503003551511
0.45009758401196065
0.44994449196424746
0.4497910236621964
0.44963717856130336
0.449482956122446
0.44932835581195474
0.4491733771016847
0.44901801946908704
0.44886228239727993
0.44870616537512076
0.448549667897278
0.44839278946430333
0.44823552958270285
0.4480778877650101
0.447919863529858
0.447761456402051
0.44760266591263737
0.447443491598982
0.4472839330048385
0.447123989680422
0.4469636611824809
0.4468029470743702
0.446641846926124
0.4464803603145277
0.4463184868231904
0.44615622604261734
0.44599357757028324
0.4458305410107033
0.4456671159755065
0.44550330208350786
0.4453390989607799
0.4451745062407257
0.4450095235641498
0.44484415057933113
0.44467838694209405
0.44451223231588055
0.4443456863718212
0.44417874878880625
0.444011419253558
0.4438436974607002
0.4436755831128299
0.4435070759205876
0.44333817560272754
0.44316888188618786
0.4429991945061609
0.4428291132061621
0.4426586377380993
0.44248776786234323
0.4423165033477942
0.44214484397195186
0.4419727895209832
0.4418003397897903
0.4416274945820775
0.4414542537104188
0.44128061699632454
0.44110658427030774
0.44093215537195063
0.440757330149969
0.44058210846227797
0.44040649017605726
0.4402304751678147
0.44005406332345004
0.4398772545383187
0.4397000487172945
0.4395224457748315
0.4393444456350262
0.43916604823167915
0.4389872535083549
0.43880806141844303
0.4386284719252169
0.4384484850018934
0.43826810063169114
0.4380873188078881
0.43790613953387875
0.4377245628232316
0.4375425886997438
0.4373602171974966
0.4371774483609111
0.4369942822448005
0.4368107189144246
0.43662675844554144
0.4364424009244594
0.4362576464480877
0.4360724951239875
0.4358869470704207
0.4357010024163981
0.4355146613017288
0.4353279238770656
0.43514079030395203
0.4349532607548678
0.4347653354132727
0.43457701447365116
0.43438829814155444
0.4341991866336422
0.434009680177724
0.4338197790127998
0.43362948338909746
0.4334387935681128
0.43324770982264593
0.43305623243683716
0.43286436170620285
0.4326720979376696
0.43247944144960737
0.4322863925718614
0.43209295164578443
0.431899119024266
0.4317048950717615
0.4315102801643211
0.4313152746896156
0.4311198790469634
0.4309240936473545
0.4307279189134742
0.4305313552797263
0.43033440319225363
0.43013706310895927
0.42993933549952495
0.42974122084542865
0.4295427196399626
0.4293438323882477
0.4291445596072487
0.4289449018257865
0.4287448595845512
0.4285444334361115
0.4283436239449254
0.4281424316873476
0.4279408572516371
0.4277389012379622
0.4275365642584057
0.4273338469369673
0.4271307499095662
0.42692727382404105
0.42672341934014946
0.42651918712956616
0.42631457787587923
0.42610959227458567
0.42590423103308495
0.4256984948706721
0.42549238451852867
0.425285900719713
0.4250790442291479
0.4248718158136089
0.4246642162517093
0.4244562463338848
0.424247906862376
0.4240391986512116
0.4238301225261864
0.4236206793248417
0.42341086989644267
0.42320069510195313
0.42299015581401156
0.42277925291690327
0.4225679873065327
0.4223563598903936
0.42214437158753715
0.42193202332854135
0.42171931605547475
0.42150625072186243
0.4212928282926488
0.42107904974415905
0.42086491606406007
0.420650428251318
0.42043558731615716
0.4202203942800143
0.420004850175495
0.4197889560463245
0.41957271294730086
0.41935612194424465
0.41913918411394735
0.4189219005441184
0.4187042723333321
0.41848630059097014
0.41826798643716634
0.4180493310027466
0.41783033542916925
0.4176110008684645
0.4173913284831703
0.4171713194462693
0.416950974941121
0.4167302961613972
0.4165092843110114
0.41628794060405006
0.41606626626469967
0.41584426252717555
0.41562193063564634
0.41539927184415876
0.41517628741656065
0.4149529786264224
0.4147293467569561
0.4145053931009365
0.4142811189606161
0.41405652564764256
0.4138316144829723
0.41360638679678474
0.4133808439283932
0.4131549872261564
0.412928818047387
0.4127023377582597
0.4124755477337174
0.4122484493573776
0.4120210440214346
0.4117933331265632
0.41156531808181995
0.4113370003045429
0.41110838122025
0.4108794622625378
0.41065024487297613
0.41042073050100397
0.4101909206038227
0.40996081664628925
0.40973042010080646
0.4094997324472135
0.40926875517267536
0.40903748977156895
0.40880593774537066
0.40857410060254196
0.4083419798584125
0.40810957703506306
0.4078768936612087
0.40764393127207776
0.4074106914092927
0.40717717562074746
0.4069433854604855
0.40670932248857644
0.4064749882709897
0.40624038437947013
0.4060055123914105
0.40577037388972353
0.40553497046271275
0.4052993037039425
0.40506337521210695
0.40482718659089817
0.40459073944887297
0.4043540353993187
0.4041170760601186
0.4038798630536162
0.40364239800647705
0.4034046825495531
0.4031667183177421
0.4029285069498491
0.40269005008844594
0.40245134937972893
0.4022124064733783
0.40197322302241356
0.4017338006830504
0.4014941411145562
0.4012542459791038
0.4010141169416255
0.4007737556696663
0.4005331638332349
0.4002923431046568
0.4000512951584233
0.3998100216710416
0.39956852432088497
0.3993268047880394
0.39908486475415333
0.3988427059022825
0.3986003299167379
0.39835773848293055
0.39811493328721664
0.39787191601674216
0.397628688359286
0.39738525200310326
0.39714160863676784
0.3968977599490138
0.3966537076285774
0.3964094533640365
0.39616499884365164
0.39592034575520524
0.39567549578584055
0.3954304506218991
0.39518521194876044
0.39493978145067743
0.3946941608106145
0.39444835171008297
0.39420235582897756
0.3939561748454108
0.39370981043554887
0.3934632642734447
0.39321653803087286
0.39296963337716234
0.3927225519790296
0.39247529550041094
0.39222786560229456
0.3919802639425525
0.39173249217577083
0.39148455195308196
0.39123644492199267
0.3909881727262164
0.3907397370055012
0.3904911393954592
0.390242381527395
0.3899934650281349
0.38974439151985363
0.3894951626199023
0.38924577994063586
0.3889962450892391
0.38874655966755384
0.3884967252719039
0.3882467434929218
0.38799661591537277
0.3877463441179806
0.3874959296732518
0.38724537414729915
0.3869946790996663
0.38674384608315027
0.3864928766436251
0.38624177231986423
0.3859905346433619
0.38573916513815676
0.38548766532065143
0.3852360366994348
0.3849842807751017
0.3847323990400745
0.38448039297842207
0.3842282640656791
0.38397601376866536
0.38372364354530536
0.3834711548444449
0.3832185491056697
0.38296582775912347
0.38271299222532346
0.382460043914978
0.38220698422880245
0.38195381455733374
0.38170053628074696
0.3814471507686692
0.38119365937999355
0.38094006346269266
0.38068636435363273
0.3804325633783846
0.38017866185103777
0.37992466107400935
0.37967056233785773
0.3794163669210902
0.3791620760899752
0.3789076910983492
0.3786532131874274
0.37839864358560904
0.37814398350828715
0.37788923415765324
0.3776343967225041
0.3773794723780464
0.37712446228570135
0.3768693675929081
0.3766141894329267
0.37635892892464035
0.3761035871723562
0.3758481652656061
0.37559266427894633
0.3753370852717552
0.3750814292880327
0.37482569735619503
0.37456989048887246
0.37431400968270306
0.3740580559181269
0.37380203015917884
0.3735459333532807
0.3732897664310308
0.3730335303059952
0.3727772258744943
0.37252085401539187
0.3722644155898795
0.3720079114412619
0.37175134239474095
0.3714947092571974
0.371238012816971
0.37098125384364106
0.3707244330878043
0.3704675512808507
0.3702106091347393
0.36995360734177163
0.3696965465743628
0.36943942748481373
0.3691822507050781
0.36892501684653034
0.36866772649973045
0.36841038023418815
0.36815297859812435
0.36789552211823084
0.3676380112994282
0.36738044662462266
0.36712282855445877
0.36686515752707305
0.3666074339578424
0.36634965823913296
0.3660918307400452
0.3658339518061572
0.3655760217592658
0.3653180408971258
0.36506000949318573
0.36480192779632187
0.36454379603057024
0.3642856143948542
0.36402738306271176
0.3637691021820189
0.3635107718747103
0.36325239223649686
0.3629939633365819
0.36273548521737276
0.36247695789419054
0.36221838135497586
0.36195975555999255
0.36170108044152705
0.3614423559035863
0.3611835818215902
0.3609247580420622
0.36066588438231584
0.3604069606301384
0.36014798654347
0.3598889618500804
0.35962988624724
0.3593707594013899
0.3591115809478053
0.3588523504902574
0.358593067600669
0.35833373181876815
0.3580743426517356
0.35781489957385026
0.357555402026128
0.3572958494159578
0.3570362411167328
0.3567765764674765
0.35651685477246453
0.3562570753008421
0.3559972372862365
0.3557373399263633
0.35547738238262994
0.3552173637797327
0.35495728320524833
0.3546971397092218
0.35443693230374657
0.35417665996254216
0.3539163216205236
0.3536559161733668
0.3533954424770672
0.353134899347494
0.3528742855599369
0.35261359984864765
0.35235284090637575
0.3520920073838971
0.3518310978895372
0.3515701109886875
0.3513090452033142
0.3510478990114634
0.3507866708467567
0.3505253590978801
0.35026396210806865
0.35000247817458086
0.3497409055481674
0.34947924243253337
0.3492174869837918
0.34895563730991064
0.34869369147015067
0.3484316474744989
0.34816950328309093
0.34790725680562684
0.3476449059007791
0.3473824483755926
0.3471198819848756
0.34685720443058354
0.3465944133611934
0.3463315063710698
0.3460684809998237
0.34580533473165975
0.34554206499471785
0.3452786691604029
0.3450151445427079
0.3447514883975267
0.344487697921957
0.3442237702535951
0.34395970246982077
0.34369549158707235
0.3434311345601117
0.34316662828128164
0.3429019695797495
0.342637155220745
0.34237218190478486
0.3421070462668897
0.34184174487578867
0.3415762742331142
0.3413106307725877
0.3410448108591933
0.3407788107883418
0.3405126267850227
0.34024625500294714
0.3399796915236798
0.3397129323557577
0.3394459734338019
0.339178810617615
0.3389114396912681
0.33864385636217814
0.338376056260173
0.3381080349365448
0.33783978786309393
0.33757131043115945
0.3373025979506399
0.33703364564900185
0.3367644486702781
0.33649500207405314
0.3362253008344391
0.33595533983903747
0.33568511388789385
0.33541461769243724
0.33514384587441004
0.3348727929647874
0.33460145340268344
0.33432982153424845
0.3340578916115541
0.3337856577914673
0.33351311413451384
0.3332402546037324
0.33296707306351436
0.3326935632784378
0.33241971891208816
0.3321455335258686
0.33187100057780283
0.33159611342132517
0.33132086530406374
0.33104524936661167
0.33076925864129125
0.330492886050909
0.33021612440750053
0.3299389664110693
0.3296614046483158
0.32938343159136
0.32910503959645626
0.32882622090270125
0.328546967630736
0.3282672717814416
0.3279871252346285
0.32770651974772197
0.32742544695444326
0.32714389836348534
0.3268618653571864
0.32657933919019966
0.3262963109881615
0.3260127717463589
0.3257287123283939
0.32544412346485024
0.3251589957519593
0.32487331965026756
0.3245870854833075
0.32430028343627043
0.324012903554685
0.32372493574309813
0.3234363697637651
0.3231471952353457
0.3228574016316076
0.3225669782801409
0.32227591436108133
0.3219841989058472
0.3216918207958893
0.3213987687614528
0.3211050313803591
0.32081059707680126
0.32051545412016064
0.3202195906238427
0.31992299454413603
0.3196256536790939
0.3193275556674414
0.3190286879875108
0.31872903795620516
0.31842859272799245
0.31812733929393555
0.31782526448075255
0.3175223549499192
0.3172185971968069
0.3169139775498657
0.3166084821698483
0.3163020970490832
0.3159948080107939
0.31568660070847193
0.31537746062530425
0.31506737307365457
0.31475632319460684
0.3144442959575709
0.3141312761599526
0.31381724842689274
0.3135021972110774
0.31318610679262354
0.31286896127904107
0.3125507446052779
0.3122314405338474
0.31191103265504616
0.311589504387262
0.31126683897737695
0.31094301950126985
0.3106180288644218
0.31029184980262575
0.30996446488281126
0.3096358565039774
0.30930600689824894
0.3089748981320529
0.30864251210742133
0.3083088305634262
0.3079738350777472
0.307637507068382
0.30729982779549725
0.30696077836342844
0.3066203397228335
0.3062784926730021
0.30593521786432604
0.30559049580093717
0.3052443068435145
0.30489663121226596
0.3045474489900911
0.3041967401259271
0.30384448443828266
0.30349066161896615
0.30313525123701
0.302778232742799
0.30241958547240183
0.3020592886521171
0.30169732140323047
0.30133366274699375
0.30096829160982524
0.30060118682873893
0.30023232715700315
0.29986169127003476
0.2994892577715328
0.2991150051998509
0.2987389120346192
0.298360956703611
0.29798111758986257
0.2975993730390457
0.2972157013670993
0.2968300808681163
0.2964424898224938
0.29605290650534594
0.29566130919517836
0.2952676761828313
0.2948719857806863
0.29447421633214055
0.29407434622134826
0.29367235388322777
0.29326821781373574
0.29286191658040617
0.2924534288331526
0.2920427333153327
0.29162980887507284
0.2912146344768488
0.2907971892133208
0.2903774523174189
0.2899554031746724
0.2895310213357831
0.28910428652943276
0.2886751786753195
0.2882436778974209
0.28780976453747126
0.2873734191686486
0.28693462260946345
0.2864933559378395
0.28604960050537714
0.28560333795179094
0.2851545502195081
0.28470321956842043
0.2842493285907741
0.2837928602261882
0.28333379777678624
0.28287212492242925
0.282407825736035
0.28194088469896866
0.2814712867164906
0.28099901713324305
0.2805240617487613
0.28004640683299226
0.2795660391418003
0.27908294593244576
0.27859711497901485
0.27810853458778345
0.27761719361249365
0.2771230814695257
0.27662618815294293
0.27612650424938856
0.27562402095281685
0.27511873007903387
0.27461062408002695
0.2740996960580647
0.2735859397795405
0.2730693496885418
0.2725499209201216
0.2720276493132507
0.27150253142342756
0.2709745645349275
0.2704437466726641
0.2699100766136466
0.2693735538980104
0.2688341788395975
0.2682919525360705
0.26774687687853616
0.2671989545606625
0.26664818908726634
0.26609458478235753
0.26553814679661736
0.2649788811142981
0.2644167945595233
0.26385189480197685
0.26328419036196354
0.2627136906148286
0.2621404057947222
0.2615643469976974
0.26098552618413173
0.2604039561804604
0.25981965068021357
0.25923262424435023
0.25864289230088156
0.25805047114377866
0.2574553779311607
0.25685763068276113
0.25625724827666874
0.25565425044534495
0.25504865777091734
0.2544404916797525
0.25382977443631055
0.2532165291362864
0.25260077969904526
0.2519825508593578
0.25136186815844463
0.2507387579343393
0.25011324731158213
0.24948536419025552
0.24885513723437455
0.248222595859649
0.24758777022063005
0.24695069119725901
0.24631139038083794
0.24566990005943617
0.2450262532027591
0.24438048344649088
0.2437326250761416
0.24308271301041343
0.24243078278411234
0.24177687053062863
0.24112101296400798
0.2404632473606404
0.23980361154058843
0.23914214384858415
0.23847888313471655
0.23781386873483884
0.23714714045071733
0.23647873852995277
0.23580870364569817
0.23513707687619856
0.2344638996841808
0.2337892138961188
0.2331130616813996
0.23243548553141682
0.2317565282386177
0.23107623287552578
0.23039464277376848
0.2297118015031297
0.22902775285065413
0.22834254079982536
0.2276562095098407
0.2269688032950047
0.22628036660426287
0.225590944000898
0.2249005801424059
0.22420931976057273
0.22351720764177269
0.22282428860750045
0.2221306074951595
0.22143620913912182
0.2207411383520702
0.22004543990664402
0.2193491585173979
0.21865233882308643
0.2179550253692894
0.21725726259138586
0.21655909479788915
0.2158605661541509
0.21516172066644476
0.21446260216643454
0.21376325429603713
0.21306372049268313
0.21236404397498324
0.21166426772880276
0.21096443449374994
0.21026458675007934
0.2095647667060153
0.20886501628549303
0.20816537711632255
0.20746589051877407
0.20676659749458276
0.20606753871637595
0.2053687545175168
0.2046702848823669
0.20397216943696167
0.20327444744009743
0.20257715777482538
0.20188033894035146
0.20118402904433286
0.20048826579557116
0.19979308649709426
0.1990985280396224
0.19840462689541324
0.19771141911247747
0.19701894030916303
0.19632722566909677
0.19563630993647912
0.19494622741172518
0.1942570119474444
0.19356869694475026
0.1928813153498956
0.1921948996512236
0.19150948187642688
0.19082509359010935
0.19014176589163978
0.18945952941329186
0.188778414318662
0.18809845030135675
0.18741966658394327
0.18674209191715269
0.18606575457933228
0.18539068237613437
0.18471690264043786
0.18404444223249328
0.18337332754028426
0.18270358448009663
0.18203523849729097
0.18136831456726668
0.18070283719661587
0.18003883042445523
0.1793763178239319
0.17871532250389582
0.17805586711073088
0.17739797383033976
0.17674166439027555
0.1760869600620137
0.1754338816633578
0.1747824495609742
0.17413268367304904
0.1734846034720609
0.17283822798766682
0.17219357580969122
0.17155066509121786
0.17090951355177494
0.1702701384806115
0.16963255674005878
0.16899678476897323
0.16836283858625345
0.16773073379443046
0.16710048558332496
0.16647210873376664
0.1658456176213739
0.16522102622038676
0.16459834810755314
0.163977596466061
0.16335878408951499
0.16274192338595428
0.1621270263819061
0.16151410472647448
0.16090316969546026
0.1602942321955069
0.15968730276827361
0.1590823915946289
0.15847950849886547
0.15787866295292968
0.1572798640806678
0.15668312066208206
0.1560884411375995
0.15549583361234398
0.15490530586041756
0.1543168653291831
0.1537305191435486
0.153146274110251
0.1525641367221376
0.15198411316244365
0.15140620930906287
0.15083043073881258
0.15025678273168772
0.1496852702751062
0.1491158980681409
0.14854867052573914
0.14798359178292828
0.14742066569900364
0.14685989586170095
0.14630128559135136
0.14574483794501428
0.14519055572059358
0.14463844146092958
0.14408849745787108
0.14354072575632265
0.14299512815826879
0.14245170622677347
0.14191046128995366
0.14137139444492675
0.14083450656173055
0.1402997982872172
0.13976727004891668
0.13923692205887228
0.13870875431744809
0.13818276661710388
0.13765895854614163
0.13713732949241964
0.1366178786470366
0.1361006050079826
0.13558550738375919
0.1350725843969656
0.13456183448785258
0.13405325591784345
0.133546846773021
0.1330426049675812
0.1325405282472517
0.13204061419267815
0.13154286022277373
0.13104726359803567
0.130553821423826
0.1300625306536182
0.1295733880922076
0.12908639039888814
0.12860153409059194
0.12811881554499502
0.1276382310035868
0.12715977657470423
0.12668344823653105
0.12620924184005966
0.12573715311201977
0.12526717765776998
0.12479931096415386
0.12433354840232151
0.12386988523051477
0.12340831659681685
0.12294883754186754
0.12249144300154288
0.12203612780959888
0.1215828867002809
0.12113171431089825
0.1206826051843633
0.12023555377169644
0.11979055443449588
0.11934760144737369
0.11890668900035722
0.11846781120125613
0.11803096207799631
0.11759613558091873
0.11716332558504604
0.11673252589231517
0.11630373023377659
0.11587693227176073
0.11545212560201172
0.11502930375578839
0.11460846020193308
0.11418958834890819
0.11377268154680102
0.11335773308929653
0.11294473621561904
0.11253368411244308
0.11212456991577213
0.11171738671278819
0.11131212754366987
0.11090878540338056
0.11050735324342681
0.11010782397358737
0.10971019046361172
0.10931444554489121
0.10892058201210009
0.10852859262480827
0.10813847010906597
0.10775020715896023
0.10736379643814417
0.10697923058133793
0.10659650219580316
0.10621560386279093
0.10583652813896156
0.10545926755778001
0.10508381463088462
0.10471016184942945
0.10433830168540156
0.10396822659291416
0.10359992900947354
0.10323340135722181
0.10286863604415647
0.10250562546532428
0.10214436200399273
0.10178483803279742
0.10142704591486715
0.10107097800492525
0.10071662665036925
0.10036398419232734
0.10001304296669405
0.09966379530514365
0.09931623353612226
0.09897034998581812
0.09862613697911317
0.0982835868405118
0.0979426918950508
0.09760344446918848
0.0972658368916752
0.09692986149440316
0.09659551061323857
0.09626277658883328
0.0959316517674196
0.09560212850158561
0.09527419915103269
0.09494785608331573
0.09462309167456512
0.09429989831019253
0.09397826838557824
0.09365819430674356
0.09333966849100553
0.09302268336761532
0.09270723137838195
0.09239330497827877
0.09208089663603572
0.0917699988347157
0.09146060407227648
0.09115270486211707
0.09084629373361106
0.09054136323262385
0.09023790592201789
0.08993591438214234
0.08963538121131055
0.08933629902626374
0.08903866046262138
0.08874245817531894
0.08844768483903322
0.08815433314859482
0.08786239581938902
0.08757186558774405
0.08728273521130797
0.08699499746941373
0.08670864516343377
0.08642367111712161
0.08614006817694472
0.08585782921240485
0.08557694711634914
0.08529741480526987
0.08501922521959451
0.08474237132396606
0.08446684610751302
0.08419264258411004
0.0839197537926297
0.08364817279718355
0.08337789268735599
0.08310890657842801
0.08284120761159264
0.08257478895416151
0.08230964379976372
0.08204576536853575
0.08178314690730414
0.08152178168975945
0.08126166301662292
0.08100278421580595
0.08074513864256097
0.08048871967962702
0.08023352073736575
0.07997953525389298
0.07972675669520089
0.07947517855527639
0.07922479435621038
0.07897559764830175
0.0787275820101558
0.07848074104877505
0.07823506839964525
0.07799055772681465
0.07774720272296877
0.07750499710949801
0.077263934636561
0.077024009083142
0.07678521425710336
0.07654754399523259
0.07631099216328474
0.07607555265601962
0.07584121939723429
0.07560798633979098
0.07537584746564076
0.07514479678584174
0.07491482834057438
0.07468593619915143
0.07445811446002386
0.07423135725078367
0.07400565872816142
0.07378101307802096
0.07355741451534992
0.07333485728424677
0.07311333565790416
0.07289284393858884
0.07267337645761816
0.07245492757533338
0.07223749168106953
0.0720210631931229
0.07180563655871375
0.07159120625394845
0.07137776678377662
0.07116531268194692
0.07095383851095861
0.07074333886201246
0.07053380835495714
0.07032524163823435
0.0701176333888206
0.06991097831216764
0.0697052711421395
0.0695005066409483
0.06929667959908678
0.06909378483526021
0.06889181719631449
0.0686907715571635
0.0684906428207144
0.06829142591779036
0.06809311580705235
0.06789570747491866
0.06769919593548254
0.06750357623042907
0.06730884342894931
0.06711499262765394
0.06692201895048444
0.06672991754862376
0.06653868360040496
0.06634831231121897
0.06615879891342032
0.06597013866623269
0.0657823268556523
0.06559535879435087
0.06540922982157668
0.06522393530305556
0.06503947063088991
0.06485583122345726
0.06467301252530772
0.06449101000706067
0.06430981916530032
0.06412943552247065
0.0639498546267695
0.06377107205204173
0.0635930833976722
0.06341588428847711
0.06323947037459574
0.06306383733138055
0.06288898085928782
0.06271489668376651
0.06254158055514743
0.0623690282485319
0.06219723556367904
0.062026198324894095
0.06185591238091456
0.0616863736047978
0.06151757789380677
0.06134952116929618
0.06118219937659799
0.06101560848490714
0.06084974448716658
0.06068460339995149
0.06052018126335494
0.06035647414087184
0.06019347811928288
0.060031189308539255
0.0598696038416465
0.059708717874548095
0.05954852758600947
0.059389029177501815
0.059230218873085536
0.05907209291929373
0.0589146475850164
0.05875787916138345
0.05860178396164854
0.058446358321072714
0.058291598596807916
0.05813750116778131
0.057984062434578376
0.05783127881932732
0.05767914676558305
0.05752766273821101
0.057376823223272144
0.05722662472790642
0.057077063780218346
0.05692813692916113
0.056779840744422015
0.05663217181630696
0.056485126755626676
0.05633870219358157
0.05619289478164803
0.05604770119146425
0.05590311811471656
0.05575914226302607
0.055615770367835375
0.05547299918029601
0.05533082547115532
0.05518924603064483
0.05504825766836754
0.05490785721318687
0.05476804151311503
0.05462880743520204
0.05449015186542489
0.054352071708577684
0.05421456388816105
0.05407762534627274
0.05394125304349875
0.05380544395880387
0.053670195089423396
0.05353550345075507
0.053401366076251185
0.05326778001731132
0.05313474234317549
0.05300225014081726
0.052870300514838
0.05273889058736081
0.05260801749792542
0.05247767840338336
0.05234787047779315
0.05221859091231666
0.0520898369151152
0.051961605711246604
0.05183389454256218
0.0517067006676048
0.051580021361506634
0.051453853915888255
0.05132819563875732
0.05120304385440806
0.0510783959033215
0.050954249142065824
0.05083060094319715
0.050707448695160764
0.050584789802193476
0.05046262168422515
0.05034094177678207
0.050219747530889876
0.05009903641297727
0.04997880590478039
