0.5959781411882155
0.6647694794238437
0.6435053174847949
0.6228360895969928
0.6035393412247659
0.5861835112119571
0.5711554372842154
0.5586123388083227
0.5484905688411835
0.5405600722087925
0.5344977282054779
0.5299541606950757
0.526600373320113
0.524152523305717
0.5223798641381907
0.5211024629461385
0.5201840923473346
0.5195237630376442
0.5190477274530356
0.5187027093887268
0.5184505187775439
0.518263932562495
0.5181236239896727
0.5180159129726928
0.5179311376565667
0.5178624855065606
0.5178051592192106
0.5177557840699346
0.5177119880991661
0.5176721053965513
0.5176349667366531
0.5175997520360818
0.5175658864787791
0.5175329674422091
0.5175007131248713
0.517468926450827
0.5174374697213765
0.5174062468228798
0.517375190744539
0.5173442548259835
0.5173134066235928
0.5172826236146796
0.5172518901909213
0.5172211955557707
0.5171905322553718
0.5171598951531797
0.5171292807151453
0.5170986865121123
0.5170681108740065
0.517037552649992
0.5170070110425168
0.5169764854928143
0.5169459756021746
0.5169154810780376
0.5168850016972707
0.5168545372813087
0.5168240876794612
0.5167936527578115
0.5167632323919363
0.5167328264622097
0.5167024348508481
0.5166720574401173
0.5166416941113008
0.5166113447441626
0.5165810092167235
0.5165506874052277
0.5165203791842208
0.5164900844266883
0.5164598030042189
0.5164295347871736
0.5163992796448494
0.5163690374456312
0.5163388080571244
0.5163085913462738
0.516278387179466
0.5162481954226147
0.5162180159412342
0.5161878486004999
0.5161576932652988
0.5161275498002703
0.5160974180698402
0.5160672979382478
0.5160371892695678
0.5160070919277273
0.5159770057765202
0.5159469306796167
0.5159168665005726
0.5158868131028345
0.5158567703497443
0.5158267381045425
0.5157967162303694
0.515766704590267
0.5157367030471782
0.5157067114639472
0.5156767297033185
0.5156467576279351
0.5156167951003383
0.5155868419829646
0.5155568981381442
0.5155269634280991
0.515497037714941
0.5154671208606685
0.5154372127271648
0.5154073131761958
0.5153774220694071
0.5153475392683211
0.5153176646343356
0.51528779802872
0.5152579393126138
0.5152280883470228
0.5151982449928177
0.5151684091107305
0.5151385805613524
0.5151087592051314
0.5150789449023689
0.5150491375132178
0.5150193368976791
0.5149895429156006
0.5149597554266723
0.5149299742904256
0.5149001993662301
0.5148704305132901
0.514840667590643
0.5148109104571565
0.5147811589715259
0.5147514129922706
0.5147216723777324
0.5146919369860737
0.5146622066752728
0.5146324813031226
0.5146027607272272
0.5145730448050003
0.5145433333936618
0.514513626350235
0.5144839235315446
0.5144542247942134
0.5144245299946602
0.5143948389890965
0.5143651516335248
0.5143354677837346
0.5143057872953012
0.514276110023582
0.5142464358237143
0.5142167645506123
0.5141870960589645
0.5141574302032319
0.5141277668376439
0.5140981058161965
0.5140684469926493
0.5140387902205232
0.5140091353530972
0.5139794822434062
0.5139498307442378
0.5139201807081304
0.5138905319873692
0.5138608844339851
0.5138312378997509
0.5138015922361785
0.513771947294517
0.5137423029257496
0.5137126589805909
0.5136830153094838
0.5136533717625974
0.5136237281898239
0.5135940844407764
0.5135644403647852
0.5135347958108958
0.5135051506278664
0.5134755046641641
0.5134458577679638
0.5134162097871434
0.5133865605692829
0.5133569099616603
0.5133272578112505
0.5132976039647207
0.5132679482684284
0.513238290568419
0.5132086307104228
0.5131789685398519
0.513149303901798
0.5131196366410292
0.5130899666019874
0.513060293628785
0.5130306175652035
0.5130009382546894
0.5129712555403515
0.5129415692649588
0.5129118792709376
0.5128821854003679
0.5128524874949815
0.5128227853961588
0.512793078944926
0.5127633679819523
0.5127336523475474
0.5127039318816581
0.5126742064238659
0.512644475813384
0.5126147398890547
0.5125849984893464
0.5125552514523505
0.5125254986157792
0.5124957398169624
0.5124659748928442
0.5124362036799811
0.5124064260145383
0.512376641732288
0.5123468506686047
0.5123170526584642
0.5122872475364395
0.5122574351366987
0.5122276152930015
0.512197787838697
0.5121679526067198
0.5121381094295887
0.5121082581394021
0.5120783985678363
0.5120485305461425
0.5120186539051428
0.5119887684752289
0.5119588740863582
0.5119289705680509
0.5118990577493876
0.5118691354590061
0.5118392035250985
0.5118092617754083
0.5117793100372272
0.5117493481373929
0.5117193759022856
0.5116893931578249
0.5116593997294676
0.5116293954422042
0.5115993801205558
0.511569353588572
0.5115393156698269
0.5115092661874173
0.5114792049639584
0.511449131821582
0.5114190465819333
0.511388949066167
0.5113588390949462
0.5113287164884375
0.5112985810663093
0.5112684326477278
0.5112382710513557
0.5112080960953469
0.5111779075973459
0.5111477053744832
0.5111174892433725
0.5110872590201085
0.5110570145202636
0.5110267555588843
0.5109964819504889
0.510966193509064
0.5109358900480622
0.5109055713803983
0.5108752373184469
0.5108448876740392
0.5108145222584596
0.5107841408824434
0.5107537433561734
0.5107233294892768
0.5106928990908222
0.510662451969317
0.510631987932704
0.510601506788358
0.5105710083430841
0.5105404924031128
0.5105099587740987
0.5104794072611162
0.5104488376686578
0.5104182498006293
0.5103876434603486
0.5103570184505413
0.5103263745733382
0.5102957116302723
0.5102650294222761
0.5102343277496777
0.510203606412198
0.5101728652089483
0.5101421039384271
0.5101113223985159
0.5100805203864779
0.5100496976989536
0.5100188541319582
0.5099879894808791
0.5099571035404717
0.5099261961048576
0.5098952669675203
0.5098643159213034
0.5098333427584067
0.5098023472703835
0.5097713292481371
0.5097402884819184
0.5097092247613226
0.5096781378752857
0.5096470276120824
0.509615893759322
0.5095847361039462
0.5095535544322254
0.509522348529756
0.5094911181814576
0.5094598631715693
0.509428583283647
0.5093972783005607
0.5093659480044905
0.509334592176925
0.5093032105986564
0.5092718030497794
0.509240369309687
0.509208909157067
0.5091774223699008
0.5091459087254582
0.5091143680002962
0.5090827999702546
0.5090512044104539
0.5090195810952918
0.50898792979844
0.5089562502928417
0.5089245423507086
0.5088928057435171
0.5088610402420064
0.508829245616174
0.5087974216352746
0.5087655680678156
0.5087336846815543
0.5087017712434958
0.508669827519889
0.5086378532762241
0.5086058482772291
0.5085738122868682
0.5085417450683368
0.5085096463840602
0.5084775159956896
0.5084453536640997
0.5084131591493858
0.5083809322108602
0.50834867260705
0.5083163800956936
0.5082840544337377
0.5082516953773353
0.5082193026818416
0.5081868761018116
0.5081544153909973
0.5081219203023443
0.5080893905879899
0.5080568259992586
0.5080242262866611
0.5079915911998895
0.507958920487816
0.507926213898489
0.507893471179131
0.5078606920761349
0.5078278763350618
0.5077950237006377
0.5077621339167515
0.5077292067264508
0.5076962418719404
0.5076632390945787
0.5076301981348752
0.5075971187324871
0.5075640006262183
0.5075308435540138
0.5074976472529598
0.5074644114592783
0.507431135908327
0.5073978203345944
0.5073644644716978
0.5073310680523812
0.5072976308085115
0.5072641524710769
0.5072306327701832
0.5071970714350515
0.5071634681940158
0.5071298227745202
0.507096134903116
0.5070624043054592
0.5070286307063082
0.5069948138295206
0.5069609533980509
0.5069270491339479
0.5068931007583526
0.5068591079914943
0.5068250705526895
0.506790988160339
0.5067568605319244
0.5067226873840066
0.5066884684322235
0.5066542033912864
0.5066198919749787
0.5065855338961522
0.5065511288667265
0.5065166765976842
0.5064821767990706
0.50644762917999
0.506413033448604
0.5063783893121288
0.5063436964768329
0.5063089546480346
0.5062741635301006
0.5062393228264421
0.5062044322395137
0.5061694914708114
0.5061345002208689
0.5060994581892565
0.5060643650745794
0.5060292205744734
0.5059940243856051
0.5059587762036681
0.5059234757233821
0.5058881226384891
0.5058527166417532
0.5058172574249573
0.5057817446789012
0.5057461780934001
0.5057105573572817
0.505674882158385
0.5056391521835577
0.5056033671186551
0.5055675266485368
0.5055316304570658
0.5054956782271068
0.5054596696405234
0.5054236043781763
0.5053874821199228
0.5053513025446134
0.5053150653300904
0.505278770153187
0.5052424166897246
0.5052060046145115
0.5051695336013405
0.5051330033229886
0.505096413451214
0.5050597636567553
0.5050230536093294
0.50498628297763
0.5049494514293265
0.5049125586310617
0.5048756042484509
0.5048385879460802
0.504801509387505
0.5047643682352487
0.5047271641508009
0.5046898967946166
0.5046525658261145
0.5046151709036757
0.5045777116846425
0.5045401878253166
0.504502598980959
0.5044649448057874
0.504427224952976
0.504389439074654
0.5043515868219043
0.5043136678447628
0.5042756817922168
0.5042376283122041
0.5041995070516125
0.5041613176562781
0.5041230597709846
0.5040847330394623
0.5040463371043875
0.504007871607381
0.5039693361890081
0.5039307304887766
0.5038920541451376
0.5038533067954831
0.5038144880761461
0.5037755976224003
0.5037366350684584
0.5036976000474722
0.503658492191532
0.503619311131665
0.5035800564978367
0.5035407279189483
0.5035013250228378
0.5034618474362786
0.5034222947849795
0.5033826666935839
0.5033429627856704
0.5033031826837511
0.5032633260092724
0.5032233923826143
0.5031833814230904
0.5031432927489473
0.5031031259773651
0.5030628807244562
0.5030225566052665
0.5029821532337744
0.5029416702228912
0.5029011071844608
0.5028604637292602
0.5028197394669991
0.5027789340063203
0.5027380469547997
0.5026970779189465
0.5026560265042033
0.5026148923149467
0.5025736749544871
0.5025323740250695
0.502490989127873
0.5024495198630125
0.5024079658295378
0.502366326625435
0.5023246018476258
0.5022827910919702
0.5022408939532638
0.5021989100252416
0.5021568389005766
0.502114680170881
0.5020724334267075
0.5020300982575483
0.5019876742518382
0.5019451609969533
0.5019025580792129
0.5018598650838801
0.501817081595163
0.5017742071962147
0.5017312414691351
0.5016881839949714
0.5016450343537197
0.5016017921243252
0.5015584568846838
0.5015150282116434
0.5014715056810043
0.5014278888675211
0.5013841773449035
0.5013403706858176
0.5012964684618872
0.5012524702436953
0.5012083756007849
0.5011641841016605
0.5011198953137903
0.5010755088036067
0.5010310241365075
0.5009864408768581
0.5009417585879934
0.5008969768322179
0.5008520951708083
0.5008071131640153
0.5007620303710641
0.5007168463501571
0.5006715606584751
0.5006261728521789
0.5005806824864116
0.5005350891152999
0.5004893922919553
0.5004435915684776
0.5003976864959547
0.5003516766244658
0.5003055615030833
0.5002593406798737
0.5002130137019002
0.5001665801152251
0.5001200394649106
0.5000733912950218
0.5000266351486284
0.4999797705678065
0.4999327970936409
0.4998857142662273
0.49983852162467374
0.4997912187071039
0.4997438050506579
0.4996962801914955
0.4996486436647975
0.4996008950047686
0.499553033744639
0.49950505941666706
0.49945697155214114
0.4994087696813826
0.4993604533337468
0.4993120220376265
0.4992634753204537
0.4992148127087019
0.4991660337278884
0.49911713790257695
0.4990681247563795
0.4990189938119592
0.4989697445910317
0.49892037661436905
0.4988708894018006
0.498821282472216
0.4987715553435677
0.49872170753287287
0.49867173855621644
0.4986216479287525
0.49857143516470764
0.4985210997773825
0.49847064127915475
0.49842005918148136
0.49836935299490087
0.49831852222903517
0.49826756639259334
0.49821648499337234
0.49816527753826023
0.498113943533239
0.49806248248338536
0.49801089389287456
0.497959177264982
0.49790733210208576
0.49785535790566865
0.49780325417632054
0.4977510204137412
0.49769865611674124
0.497646160783246
0.4975935339102962
0.49754077499405136
0.49748788352979095
0.49743485901191803
0.4973817009339591
0.4973284087885684
0.4972749820675285
0.49722142026175375
0.4971677228612905
0.4971138893553213
0.4970599192321648
0.4970058119792786
0.49695156708326144
0.49689718402985494
0.4968426623039448
0.49678800138956364
0.4967332007698919
0.49667825992725956
0.4966231783431491
0.4965679554981955
0.49651259087218885
0.4964570839440758
0.4964014341919605
0.49634564109310697
0.49628970412394013
0.4962336227600469
0.49617739647617826
0.49612102474624953
0.4960645070433425
0.4960078428397064
0.4959510316067586
0.49589407281508646
0.4958369659344477
0.49577971043377106
0.49572230578115895
0.4956647514438857
0.4956070468884006
0.49554919158032745
0.49549118498446554
0.49543302656478994
0.4953747157844526
0.49531625210578245
0.4952576349902854
0.4951988638986454
0.49513993829072456
0.49508085762556236
0.4950216213613773
0.4949622289555653
0.49490267986470104
0.494842973544537
0.4947831094500032
0.4947230870352074
0.49466290575343425
0.49460256505714517
0.49454206439797743
0.4944814032267444
0.4944205809934329
0.49435959714720457
0.4942984511363938
0.4942371424085068
0.49417567041022087
0.49411403458738257
0.4940522343850071
0.493990269247277
0.49392813861753987
0.4938658419383073
0.49380337865125357
0.49374074819721314
0.4936779500161792
0.4936149835473017
0.49355184822888537
0.4934885434983868
0.4934250687924132
0.49336142354671936
0.4932976071962052
0.4932336191749134
0.49316945891602637
0.49310512585186367
0.4930406194138793
0.49297593903265746
0.4929110841379111
0.4928460541584774
0.49278084852231474
0.4927154666564991
0.49264990798722086
0.4925841719397805
0.492518257938585
0.4924521654071438
0.4923858937680646
0.49231944244304937
0.4922528108528899
0.4921859984174634
0.49211900455572777
0.492051828685717
0.491984470224536
0.4919169285883567
0.4918492031924119
0.49178129345099003
0.4917131987774307
0.4916449185841187
0.4915764522824787
0.4915077992829693
0.4914389589950769
0.49136993082731084
0.49130071418719623
0.4912313084812685
0.49116171311506673
0.4910919274931271
0.4910219510189766
0.49095178309512677
0.4908814231230657
0.4908108705032519
0.4907401246351079
0.4906691849170112
0.49059805074628904
0.4905267215192095
0.4904551966309747
0.4903834754757127
0.49031155744647037
0.4902394419352046
0.49016712833277504
0.49009461602893534
0.49002190441232546
0.48994899287046295
0.48987588078973443
0.4898025675553872
0.4897290525515203
0.48965533516107584
0.48958141476582984
0.4895072907463831
0.48943296248215257
0.4893584293513616
0.4892836907310304
0.4892087459969672
0.4891335945237579
0.4890582356847568
0.4889826688520764
0.48890689339657845
0.48883090868786266
0.48875471409425725
0.4886783089828086
0.48860169271927156
0.488524864668098
0.48844782419242694
0.48837057065407413
0.4882931034135209
0.48821542182990385
0.4881375252610037
0.48805941306323447
0.48798108459163314
0.48790253919984733
0.48782377624012513
0.48774479506330387
0.4876655950187983
0.4875861754545898
0.4875065357172145
0.4874266751517524
0.48734659310181555
0.48726628890953627
0.48718576191555574
0.48710501145901247
0.48702403687753065
0.4869428375072077
0.4868614126826034
0.48677976173672766
0.48669788400102815
0.48661577880537965
0.48653344547807065
0.4864508833457924
0.48636809173362705
0.4862850699650344
0.486201817361842
0.4861183332442308
0.486034616930725
0.4859506677381794
0.48586648498176677
0.48578206797496704
0.4856974160295541
0.4856125284555848
0.48552740456138704
0.48544204365354676
0.4853564450368965
0.48527060801450483
0.4851845318876623
0.4850982159558716
0.48501165951683406
0.48492486186643996
0.48483782229875483
0.48475054010600926
0.4846630145785871
0.4845752450050135
0.4844872306719437
0.4843989708641523
0.4843104648645213
0.4842217119540293
0.4841327114117406
0.4840434625147938
0.4839539645383911
0.48386421675578806
0.4837742184382822
0.48368396885520293
0.48359346727390096
0.48350271295973846
0.48341170517607795
0.48332044318427403
0.48322892624366115
0.48313715361154613
0.48304512454319753
0.4829528382918362
0.48286029410862624
0.48276749124266644
0.48267442894098056
0.4825811064485091
0.4824875230081008
0.48239367786050447
0.48229957024436043
0.48220519939619294
0.4821105645504026
0.4820156649392585
0.4819204997928914
0.48182506833928657
0.4817293698042768
0.4816334034115361
0.48153716838257354
0.48144066393672647
0.48134388929115607
0.48124684366084053
0.4811495262585706
0.48105193629494414
0.4809540729783621
0.48085593551502354
0.4807575231089216
0.48065883496184036
0.4805598702733502
0.48046062824080593
0.48036110805934334
0.4802613089218762
0.4801612300190954
0.4800608705394657
0.4799602296692253
0.4798593065923843
0.4797581004907237
0.4796566105437957
0.4795548359289233
0.47945277582119994
0.47935042939349154
0.4792477958164371
0.47914487425845004
0.4790416638857199
0.47893816386221577
0.4788343733496879
0.4787302915076717
0.4786259174934907
0.4785212504622611
0.4784162895668966
0.47831103395811214
0.4782054827844308
0.47809963519218834
0.47799349032554106
0.47788704732647075
0.4777803053347938
0.47767326348816785
0.4775659209221004
0.47745827676995783
0.47735033016297435
0.47724208023026204
0.4771335260988214
0.47702466689355116
0.47691550173726116
0.4768060297506831
0.47669625005248367
0.4765861617592775
0.47647576398563996
0.47636505584412253
0.4762540364452666
0.4761427048976191
0.47603106030774817
0.47591910178025976
0.47580682841781485
0.4756942393211465
0.4755813335890786
0.47546811031854463
0.4753545686046067
0.475240707540476
0.4751265262175334
0.47501202372535145
0.47489719915171485
0.4747820515826442
0.4746665801024191
0.47455078379360155
0.47443466173706134
0.47431821301200044
0.4742014366959792
0.4740843318649431
0.47396689759325006
0.47384913295369757
0.47373103701755237
0.4736126088545789
0.47349384753306994
0.47337475211987695
0.4732553216804413
0.4731355552788271
0.47301545197775297
0.47289501083862634
0.4727742309215781
0.4726531112854965
0.4725316509880635
0.47240984908579164
0.47228770463406045
0.47216521668715433
0.4720423842983026
0.4719192065197178
0.4717956824026359
0.4716718109973576
0.4715475913532902
0.47142302251898965
0.47129810354220447
0.47117283346991923
0.47104721134839944
0.4709212362232378
0.47079490713939914
0.4706682231412697
0.470541183272703
0.4704137865770702
0.47028603209730846
0.470157918875972
0.47002944595528334
0.4699006123771845
0.46977141718339055
0.4696418594154427
0.4695119381147624
0.4693816523227079
0.469251001080628
0.46911998342992095
0.46898859841209095
0.4688568450688064
0.4687247224419601
0.46859222957372865
0.468459365506633
0.46832612928360096
0.46819251994802935
0.46805853654384694
0.46792417811557935
0.4677894437084136
0.4676543323682636
0.46751884314183767
0.46738297507670534
0.4672467272213653
0.4671100986253156
0.4669730883391222
0.4668356954144909
0.4666979189043382
0.46655975786286386
0.4664212113456241
0.46628227840960546
0.46614295811329987
0.46600324951678
0.46586315168177617
0.465722663671753
0.4655817845519876
0.4654405133896491
0.46529884925387754
0.4651567912158645
0.46501433834893435
0.464871489728627
0.4647282444327798
0.4645846015416116
0.4644405601378072
0.46429611930660253
0.4641512781358707
0.4640060357162086
0.46386039114102473
0.463714343506627
0.4635678919123121
0.4634210354604556
0.46327377325660224
0.46312610440955687
0.46297802803147703
0.46282954323796555
0.4626806491481643
0.4625313448848483
0.46238162957451984
0.4622315023475059
0.46208096233805296
0.46193000868442485
0.4617786405290004
0.46162685701837197
0.46147465730344395
0.4613220405395335
0.46116900588647036
0.46101555250869825
0.4608616795753768
0.4607073862604828
0.4605526717429152
0.460397535206597
0.46024197584058024
0.46008599283915097
0.4599295854019343
0.4597727527340009
0.4596154940459727
0.4594578085541312
0.4592996954805246
0.45914115405307554
0.458982183505691
0.4588227830783704
0.45866295201731677
0.4585026895750454
0.4583419950104957
0.4581808675891423
0.4580193065831064
0.45785731127126844
0.45769488093937993
0.4575320148801772
0.45736871239349364
0.45720497278637556
0.457040795373194
0.4568761794757602
0.4567111244234414
0.45654562955327466
0.4563796942100826
0.45621331774659013
0.4560464995235393
0.45587923890980697
0.45571153528251984
0.4555433880271732
0.4553747965377466
0.45520576021682113
0.4550362784756985
0.4548663507345164
0.4546959764223684
0.4545251549774205
0.4543538858470297
0.45418216848786197
0.4540100023660113
0.45383738695711656
0.4536643217464814
0.4534908062291913
0.4533168399102329
0.4531424223046119
0.4529675529374715
0.4527922313442108
0.45261645707060283
0.4524402296729127
0.45226354871801583
0.45208641378351544
0.4519088244578604
0.4517307803404629
0.451552281041816
0.4513733261836095
0.4511939153988486
0.45101404833196906
0.4508337246389546
0.45065294398745154
0.45047170605688547
0.4502900105385768
0.4501078571358547
0.449925245564172
0.44974217555121976
0.44955864683704
0.4493746591741399
0.4491902123276035
0.44900530607520406
0.44881994020751625
0.44863411452802665
0.44844782885324375
0.44826108301280854
0.4480738768496035
0.44788621021986
0.44769808299326813
0.44750949505308146
0.447320446296225
0.44713093663339987
0.44694096598918825
0.4467505343021575
0.44655964152496236
0.44636828762444825
0.44617647258175164
0.44598419639240106
0.44579145906641565
0.4455982606284043
0.44540460111766256
0.44521048058826906
0.4450158991091807
0.44482085676432737
0.44462535365270395
0.4444293898884637
0.44423296560100756
0.4440360809350742
0.4438387360508289
0.4436409311239504
0.44344266634571583
0.44324394192308636
0.44304475807879007
0.44284511505140334
0.4426450130954318
0.4424444524813892
0.4422434334958749
0.44204195644165023
0.44184002163771297
0.44163762941937074
0.4414347801383124
0.4412314741626784
0.44102771187712875
0.4408234936829101
0.4406188199979216
0.4404136912567774
0.4402081079108696
0.440002070428427
0.43979557929457513
0.43958863501139145
0.4393812380979621
0.4391733890904325
0.4389650885420605
0.4387563370232652
0.4385471351216742
0.4383374834421694
0.4381273826069308
0.43791683325547764
0.43770583604470925
0.4374943916489416
0.4372825007599437
0.43707016408697097
0.4368573823567977
0.4366441563137453
0.4364304867197108
0.436216374354192
0.4360018200143102
0.4357868245148319
0.43557138868818723
0.4353555133844872
0.435139199471537
0.4349224478348496
0.4347052593776552
0.4344876350209084
0.4342695757032948
0.4340510823812328
0.4338321560288753
0.4336127976381088
0.43339300821854765
0.4331727887975293
0.43295214042010605
0.4327310641490322
0.432509561064753
0.4322876322653869
0.4320652788667089
0.4318425020021287
0.43161930282266847
0.4313956824969368
0.4311716422111007
0.43094718316885555
0.4307223065913913
0.4304970137173583
0.4302713058028275
0.4300451841212521
0.42981864996342245
0.42959170463742213
0.429364349468579
0.429136585799415
0.42890841498959276
0.4286798384158599
0.42845085747199174
0.42822147356872897
0.42799168813371513
0.4277615026114312
0.4275309184631268
0.4272999371667483
0.42706856021686684
0.42683678912460166
0.4266046254175407
0.4263720706396605
0.42613912635124157
0.42590579412878354
0.42567207556491415
0.42543797226830005
0.4252034858635517
0.4249686179911272
0.4247333703072336
0.42449774448372535
0.4242617422080004
0.42402536518289374
0.4237886151265684
0.4235514937724042
0.42331400286888426
0.42307614417947764
0.422837919482522
0.4225993305711011
0.4223603792529225
0.42212106735019034
0.42188139669947783
0.42164136915159595
0.42140098657146086
0.4211602508379575
0.42091916384380307
0.4206777274954059
0.4204359437127236
0.42019381442911774
0.4199513415912078
0.41970852715872137
0.4194653731043428
0.41922188141355937
0.4189780540845066
0.418733893127809
0.41848940056642026
0.41824457843546176
0.41799942878205787
0.41775395366516893
0.41750815515542433
0.4172620353349507
0.41701559629720014
0.41676884014677584
0.41652176899925575
0.416274384981014
0.4160266902290414
0.41577868689076297
0.41553037712385427
0.41528176309605574
0.41503284698498544
0.4147836309779497
0.4145341172717521
0.41428430807250194
0.41403420559541854
0.41378381206463627
0.41353312971300715
0.4132821607819013
0.41303090752100713
0.41277937218812866
0.4125275570489825
0.41227546437699214
0.4120230964530827
0.41177045556547265
0.4115175440094642
0.41126436408723394
0.41101091810762025
0.4107572083859116
0.4105032372436308
0.41024900700832184
0.40999452001333136
0.40973977859759314
0.40948478510540803
0.40922954188622523
0.40897405129442144
0.40871831568907957
0.40846233743376614
0.40820611889630765
0.4079496624485674
0.40769297046621905
0.4074360453285225
0.4071788894180961
0.40692150512068975
0.4066638948249579
0.40640606092222953
0.4061480058062807
0.4058897318731033
0.405631241520676
0.4053725371487331
0.405113621158534
0.40485449595263
0.4045951639346347
0.4043356275089899
0.404075889080734
0.40381595105526863
0.40355581583812566
0.40329548583473424
0.40303496345018686
0.40277425108900594
0.4025133511549104
0.4022522660505812
0.40199099817742806
0.401729549935356
0.4014679237225305
0.40120612193514493
0.40094414696718605
0.40068200121020114
0.4004196870530645
0.4001572068817445
0.39989456307907023
0.3996317580244996
0.3993687940938868
0.39910567365924976
0.3988423990885396
0.3985789727454082
0.3983153969889783
0.3980516741736128
0.39778780664868507
0.3975237967583487
0.3972596468413102
0.3969953592305988
0.3967309362533408
0.39646638023053055
0.39620169347680523
0.3959368783002189
0.39567193700201614
0.3954068718764099
0.395141685210356
0.3948763792833311
0.3946109563671101
0.3943454187255453
0.3940797686143458
0.3938140082808581
0.3935481399638468
0.3932821658932771
0.39301608829009826
0.3927499093660271
0.39248363132333325
0.3922172563546248
0.39195078664263605
0.39168422436001404
0.39141757166910934
0.3911508307217644
0.3908840036591056
0.39061709261133504
0.39035009969752427
0.3900830270254078
0.38981587669117945
0.38954865077928774
0.3892813513622348
0.3890139805003748
0.38874654024171373
0.3884790326217111
0.388211459663081
0.3879438233755974
0.3876761257558978
0.3874083687872891
0.3871405544395558
0.38687268466876645
0.38660476141708494
0.38633678661258064
0.3860687621690402
0.38580068998578065
0.3855325719474646
0.3852644099239154
0.3849962057699336
0.384727961325116
0.38445967841367445
0.3841913588442562
0.38392300440976673
0.38365461688719166
0.38338619803742124
0.3831177496050764
0.3828492733183353
0.38258077088876014
0.38231224401112796
0.3820436943632597
0.38177512360585153
0.3815065333823089
0.38123792531857886
0.3809693010229855
0.38070066208606607
0.3804320100804089
0.3801633465604905
0.3798946730625161
0.3796259911042598
0.3793573021849061
0.3790886077848929
0.3788199093657554
0.37855120836997064
0.37828250622080356
0.3780138043221538
0.37774510405840345
0.3774764067942661
0.3772077138746365
0.3769390266244416
0.3766703463484913
0.37640167433133176
0.376133011837099
0.37586436010937185
0.3755957203710287
0.3753270938241018
0.37505848164963507
0.37478988500754057
0.3745213050364574
0.37425274285360977
0.373984199554667
0.37371567621360335
0.37344717388255877
0.3731786935917004
0.37291023634908427
0.37264180314051754
0.37237339492942173
0.37210501265669593
0.3718366572405802
0.37156832957652086
0.3713000305370334
0.3710317609715689
0.3707635217063783
0.37049531354437815
0.3702271372650162
0.3699589936241374
0.36969088335384953
0.36942280716239
0.3691547657339916
0.36888675972874874
0.3686187897824838
0.3683508565066136
0.3680829604880149
0.3678151022888913
0.3675472824466382
0.36727950147370964
0.367011759857482
0.36674405806012095
0.36647639651844505
0.3662087756437907
0.3659411958218759
0.3656736574126642
0.36540616075022725
0.3651387061426073
0.3648712938716798
0.36460392419301374
0.36433659733573265
0.36406931350237437
0.36380207286874977
0.36353487558380126
0.36326772176946015
0.3630006115205022
0.3627335449044038
0.3624665219611958
0.36219954270331667
0.36193260711546515
0.36166571515445
0.3613988667490403
0.3611320617998138
0.36086530017900315
0.36059858173034226
0.36033190626890965
0.36006527358097107
0.3597986834238209
0.35953213552562036
0.35926562958523567
0.3589991652720744
0.3587327422259188
0.3584663600567576
0.3582000183446167
0.3579337166393879
0.3576674544606539
0.35740123129751267
0.3571350466084004
0.35686889982090925
0.35660279033160613
0.3563367175058477
0.35607068067759196
0.3558046791492094
0.3555387121912895
0.3552727790424469
0.35500687890912297
0.3547410109653853
0.35447517435272496
0.35420936817984994
0.35394359152247673
0.3536778434231176
0.35341212289086604
0.3531464289011786
0.3528807603956535
0.3526151162818058
0.35234949543284
0.3520838966874179
0.35181831884942505
0.35155276068773145
0.35128722093595044
0.351021698292192
0.35075619141881575
0.35049069894217555
0.3502252194523642
0.3499597515029524
0.34969429361072324
0.3494288442554039
0.34916340187939315
0.3488979648874838
0.34863253164658076
0.348367100485416
0.3481016696942584
0.34783623752461873
0.3475708021889506
0.3473053618603472
0.347039914672232
0.34677445871804624
0.346508992050931
0.3462435126834038
0.3459780185870312
0.345712507692096
0.3454469778872591
0.345181427019217
0.3449158528923526
0.34465025326838294
0.3443846258659994
0.3441189683605038
0.34385327838343877
0.3435875535222125
0.34332179131971713
0.3430559892739441
0.34279014483759
0.34252425541765935
0.34225831837506165
0.3419923310242002
0.34172629063255744
0.34146019442027303
0.3411940395597161
0.34092782317505194
0.34066154234180124
0.3403951940863944
0.34012877538571906
0.33986228316666145
0.33959571430564095
0.3393290656281389
0.33906233390822077
0.33879551586805096
0.33852860817740316
0.3382616074531619
0.33799451025881866
0.3377273131039611
0.33746001244375634
0.33719260467842616
0.33692508615271627
0.3366574531553599
0.33638970191853235
0.336121828617301
0.33585382936906677
0.33558570023300105
0.3353174372094726
0.33504903623947113
0.33478049320402137
0.3345118039235928
0.3342429641575002
0.33397396960329895
0.33370481589617373
0.33343549860831956
0.33316601324831674
0.3328963552605
0.3326265200243185
0.3323565028536931
0.33208629899636327
0.3318159036332303
0.33154531187769254
0.33127451877497655
0.3310035193014585
0.33073230836398265
0.3304608807991727
0.3301892313727366
0.32991735477876627
0.3296452456390315
0.32937289850226814
0.3291003078434612
0.32882746806312135
0.3285543734865589
0.32828101836314966
0.3280073968655982
0.327733503089196
0.3274593310510736
0.3271848746894519
0.3269101278628856
0.32663508434950544
0.3263597378462563
0.32608408196813105
0.3258081102474022
0.32553181613285154
0.32525519298899513
0.3249782340953085
0.3247009326454486
0.32442328174647456
0.32414527441806684
0.32386690359174763
0.32358816211009717
0.3233090427259744
0.32302953810173357
0.3227496408084468
0.32246934332512184
0.3221886380379277
0.3219075172394184
0.3216259731277605
0.321343997805966
0.3210615832811254
0.3207787214636483
0.32049540416650846
0.32021162310449247
0.31992736989345794
0.3196426360495958
0.31935741298870246
0.31907169202545815
0.3187854643727165
0.31849872114080313
0.31821145333682394
0.31792365186398663
0.3176353075209331
0.31734641100108635
0.3170569528920099
0.31676692367478304
0.31647631372339363
0.316185113304144
0.31589331257507924
0.31560090158543114
0.3153078702750841
0.3150142084740615
0.3147199059020348
0.31442495216785554
0.31412933676911275
0.3138330490917169
0.31353607840950815
0.3132384138838979
0.3129400445635356
0.31264095938400954
0.3123411471675794
0.31204059662294326
0.3117392963450401
0.3114372348148882
0.3111344003994644
0.31083078135162207
0.31052636581005044
0.3102211417992783
0.309915097229724
0.30960821989778853
0.30930049748600197
0.30899191756321526
0.30868246758484924
0.30837213489319315
0.3080609067177628
0.30774877017571345
0.30743571227231403
0.3071217199014834
0.30680677984638843
0.306490878780109
0.3061740032663726
0.30585613976035425
0.3055372746095518
0.3052173940547339
0.30489648423096566
0.30457453116870925
0.3042515207950084
0.30392743893475344
0.30360227131203193
0.3032760035515665
0.30294862118024035
0.3026201096287173
0.30229045423315143
0.3019596402369959
0.30162765279290843
0.3012944769647569
0.30096009772972876
0.30062449998054286
0.3002876685277703
0.2999495881022634
0.29961024335769515
0.29926961887321335
0.29892769915620915
0.29858446864520205
0.29823991171284675
0.2978940126690588
0.29754675576426454
0.2971981251927757
0.2968481050962923
0.2964966795675307
0.296143832653986
0.2957895483618231
0.2954338106599023
0.2950766034839393
0.29471791074080195
0.2943577163129428
0.2939960040629705
0.2936327578383617
0.2932679614763116
0.29290159880872646
0.29253365366735645
0.29216410988907277
0.2917929513212854
0.2914201618275039
0.29104572529304185
0.29066962563086224
0.29029184678756764
0.2899123727495292
0.2895311875491603
0.28914827527132714
0.2887636200599022
0.28837720612445306
0.28798901774706975
0.28759903928932756
0.2872072551993806
0.2868136500191901
0.2864182083918796
0.286020915069217
0.28562175491922026
0.2852207129338845
0.28481777423702564
0.2844129240922384
0.28400614791096457
0.283597431260668
0.28318675987311026
0.28277411965272536
0.2823594966850857
0.28194287724545664
0.2815242478074335
0.28110359505165433
0.280680905874585
0.28025616739736814
0.2798293669747312
0.27940049220394675
0.2789695309338367
0.2785364712738163
0.27810130160296753
0.2776640105791362
0.27722458714804393
0.276783020552409
0.27633930034106347
0.27589341637806336
0.27544535885178056
0.2749951182839663
0.27454268553877975
0.2740880518317716
0.2736312087388137
0.2731721482049627
0.2727108625532518
0.27224734449339927
0.27178158713042305
0.2713135839731509
0.2708433289426209
0.27037081638035515
0.26989604105650183
0.2694189981778331
0.26893968339559077
0.26845809281316546
0.26797422299360496
0.26748807096693644
0.26699963423729567
0.2665089107898529
0.2660158990975242
0.2655205981274613
0.2650230073473061
0.2645231267312071
0.26402095676558107
0.26351649845461766
0.2630097533255138
0.2625007234334316
0.26198941136617176
0.26147582024855337
0.260959953746493
0.2604418160707774
0.2599214119805206
0.25939874678630004
0.2588738263529665
0.2583466571021199
0.2578172460142491
0.2572856006305257
0.2567517290542535
0.25621563995196384
0.25567734255415914
0.2551368466556946
0.2545941626158035
0.25404930135775644
0.2535022743681581
0.25295309369587865
0.2524017719506185
0.25184832230110876
0.2512927584729437
0.250735094746051
0.25017534595179763
0.24961352746973575
0.24904965522398786
0.24848374567927928
0.24791581583661615
0.24734588322861656
0.24677396591449693
0.24620008247472067
0.24562425200531285
0.2450464941118472
0.24446682890311228
0.24388527698446227
0.2433018594508612
0.2427165978796269
0.24212951432288193
0.24154063129972156
0.24094997178810676
0.24035755921648908
0.23976341745518073
0.23916757080747378
0.23857004400052514
0.23797086217600996
0.23737005088055926
0.23676763605599005
0.23616364402933734
0.23555810150270184
0.23495103554292052
0.23434247357107507
0.23373244335184507
0.2331209729827204
0.23250809088308283
0.23189382578316697
0.23127820671291416
0.2306612629907281
0.23004302421214368
0.22942352023842383
0.2288027811850893
0.22818083741039585
0.2275577195037709
0.226933458274218
0.22630808473869862
0.22568163011050574
0.22505412578763528
0.22442560334116837
0.22379609450367186
0.2231656311576291
0.22253424532390711
0.22190196915027385
0.22126883489996954
0.2206348749403439
0.22000012173156605
0.21936460781541683
0.21872836580416977
0.21809142836956694
0.21745382823190168
0.2168155981492095
0.21617677090657766
0.2155373793055772
0.2148974561538267
0.2142570342546878
0.21361614639710536
0.21297482534559115
0.2123331038303579
0.2116910145376097
0.21104859009999094
0.21040586308719808
0.20976286599675925
0.2091196312449826
0.20847619115807853
0.2078325779634582
0.20718882378120898
0.20654496061575153
0.2059010203476798
0.20525703472578394
0.20461303535925984
0.20396905371010512
0.20332512108570341
0.2026812686315974
0.20203752732445002
0.2013939279651964
0.20075050117238546
0.20010727737570944
0.1994642868097256
0.19882155950776417
0.198179125296026
0.19753701378786837
0.1968952543782755
0.19625387623851712
0.19561290831098938
0.19497237930424072
0.19433231768817727
0.19369275168945083
0.19305370928702345
0.1924152182079087
0.1917773059230893
0.19113999964360634
0.19050332631681838
0.18986731262283174
0.1892319849710954
0.18859736949715988
0.18796349205959967
0.18733037823709414
0.18669805332566564
0.1860665423360725
0.18543586999135403
0.1848060607245263
0.18417713867642316
0.18354912769368445
0.18292205132688255
0.18229593282879353
0.18167079515279966
0.18104666095142985
0.18042355257503107
0.17980149207056625
0.17918050118054282
0.17856060134206078
0.1779418136859842
0.1773241590362311
0.17670765790917825
0.17609233051318057
0.1754781967481995
0.1748652762055413
0.1742535881677009
0.1736431516083072
0.17303398519217134
0.17242610727543148
0.17181953590579407
0.17121428882286827
0.17061038345859153
0.17000783693774366
0.16940666607854676
0.1688068873933498
0.1682085170893942
0.16761157106965904
0.16701606493378351
0.1664220139790647
0.16582943320152632
0.1652383372970614
0.1646487406626399
0.1640606573975853
0.16347410130491466
0.16288908589274165
0.16230562437573853
0.1617237296766581
0.16114341442791236
0.1605646909732034
0.15998757136921046
0.159412067387325
0.15883819051543652
0.15826595195976542
0.15769536264674042
0.15712643322492148
0.1565591740669635
0.1559935952716215
0.1554297066657938
0.15486751780660268
0.15430703798351167
0.15374827622047527
0.15319124127812295
0.1526359416559724
0.15208238559467482
0.1515305810782852
0.15098053583656318
0.15043225734729576
0.14988575283864575
0.14934102929152315
0.14879809344197684
0.14825695178360687
0.14771761056999566
0.14718007581715586
0.14664435330599632
0.14611044858480085
0.145578366971723
0.14504811355729247
0.14451969320693342
0.1439931105634935
0.1434683700497826
0.14294547587111942
0.14242443201788627
0.14190524226808937
0.14138791018992533
0.140872439144352
0.1403588322876624
0.13984709257406136
0.13933722275824473
0.13882922539797782
0.1383231028566748
0.13781885730597804
0.13731649072833296
0.13681600491956425
0.13631740149144536
0.13582068187426566
0.13532584731939318
0.13483289890183014
0.13434183752276468
0.13385266391211323
0.13336537863105724
0.13287998207457072
0.13239647447393982
0.13191485589927207
0.1314351262619959
0.13095728531735082
0.1304813326668638
0.13000726776081736
0.1295350899007031
0.12906479824166284
0.128596391794918
0.12812986943018395
0.12766522987807105
0.1272024717324705
0.12674159345292657
0.126282593366992
0.1258254696725691
0.1253702204402333
0.12491684361554213
0.12446533702132523
0.12401569835995963
0.123567925215626
0.12312201505654762
0.12267796523721139
0.1222357730005707
0.12179543548023045
0.12135694970261143
0.12092031258909791
0.12048552095816445
0.12005257152748462
0.11962146091601873
0.1191921856460829
0.11876474214539826
0.11833912674911853
0.11791533570183965
0.11749336515958714
0.117073211191784
0.11665486978319772
0.11623833683586679
0.11582360817100545
0.11541067953088957
0.11499954658071937
0.11459020491046279
0.11418265003667696
0.1137768774043086
0.11337288238847373
0.1129706602962161
0.11257020636824422
0.11217151578064717
0.11177458364658951
0.11137940501798521
0.11098597488715005
0.11059428818843238
0.11020433979982426
0.10981612454455031
0.1094296371926354
0.10904487246245292
0.10866182502225016
0.10828048949165411
0.10790086044315654
0.10752293240357712
0.10714669985550748
0.1067721572387337
0.10639929895163905
0.10602811935258546
0.1056586127612756
0.10529077346009438
0.104924595695431
0.10456007367897958
0.10419720158902217
0.10383597357168996
0.10347638374220655
0.10311842618611083
0.10276209496046065
0.10240738409501793
0.10205428759341413
0.10170279943429733
0.10135291357245962
0.10100462393994739
0.10065792444715183
0.10031280898388206
0.09996927142041939
0.0996273056085543
0.09928690538260514
0.0989480645604192
0.09861077694435644
0.09827503632225626
0.09794083646838611
0.09760817114437398
0.0972770341001238
0.09694741907471388
0.09661931979727989
0.09629272998787966
0.0959676433583439
0.0956440536131097
0.0953219544500383
0.0950013395612177
0.09468220263374959
0.094364537350521
0.09404833739096105
0.09373359643178195
0.09342030814770674
0.09310846621218123
0.09279806429807173
0.09248909607834908
0.09218155522675851
0.09187543541847483
0.09157073033074507
0.09126743364351712
0.09096553904005451
0.090665040207539
0.09036593083765943
0.09006820462718824
0.08977185527854471
0.08947687650034648
0.0891832620079483
0.08889100552396836
0.0886001007788041
0.08831054151113359
0.08802232146840826
0.08773543440733197
0.0874498740943297
0.08716563430600507
0.08688270882958668
0.08660109146336371
0.08632077601711104
0.08604175631250342
0.08576402618352001
0.08548757947683809
0.08521241005221712
0.08493851178287277
0.08466587855584122
0.08439450427233428
0.0841243828480846
0.08385550821368186
0.08358787431489972
0.08332147511301438
0.08305630458511307
0.08279235672439536
0.08252962554046506
0.08226810505961368
0.08200778932509638
0.08174867239739861
0.08149074835449618
0.0812340112921065
0.08097845532393225
0.08072407458189801
0.08047086321637865
0.0802188153964216
0.0799679253099603
0.07971818716402232
0.07946959518492903
0.07922214361848981
0.07897582673018853
0.0787306388053638
0.07848657414938341
0.07824362708781132
0.07800179196656956
0.07776106315209312
0.07752143503147912
0.07728290201263094
0.07704545852439526
0.07680909901669437
0.0765738179606526
0.07633960984871763
0.07610646919477594
0.07587439053426337
0.07564336842427102
0.07541339744364488
0.07518447219308189
0.07495658729522037
0.07472973739472594
0.07450391715837304
0.0742791212751215
0.0740553444561887
0.07383258143511814
0.07361082696784227
0.07339007583274296
0.07317032283070618
0.07295156278517383
0.07273379054219124
0.0725170009704509
0.07230118896133221
0.0720863494289378
0.07187247731012644
0.07165956756454185
0.07144761517463875
0.07123661514570498
0.07102656250588087
0.0708174523061745
0.07060927962047531
0.07040203954556302
0.07019572720111458
0.06999033772970799
0.06978586629682274
0.06958230809083842
0.0693796583230297
0.06917791222755892
0.06897706506146654
0.06877711210465824
0.0685780486598901
0.06837987005275145
0.06818257163164472
0.06798614876776338
0.06779059685506814
0.06759591131026002
0.06740208757275154
0.06720912110463678
0.06701700739065775
0.06682574193817031
0.066635320277107
0.06644573795993917
0.06625699056163589
0.06606907367962243
0.06588198293373611
0.06569571396618075
0.06551026244147971
0.06532562404642685
0.0651417944900364
0.0649587695034912
0.06477654484008921
0.06459511627518894
0.06441447960615346
0.06423463065229278
0.0640555652548054
0.063877279276718
0.06369976860282467
0.06352302913962402
0.0633470568152564
0.06317184757943836
0.06299739740339767
0.06282370227980633
0.06265075822271257
0.062478561267472456
0.06230710747068026
0.06213639291009725
0.061966413684581285
0.06179716591401338
0.06162864573922539
0.06146084932192565
0.0612937728446246
0.0611274125105592
0.06096176454361667
0.06079682518825788
0.06063259070944022
0.060469057392538605
0.060306221543268035
0.06014407948760343
0.0599826275717001
0.05982186216181362
0.059661779644218746
0.05950237642512831
0.05934364893061128
0.05918559360651092
0.05902820691836169
0.05887148535130658
0.05871542541001387
0.058560023618592916
0.05840527652051063
0.05825118067850679
0.05809773267450941
0.057944929109549945
0.057792766603678006
0.057641241795875875
0.05749035134397297
0.057340091924559924
0.057190460232902446
0.05704145298285513
0.05689306690677528
0.05674529875543576
0.05659814529793939
0.05645160332163118
0.05630566963201167
0.056160341052650456
0.056015614425098545
0.055871486608801646
0.05572795448101299
0.055585014936705895
0.05544266488848697
0.055300901266508544
0.05515972101838168
0.055019121109088874
0.05487909852089689
0.05473965025327002
0.05460077332278217
0.054462464763030696
0.05432472162454894
0.05418754097471963
0.05405091989768769
0.053914855494273994
0.05377934488188847
0.05364438519444381
0.05350997358226897
0.05337610721202285
0.05324278326660861
0.053109998945087195
0.05297775146259181
0.05284603805024243
0.052714855955059994
0.05258420243988132
0.05245407478327399
0.05232447027945144
0.05219538623818812
0.052066819984735016
0.05193876885973546
0.051811230219140816
0.051684201434126845
0.05155767989100979
0.05143166299116312
0.051306148150934316
0.05118113280156176
0.051056614389092154
0.05093259037429832
0.050809058232596335
0.05068601545396413
0.050563459542859755
0.05044138801813979
0.05031979841297814
0.050198688274785574
0.0500780551651285
0.04995789665964926
