0.4884572444051455
0.5183873212498693
0.5185193638154401
0.5187585044487213
0.5198215963271648
0.5196011418927451
0.5183037787002791
0.5175383366983874
0.517470631807756
0.5175651408763982
0.5177243528537794
0.5178256577293746
0.5176353213956599
0.5172393638896092
0.516907306479399
0.5167356733226238
0.5166652604528572
0.5166200505853001
0.5165299221071316
0.5163565968968935
0.5161303824156332
0.5159128613992554
0.5157360045127022
0.5155918786547018
0.5154544921745103
0.5152994633110942
0.5151177467056552
0.5149188691860043
0.5147195080511855
0.5145293666532389
0.5143469157710975
0.5141640779560706
0.51397318457952
0.5137716958915104
0.5135624846794312
0.5133503312811074
0.5131380535257466
0.5129251613163459
0.5127091194392098
0.5124875367207365
0.5122596274783602
0.5120262102304309
0.5117886273977608
0.5115476173173372
0.511302922802563
0.5110536767764231
0.5107990753664935
0.5105388124096168
0.510273056125734
0.5100021119935212
0.5097260880516915
0.5094447877444138
0.509157835735303
0.5088648843870733
0.5085657394992047
0.5082603440820129
0.5079486715067081
0.5076306260215148
0.5073060156661503
0.5069745948943125
0.5066361279164586
0.5062904238916934
0.5059373280800861
0.5055766874100767
0.5052083210353713
0.5048320143378562
0.5044475335904031
0.5040546452112868
0.5036531249858327
0.5032427536269255
0.5028233054047233
0.5023945394022264
0.5019561984293098
0.5015080139282466
0.501049711543708
0.5005810130670283
0.5001016341628053
0.49961128035122254
0.49910964421356396
0.49859640508912634
0.4980712304299033
0.4975337770456353
0.49698369102859974
0.49642060639192576
0.49584414332886206
0.4952539069965648
0.4946494870931497
0.4940304578510588
0.49339637786984575
0.49274678947495987
0.49208121770283736
0.49139916924354443
0.49070013160790654
0.48998357255381225
0.489248939617955
0.48849565957747093
0.487723137781535
0.4869307574267082
0.48611787890195796
0.48528383928567875
0.48442795199629163
0.48354950654963735
0.48264776838790074
0.4817219787929884
0.4807713549386673
0.4797950901435011
0.4787923543655706
0.47776229495470557
0.4767040376694755
0.47561668797743445
0.47449933267555394
0.4733510418786307
0.4721708714211731
0.47095786570808834
0.46971106104061733
0.46842948944157087
0.4671121830062336
0.46575817880661285
0.4643665243726378
0.4629362837641846
0.4614665442353495
0.4599564234801753
0.4584050774377703
0.4568117086229272
0.45517557493398497
0.45349599887208675
0.45177237708609663
0.4500041901369205
0.4481910123550239
0.44633252164594317
0.444428509080414
0.4424788880886576
0.44048370306322554
0.43844313716299316
0.4363575191037293
0.43422732871908143
0.4320532010803481
0.42983592897436873
0.4275764635566256
0.4252759130214083
0.42293553916270316
0.4205567517377853
0.41814110058937703
0.4156902655303072
0.41320604404518013
0.41069033691490936
0.40814513192010365
0.4055724858262473
0.40297450489538594
0.4003533242037802
0.3977110860712025
0.39504991792412747
0.39237190992141585
0.3896790926670864
0.38697341532082363
0.38425672439380243
0.38153074348649857
0.37879705418801196
0.37605707831486923
0.37331206162326336
0.370563059084159
0.3678109217674699
0.3650562853412624
0.36229956015603293
0.35954092285368267
0.3567803094166688
0.35401740955546146
0.3512516623221157
0.3484822528344613
0.3457081099989402
0.3429279051301477
0.3401400513812456
0.3373427039211844
0.33453376082163916
0.33171086464839394
0.3288714047882451
0.3260125205831689
0.32313110538836515
0.32022381171979786
0.3172870577100085
0.31431703514817333
0.3113097194414814
0.30826088189940254
0.30516610480943895
0.30202079984092745
0.2988202303799773
0.29555953846009386
0.29223377700455444
0.288837948131621
0.2853670482840592
0.2818161209203456
0.2781803174351814
0.27445496684936865
0.2706356546115298
0.26671831057536033
0.26269930584746876
0.2585755577380552
0.25434464149179675
0.25000490683993964
0.2455555967178345
0.2409969647681381
0.23633038754454205
0.23155846670223756
0.22668511597742935
0.22171562749267976
0.216656711950389
0.21151650765649113
0.20630455409410434
0.20103172695625957
0.1957101331229914
0.1903529659616011
0.18497432342542866
0.17958899357281807
0.1742122141452346
0.16885941454641848
0.1635459497843381
0.15828683654558873
0.15309650149760884
0.14798855115777615
0.14297557130148042
0.13806896203696883
0.13327881252970303
0.12861381710918843
0.12408123232696489
0.11968687261820146
0.11543514067035673
0.11132908748895004
0.10737049649045702
0.103559985719798
0.09989712242630623
0.09638054465894329
0.09300808517270313
0.08977689368987246
0.08668355435821704
0.08372419603346881
0.08089459374170307
0.07819026031966671
0.07560652777262272
0.07313861832551102
0.07078170547788744
0.06853096561534133
0.06638162089209065
0.06432897419470923
0.06236843703890423
0.06049555125241293
0.05870600526847463
0.05699564580530852
0.05536048564518292
0.053796708158000986
0.05230066914335693
0.0508688964950343
0.04949808812517674
