0.4846173709842425
0.5093118700457755
0.5098504188134624
0.5097696150425288
0.5099036791260905
0.5099111433731953
0.5092838168440335
0.5084574353049669
0.5079755087637229
0.5077988635347367
0.5076969605430961
0.507578654576919
0.5073849733677375
0.5070627154996047
0.5066588897588635
0.5062787216985165
0.5059721332601588
0.5057180643987085
0.5054751866743961
0.5052107782468187
0.5049089154975379
0.5045766881251859
0.5042370128944746
0.5039089181654037
0.5035957993400149
0.5032890245994935
0.5029772291311045
0.5026532068058418
0.5023166778804597
0.5019727276437886
0.5016272748476556
0.5012831464885374
0.5009393098122275
0.5005927089015598
0.5002406620029967
0.4998823038868927
0.4995185826579261
0.4991511899600725
0.49878133882595416
0.49840918875969165
0.49803408204288946
0.4976551966277097
0.4972721015528323
0.4968849209202988
0.49649412312817653
0.4961001663003823
0.49570325439009305
0.49530331952021484
0.4949001743898945
0.4944936928095293
0.494083902175263
0.49367095813684136
0.4932550504494464
0.49283631636924374
0.4924148115857502
0.4919905393752237
0.4915635031866249
0.49113374384270153
0.4907013430800593
0.4902664007453414
0.4898290068152635
0.48938922648402305
0.4889471033656042
0.4885026733589822
0.4880559773591272
0.4876070650910001
0.48715598997616527
0.48670280045312775
0.48624753379977304
0.48579021524601923
0.4853308611180996
0.48486948263480867
0.4844060875407212
0.48394067890321446
0.48347325235236416
0.48300379365287605
0.48253227776499497
0.4820586693080388
0.48158292350180665
0.48110498663562584
0.48062479569010186
0.48014227738526566
0.4796573472246529
0.479169908960971
0.4786798545382015
0.4781870642635223
0.4776914069007967
0.4771927395277481
0.47669090720729873
0.47618574264180435
0.475677065956874
0.47516468465188566
0.4746483936510956
0.47412797535647905
0.4736031996426193
0.4730738238001461
0.4725395924774496
0.47200023766915244
0.4714554787670926
0.47090502265512835
0.4703485638157189
0.4697857844268941
0.4692163544494552
0.46863993171939
0.4680561620613813
0.46746467942929637
0.4668651060682908
0.46625705268847883
0.46564011864344357
0.46501389211396643
0.46437795030264956
0.46373185964574076
0.463075176045447
0.4624074451225143
0.46172820248753377
0.46103697403078564
0.46033327623302445
0.4596166165015724
0.4588864935364593
0.45814239773049076
0.4573838116061372
0.45661021029187865
0.45582106204124384
0.4550158287987052
0.454193966817211
0.4533549273321207
0.45249815729583737
0.45162310017684537
0.4507291968264541
0.4498158864162979
0.4488826074493526
0.4479287988466547
0.4469539011109669
0.44595735756737626
0.4449386156793661
0.4438971284373352
0.44283235581483665
0.4417437662858686
0.44063083839432077
0.4394930623641153
0.43832994173574624
0.4371409950118503
0.43592575729117333
0.43468378186684886
0.4334146417612501
0.43211793116583536
0.4307932667504033
0.4294402888020731
0.42805866215012195
0.4266480768286506
0.42520824842486676
0.4237389180566483
0.4222398519189548
0.4207108403346373
0.419151696241219
0.41756225304129213
0.41594236174023275
0.41429188729089045
0.41261070406067774
0.4108986903318943
0.4091557217410564
0.40738166355723926
0.40557636169281946
0.4037396323323009
0.4018712500559588
0.3999709343246946
0.39803833418073364
0.3960730110056765
0.3940744191632516
0.39204188433946796
0.38997457937871716
0.3878714974022437
0.38573142198754895
0.3835528941869208
0.38133417617485166
0.3790732113436463
0.3767675807220134
0.37441445568323434
0.3720105470507334
0.36955205091566734
0.3670345917728449
0.3644531639798184
0.36180207307300094
0.35907487915690667
0.3562643454360249
0.35336239598996605
0.3503600880870689
0.3472476056418319
0.3440142817505034
0.34064865942450795
0.33713860044143906
0.3334714523230683
0.32963428243581616
0.3256141856752748
0.32139866778964776
0.31697609995550474
0.3123362319278789
0.30747074162234495
0.30237378958969047
0.297042539241652
0.2914775998132828
0.2856833505678227
0.2796681124856476
0.27344414714102144
0.26702747971747665
0.26043756108379773
0.25369679913922294
0.24682999944793718
0.23986375814367938
0.23282584655301525
0.22574461878580615
0.21864846326262566
0.2115653093097345
0.20452219234674793
0.19754487659777056
0.19065753250869663
0.1838824663600935
0.1772399008961672
0.17074780720054966
0.16442178887385392
0.15827501948447897
0.1523182332632247
0.14655976731190773
0.14100565154109504
0.1356597405174376
0.1305238797144912
0.1255980975503694
0.12088081416668799
0.11636905814401016
0.1120586831550213
0.1079445777677175
0.104020863048124
0.1002810741086651
0.09671832316966922
0.09332544295419268
0.09009511026809311
0.08701995041097986
0.08409262362837812
0.08130589517715067
0.07865269076951478
0.07612613922287186
0.07371960410813584
0.07142670608895366
0.06924133750325291
0.06715767057646789
0.06517016048692176
0.06327354433819472
0.06146283693732765
0.05973332413517787
0.058080554357959405
0.05650032884738075
0.05498869103036638
0.053541915357084954
0.052156495876577565
0.05082913476123997
0.04955673094332039
