2.329157009989823
2.030891621893294
1.9854015241940959
1.9661335440743413
1.951575512239634
1.9384671645914513
1.9263079523656672
1.9151090456637176
1.9049406898206338
1.895851143657392
1.8878628887370694
1.8809799046744313
1.8751935525688614
1.8704861062464986
1.8668327444967954
1.8642027198340059
1.8625601318897267
1.8618645307870707
1.8620714595220744
1.8631329831068315
1.8649982218796777
1.8676138922567809
1.8709248520446633
1.8748746449169147
1.8794060376684438
1.8844615434810799
1.8899839243414744
1.8959166658796704
1.9022044182622397
1.9087933973999716
1.915631741613687
1.9226698200088537
1.9298604900810286
1.9371593034345256
1.9445246598652548
1.9519179113578586
1.9593034187100502
1.9666485644717573
1.9739237266395782
1.9811022180626487
1.9881601967959184
1.995076552696845
2.0018327754285714
2.0084128087407445
2.0148028954862403
2.020991417336221
2.0269687326135384
2.032727015107333
2.0382600961866317
2.043563312018571
2.048633357232277
2.0534681459617645
2.058066680854561
2.062428930347399
2.0665557142832407
2.0704485977699405
2.0741097930534407
2.077542069090408
2.0807486684493597
2.083733231138742
2.0864997249489763
2.0890523818977655
2.0913956403795857
2.093534092637663
2.0954724371973117
2.0972154359211252
2.0987678753680403
2.1001345321587395
2.101320142068909
2.1023293725891947
2.103166798706544
2.103836881675864
2.1043439505640555
2.1046921863604435
2.1048856084589125
2.104928063327625
2.1048232151923667
2.104574538569401
2.1041853124932324
2.1036586162940183
2.1029973267884534
2.102204116756762
2.1012814545869922
2.1002316049759067
2.0990566305835023
2.0977583945453206
2.096338563753265
2.094798612821463
2.093139828658746
2.091363315573537
2.089470000840134
2.0874606406577283
2.0853358264347333
2.0830959913312617
2.080741416991814
2.0782722403984284
2.0756884607718
2.0729899464441743
2.0701764416233543
2.0672475729619233
2.064202855840067
2.0610417002641657
2.057763416277049
2.0543672187694413
2.05085223157618
2.047217490735319
2.043461946783758
2.0395844659597313
2.035583830180805
2.0314587356662814
2.027207790075517
2.0228295080389445
2.0183223049669916
2.013684489033907
2.0089142512491227
2.004009653548506
1.998968614861923
1.9937888951422393
1.9884680773743337
1.983003547621066
1.9773924732064152
1.9716317791842244
1.9657181232939689
1.9596478696625832
1.953417061573302
1.9470213936883096
1.9404561841813048
1.9337163473081533
1.926796367017994
1.9196902722824634
1.9123916148960944
1.904893450575119
1.8971883242532623
1.889268260539939
1.8811247603662187
1.8727488048946221
1.8641308678071042
1.8552609371080946
1.846128547582149
1.8367228250241787
1.8270325433093473
1.8170461952842696
1.8067520783353879
1.7961383953189105
1.7851933713138917
1.7739053863815768
1.7622631241764304
1.7502557358560242
1.7378730182790576
1.7251056049677655
1.7119451677511306
1.6983846264117863
1.6844183630503984
1.670042437280146
1.6552547977990106
1.6400554853916365
1.624446822021006
1.6084335804195473
1.5920231285143156
1.575225543151987
1.5580536879490718
1.5405232506930593
1.5226527365596523
1.5044634144734423
1.4859792151921227
1.467226581090512
1.4482342691004018
1.4290331097565474
1.4096557267344854
1.3901362225695084
1.3705098373515228
1.3508125880420454
1.3310808966166292
1.3113512154754288
1.2916596584817617
1.2720416455969066
1.2525315684086549
1.2331624829444279
1.2139658350699813
1.194971222560695
1.1762061966549373
1.1576961046172796
1.1394639736075376
1.1215304350166915
1.1039136874301094
1.0866294955393092
1.0696912216619756
1.0531098860520394
1.0368942518836213
1.0210509306629243
1.0055845038427575
0.990497656562965
0.9757913196917144
0.961464816671986
0.9475160120597691
0.9339414590527025
0.9207365437302433
0.9078956241421132
0.8954121627776639
0.8832788513151788
0.8714877268803284
0.8600302793334956
0.8488975493548383
0.8380802173046034
0.8275686830059726
0.817353136731854
0.8074236217788654
0.7977700890854542
0.7883824444003751
0.7792505885368368
0.7703644512598659
0.7617140193534858
0.753289359402953
0.7450806358082903
0.7370781245209215
0.729272222967257
0.7216534565931474
0.714212482432628
0.7069400900741508
0.6998272003686032
0.6928648621962908
0.6860442475853199
0.6793566454517761
0.6727934542130829
0.6663461735100656
0.6600063952607765
0.6537657942601077
0.6476161185336989
0.6415491796527079
0.635556843217651
0.6296310197247068
0.6237636560365688
0.6179467276920674
0.6121722323040928
0.6064321843137241
0.6007186113894164
0.595023552783194
0.5893390599803681
0.5836572000043638
0.5779700617627326
0.5722697658428307
0.5665484781840613
0.5607984280658931
0.5550119308542412
0.5491814159401861
0.5432994602806862
0.5373588279069413
0.5313525156978913
0.5252738056194419
0.5191163234998679
0.5128741042442163
0.5065416631822931
0.5001140729940414
0.49358704536337755
0.4869570161803363
0.4802212327491964
0.4733778410795477
0.4664259709557535
0.4593658161215829
0.45219870660978584
0.44492717002421256
0.43755497847974745
0.4300871779568643
0.4225300970617251
0.41489133261844025
0.4071797101622055
0.3994052182373634
0.39157891640014786
0.3837128179292702
0.3758197493896324
0.36791319029530756
0.36000709709471923
0.3521157164768415
0.34425339351027584
0.33643438033732875
0.3286726510394076
0.3209817278825337
0.31337452348225353
0.30586320255527694
0.2984590659229565
0.2911724583755887
0.28401270096928166
0.2769880473715675
0.27010566304626926
0.26337162540401005
0.256790942557089
0.2503675880061155
0.24410454843859766
0.23800388181559795
0.2320667830354462
0.22629365466514834
0.2206841804927793
0.21523739995273203
0.2099517817884821
0.2048252956272471
0.1998554804345117
0.19503950908480983
0.1903742485229454
0.18585631519441542
0.1814821255948857
0.17724794192753673
0.17314991296642346
0.16918411030684755
0.16534656024364064
0.1616332715586594
0.15804025952316603
0.1545635664321805
0.15119927898915336
0.14794354285286526
0.1447925746463393
0.14174267171149615
0.1387902198746771
0.13593169946809408
0.1331636898316463
0.1304828724989721
0.12788603325160874
0.12537006320601635
0.12293195908024357
0.12056882277026834
0.1182778603506539
0.11605638060008146
0.11390179313958317
0.11181160625980603
0.10978342450337344
0.10781494605923976
0.10590396001782137
0.10404834352851605
0.10224605889491362
0.10049515063747878
0.09879374254865647
0.09714003476115515
0.09553230084651637
0.09396888495793382
0.09244819902856685
0.09096872003426863
0.0895289873276521
0.08812760004871745
0.08676321461582791
0.08543454229959507
0.08414034688121494
0.08287944239594075
0.08165069096166336
0.08045300069198723
0.07928532369271304
0.07814665414024735
0.07703602644015864
0.07595251346385244
0.074895224861165
0.07386330544652671
0.07285593365626837
0.07187232007457167
0.07091170602553969
0.069973362228856
0.06905658751651089
0.06816070760810246
0.06728507394226259
0.06642906256180618
0.06559207305026217
0.06477352751751328
0.06397286963233739
0.06318956369971547
0.0624230937808547
0.06167296285394122
0.060938692013720805
0.060219819708078604
0.05951590100986991
0.058826506922322386
0.05815122371640666
0.05748965229864454
0.056841407607892996
0.05620611803970456
0.05558342489693897
0.05497298186535579
0.05437445451298095
0.053787519812097895
0.05321186568277287
0.052647190556868985
0.05209320296156382
0.05154962112142966
0.05101617257817998
0.050492593827234984
0.049978629970298415
