0.4948546334509926
0.5270515939529622
0.5272713466635042
0.5272399250891399
0.5272148342956811
0.527194699216861
0.5271777673014024
0.5271629021442583
0.5271493706869266
0.5271367009019885
0.5271245894851161
0.5271128420462713
0.5271013343920996
0.5270899874862415
0.5270787512737511
0.5270675942457245
0.5270564967180696
0.5270454465111558
0.5270344361796242
0.5270234612416906
0.5270125190517732
0.5270016080863188
0.5269907274943145
0.5269798768167848
0.5269690558137174
0.5269582643589152
0.5269475023774937
0.5269367698099042
0.526926066592256
0.5269153926464758
0.5269047478762673
0.5268941321663628
0.5268835453835367
0.5268729873784601
0.5268624579878625
0.5268519570367004
0.5268414843401745
0.5268310397055296
0.5268206229336121
0.5268102338201925
0.526799872157073
0.5267895377330055
0.5267792303344448
0.5267689497461642
0.5267586957517574
0.5267484681340415
0.5267382666753848
0.5267280911579696
0.5267179413640017
0.52670781707588
0.5266977180763304
0.5266876441485128
0.5266775950761058
0.5266675706433745
0.5266575706352223
0.5266475948372333
0.5266376430357039
0.5266277150176674
0.5266178105709141
0.5266079294840045
0.5265980715462805
0.5265882365478721
0.5265784242797044
0.5265686345334984
0.5265588671017739
0.5265491217778503
0.5265393983558451
0.5265296966306735
0.5265200163980461
0.5265103574544661
0.526500719597227
0.5264911026244095
0.5264815063348778
0.5264719305282759
0.5264623750050248
0.5264528395663177
0.5264433240141162
0.5264338281511465
0.5264243517808955
0.5264148947076063
0.5264054567362744
0.5263960376726429
0.5263866373231991
0.5263772554951702
0.5263678919965181
0.5263585466359368
0.5263492192228463
0.52633990956739
0.5263306174804299
0.5263213427735415
0.5263120852590117
0.5263028447498321
0.526293621059697
0.5262844140029972
0.5262752233948179
0.5262660490509323
0.5262568907877998
0.5262477484225597
0.5262386217730284
0.5262295106576946
0.5262204148957158
0.5262113343069134
0.526202268711769
0.5261932179314206
0.5261841817876579
0.5261751601029188
0.5261661527002844
0.5261571594034765
0.5261481800368517
0.5261392144253991
0.5261302623947348
0.526121323771099
0.5261123983813514
0.5261034860529672
0.5260945866140332
0.5260856998932444
0.5260768257198989
0.526067963923895
0.5260591143357266
0.5260502767864794
0.5260414511078273
0.5260326371320283
0.5260238346919204
0.5260150436209177
0.5260062637530071
0.5259974949227438
0.5259887369652476
0.5259799897161996
0.5259712530118376
0.5259625266889524
0.5259538105848843
0.5259451045375195
0.5259364083852858
0.5259277219671487
0.5259190451226085
0.5259103776916957
0.525901719514968
0.5258930704335054
0.525884430288908
0.5258757989232907
0.5258671761792815
0.5258585619000152
0.5258499559291325
0.5258413581107746
0.525832768289579
0.5258241863106785
0.5258156120196947
0.5258070452627364
0.5257984858863939
0.5257899337377383
0.5257813886643156
0.5257728505141432
0.5257643191357084
0.5257557943779625
0.5257472760903181
0.5257387641226462
0.5257302583252722
0.5257217585489722
0.5257132646449694
0.5257047764649314
0.5256962938609662
0.5256878166856185
0.5256793447918667
0.5256708780331198
0.5256624162632129
0.5256539593364046
0.5256455071073733
0.5256370594312143
0.5256286161634358
0.5256201771599558
0.5256117422770987
0.5256033113715921
0.5255948843005632
0.525586460921536
0.5255780410924273
0.525569624671544
0.5255612115175792
0.52555280148961
0.5255443944470928
0.5255359902498613
0.5255275887581223
0.5255191898324533
0.525510793333799
0.5255023991234674
0.5254940070631278
0.5254856170148068
0.5254772288408855
0.5254688424040959
0.5254604575675182
0.5254520741945778
0.5254436921490412
0.5254353112950143
0.525426931496938
0.525418552619586
0.525410174528061
0.5254017970877927
0.525393420164533
0.5253850436243555
0.525376667333649
0.5253682911591178
0.5253599149677772
0.5253515386269502
0.5253431620042648
0.5253347849676517
0.5253264073853399
0.5253180291258556
0.525309650058017
0.5253012700509334
0.5252928889740017
0.5252845066969021
0.525276123089597
0.5252677380223277
0.5252593513656105
0.5252509629902348
0.5252425727672602
0.5252341805680129
0.5252257862640837
0.5252173897273247
0.5252089908298465
0.5252005894440159
0.5251921854424516
0.5251837786980238
0.5251753690838488
0.5251669564732881
0.5251585407399453
0.5251501217576624
0.5251416994005181
0.5251332735428248
0.5251248440591251
0.5251164108241902
0.5251079737130171
0.5250995326008248
0.5250910873630525
0.525082637875357
0.5250741840136101
0.5250657256538946
0.5250572626725039
0.5250487949459371
0.5250403223508984
0.5250318447642928
0.5250233620632248
0.5250148741249943
0.5250063808270962
0.5249978820472153
0.5249893776632258
0.524980867553188
0.5249723515953449
0.5249638296681215
0.5249553016501202
0.52494676742012
0.5249382268570733
0.5249296798401026
0.5249211262485001
0.5249125659617228
0.5249039988593919
0.5248954248212891
0.5248868437273553
0.5248782554576867
0.524869659892534
0.5248610569122983
0.5248524463975308
0.524843828228928
0.524835202287331
0.5248265684537228
0.5248179266092251
0.5248092766350971
0.5248006184127326
0.5247919518236575
0.5247832767495275
0.5247745930721264
0.5247659006733627
0.5247571994352684
0.5247484892399961
0.5247397699698165
0.524731041507117
0.5247223037343987
0.524713556534274
0.5247047997894649
0.5246960333828008
0.5246872571972157
0.5246784711157466
0.5246696750215306
0.5246608687978034
0.524652052327897
0.5246432254952369
0.5246343881833406
0.5246255402758153
0.5246166816563554
0.5246078122087413
0.5245989318168354
0.5245900403645822
0.524581137736005
0.5245722238152037
0.5245632984863531
0.5245543616337005
0.5245454131415641
0.5245364528943306
0.5245274807764533
0.5245184966724498
0.5245095004668999
0.5245004920444445
0.5244914712897822
0.5244824380876684
0.5244733923229128
0.5244643338803774
0.5244552626449748
0.524446178501666
0.5244370813354587
0.5244279710314048
0.5244188474745992
0.5244097105501777
0.5244005601433139
0.5243913961392198
0.524382218423141
0.5243730268803571
0.5243638213961789
0.5243546018559461
0.5243453681450263
0.5243361201488128
0.5243268577527225
0.5243175808421945
0.5243082893026884
0.5242989830196815
0.5242896618786683
0.524280325765158
0.5242709745646731
0.5242616081627467
0.5242522264449221
0.5242428292967503
0.5242334166037879
0.5242239882515966
0.5242145441257403
0.5242050841117839
0.5241956080952915
0.524186115961825
0.5241766075969418
0.5241670828861942
0.5241575417151266
0.5241479839692744
0.5241384095341627
0.524128818295304
0.524119210138197
0.5241095849483247
0.5240999426111539
0.5240902830121318
0.5240806060366863
0.5240709115702225
0.5240611994981234
0.5240514697057466
0.5240417220784233
0.5240319565014573
0.5240221728601232
0.5240123710396642
0.524002550925292
0.5239927124021839
0.5239828553554826
0.5239729796702943
0.5239630852316864
0.523953171924688
0.5239432396342869
0.5239332882454284
0.5239233176430148
0.523913327711903
0.5239033183369041
0.5238932894027812
0.523883240794249
0.5238731723959709
0.5238630840925602
0.5238529757685761
0.5238428473085247
0.5238326985968557
0.5238225295179628
0.5238123399561824
0.5238021297957904
0.5237918989210038
0.5237816472159771
0.5237713745648026
0.5237610808515086
0.5237507659600587
0.5237404297743498
0.523730072178212
0.5237196930554067
0.5237092922896255
0.5236988697644903
0.5236884253635505
0.5236779589702829
0.5236674704680907
0.5236569597403021
0.5236464266701694
0.523635871140868
0.5236252930354957
0.523614692237071
0.5236040686285327
0.5235934220927392
0.5235827525124668
0.5235720597704092
0.523561343749177
0.5235506043312953
0.5235398413992047
0.5235290548352599
0.5235182445217278
0.5235074103407877
0.5234965521745303
0.5234856699049568
0.5234747634139781
0.523463832583414
0.5234528772949925
0.5234418974303491
0.5234308928710258
0.5234198634984714
0.5234088091940389
0.5233977298389866
0.5233866253144769
0.5233754955015752
0.5233643402812498
0.523353159534371
0.5233419531417108
0.5233307209839421
0.5233194629416381
0.5233081788952716
0.5232968687252155
0.5232855323117405
0.5232741695350165
0.5232627802751106
0.5232513644119876
0.5232399218255094
0.5232284523954341
0.5232169560014164
0.523205432523006
0.5231938818396489
0.5231823038306856
0.5231706983753514
0.5231590653527759
0.5231474046419831
0.5231357161218909
0.5231239996713105
0.5231122551689468
0.5231004824933974
0.5230886815231537
0.5230768521365987
0.5230649942120094
0.523053107627554
0.5230411922612943
0.5230292479911838
0.5230172746950679
0.5230052722506848
0.522993240535665
0.5229811794275303
0.5229690888036957
0.5229569685414674
0.5229448185180445
0.5229326386105182
0.5229204286958724
0.5229081886509829
0.5228959183526188
0.5228836176774418
0.5228712865020064
0.5228589247027612
0.522846532156047
0.5228341087380992
0.5228216543250471
0.5228091687929138
0.5227966520176177
0.5227841038749713
0.5227715242406834
0.5227589129903576
0.5227462699994943
0.5227335951434897
0.5227208882976381
0.5227081493371306
0.522695378137056
0.5226825745724023
0.5226697385180566
0.5226568698488053
0.5226439684393355
0.5226310341642345
0.5226180668979923
0.5226050665150002
0.522592032889553
0.5225789658958493
0.5225658654079919
0.5225527312999891
0.5225395634457549
0.5225263617191109
0.5225131259937859
0.5224998561434178
0.5224865520415536
0.5224732135616518
0.5224598405770814
0.5224464329611245
0.5224329905869766
0.5224195133277483
0.5224060010564651
0.5223924536460698
0.5223788709694233
0.5223652528993054
0.5223515993084162
0.5223379100693776
0.5223241850547342
0.5223104241369546
0.5222966271884331
0.5222827940814904
0.5222689246883758
0.5222550188812676
0.5222410765322756
0.5222270975134415
0.5222130816967416
0.522199028954087
0.5221849391573263
0.5221708121782466
0.5221566478885746
0.5221424461599798
0.5221282068640745
0.5221139298724167
0.5220996150565111
0.5220852622878115
0.5220708714377217
0.5220564423775983
0.5220419749787522
0.5220274691124497
0.5220129246499166
0.5219983414623375
0.5219837194208594
0.5219690583965938
0.5219543582606179
0.521939618883977
0.5219248401376874
0.521910021892737
0.5218951640200896
0.5218802663906846
0.5218653288754421
0.5218503513452625
0.5218353336710305
0.521820275723617
0.5218051773738817
0.521790038492675
0.5217748589508409
0.5217596386192198
0.5217443773686501
0.5217290750699717
0.5217137315940283
0.5216983468116696
0.5216829205937548
0.5216674528111547
0.5216519433347545
0.5216363920354572
0.5216207987841852
0.5216051634518848
0.5215894859095274
0.5215737660281137
0.5215580036786763
0.5215421987322822
0.5215263510600368
0.5215104605330856
0.521494527022619
0.5214785503998745
0.5214625305361393
0.5214464673027551
0.5214303605711199
0.521414210212692
0.5213980160989935
0.521381778101613
0.5213654960922098
0.5213491699425167
0.5213327995243435
0.5213163847095815
0.521299925370206
0.52128342137828
0.5212668726059582
0.5212502789254907
0.5212336402092267
0.5212169563296177
0.5212002271592221
0.5211834525707086
0.5211666324368598
0.5211497666305771
0.521132855024883
0.5211158974929273
0.5210988939079888
0.5210818441434807
0.521064748072955
0.5210476055701054
0.5210304165087722
0.5210131807629472
0.5209958982067764
0.5209785687145654
0.5209611921607832
0.5209437684200675
0.5209262973672275
0.5209087788772501
0.5208912128253026
0.520873599086739
0.5208559375371034
0.5208382280521345
0.5208204705077715
0.5208026647801569
0.5207848107456431
0.5207669082807957
0.5207489572623991
0.520730957567461
0.5207129090732172
0.5206948116571372
0.5206766651969277
0.5206584695705389
0.5206402246561692
0.5206219303322701
0.5206035864775507
0.5205851929709839
0.5205667496918114
0.5205482565195474
0.5205297133339862
0.5205111200152057
0.5204924764435732
0.5204737824997511
0.5204550380647015
0.5204362430196925
0.5204173972463029
0.5203985006264283
0.5203795530422861
0.5203605543764216
0.520341504511713
0.5203224033313769
0.5203032507189751
0.5202840465584186
0.5202647907339755
0.5202454831302743
0.5202261236323115
0.5202067121254563
0.5201872484954578
0.5201677326284491
0.5201481644109547
0.5201285437298958
0.5201088704725964
0.5200891445267892
0.5200693657806219
0.5200495341226627
0.5200296494419074
0.5200097116277846
0.519989720570162
0.5199696761593535
0.5199495782861239
0.5199294268416965
0.5199092217177586
0.5198889628064682
0.51986865000046
0.519848283192852
0.5198278622772521
0.5198073871477633
0.5197868576989926
0.5197662738260543
0.519745635424579
0.519724942390719
0.5197041946211551
0.5196833920131031
0.5196625344643199
0.5196416218731115
0.5196206541383375
0.51959963115942
0.5195785528363486
0.5195574190696878
0.5195362297605832
0.5195149848107692
0.5194936841225746
0.5194723275989304
0.5194509151433754
0.519429446660064
0.5194079220537725
0.5193863412299061
0.5193647040945056
0.5193430105542546
0.5193212605164854
0.5192994538891875
0.5192775905810125
0.5192556705012826
0.5192336935599975
0.5192116596678391
0.5191895687361817
0.5191674206770963
0.5191452154033591
0.5191229528284573
0.5191006328665976
0.5190782554327109
0.5190558204424612
0.5190333278122523
0.5190107774592336
0.5189881693013083
0.5189655032571397
0.5189427792461587
0.51891999718857
0.5188971570053597
0.5188742586183023
0.5188513019499671
0.5188282869237257
0.5188052134637589
0.5187820814950631
0.518758890943458
0.5187356417355928
0.5187123337989543
0.5186889670618721
0.5186655414535273
0.5186420569039571
0.5186185133440652
0.518594910705625
0.5185712489212883
0.5185475279245924
0.5185237476499658
0.518499908032736
0.518476009009136
0.5184520505163106
0.5184280324923233
0.5184039548761643
0.518379817607755
0.5183556206279563
0.5183313638785749
0.5183070473023697
0.5182826708430582
0.5182582344453245
0.518233738054823
0.5182091816181883
0.5181845650830392
0.5181598883979863
0.518135151512638
0.5181103543776069
0.5180854969445166
0.5180605791660077
0.5180356009957434
0.5180105623884175
0.5179854632997585
0.5179603036865372
0.5179350835065724
0.5179098027187372
0.5178844612829638
0.5178590591602519
0.5178335963126719
0.5178080727033723
0.517782488296586
0.5177568430576348
0.5177311369529357
0.5177053699500066
0.5176795420174725
0.5176536531250694
0.5176277032436518
0.5176016923451972
0.5175756204028101
0.5175494873907311
0.5175232932843379
0.5174970380601533
0.5174707216958494
0.5174443441702523
0.5174179054633476
0.5173914055562863
0.5173648444313871
0.5173382220721437
0.5173115384632285
0.5172847935904967
0.5172579874409926
0.5172311200029519
0.5172041912658076
0.5171772012201944
0.5171501498579516
0.5171230371721289
0.5170958631569899
0.5170686278080154
0.5170413311219082
0.517013973096597
0.5169865537312397
0.5169590730262269
0.516931530983186
0.5169039276049847
0.5168762628957341
0.5168485368607916
0.5168207495067654
0.5167929008415162
0.5167649908741606
0.5167370196150751
0.5167089870758976
0.5166808932695302
0.5166527382101423
0.5166245219131739
0.5165962443953354
0.5165679056746131
0.5165395057702689
0.5165110447028436
0.5164825224941593
0.5164539391673193
0.516425294746712
0.5163965892580116
0.5163678227281794
0.5163389951854658
0.5163101066594108
0.5162811571808463
0.5162521467818959
0.5162230754959772
0.5161939433578009
0.5161647504033733
0.5161354966699956
0.516106182196265
0.5160768070220747
0.5160473711886142
0.5160178747383694
0.5159883177151228
0.5159587001639523
0.5159290221312326
0.5158992836646327
0.5158694848131177
0.5158396256269455
0.5158097061576683
0.5157797264581301
0.5157496865824659
0.5157195865861008
0.5156894265257492
0.5156592064594113
0.5156289264463731
0.5155985865472046
0.5155681868237573
0.5155377273391616
0.5155072081578261
0.5154766293454343
0.5154459909689417
0.5154152930965739
0.5153845357978237
0.5153537191434477
0.5153228432054642
0.5152919080571485
0.5152609137730311
0.5152298604288932
0.5151987481017628
0.5151675768699122
0.5151363468128527
0.5151050580113312
0.515073710547326
0.5150423045040416
0.515010839965905
0.5149793170185614
0.5149477357488673
0.5149160962448878
0.5148843985958905
0.51485264289234
0.5148208292258923
0.5147889576893903
0.5147570283768568
0.514725041383489
0.514692996805653
0.5146608947408764
0.5146287352878434
0.514596518546387
0.514564244617483
0.514531913603243
0.5144995256069077
0.5144670807328389
0.5144345790865137
0.5144020207745155
0.5143694059045276
0.5143367345853247
0.5143040069267657
0.514271223039785
0.5142383830363846
0.5142054870296261
0.5141725351336213
0.5141395274635249
0.5141064641355243
0.5140733452668317
0.5140401709756748
0.5140069413812868
0.5139736566038985
0.5139403167647273
0.5139069219859682
0.5138734723907845
0.5138399681032965
0.5138064092485726
0.5137727959526186
0.5137391283423675
0.513705406545668
0.5136716306912754
0.5136378009088401
0.5136039173288954
0.5135699800828489
0.5135359893029692
0.5135019451223749
0.5134678476750237
0.5134336970957005
0.5133994935200057
0.5133652370843427
0.5133309279259066
0.5132965661826715
0.5132621519933783
0.5132276854975223
0.513193166835341
0.5131585961478002
0.5131239735765833
0.513089299264076
0.5130545733533542
0.5130197959881715
0.5129849673129447
0.5129500874727413
0.512915156613265
0.5128801748808429
0.5128451424224111
0.5128100593855011
0.5127749259182257
0.5127397421692648
0.5127045082878511
0.5126692244237557
0.5126338907272743
0.5125985073492109
0.5125630744408658
0.512527592154018
0.5124920606409122
0.512456480054243
0.5124208505471403
0.5123851722731536
0.5123494453862366
0.5123136700407334
0.5122778463913602
0.5122419745931924
0.5122060548016479
0.512170087172471
0.5121340718617171
0.5120980090257369
0.5120618988211597
0.5120257414048783
0.5119895369340323
0.5119532855659918
0.5119169874583416
0.5118806427688642
0.5118442516555238
0.51180781427645
0.5117713307899205
0.511734801354345
0.5116982261282488
0.5116616052702553
0.5116249389390696
0.5115882272934618
0.5115514704922497
0.5115146686942819
0.5114778220584206
0.5114409307435259
0.5114039949084364
0.5113670147119537
0.5113299903128246
0.5112929218697236
0.5112558095412366
0.5112186534858427
0.5111814538618967
0.5111442108276124
0.5111069245410448
0.5110695951600723
0.5110322228423806
0.5109948077454431
0.510957350026505
0.5109198498425652
0.5108823073503588
0.5108447227063394
0.5108070960666619
0.5107694275871636
0.5107317174233489
0.5106939657303696
0.5106561726630083
0.5106183383756601
0.5105804630223161
0.510542546756544
0.5105045897314722
0.5104665920997714
0.510428554013637
0.510390475624771
0.5103523570843658
0.5103141985430854
0.5102760001510478
0.5102377620578081
0.5101994844123409
0.5101611673630222
0.510122811057612
0.510084415643238
0.5100459812663762
0.510007508072835
0.5099689962077376
0.5099304458155038
0.5098918570398338
0.5098532300236895
0.5098145649092795
0.5097758618380389
0.5097371209506154
0.5096983423868491
0.5096595262857577
0.5096206727855185
0.509581782023451
0.5095428541360013
0.509503889258724
0.5094648875262661
0.5094258490723493
0.5093867740297549
0.5093476625303053
0.5093085147048487
0.5092693306832425
0.509230110594336
0.5091908545659547
0.5091515627248837
0.5091122351968519
0.5090728721065151
0.5090334735774401
0.5089940397320895
0.5089545706918042
0.5089150665767888
0.5088755275060952
0.508835953597607
0.5087963449680242
0.5087567017328466
0.5087170240063597
0.508677311901618
0.5086375655304307
0.5085977850033458
0.5085579704296356
0.508518121917281
0.5084782395729569
0.5084383235020173
0.5083983738084805
0.5083583905950144
0.5083183739629225
0.5082783240121278
0.5082382408411606
0.5081981245471427
0.5081579752257736
0.5081177929713168
0.5080775778765854
0.5080373300329278
0.5079970495302157
0.5079567364568284
0.50791639089964
0.5078760129440065
0.5078356026737522
0.5077951601711553
0.507754685516937
0.5077141787902465
0.5076736400686488
0.507633069428113
0.5075924669429974
0.507551832686039
0.5075111667283397
0.507470469139355
0.507429739986881
0.5073889793370427
0.507348187254282
0.5073073638013459
0.5072665090392741
0.5072256230273883
0.5071847058232803
0.5071437574828008
0.5071027780600473
0.5070617676073543
0.5070207261752813
0.5069796538126017
0.5069385505662931
0.5068974164815256
0.5068562516016524
0.5068150559681972
0.5067738296208467
0.5067325725974383
0.5066912849339511
0.5066499666644954
0.5066086178213031
0.5065672384347182
0.506525828533187
0.5064843881432486
0.5064429172895256
0.5064014159947156
0.5063598842795803
0.5063183221629388
0.5062767296616572
0.5062351067906401
0.5061934535628226
0.5061517699891618
0.5061100560786272
0.5060683118381941
0.5060265372728348
0.5059847323855097
0.5059428971771616
0.5059010316467057
0.5058591357910233
0.5058172096049537
0.5057752530812872
0.5057332662107575
0.5056912489820349
0.505649201381719
0.505607123394331
0.505565015002309
0.5055228761859996
0.5054807069236511
0.5054385071914086
0.5053962769633061
0.5053540162112613
0.5053117249050693
0.505269403012396
0.5052270504987726
0.5051846673275902
0.5051422534600938
0.5050998088553769
0.5050573334703755
0.5050148272598632
0.5049722901764467
0.5049297221705592
0.5048871231904565
0.5048444931822118
0.5048018320897107
0.5047591398546475
0.5047164164165184
0.5046736617126198
0.504630875678042
0.5045880582456657
0.5045452093461575
0.5045023289079661
0.5044594168573187
0.5044164731182156
0.504373497612429
0.5043304902594964
0.5042874509767196
0.5042443796791597
0.5042012762796342
0.5041581406887136
0.5041149728147183
0.5040717725637157
0.5040285398395169
0.5039852745436737
0.5039419765754759
0.5038986458319492
0.5038552822078515
0.503811885595671
0.5037684558856234
0.5037249929656498
0.5036814967214142
0.5036379670363017
0.5035944037914153
0.5035508068655756
0.5035071761353167
0.5034635114748862
0.5034198127562424
0.5033760798490524
0.5033323126206914
0.50328851093624
0.5032446746584834
0.5032008036479099
0.5031568977627091
0.503112956858771
0.503068980789685
0.5030249694067382
0.5029809225589145
0.5029368400928937
0.5028927218530506
0.5028485676814536
0.5028043774178647
0.5027601508997384
0.5027158879622206
0.5026715884381483
0.5026272521580494
0.5025828789501418
0.502538468640332
0.5024940210522171
0.5024495360070821
0.5024050133239009
0.5023604528193353
0.5023158543077357
0.5022712176011405
0.5022265425092755
0.5021818288395549
0.5021370763970806
0.5020922849846428
0.5020474544027191
0.5020025844494763
0.5019576749207688
0.5019127256101408
0.5018677363088243
0.5018227068057417
0.5017776368875048
0.5017325263384154
0.5016873749404661
0.5016421824733406
0.5015969487144147
0.5015516734387557
0.5015063564191243
0.5014609974259747
0.5014155962274549
0.5013701525894082
0.5013246662753731
0.501279137046585
0.501233564661976
0.5011879488781766
0.5011422894495159
0.501096586128023
0.5010508386634276
0.5010050468031607
0.5009592102923563
0.500913328873852
0.5008674022881893
0.5008214302736158
0.5007754125660858
0.5007293488992608
0.5006832390045116
0.5006370826109187
0.5005908794452735
0.5005446292320793
0.5004983316935532
0.5004519865496266
0.5004055935179466
0.5003591523138764
0.5003126626504983
0.5002661242386135
0.5002195367867432
0.5001729000011312
0.5001262135857434
0.5000794772422705
0.5000326906701287
0.49998585356646064
0.49993896562613743
0.4998920265417591
0.49984503600365676
0.49979799369989303
0.4997508993162642
0.49970375253630084
0.4996565530412693
0.49960930051017316
0.4995619946197547
0.49951463504449567
0.4994672214566187
0.4994197535260893
0.49937223092061644
0.49932465330565406
0.49927702034440224
0.4992293316978089
0.4991815870245706
0.49913378598113456
0.4990859282216986
0.49903801339821396
0.49899004116038587
0.49894201115567416
0.4988939230292959
0.4988457764242258
0.4987975709811974
0.4987493063387044
0.4987009821330021
0.4986525979981089
0.49860415356580634
0.4985556484656417
0.49850708232492813
0.49845845476874656
0.4984097654199463
0.4983610138991464
0.49831219982473735
0.4982633228128805
0.4982143824775118
0.4981653784303402
0.498116310280851
0.49806717763630515
0.49801798010174125
0.4979687172799767
0.49791938877160813
0.49786999417501265
0.4978205330863492
0.49777100509955885
0.4977214098063666
0.49767174679628146
0.49762201565659797
0.49757221597239726
0.497522347326547
0.4974724092997035
0.49742240147031125
0.49737232341460536
0.49732217470661105
0.497271954918145
0.49722166361881603
0.4971713003760262
0.49712086475497097
0.4970703563186402
0.4970197746278195
0.49696911924108983
0.4969183897148286
0.49686758560321115
0.49681670645821
0.4967657518295965
0.4967147212649411
0.49666361430961414
0.4966124305067854
0.49656116939742667
0.4965098305203104
0.496458413412011
0.4964069176069056
0.4963553426371735
0.49630368803279834
0.49625195332156663
0.4962001380290695
0.49614824167870264
0.4960962637916667
0.4960442038869678
0.49599206148141795
0.4959398360896345
0.49588752722404245
0.49583513439487226
0.4957826571101622
0.4957300948757575
0.4956774471953108
0.49562471357028304
0.4955718934999428
0.4955189864813665
0.49546599200943997
0.49541290957685663
0.4953597386741193
0.4953064787895395
0.4952531294092379
0.4951996900171445
0.4951461600949979
0.4950925391223474
0.4950388265765505
0.49498502193277527
0.4949311246639991
0.49487713424100893
0.4948230501324018
0.494768871804584
0.4947145987217729
0.4946602303459946
0.49460576613708535
0.4945512055526915
0.49449654804826937
0.4944417930770851
0.4943869400902146
0.4943319885365439
0.4942769378627687
0.49422178751339463
0.4941665369307374
0.49411118555492206
0.49405573282388365
0.49400017817336705
0.4939445210369269
0.4938887608459271
0.4938328970295416
0.4937769290147539
0.49372085622635686
0.49366467808695363
0.4936083940169561
0.4935520034345862
0.493495505755875
0.493438900394664
0.4933821867626031
0.4933253642691527
0.4932684323215825
0.49321139032497174
0.49315423768220956
0.49309697379399486
0.49303959805883635
0.4929821098730525
0.49292450863077203
0.49286679372393405
0.4928089645422875
0.4927510204733919
0.4926929609026179
0.4926347852131462
0.4925764927859692
0.4925180829998902
0.49245955523152435
0.49240090885529864
0.4923421432434518
0.4922832577660357
0.49222425179091467
0.49216512468376666
0.4921058758080826
0.4920465045251688
0.4919870101941452
0.49192739217194753
0.4918676498133269
0.49180778247085116
0.4917477894949051
0.491687670233691
0.49162742403323
0.49156705023736214
0.49150654818774725
0.4914459172238665
0.49138515668302274
0.4913242659003412
0.49126324420877127
0.4912020909390868
0.4911408054198875
0.49107938697760034
0.4910178349364805
0.4909561486186124
0.4908943273439115
0.4908323704301255
0.49077027719283567
0.4907080469454584
0.49064567899924716
0.4905831726632935
0.4905205272445291
0.4904577420477277
0.4903948163755064
0.4903317495283285
0.4902685408045046
0.49020518950019504
0.49014169490941223
0.49007805632402235
0.4900142730337484
0.4899503443261718
0.48988626948673564
0.4898220477987466
0.48975767854337815
0.4896931609996726
0.4896284944445444
0.4895636781527837
0.4894987113970577
0.48943359344791587
0.4893683235737909
0.489302901041004
0.48923732511376694
0.48917159505418706
0.4891057101222691
0.4890396695759202
0.48897347267095337
0.4889071186610917
0.48884060679797176
0.48877393633114874
0.4887071065081001
0.4886401165742303
0.4885729657728751
0.4885056533453065
0.4884381785307374
0.488370540566327
0.488302738687185
0.4882347721263771
0.48816664011493127
0.4880983418818418
0.4880298766540757
0.4879612436565788
0.4878924421122802
0.48782347124210024
0.4877543302649551
0.4876850183977638
0.48761553485545506
0.48754587885097295
0.48747604959528446
0.4874060462973862
0.48733586816431174
0.4872655144011382
0.4871949842109944
0.48712427679506803
0.4870533913526136
0.4869823270809606
0.4869110831755212
0.4868396588297983
0.48676805323539474
0.48669626558202145
0.48662429505750615
0.4865521408478025
0.48647980213699965
0.48640727810733086
0.48633456793918356
0.4862616708111088
0.4861885858998315
0.48611531238026023
0.4860418494254977
0.4859681962068511
0.4858943518938433
0.48582031565422323
0.4857460866539768
0.4856716640573391
0.4855970470268053
0.48552223472314204
0.4854472263054006
0.48537202093092774
0.4852966177553786
0.4852210159327297
0.4851452146152909
0.48506921295371935
0.4849930100970319
0.48491660519261887
0.48483999738625805
0.48476318582212863
0.48468616964282446
0.4846089479893696
0.4845315200012321
0.48445388481633944
0.48437604157109293
0.484297989400384
0.48421972743760844
0.4841412548146836
0.48406257066206315
0.4839836741087545
0.48390456428233436
0.4838252403089662
0.483745701313417
0.48366594641907373
0.4835859747479627
0.48350578542076555
0.4834253775568378
0.4833447502742276
0.48326390268969377
0.48318283391872446
0.4831015430755564
0.48302002927319415
0.48293829162342944
0.4828563292368615
0.48277414122291584
0.4826917266898664
0.48260908474485453
0.4825262144939101
0.4824431150419736
0.48235978549291586
0.48227622494956107
0.4821924325137079
0.48210840728615173
0.48202414836670704
0.48193965485422996
0.48185492584664125
0.48176996044094966
0.48168475773327507
0.4815993168188721
0.48151363679215436
0.4814277167467183
0.4813415557753681
0.48125515297013977
0.4811685074223265
0.4810816182225044
0.4809944844605567
0.48090710522570074
0.48081947960651317
0.4807316066909569
0.4806434855664066
0.4805551153196765
0.48046649503704675
0.48037762380429105
0.48028850070670365
0.48019912482912763
0.480109495255983
0.4800196110712939
0.4799294713587182
0.4798390752015761
0.4797484216828781
0.47965750988535555
0.4795663388914885
0.47947490778353735
0.479383215643571
0.4792912615534973
0.47919904459509444
0.47910656385003975
0.479013818399942
0.47892080732637166
0.47882752971089204
0.4787339846350908
0.478640171180612
0.47854608842918667
0.47845173546266645
0.47835711136305425
0.47826221521253753
0.4781670460935207
0.4780716030886577
0.4779758852808847
0.477879891753454
0.4777836215899663
0.4776870738744046
0.47759024769116837
0.47749314212510563
0.4773957562615486
0.47729808918634686
0.4772001399859016
0.47710190774719974
0.47700339155784893
0.47690459050611145
0.47680550368093944
0.47670613017200936
0.4766064690697567
0.47650651946541167
0.47640628045103306
0.4763057511195448
0.4762049305647705
0.47610381788146827
0.47600241216536743
0.4759007125132024
0.47579871802274964
0.47569642779286214
0.47559384092350554
0.4754909565157933
0.4753877736720234
0.4752842914957126
0.47518050909163306
0.4750764255658473
0.4749720400257448
0.47486735158007687
0.47476235933899236
0.4746570624140742
0.47455145991837333
0.47444555096644514
0.4743393346743857
0.47423281015986535
0.47412597654216554
0.4740188329422132
0.473911378482617
0.4738036122877002
0.47369553348353827
0.4735871411979919
0.47347843456074185
0.473369412703325
0.47326007475916626
0.4731504198636153
0.4730404471539789
0.47293015576955566
0.4728195448516699
0.4727086135437041
0.4725973609911335
0.47248578634155863
0.4723738887447382
0.47226166735262187
0.4721491213193821
0.4720362498014473
0.47192305195753304
0.4718095269486737
0.4716956739382535
0.4715814920920388
0.4714669805782069
0.47135213856737795
0.4712369652326443
0.4711214597496003
0.4710056212963723
0.47088944905364616
0.4707729422046976
0.47065609993541935
0.47053892143434967
0.470421405892699
0.47030355250437766
0.4701853604660227
0.47006682897702345
0.46994795723954713
0.46982874445856504
0.46970918984187626
0.4695892926001334
0.46946905194686506
0.46934846709849964
0.46922753727438843
0.4691062616968284
0.4689846395910826
0.4688626701854032
0.46874035271105
0.46861768640231305
0.4684946704965305
0.46837130423410855
0.4682475868585392
0.46812351761641857
0.46799909575746435
0.46787432053453204
0.4677491912036304
0.4676237070239382
0.46749786725781817
0.4673716711708308
0.4672451180317485
0.46711820711256785
0.46699093768852173
0.4668633090380916
0.4667353204430166
0.4666069711883056
0.4664782605622445
0.4663491878564069
0.4662197523656601
0.466089953388174
0.46595979022542633
0.4658292621822093
0.4656983685666338
0.4655671086901346
0.46543548186747297
0.46530348741673994
0.46517112465935845
0.46503839292008425
0.46490529152700677
0.4647718198115479
0.46463797710846255
0.46450376275583544
0.464369176095079
0.46423421647092983
0.46409888323144505
0.4639631757279966
0.46382709331526545
0.4636906353512367
0.4635538011971897
0.46341659021769205
0.4632790017805892
0.4631410352569963
0.4630026900212861
0.46286396545107894
0.4627248609272301
0.462585375833817
0.4624455095581257
0.46230526149063683
0.4621646310250095
0.4620236175580661
0.4618822204897756
0.4617404392232357
0.46159827316465485
0.46145572172333293
0.46131278431164197
0.46116946034500533
0.46102574924187667
0.4608816504237176
0.4607371633149753
0.4605922873430594
0.4604470219383173
0.4603013665340092
0.4601553205662836
0.46000888347415037
0.4598620546994535
0.4597148336868442
0.45956721988375304
0.45941921274036
0.4592708117095661
0.45912201624696236
0.45897282581079996
0.4588232398619585
0.4586732578639141
0.4585228792827071
0.4583721035869088
0.45822093024758853
0.458069358738279
0.45791738853494185
0.4577650191159324
0.4576122499619647
0.45745908055607476
0.45730551038358463
0.45715153893206517
0.4569971656912986
0.4568423901532416
0.45668721181198574
0.45653163016372067
0.4563756447066939
0.4562192549411727
0.4560624603694041
0.4559052604955752
0.45574765482577334
0.4555896428679458
0.4554312241318595
0.45527239812905995
0.455113164372831
0.45495352237815306
0.45479347166166284
0.4546330117416114
0.4544721421378231
0.4543108623716541
0.45414917196595084
0.45398707044500874
0.4538245573345305
0.4536616321615845
0.45349829445456435
0.45333454374314575
0.45317037955824635
0.45300580143198516
0.4528408088976397
0.4526754014896073
0.4525095787433627
0.45234334019541833
0.45217668538328415
0.4520096138454276
0.4518421251212339
0.4516742187509668
0.4515058942757295
0.4513371512374257
0.4511679891787219
0.4509984076430091
0.45082840617436615
0.4506579843175215
0.4504871416178177
0.4503158776211759
0.45014419187405896
0.44997208392343796
0.4497995533167574
0.44962659960190154
0.44945322232716184
0.4492794210412041
0.449105195293037
0.44893054463198134
0.44875546860763993
0.44857996676986756
0.44840403866874323
0.4482276838545417
0.4480509018777064
0.447873692288824
0.44769605463859874
0.4475179884778274
0.4473394933573774
0.44716056882816235
0.44698121444112277
0.4468014297472033
0.44662121429733503
0.44644056764241524
0.44625948933329224
0.44607797892074663
0.44589603595547755
0.4457136599880877
0.44553085056907116
0.4453476072488002
0.44516392957751644
0.44497981710531936
0.44479526938215924
0.44461028595782964
0.4444248663819615
0.44423901020401885
0.44405271697329485
0.4438659862389104
0.443678817549813
0.4434912104547776
0.443303164502408
0.4431146792411408
0.44292575421924935
0.44273638898484974
0.4425465830859091
0.44235633607025276
0.44216564748557563
0.44197451687945344
0.44178294379935507
0.44159092779265813
0.4413984684066635
0.44120556518861387
0.44101221768571114
0.4408184254451377
0.4406241880140779
0.44042950493974037
0.44023437576938407
0.4400388000503431
0.4398427773300547
0.43964630715608854
0.43944938907617703
0.4392520226382476
0.439054207390456
0.43885594288122143
0.43865722865926327
0.438458064273639
0.43825844927378377
0.43805838320955093
0.43785786563125517
0.43765689608971703
0.43745547413630675
0.4372535993229929
0.43705127120238946
0.4368484893278072
0.4366452532533035
0.43644156253373634
0.4362374167248182
0.4360328153831721
0.43582775806638746
0.43562224433308094
0.4354162737429544
0.4352098458568571
0.43500296023684915
0.4347956164462642
0.43458781404977664
0.43437955261346706
0.43417083170489185
0.4339616508931522
0.433752009748964
0.43354190784473173
0.433331344754622
0.4331203200546361
0.43290883332268826
0.43269688413868296
0.4324844720845915
0.4322715967445335
0.4320582577048573
0.4318444545542216
0.4316301868836794
0.4314154542867616
0.43120025635956283
0.43098459270082823
0.4307684629120407
0.43055186659750927
0.4303348033644598
0.43011727282312445
0.4298992745868342
0.42968080827211086
0.4294618734987611
0.42924246988997095
0.42902259707240026
0.4288022546762805
0.4285814423355097
0.4283601596877518
0.42813840637453565
0.42791618204135273
0.4276934863377581
0.42747031891747195
0.42724667943847944
0.42702256756313495
0.4267979829582625
0.4265729252952608
0.42634739425020696
0.42612138950396006
0.4258949107422668
0.4256679576558674
0.4254405299405996
0.425212627297508
0.42498424943294755
0.42475539605869317
0.42452606689204564
0.4242962616559397
0.4240659800790525
0.42383522189591116
0.42360398684700185
0.4233722746788773
0.42314008514426743
0.42290741800218623
0.42267427301804195
0.4224406499637462
0.4222065486178221
0.4219719687655145
0.4217369101988979
0.42150137271698646
0.421265356125842
0.421028860238683
0.420791884875994
0.42055442986563246
0.42031649504293855
0.4200780802508415
0.41983918533996883
0.4195998101687523
0.4193599546035358
0.41911961851868174
0.4188788017966766
0.4186375043282377
0.4183957260124179
0.41815346675671045
0.4179107264771532
0.4176675050984328
0.4174238025539865
0.41717961878610665
0.4169349537460404
0.41668980739409217
0.41644417969972364
0.41619807064165387
0.41595148020795714
0.41570440839616263
0.4154568552133497
0.41520882067624604
0.41496030481132284
0.41471130765488845
0.4144618292531827
0.4142118696624701
0.41396142894913024
0.41371050718974905
0.41345910447120926
0.41320722089077677
0.4129548565561901
0.41270201158574565
0.41244868610838237
0.41219488026376616
0.41194059420237283
0.4116858280855679
0.4114305820856888
0.41117485638612195
0.4109186511813811
0.41066196667718247
0.41040480309052135
0.4101471606497424
0.40988903959461487
0.4096304401764007
0.40937136265792384
0.40911180731363833
0.40885177442969406
0.40859126430399983
0.4083302772462888
0.40806881357817676
0.40780687363322343
0.4075444577569901
0.40728156630709544
0.40701819965327085
0.40675435817741257
0.40649004227363356
0.40622525234831186
0.4059599888201399
0.40569425212016835
0.40542804269185234
0.4051613609910921
0.4048942074862739
0.40462658265830853
0.4043584870006689
0.40408992101942337
0.4038208852332693
0.40355138017356484
0.40328140638435606
0.4030109644224062
0.4027400548572196
0.40246867827106375
0.4021968352589933
0.4019245264288665
0.4016517524013631
0.40137851381000017
0.4011048113011439
0.4008306455340217
0.4005560171807289
0.4002809269262384
0.400005375468403
0.3997293635179592
0.3994528917985263
0.39917596104660596
0.39889857201157786
0.39862072545569305
0.398342422154067
0.39806366289466694
0.39778444847830235
0.3975047797186073
0.39722465744202523
0.3969440824877892
0.39666305570790034
0.3963815779671047
0.39609965014286735
0.39581727312534287
0.3955344478173479
0.39525117513432595
0.39496745600431377
0.3946832913679045
0.3943986821782075
0.3941136294008084
0.3938281340137231
0.3935421970073535
0.39325581938443854
0.39296900216000374
0.3926817463613085
0.3923940530277902
0.39210592321100823
0.39181735797458345
0.39152835839413613
0.3912389255572228
0.3909490605632692
0.39065876452350107
0.39036803856087493
0.39007688381000327
0.3897853014170805
0.3894932925398046
0.38920085834729634
0.38890800002002024
0.38861471874969666
0.38832101573921757
0.38802689220255754
0.3877323493646823
0.3874373884614554
0.3871420107395439
0.3868462174563202
0.38655000987976185
0.3862533892883513
0.3859563569709701
0.3856589142267944
0.3853610623651851
0.3850628027055791
0.3847641365773754
0.3844650653198215
0.3841655902818957
0.3838657128221894
0.3835654343087856
0.38326475611913663
0.38296367963993794
0.38266220626700254
0.3823603374051315
0.382058074467983
0.38175541887793896
0.3814523720659715
0.381148935471504
0.3808451105422745
0.3805408987341935
0.3802363015112021
0.3799313203451265
0.3796259567155338
0.3793202121095814
0.37901408802186876
0.37870758595428433
0.3784007074158529
0.37809345392257987
0.3777858269972934
0.37747782816948733
0.377169458975159
0.3768607209566479
0.37655161566247064
0.3762421446471572
0.37593230947108247
0.37562211170029774
0.3753115529063605
0.3750006346661625
0.3746893585617561
0.3743777261801803
0.3740657391132829
0.3737533989575438
0.37344070731389517
0.3731276657875412
0.37281427598777517
0.37250053952779694
0.3721864580245282
0.3718720330984255
0.3715572663732938
0.371242159476098
0.3709267140367717
0.3706109316880283
0.3702948140651671
0.36997836280588114
0.3696615795500623
0.3693444659396053
0.36902702361821255
0.36870925423119494
0.36839115942527456
0.36807274084838426
0.3677540001494678
0.3674349389782777
0.3671155589851747
0.36679586182092183
0.36647584913648296
0.36615552258281686
0.3658348838106723
0.36551393447038066
0.3651926762116507
0.3648711106833602
0.36454923953334645
0.36422706440820035
0.3639045869530538
0.36358180881137175
0.3632587316247416
0.3629353570326609
0.36261168667232807
0.36228772217842836
0.3619634651829239
0.3616389173148387
0.3613140802000482
0.36098895546106413
0.36066354471682294
0.36033784958247034
0.3600118716691486
0.3596856125837826
0.3593590739288652
0.35903225730224325
0.35870516429690363
0.35837779650075835
0.35805015549643066
0.3577222428610408
0.35739406016599246
0.35706560897675677
0.35673689085266064
0.35640790734667105
0.35607866000518346
0.35574915036780685
0.35541937996715095
0.35508935032861405
0.35475906297017046
0.3544285194021574
0.3540977211270653
0.3537666696393243
0.35343536642509493
0.35310381296205784
0.3527720107192031
0.35243996115662163
0.3521076657252962
0.3517751258668945
0.3514423430135601
0.351109318587707
0.3507760540018135
0.3504425506582171
0.35010880994890964
0.3497748332553339
0.34944062194818126
0.34910617738718935
0.34877150092094183
0.3484365938866666
0.34810145761003974
0.3477660934049847
0.34743050257347685
0.3470946864053469
0.3467586461780865
0.34642238315665436
0.34608589859328376
0.3457491937272911
0.3454122697848861
0.34507512797898265
0.3447377695090107
0.34440019556073154
0.34406240730605137
0.34372440590283815
0.3433861924947404
0.3430477682110044
0.34270913416629767
0.34237029146052833
0.34203124117867134
0.34169198439059256
0.34135252215087497
0.341012855498649
0.34067298545742114
0.3403329130349065
0.33999263922286194
0.3396521649969214
0.3393114913164329
0.33897061912429743
0.33862954934680906
0.3382882828934979
0.33794682065697407
0.3376051635127738
0.33726331231920714
0.3369212679172095
0.33657903113019155
0.3362366027638949
0.33589398360624695
0.33555117442722043
0.3352081759786915
0.33486498899430417
0.3345216141893336
0.3341780522605528
0.3338343038861013
0.333490369725357
0.3331462504188085
0.3328019465879313
0.33245745883506445
0.332112787743293
0.33176793387632847
0.3314228977783946
0.33107767997411397
0.3307322809683992
0.33038670124634373
0.3300409412731173
0.32969500149386277
0.3293488823335965
0.32900258419710915
0.3286561074688729
0.32830945251294685
0.3279626196728889
0.32761560927166633
0.3272684216115743
0.32692105697415136
0.32657351562010195
0.32622579778922045
0.32587790370031583
0.32552983355114345
0.32518158751833554
0.3248331657573373
0.3244845684023442
0.324135795566243
0.32378684734055635
0.32343772379538915
0.32308842497937784
0.32273895091964444
0.3223893016217514
0.3220394770696616
0.3216894772256993
0.32133930203051725
0.32098895140306216
0.3206384252405495
0.3202877234184364
0.31993684579039994
0.3195857921883186
0.3192345624222569
0.3188831562804532
0.318531573529311
0.3181798139133931
0.3178278771554204
0.317475762956272
0.31712347099499116
0.3167710009287933
0.3164183523930769
0.31606552500144036
0.31571251834569947
0.3153593319959097
0.3150059655003932
0.31465241838576813
0.31429869015698075
0.3139447802973434
0.31359068826857556
0.3132364135108461
0.3128819554428231
0.31252731346172596
0.3121724869433786
0.31181747524227166
0.3114622776916236
0.31110689360344945
0.3107513222686307
0.31039556295699083
0.3100396149173732
0.30968347737772584
0.309327149545186
0.3089706306061727
0.3086139197264808
0.3082570160513797
0.30789991870571715
0.3075426267940258
0.30718513940063497
0.3068274555897851
0.3064695744057488
0.3061114948729527
0.3057532159961077
0.3053947367603402
0.3050360561313275
0.30467717305544073
0.3043180864598888
0.3039587952528675
0.30359929832371474
0.303239594543067
0.3028796827630238
0.30251956181731327
0.3021592305214636
0.30179868767298
0.30143793205152386
0.301076962419099
0.30071577752023904
0.3003543760822031
0.2999927568151733
0.29963091841245776
0.2992688595506986
0.29890657889008265
0.2985440750745602
0.2981813467320644
0.29781839247473857
0.2974552108991656
0.2970918005866037
0.2967281601032266
0.2963642880003665
0.2960001828147651
0.2956358430688266
0.29527126727087577
0.2949064539154216
0.2945414014834249
0.29417610844257097
0.29381057324754756
0.29344479434032544
0.2930787701504459
0.2927124990953118
0.2923459795804841
0.29197920999998167
0.29161218873658723
0.29124491416215814
0.2908773846379392
0.29050959851488417
0.2901415541339784
0.2897732498265682
0.28940468391469387
0.28903585471142823
0.2886667605212184
0.28829739964023315
0.2879277703567146
0.287557870951335
0.287187699697557
0.2868172548619981
0.286446534704802
0.2860755374800121
0.28570426143594974
0.28533270481559714
0.2849608658569852
0.2845887427935849
0.2842163338547034
0.28384363726588396
0.2834706512493105
0.28309737402421603
0.2827238038072953
0.2823499388131219
0.28197577725456857
0.2816013173432319
0.2812265572898614
0.2808514953047919
0.2804761295983789
0.28010045838144115
0.27972447986570154
0.2793481922642366
0.27897159379192576
0.27859468266590776
0.2782174571060368
0.2778399153353451
0.27746205558050624
0.277083876072304
0.276705375046103
0.27632655074232126
0.2759474014069092
0.27556792529182833
0.27518812065553305
0.27480798576345694
0.2744275188885007
0.2740467183115215
0.27366558232182603
0.27328410921766655
0.2729022973067367
0.2725201449066719
0.27213765034555026
0.2717548119623954
0.2713716281076831
0.27098809714384564
0.270604217445782
0.2702199874013667
0.2698354054119606
0.2694504698929235
0.26906517927412726
0.2686795320004695
0.2682935265323899
0.2679071613463844
0.2675204349355218
0.2671333458099608
0.2667458924974672
0.2663580735439296
0.2659698875138778
0.26558133299099934
0.26519240857865595
0.2648031129003997
0.26441344460048966
0.264023402344405
0.26363298481936104
0.26324219073482114
0.2628510188230084
0.26245946783941815
0.2620675365633245
0.26167522379829
0.26128252837267024
0.2608894491401182
0.26049598498008586
0.2601021347983238
0.2597078975273781
0.25931327212708555
0.25891825758506454
0.25852285291720556
0.25812705716815554
0.2577308694118017
0.25733428875175113
0.25693731432180644
0.25653994528643786
0.25614218084125245
0.25574402021345827
0.25534546266232505
0.25494650747964015
0.2545471539901608
0.2541474015520602
0.253747249557372
0.253346697432426
0.2529457446382817
0.2525443906711555
0.2521426350628426
0.2517404773811339
0.2513379172302271
0.25093495425113105
0.25053158812206705
0.2501278185588604
0.24972364531532798
0.24931906818366034
0.2489140869947943
0.24850870161878305
0.24810291196515546
0.24769671798327225
0.24729011966267211
0.24688311703341345
0.24647571016640776
0.24606789917374455
0.24565968420901213
0.24525106546760736
0.24484204318704056
0.24443261764723076
0.24402278917079534
0.2436125581233291
0.24320192491367895
0.24279088999420648
0.24237945386104603
0.24196761705435307
0.24155538015854358
0.24114274380252698
0.24072970865992888
0.24031627544930748
0.2399024449343588
0.2394882179241161
0.23907359527313937
0.23865857788169623
0.2382431666959343
0.23782736270804533
0.2374111669564198
0.2369945805257942
0.23657760454738772
0.23616024019903234
0.23574248870529146
0.23532435133757257
0.2349058294142292
0.23448692430065549
0.2340676374093698
0.23364797020009342
0.23322792417981594
0.23280750090285462
0.23238670197090636
0.23196552903308654
0.23154398378596364
0.23112206797358373
0.2306997833874844
0.23027713186670404
0.22985411529777963
0.22943073561473643
0.22900699479907094
0.228582894879724
0.22815843793304674
0.22773362608275638
0.22730846149988676
0.2268829464027284
0.226457083056762
0.22603087377458272
0.22560432091581942
0.22517742688704065
0.2247501941416601
0.22432262517982954
0.22389472254832457
0.22346648884042478
0.22303792669578665
0.2226090388003073
0.22217982788598267
0.22175029673075813
0.22132044815837262
0.220890285038195
0.2204598102850556
0.22002902685906836
0.21959793776544917
0.2191665460543268
0.2187348548205464
0.2183028672034691
0.21787058638676352
0.2174380155981925
0.21700515810939391
0.21657201723565428
0.21613859633567972
0.21570489881135863
0.21527092810751994
0.2148366877116868
0.214402181153823
0.21396741200607786
0.2135323838825222
0.21309710043888289
0.212661565372269
0.21222578242089818
0.21178975536381403
0.21135348802060078
0.2109169842510942
0.21048024795508782
0.21004328307203543
0.20960609358074803
0.20916868349908896
0.20873105688366433
0.20829321782950902
0.2078551704697708
0.20741691897538905
0.2069784675547709
0.20653982045346536
0.2061009819538312
0.2056619563747043
0.2052227480710608
0.20478336143367779
0.20434380088878984
0.2039040708977449
0.20346417595665459
0.2030241205960446
0.20258390938050094
0.20214354690831327
0.20170303781111706
0.2012623867535325
0.20082159843280106
0.20038067757841965
0.19993962895177345
0.1994984573457652
0.19905716758444345
0.1986157645226281
0.19817425304553402
0.19773263806839275
0.19729092453607258
0.19684911742269623
0.19640722173125616
0.19596524249322997
0.19552318476819158
0.1950810536434219
0.19463885423351907
0.19419659168000308
0.1937542711509232
0.19331189784046102
0.19286947696853254
0.1924270137803884
0.1919845135462138
0.1915419815607245
0.19109942314276288
0.19065684363489283
0.19021424840299175
0.18977164283584136
0.18932903234471835
0.1888864223629809
0.1884438183456567
0.18800122576902684
0.18755865013021017
0.18711609694674386
0.18667357175616628
0.1862310801155932
0.18578862760129822
0.18534621980828575
0.18490386234986747
0.18446156085723525
0.18401932097903145
0.18357714838091993
0.18313504874515404
0.18269302777014318
0.1822510911700186
0.18180924467419743
0.1813674940269444
0.18092584498693326
0.18048430332680454
0.18004287483272582
0.17960156530394406
0.17916038055234457
0.1787193264019993
0.17827840868872274
0.17783763325961754
0.17739700597262617
0.17695653269607528
0.17651621930822226
0.17607607169679737
0.17563609575854716
0.17519629739877318
0.17475668253087237
0.17431725707587337
0.1738780269619721
0.1734389981240664
0.17300017650328783
0.17256156804653378
0.1721231787059961
0.17168501443868922
0.1712470812059766
0.17080938497309622
0.17037193170868392
0.16993472738429485
0.16949777797392507
0.16906108945353016
0.1686246678005432
0.16818851899339168
0.16775264901101253
0.16731706383236564
0.166881769435947
0.16644677179929981
0.16601207689852482
0.16557769070778927
0.16514361919883508
0.16470986834048523
0.1642764440981504
0.16384335243333276
0.16341059930313098
0.16297819065974198
0.16254613244996416
0.16211443061469866
0.1616830910884493
0.1612521197988232
0.16082152266603023
0.16039130560238102
0.15996147451178672
0.15953203528925536
0.15910299382039073
0.15867435598088864
0.15824612763603493
0.157818314640202
0.15739092283634548
0.15696395805550128
0.15653742611628324
0.1561113328243799
0.15568568397205143
0.1552604853376285
0.15483574268500963
0.15441146176316056
0.1539876483056134
0.15356430802996707
0.15314144663738807
0.15271906981211153
0.15229718322094504
0.15187579251277272
0.15145490331805878
0.15103452124835545
0.1506146518958097
0.15019530083267263
0.14977647361081134
0.14935817576121937
0.14894041279353307
0.14852319019554633
0.14810651343272901
0.14769038794774822
0.14727481915998938
0.14685981246508223
0.146445373234427
0.14603150681472546
0.14561821852751222
0.14520551366869058
0.1447933975080704
0.14438187528890944
0.14397095222745657
0.14356063351250012
0.14315092430491827
0.14274182973723246
0.14233335491316554
0.1419255049072023
0.14151828476415593
0.14111169949873414
0.1407057540951145
0.14030045350651876
0.13989580265479598
0.13949180643000572
0.13908846969000904
0.13868579726006108
0.13828379393241078
0.13788246446590344
0.1374818135855882
0.13708184598233183
0.1366825663124358
0.13628397919725918
0.1358860892228465
0.13548890093956117
0.13509241886172402
0.13469664746725646
0.13430159119733073
0.1339072544560239
0.13351364160997997
0.13312075698807474
0.13272860488108884
0.13233718954138576
0.1319465151825961
0.13155658597930675
0.13116740606675828
0.13077897954054718
0.13039131045633423
0.13000440282955988
0.12961826063516546
0.12923288780732128
0.12884828823916117
0.1284644657825226
0.1280814242476959
0.12769916740317686
0.12731769897542863
0.12693702264864976
0.12655714206454732
0.12617806082212032
0.12579978247744625
0.12542231054347758
0.12504564848984312
0.12466979974265775
0.12429476768433836
0.1239205556534271
0.12354716694442194
0.1231746048076139
0.12280287244893137
0.12243197302979264
0.1220619096669635
0.12169268543242445
0.1213243033532424
0.12095676641145232
0.12059007754394406
0.12022423964235693
0.11985925555298158
0.11949512807666893
0.11913185996874678
0.11876945393894195
0.118407912651312
0.11804723872418182
0.1176874347300887
0.11732850319573378
0.11697044660194116
0.11661326738362357
0.11625696792975493
0.11590155058335118
0.11554701764145534
0.11519337135513297
0.11484061392947213
0.11448874752359006
0.11413777425064903
0.11378769617787585
0.11343851532659097
0.11309023367224184
0.11274285314444427
0.11239637562703111
0.11205080295810518
0.11170613693010076
0.11136237928984957
0.11101953173865658
0.11067759593237751
0.11033657348150602
0.10999646595126589
0.10965727486170915
0.10931900168782077
0.1089816478596293
0.10864521476232264
0.1083097037363708
0.10797511607765392
0.10764145303759577
0.10730871582330342
0.1069769055977117
0.10664602347973495
0.10631607054442105
0.1059870478231141
0.10565895630362032
0.10533179693037967
0.10500557060464322
0.1046802781846538
0.10435592048583374
0.10403249828097644
0.10371001230044183
0.10338846323235801
0.10306785172282718
0.10274817837613515
0.10242944375496613
0.10211164838062177
0.10179479273324385
0.10147887725204266
0.10116390233552694
0.10084986834174015
0.10053677558850004
0.10022462435364055
0.09991341487525993
0.09960314735196969
0.09929382194315009
0.09898543876920679
0.09867799791183113
0.09837149941426514
0.09806594328156766
0.09776132948088596
0.09745765794172771
0.09715492855623768
0.09685314117947731
0.09655229562970508
0.09625239168866248
0.09595342910185926
0.09565540757886444
0.0953583267935968
0.09506218638461944
0.09476698595543624
0.09447272507478921
0.09417940327696027
0.09388702006207245
0.09359557489639427
0.09330506721264574
0.0930154964103064
0.0927268618559233
0.09243916288342337
0.09215239879442377
0.09186656885854703
0.0915816723137346
0.09129770836656327
0.09101467619256261
0.09073257493653201
0.09045140371286084
0.09017116160584775
0.08989184767002147
0.08961346093046246
0.08933600038312477
0.0890594649951586
0.08878385370523392
0.08850916542386365
0.08823539903372794
0.08796255338999785
0.08769062732066078
0.08741961962684389
0.08714952908314016
0.08688035443793136
0.08661209441371479
0.08634474770742609
0.08607831299076464
0.0858127889105171
0.08554817408888207
0.08528446712379245
0.08502166658923951
0.08475977103559476
0.08449877898993258
0.08423868895635159
0.08397949941629472
0.0837212088288705
0.08346381563117182
0.0832073182385939
0.0829517150451536
0.08269700442380452
0.08244318472675394
0.08219025428577707
0.08193821141253135
0.08168705439886867
0.0814367815171472
0.08118739102054197
0.08093888114335314
0.08069125010131521
0.08044449609190246
0.08019861729463476
0.07995361187138109
0.0797094779666625
0.07946621370795243
0.07922381720597654
0.0789822865550103
0.07874161983317565
0.07850181510273596
0.0782628704103886
0.07802478378755703
0.07778755325067974
0.07755117680149971
0.07731565242734906
0.07708097810143484
0.07684715178312121
0.0766141714182108
0.07638203493922319
0.07615074026567263
0.07592028530434315
0.07569066794956213
0.07546188608347137
0.0752339375762971
0.07500682028661725
0.07478053206162684
0.07455507073740175
0.07433043413916042
0.07410662008152308
0.07388362636876891
0.07366145079509157
0.07344009114485292
0.07321954519283334
0.07299981070448165
0.07278088543616122
0.07256276713539542
0.07234545354110987
0.07212894238387309
0.07191323138613502
0.07169831826246308
0.07148420071977597
0.07127087645757582
0.0710583431681776
0.070846598536937
0.07063564024247533
0.07042546595690265
0.07021607334603873
0.07000746006963184
0.06979962378157488
0.06959256213011994
0.06938627275809037
0.06918075330309065
0.06897600139771352
0.06877201466974636
0.06856879074237368
0.06836632723437809
0.06816462176034005
0.06796367193083348
0.06776347535262064
0.06756402962884452
0.06736533235921847
0.06716738114021448
0.06697017356524874
0.06677370722486517
0.06657797970691633
0.06638298859674373
0.06618873147735384
0.065995205929593
0.06580240953232108
0.06561033986258094
0.06541899449576792
0.06522837100579543
0.06503846696525975
0.06484927994560165
0.06466080751726729
0.06447304724986527
0.06428599671232302
0.06409965347304077
0.06391401510004298
0.06372907916112845
0.06354484322401752
0.06336130485649832
0.06317846162657051
0.06299631110258606
0.06281485085339017
0.06263407844845802
0.062453991458031204
0.06227458745325108
0.06209586400629076
0.06191781869048535
0.061740449080459364
0.06156375275225388
0.06138772728344932
0.06121237025328913
0.06103767924279975
0.06086365183490891
0.060690285614563355
0.060517578168843025
0.060345527087074316
0.060174129960942305
0.060003384384599213
0.05983328795477279
0.05966383827087272
0.05949503293509452
0.059326869552522365
0.05915934573122983
0.05899245908237941
0.058826207220319914
0.058660587762682195
0.05849559833047376
0.05833123654817076
0.05816750004381
0.05800438644907689
0.057841893399394516
0.05768001853400896
0.05751875949607455
0.057358113932736356
0.05719807949521207
0.05703865383887211
0.05687983462331814
0.05672161951245952
0.05656400617458978
0.056406992282459816
0.0562505755133513
0.05609475354914774
0.0559395240764034
0.055784884786413226
0.055630833375278334
0.055477367543973
0.055324484998407836
0.05517218344949325
0.055020460613201386
0.05486931421062553
0.054718741968039816
0.054568741616956976
0.054419310894184045
0.05427044754187839
0.05412214930760114
0.053974413944370164
0.05382723921071138
0.05368062287070903
0.05353456269405502
0.05338905645609659
0.053244101937883495
0.053099696926212955
0.05295583921367483
0.05281252659869464
0.05266975688557613
0.052527527884542076
0.052385837411774674
0.052244683289454405
0.05210406334579838
0.05196397541509697
0.051824417337749805
0.05168538696030077
0.051546882135471914
0.051408900722196366
0.051271440585650405
0.051134499597284375
0.05099807563485283
0.050862166582443476
0.05072677033050564
0.05059188477587741
0.05045750782181228
0.050323637378004056
0.05019027136061229
0.05005740769228552
0.049925044302184265
