0.5794057886031438
0.6390664271942
0.6182755665693949
0.599184400225681
0.5824317033550099
0.5683264531863567
0.556902342884894
0.5479636337608415
0.5411710346217136
0.5361302102411007
0.5324581434151303
0.5298205867034975
0.5279457294167788
0.5266229787389695
0.5256945862981898
0.5250451547791136
0.5245916660084121
0.5242750971797192
0.5240538362814344
0.5238987222890285
0.5237894087926693
0.5237117455097322
0.5236559157127999
0.5236151225104593
0.5235846677155125
0.5235613086880077
0.5235428106267351
0.5235276356117337
0.5235147269960172
0.5235033601121799
0.5234930390148617
0.5234834251359924
0.5234742880374951
0.5234654714505321
0.5234568698807596
0.5234484125109541
0.5234400521395046
0.5234317575911664
0.523423508519731
0.5234152918566398
0.5234070993908307
0.5233989261249199
0.5233907691632462
0.5233826269635219
0.5233744988364302
0.5233663846137705
0.523358284430744
0.5233501985851521
0.523342127448118
0.5233340714090556
0.5233260308431695
0.5233180060935883
0.5233099974628284
0.5233020052100543
0.5232940295518109
0.5232860706647015
0.5232781286890444
0.523270203732896
0.5232622958760718
0.5232544051739526
0.523246531660971
0.5232386753537251
0.5232308362537192
0.5232230143497424
0.5232152096199167
0.5232074220334466
0.5231996515521032
0.5231918981314834
0.5231841617220654
0.5231764422701005
0.5231687397183566
0.5231610540067425
0.5231533850728278
0.5231457328522767
0.5231380972792097
0.523130478286504
0.5231228758060434
0.5231152897689257
0.5231077201056351
0.5231001667461852
0.5230926296202364
0.5230851086571955
0.5230776037862952
0.5230701149366629
0.5230626420373738
0.5230551850174995
0.523047743806143
0.5230403183324716
0.5230329085257415
0.5230255143153189
0.5230181356306973
0.5230107724015117
0.523003424557549
0.5229960920287583
0.5229887747452576
0.5229814726373404
0.5229741856354793
0.5229669136703308
0.5229596566727376
0.5229524145737308
0.5229451873045312
0.5229379747965509
0.5229307769813938
0.5229235937908554
0.5229164251569237
0.5229092710117788
0.5229021312877922
0.5228950059175266
0.5228878948337358
0.5228807979693626
0.5228737152575397
0.5228666466315881
0.5228595920250156
0.522852551371517
0.5228455246049719
0.5228385116594447
0.5228315124691835
0.5228245269686178
0.522817555092359
0.5228105967751985
0.5228036519521063
0.522796720558231
0.5227898025288971
0.5227828977996059
0.5227760063060323
0.5227691279840249
0.5227622627696049
0.5227554105989647
0.5227485714084661
0.522741745134641
0.5227349317141883
0.5227281310839738
0.5227213431810291
0.5227145679425504
0.5227078053058972
0.5227010552085913
0.5226943175883161
0.5226875923829146
0.5226808795303891
0.5226741789689003
0.5226674906367653
0.522660814472457
0.5226541504146035
0.5226474984019862
0.5226408583735394
0.5226342302683487
0.5226276140256503
0.5226210095848298
0.5226144168854214
0.5226078358671067
0.5226012664697133
0.522594708633214
0.5225881622977262
0.5225816274035106
0.5225751038909694
0.5225685917006465
0.5225620907732258
0.5225556010495304
0.5225491224705213
0.5225426549772967
0.5225361985110908
0.5225297530132729
0.5225233184253465
0.5225168946889478
0.5225104817458456
0.5225040795379395
0.522497688007259
0.5224913070959629
0.5224849367463387
0.5224785769008
0.5224722275018869
0.5224658884922655
0.522459559814725
0.5224532414121787
0.5224469332276619
0.522440635204331
0.5224343472854633
0.5224280694144555
0.5224218015348223
0.5224155435901962
0.5224092955243265
0.5224030572810778
0.52239682880443
0.522390610038476
0.5223844009274221
0.5223782014155867
0.5223720114473981
0.5223658309673964
0.5223596599202293
0.5223534982506535
0.5223473459035327
0.5223412028238374
0.5223350689566434
0.5223289442471308
0.5223228286405837
0.5223167220823888
0.5223106245180349
0.5223045358931118
0.5222984561533087
0.5222923852444151
0.5222863231123178
0.522280269703002
0.522274224962548
0.5222681888371334
0.5222621612730296
0.5222561422166019
0.522250131614309
0.5222441294127013
0.5222381355584209
0.5222321499982
0.5222261726788605
0.5222202035473129
0.5222142425505555
0.5222082896356737
0.5222023447498387
0.5221964078403074
0.5221904788544203
0.5221845577396024
0.5221786444433608
0.5221727389132846
0.5221668410970436
0.5221609509423885
0.5221550683971482
0.5221491934092313
0.5221433259266229
0.5221374658973861
0.5221316132696587
0.5221257679916546
0.5221199300116615
0.5221140992780408
0.5221082757392266
0.5221024593437247
0.5220966500401119
0.5220908477770353
0.5220850525032115
0.5220792641674251
0.5220734827185292
0.5220677081054435
0.5220619402771535
0.5220561791827105
0.5220504247712302
0.5220446769918918
0.5220389357939379
0.5220332011266721
0.5220274729394605
0.5220217511817291
0.5220160358029637
0.522010326752709
0.522004623980568
0.5219989274362004
0.5219932370693228
0.521987552829708
0.5219818746671828
0.521976202531629
0.5219705363729812
0.5219648761412267
0.5219592217864046
0.5219535732586056
0.5219479305079693
0.5219422934846859
0.521936662138994
0.5219310364211798
0.521925416281577
0.5219198016705651
0.5219141925385697
0.5219085888360611
0.5219029905135533
0.5218973975216037
0.5218918098108124
0.521886227331821
0.5218806500353119
0.5218750778720083
0.5218695107926716
0.5218639487481033
0.5218583916891418
0.5218528395666628
0.5218472923315787
0.5218417499348367
0.5218362123274197
0.5218306794603447
0.521825151284661
0.5218196277514515
0.5218141088118307
0.5218085944169432
0.5218030845179654
0.5217975790661022
0.5217920780125876
0.5217865813086835
0.5217810889056793
0.5217756007548907
0.5217701168076592
0.5217646370153515
0.5217591613293584
0.5217536897010946
0.5217482220819967
0.5217427584235242
0.5217372986771576
0.5217318427943977
0.5217263907267654
0.5217209424258006
0.5217154978430614
0.5217100569301233
0.5217046196385791
0.5216991859200368
0.5216937557261208
0.5216883290084693
0.5216829057187344
0.5216774858085818
0.5216720692296888
0.5216666559337451
0.5216612458724503
0.5216558389975153
0.5216504352606595
0.5216450346136109
0.5216396370081059
0.5216342423958881
0.5216288507287069
0.5216234619583178
0.521618076036481
0.5216126929149614
0.5216073125455268
0.5216019348799479
0.5215965598699974
0.5215911874674493
0.521585817624078
0.5215804502916573
0.521575085421961
0.5215697229667599
0.5215643628778235
0.5215590051069171
0.5215536496058029
0.5215482963262377
0.5215429452199735
0.5215375962387554
0.5215322493343225
0.5215269044584052
0.5215215615627266
0.5215162205989998
0.5215108815189282
0.5215055442742051
0.5215002088165117
0.5214948750975175
0.5214895430688793
0.5214842126822395
0.5214788838892274
0.5214735566414562
0.5214682308905239
0.5214629065880113
0.5214575836854826
0.521452262134483
0.5214469418865402
0.5214416228931611
0.5214363051058328
0.5214309884760214
0.5214256729551714
0.521420358494704
0.5214150450460179
0.5214097325604872
0.5214044209894615
0.5213991102842647
0.5213938003961944
0.5213884912765212
0.521383182876488
0.5213778751473087
0.5213725680401684
0.5213672615062216
0.5213619554965923
0.5213566499623727
0.521351344854623
0.5213460401243698
0.521340735722606
0.5213354316002903
0.521330127708345
0.5213248239976571
0.5213195204190767
0.5213142169234152
0.5213089134614468
0.5213036099839056
0.5212983064414862
0.5212930027848419
0.5212876989645849
0.5212823949312853
0.5212770906354691
0.5212717860276197
0.5212664810581749
0.5212611756775276
0.5212558698360245
0.521250563483965
0.521245256571601
0.521239949049136
0.5212346408667233
0.5212293319744679
0.521224022322422
0.5212187118605872
0.5212134005389125
0.5212080883072933
0.5212027751155716
0.5211974609135339
0.521192145650911
0.5211868292773785
0.5211815117425531
0.5211761929959949
0.5211708729872043
0.5211655516656223
0.5211602289806297
0.521154904881546
0.5211495793176284
0.5211442522380716
0.5211389235920065
0.5211335933284995
0.521128261396552
0.5211229277450987
0.5211175923230082
0.5211122550790808
0.5211069159620485
0.5211015749205736
0.521096231903249
0.5210908868585958
0.5210855397350636
0.5210801904810292
0.521074839044796
0.521069485374593
0.521064129418574
0.5210587711248172
0.5210534104413236
0.5210480473160161
0.5210426816967397
0.52103731353126
0.5210319427672621
0.5210265693523503
0.5210211932340466
0.5210158143597907
0.521010432676938
0.5210050481327602
0.5209996606744429
0.5209942702490863
0.5209888768037026
0.520983480285217
0.5209780806404649
0.5209726778161929
0.5209672717590564
0.5209618624156198
0.5209564497323547
0.52095103365564
0.5209456141317602
0.5209401911069049
0.5209347645271678
0.520929334338546
0.5209239004869387
0.5209184629181468
0.5209130215778714
0.5209075764117138
0.5209021273651735
0.5208966743836482
0.520891217412432
0.520885756396716
0.5208802912815853
0.5208748220120198
0.5208693485328924
0.5208638707889687
0.5208583887249052
0.520852902285249
0.5208474114144372
0.5208419160567949
0.5208364161565352
0.5208309116577575
0.520825402504448
0.5208198886404762
0.5208143700095967
0.5208088465554467
0.5208033182215451
0.5207977849512919
0.5207922466879673
0.5207867033747304
0.5207811549546187
0.5207756013705462
0.5207700425653036
0.5207644784815567
0.5207589090618451
0.5207533342485822
0.520747753984053
0.5207421682104143
0.5207365768696923
0.5207309799037835
0.5207253772544514
0.5207197688633276
0.5207141546719096
0.52070853462156
0.5207029086535058
0.5206972767088366
0.5206916387285047
0.5206859946533228
0.5206803444239645
0.5206746879809618
0.5206690252647048
0.5206633562154408
0.520657680773272
0.5206519988781568
0.5206463104699063
0.5206406154881846
0.5206349138725078
0.5206292055622418
0.5206234904966027
0.5206177686146549
0.5206120398553097
0.520606304157325
0.5206005614593038
0.520594811699693
0.5205890548167831
0.5205832907487052
0.5205775194334326
0.5205717408087772
0.52056595481239
0.5205601613817589
0.520554360454209
0.5205485519668994
0.5205427358568241
0.5205369120608098
0.5205310805155146
0.5205252411574275
0.5205193939228671
0.5205135387479798
0.5205076755687398
0.5205018043209466
0.5204959249402252
0.5204900373620237
0.5204841415216127
0.5204782373540845
0.5204723247943508
0.5204664037771427
0.5204604742370089
0.5204545361083147
0.5204485893252403
0.5204426338217802
0.520436669531742
0.5204306963887443
0.5204247143262166
0.5204187232773978
0.5204127231753338
0.5204067139528779
0.5204006955426886
0.520394667877229
0.5203886308887644
0.5203825845093621
0.52037652867089
0.5203704633050147
0.520364388343201
0.52035830371671
0.5203522093565981
0.5203461051937154
0.5203399911587052
0.5203338671820017
0.5203277331938293
0.520321589124201
0.5203154349029173
0.5203092704595644
0.5203030957235139
0.5202969106239199
0.5202907150897191
0.5202845090496286
0.5202782924321449
0.5202720651655421
0.5202658271778717
0.5202595783969597
0.5202533187504055
0.5202470481655816
0.5202407665696317
0.520234473889468
0.5202281700517718
0.5202218549829908
0.5202155286093384
0.5202091908567914
0.5202028416510894
0.5201964809177327
0.5201901085819817
0.5201837245688544
0.5201773288031258
0.5201709212093261
0.5201645017117387
0.5201580702343996
0.520151626701096
0.5201451710353638
0.5201387031604863
0.5201322229994938
0.5201257304751611
0.5201192255100057
0.5201127080262873
0.5201061779460054
0.5200996351908986
0.5200930796824419
0.5200865113418462
0.5200799300900558
0.5200733358477476
0.5200667285353298
0.5200601080729383
0.5200534743804384
0.5200468273774201
0.520040166983198
0.5200334931168096
0.5200268056970133
0.5200201046422872
0.520013389870827
0.5200066613005447
0.5199999188490669
0.5199931624337328
0.5199863919715928
0.5199796073794072
0.5199728085736437
0.5199659954704761
0.5199591679857831
0.5199523260351455
0.5199454695338456
0.5199385983968644
0.5199317125388807
0.5199248118742693
0.5199178963170986
0.5199109657811297
0.5199040201798135
0.5198970594262905
0.5198900834333874
0.5198830921136163
0.5198760853791724
0.5198690631419329
0.5198620253134544
0.519854971804971
0.5198479025273933
0.5198408173913062
0.5198337163069662
0.5198265991843009
0.519819465932906
0.5198123164620443
0.5198051506806435
0.5197979684972933
0.5197907698202454
0.51978355455741
0.5197763226163545
0.5197690739043019
0.5197618083281277
0.5197545257943592
0.5197472262091731
0.519739909478393
0.5197325755074884
0.5197252242015714
0.5197178554653963
0.5197104692033564
0.5197030653194818
0.519695643717439
0.5196882043005266
0.519680746971675
0.5196732716334435
0.5196657781880185
0.5196582665372116
0.5196507365824564
0.5196431882248086
0.5196356213649416
0.5196280359031452
0.5196204317393243
0.5196128087729952
0.5196051669032848
0.5195975060289283
0.5195898260482653
0.5195821268592403
0.5195744083593985
0.5195666704458841
0.5195589130154388
0.5195511359643981
0.5195433391886908
0.5195355225838353
0.5195276860449383
0.5195198294666915
0.5195119527433709
0.5195040557688327
0.5194961384365123
0.5194882006394212
0.5194802422701454
0.5194722632208424
0.519464263383239
0.5194562426486291
0.5194482009078716
0.5194401380513868
0.5194320539691555
0.5194239485507159
0.5194158216851614
0.519407673261137
0.5193995031668392
0.519391311290011
0.5193830975179414
0.5193748617374615
0.5193666038349429
0.5193583236962953
0.5193500212069626
0.5193416962519221
0.5193333487156812
0.5193249784822743
0.5193165854352615
0.5193081694577246
0.5192997304322656
0.5192912682410036
0.5192827827655719
0.5192742738871166
0.5192657414862919
0.5192571854432596
0.5192486056376852
0.5192400019487348
0.5192313742550739
0.5192227224348637
0.519214046365758
0.5192053459249012
0.5191966209889258
0.5191878714339488
0.5191790971355689
0.5191702979688646
0.519161473808391
0.5191526245281761
0.5191437500017198
0.519134850101989
0.5191259247014164
0.5191169736718961
0.5191079968847827
0.5190989942108866
0.5190899655204716
0.5190809106832526
0.5190718295683916
0.5190627220444958
0.5190535879796139
0.5190444272412329
0.5190352396962767
0.5190260252111009
0.519016783651491
0.5190075148826594
0.5189982187692418
0.5189888951752947
0.518979543964292
0.5189701649991214
0.5189607581420828
0.5189513232548829
0.5189418601986345
0.5189323688338516
0.5189228490204465
0.5189133006177276
0.5189037234843946
0.5188941174785371
0.5188844824576297
0.5188748182785299
0.518865124797474
0.5188554018700745
0.518845649351316
0.5188358670955536
0.5188260549565068
0.5188162127872588
0.5188063404402514
0.5187964377672827
0.518786504619503
0.5187765408474121
0.5187665463008546
0.5187565208290181
0.5187464642804286
0.5187363765029473
0.518726257343767
0.5187161066494094
0.5187059242657202
0.5186957100378666
0.5186854638103336
0.5186751854269203
0.5186648747307355
0.5186545315641959
0.5186441557690211
0.5186337471862299
0.5186233056561376
0.5186128310183515
0.5186023231117678
0.5185917817745668
0.5185812068442109
0.5185705981574398
0.5185599555502663
0.5185492788579735
0.5185385679151108
0.5185278225554895
0.5185170426121797
0.5185062279175059
0.5184953783030435
0.5184844935996149
0.5184735736372854
0.5184626182453599
0.5184516272523776
0.5184406004861093
0.5184295377735537
0.5184184389409316
0.5184073038136846
0.5183961322164683
0.5183849239731503
0.5183736789068051
0.5183623968397104
0.518351077593343
0.5183397209883749
0.5183283268446683
0.5183168949812731
0.5183054252164206
0.5182939173675218
0.5182823712511604
0.5182707866830915
0.5182591634782348
0.5182475014506722
0.518235800413643
0.5182240601795388
0.5182122805599005
0.5182004613654132
0.5181886024059018
0.5181767034903267
0.5181647644267805
0.5181527850224821
0.5181407650837728
0.5181287044161123
0.5181166028240739
0.5181044601113399
0.5180922760806977
0.5180800505340347
0.5180677832723337
0.5180554740956695
0.5180431228032025
0.518030729193176
0.5180182930629107
0.5180058142087998
0.5179932924263045
0.5179807275099504
0.5179681192533219
0.517955467449057
0.5179427718888439
0.5179300323634157
0.5179172486625454
0.5179044205750413
0.5178915478887427
0.5178786303905143
0.5178656678662422
0.5178526601008286
0.5178396068781872
0.5178265079812379
0.5178133631919026
0.5178001722910998
0.5177869350587396
0.5177736512737197
0.5177603207139193
0.5177469431561945
0.5177335183763738
0.5177200461492524
0.5177065262485878
0.5176929584470944
0.5176793425164384
0.517665678227233
0.5176519653490331
0.5176382036503303
0.5176243928985478
0.5176105328600353
0.5175966233000634
0.5175826639828192
0.5175686546714002
0.5175545951278105
0.5175404851129537
0.5175263243866286
0.5175121127075253
0.5174978498332167
0.5174835355201568
0.5174691695236723
0.5174547515979596
0.5174402814960783
0.5174257589699456
0.5174111837703324
0.5173965556468556
0.5173818743479752
0.5173671396209868
0.5173523512120175
0.5173375088660201
0.5173226123267667
0.5173076613368451
0.5172926556376517
0.5172775949693863
0.5172624790710472
0.5172473076804247
0.5172320805340971
0.5172167973674227
0.5172014579145368
0.5171860619083444
0.5171706090805147
0.5171550991614765
0.517139531880412
0.51712390696525
0.5171082241426626
0.5170924831380568
0.5170766836755717
0.5170608254780696
0.5170449082671336
0.5170289317630586
0.5170128956848483
0.5169967997502077
0.5169806436755379
0.5169644271759305
0.5169481499651614
0.5169318117556851
0.5169154122586292
0.5168989511837881
0.5168824282396174
0.5168658431332279
0.5168491955703799
0.5168324852554772
0.5168157118915613
0.5167988751803053
0.5167819748220082
0.5167650105155888
0.5167479819585798
0.5167308888471225
0.5167137308759593
0.5166965077384295
0.5166792191264622
0.5166618647305707
0.5166444442398467
0.5166269573419535
0.5166094037231215
0.5165917830681402
0.5165740950603543
0.5165563393816563
0.5165385157124804
0.5165206237317975
0.5165026631171085
0.5164846335444377
0.5164665346883284
0.516448366221835
0.5164301278165183
0.5164118191424386
0.5163934398681502
0.5163749896606948
0.5163564681855963
0.5163378751068537
0.5163192100869359
0.5163004727867746
0.5162816628657598
0.5162627799817316
0.5162438237909768
0.5162247939482201
0.5162056901066197
0.516186511917761
0.5161672590316504
0.5161479310967088
0.5161285277597661
0.5161090486660551
0.5160894934592053
0.5160698617812364
0.516050153272553
0.5160303675719385
0.5160105043165488
0.5159905631419057
0.5159705436818917
0.5159504455687438
0.5159302684330479
0.5159100119037314
0.5158896756080589
0.5158692591716248
0.5158487622183486
0.5158281843704674
0.5158075252485317
0.5157867844713979
0.5157659616562236
0.5157450564184607
0.51572406837185
0.5157029971284152
0.5156818422984571
0.5156606034905478
0.5156392803115238
0.5156178723664827
0.5155963792587741
0.5155748005899963
0.5155531359599895
0.5155313849668302
0.5155095472068253
0.5154876222745067
0.5154656097626256
0.5154435092621457
0.5154213203622396
0.5153990426502814
0.5153766757118418
0.5153542191306824
0.5153316724887502
0.5153090353661722
0.515286307341249
0.5152634879904511
0.5152405768884114
0.5152175736079209
0.5151944777199235
0.5151712887935098
0.5151480063959127
0.5151246300925012
0.5151011594467757
0.5150775940203622
0.5150539333730084
0.5150301770625767
0.5150063246450404
0.5149823756744781
0.514958329703069
0.5149341862810872
0.5149099449568977
0.5148856052769502
0.5148611667857755
0.5148366290259798
0.5148119915382405
0.5147872538613005
0.5147624155319648
0.5147374760850946
0.5147124350536034
0.5146872919684523
0.5146620463586453
0.5146366977512249
0.5146112456712679
0.5145856896418809
0.5145600291841959
0.5145342638173653
0.5145083930585601
0.5144824164229629
0.5144563334237653
0.5144301435721641
0.5144038463773564
0.5143774413465363
0.5143509279848912
0.5143243057955974
0.514297574279817
0.5142707329366939
0.5142437812633502
0.5142167187548833
0.5141895449043615
0.5141622592028214
0.5141348611392644
0.5141073502006528
0.5140797258719083
0.5140519876359069
0.5140241349734777
0.5139961673633985
0.5139680842823942
0.513939885205133
0.513911569604225
0.5138831369502178
0.5138545867115962
0.5138259183547775
0.5137971313441111
0.513768225141875
0.5137391992082745
0.5137100530014393
0.5136807859774223
0.5136513975901971
0.5136218872916569
0.5135922545316123
0.5135624987577898
0.5135326194158303
0.5135026159492881
0.5134724877996288
0.5134422344062294
0.5134118552063756
0.5133813496352626
0.5133507171259926
0.5133199571095752
0.5132890690149265
0.5132580522688681
0.5132269062961269
0.5131956305193356
0.5131642243590315
0.5131326872336568
0.5131010185595584
0.5130692177509889
0.5130372842201059
0.513005217376973
0.5129730166295606
0.5129406813837455
0.512908211043313
0.5128756050099568
0.5128428626832813
0.5128099834608006
0.5127769667379429
0.512743811908049
0.5127105183623761
0.5126770854900984
0.5126435126783091
0.5126097993120226
0.5125759447741768
0.5125419484456354
0.51250780970519
0.5124735279295629
0.5124391024934103
0.5124045327693244
0.5123698181278371
0.512334957937423
0.5122999515645026
0.5122647983734463
0.5122294977265774
0.5121940489841765
0.5121584515044854
0.5121227046437109
0.51208680775603
0.5120507601935933
0.5120145613065303
0.5119782104429542
0.5119417069489668
0.5119050501686636
0.5118682394441393
0.5118312741154931
0.511794153520835
0.5117568769962904
0.5117194438760079
0.5116818534921637
0.5116441051749696
0.5116061982526784
0.5115681320515914
0.511529905896065
0.5114915191085176
0.5114529710094383
0.5114142609173922
0.51137538814903
0.5113363520190953
0.5112971518404317
0.5112577869239929
0.51121825657885
0.5111785601122003
0.5111386968293762
0.5110986660338545
0.5110584670272657
0.5110180991094029
0.5109775615782319
0.5109368537299018
0.510895974858753
0.51085492425733
0.5108137012163899
0.5107723050249142
0.5107307349701192
0.5106889903374672
0.510647070410678
0.5106049744717404
0.5105627018009236
0.510520251676789
0.5104776233762041
0.5104348161743516
0.5103918293447454
0.5103486621592411
0.51030531388805
0.510261783799752
0.5102180711613094
0.51017417523808
0.5101300952938312
0.5100858305907547
0.51004138038948
0.5099967439490888
0.5099519205271308
0.5099069093796377
0.5098617097611389
0.5098163209246764
0.5097707421218212
0.509724972602688
0.5096790116159526
0.5096328584088674
0.5095865122272777
0.5095399723156389
0.5094932379170336
0.509446308273188
0.5093991826244901
0.5093518602100067
0.5093043402675015
0.509256622033453
0.5092087047430734
0.5091605876303257
0.5091122699279437
0.5090637508674505
0.5090150296791769
0.5089661055922823
0.5089169778347726
0.508867645633521
0.508818108214288
0.5087683648017403
0.5087184146194731
0.5086682568900296
0.5086178908349219
0.5085673156746521
0.5085165306287337
0.5084655349157127
0.50841432775319
0.5083629083578423
0.5083112759454449
0.5082594297308933
0.5082073689282265
0.5081550927506489
0.5081026004105531
0.5080498911195442
0.5079969640884614
0.5079438185274021
0.5078904536457459
0.5078368686521781
0.5077830627547134
0.5077290351607204
0.5076747850769461
0.5076203117095398
0.5075656142640788
0.507510691945592
0.5074555439585864
0.507400169507071
0.507344567794583
0.5072887380242136
0.5072326793986323
0.507176391120114
0.5071198723905654
0.5070631224115498
0.5070061403843145
0.5069489255098165
0.5068914769887499
0.5068337940215726
0.5067758758085323
0.5067177215496942
0.5066593304449682
0.5066007016941363
0.5065418344968795
0.5064827280528055
0.5064233815614768
0.5063637942224379
0.5063039652352433
0.5062438937994858
0.5061835791148241
0.5061230203810113
0.5060622167979231
0.5060011675655858
0.5059398718842053
0.5058783289541956
0.5058165379762067
0.5057544981511539
0.5056922086802462
0.5056296687650155
0.5055668776073449
0.5055038344094982
0.5054405383741483
0.5053769887044066
0.5053131846038518
0.5052491252765592
0.5051848099271294
0.505120237760718
0.5050554079830644
0.5049903198005206
0.5049249724200814
0.5048593650494126
0.5047934968968808
0.5047273671715817
0.5046609750833713
0.5045943198428917
0.5045274006616037
0.5044602167518139
0.5043927673267038
0.5043250516003599
0.5042570687878019
0.5041888181050118
0.5041202987689626
0.5040515099976475
0.5039824510101083
0.5039131210264648
0.5038435192679424
0.5037736449569015
0.5037034973168651
0.5036330755725482
0.5035623789498853
0.503491406676059
0.5034201579795274
0.5033486320900529
0.5032768282387294
0.50320474565801
0.5031323835817351
0.5030597412451593
0.5029868178849786
0.5029136127393581
0.5028401250479583
0.5027663540519626
0.5026922989941032
0.5026179591186879
0.5025433336716271
0.5024684219004585
0.5023932230543744
0.5023177363842464
0.5022419611426514
0.5021658965838973
0.5020895419640474
0.5020128965409454
0.501935959574241
0.5018587303254132
0.5017812080577951
0.501703392036598
0.5016252815289344
0.5015468758038433
0.5014681741323109
0.5013891757872959
0.5013098800437511
0.5012302861786458
0.5011503934709889
0.5010702012018498
0.5009897086543807
0.5009089151138382
0.5008278198676032
0.5007464222052034
0.5006647214183325
0.500582716800871
0.5005004076489059
0.5004177932607505
0.5003348729369633
0.5002516459803679
0.5001681116960703
0.5000842693914787
0.50000011837632
0.49991565796265913
0.4998308874649149
0.4997458061998781
0.49966041348672796
0.499574708647048
0.49948869100484256
0.49940235988655257
0.49931571462107016
0.499228754539755
0.4991414789764472
0.4990538872674829
0.49896597875170795
0.49887775277049085
0.49878920866773724
0.4987003457899012
0.4986111634859992
0.4985216611076214
0.49843183800894364
0.49834169354673913
0.49825122708038916
0.498160437971894
0.4980693255858838
0.4979778892896274
0.49788612845304303
0.4977940424487073
0.4977016306518639
0.49760889244043266
0.49751582719501725
0.4974224342989132
0.49732871313811594
0.49723466310132713
0.49714028357996237
0.4970455739681565
0.4969505336627714
0.4968551620634001
0.49675945857237325
0.49666342259476387
0.49656705353839237
0.4964703508138306
0.4963733138344067
0.4962759420162077
0.49617823477808437
0.49608019154165345
0.49598181173130107
0.49588309477418474
0.4957840401002359
0.49568464714216176
0.49558491533544774
0.49548484411835725
0.4953844329319341
0.495283681220003
0.4951825884291694
0.495081154008821
0.4949793774111268
0.49487725809103666
0.49477479550628184
0.49467198911737376
0.49456883838760235
0.4944653427830361
0.49436150177251925
0.49425731482767166
0.49415278142288566
0.49404790103532475
0.493942673144921
0.4938370972343732
0.49373117278914314
0.4936248992974543
0.49351827625028777
0.4934113031413796
0.4933039794672178
0.4931963047270386
0.49308827842282343
0.4929799000592947
0.49287116914391293
0.49276208518687203
0.4926526477010963
0.4925428562022358
0.49243271020866297
0.4923222092414678
0.49221135282445416
0.4921001404841361
0.49198857174973215
0.49187664615316296
0.49176436322904565
0.4916517225146904
0.4915387235500959
0.4914253658779453
0.4913116490436015
0.49119757259510416
0.49108313608316484
0.49096833906116283
0.4908531810851421
0.4907376617138066
0.4906217805085169
0.490505537033287
0.49038893085477997
0.490271961542305
0.4901546286678146
0.4900369318059007
0.48991887053379274
0.4898004444313538
0.489681653081079
0.48956249606809266
0.48944297298014655
0.48932308340761743
0.4892028269435061
0.4890822031834352
0.48896121172564894
0.4888398521710113
0.4887181241230054
0.48859602718773426
0.4884735609739198
0.488350725092903
0.48822751915864493
0.48810394278772795
0.48797999559935584
0.48785567721535683
0.48773098726018455
0.4876059253609206
0.4874804911472779
0.48735468425160283
0.4872285043088795
0.4871019509567334
0.486975023835436
0.4868477225879093
0.4867200468597314
0.48659199629914185
0.48646357055704825
0.48633476928703256
0.48620559214535874
0.48607603879097944
0.4859461088855454
0.48581580209341313
0.4856851180816547
0.48555405652006706
0.48542261708118245
0.4852907994402793
0.48515860327539334
0.4850260282673297
0.4848930740996758
0.4847597404588133
0.4846260270339333
0.4844919335170489
0.48435745960301174
0.48422260498952613
0.4840873693771659
0.4839517524693911
0.4838157539725647
0.4836793735959714
0.4835426110518356
0.4834054660553414
0.4832679383246514
0.4831300275809286
0.48299173354835656
0.48285305595416195
0.48271399452863706
0.4825745490051629
0.48243471912023295
0.4822945046134785
0.4821539052276938
0.48201292070886115
0.48187155080617916
0.48172979527208903
0.4815876538623032
0.48144512633583403
0.4813022124550236
0.4811589119855736
0.48101522469657704
0.4808711503605487
0.48072668875345964
0.48058183965476786
0.48043660284745415
0.48029097811805616
0.4801449652567028
0.479998564057152
0.4798517743168261
0.4797045958368498
0.47955702842208875
0.47940907188118825
0.4792607260266125
0.47911199067468624
0.47896286564563423
0.47881335076362463
0.47866344585681075
0.4785131507573746
0.4783624653015705
0.47821138932977075
0.4780599226865102
0.4779080652205328
0.47775581678483825
0.4776031772367296
0.47745014643786177
0.47729672425429026
0.4771429105565204
0.47698870521955905
0.4768341081229638
0.4766791191508956
0.47652373819217153
0.4763679651403172
0.47621179989361995
0.4760552423551846
0.4758982924329871
0.475740950039931
0.47558321509390317
0.47542508751783125
0.47526656723974076
0.47510765419281303
0.4749483483154449
0.47478864955130645
0.4746285578494033
0.4744680731641342
0.47430719545535516
0.4741459246884385
0.47398426083433703
0.47382220386964535
0.47365975377666475
0.47349691054346527
0.4733336741639515
0.47317004463792683
0.47300602197115954
0.4728416061754471
0.47267679726868467
0.4725115952749302
0.4723460002244727
0.47218001215389993
0.47201363110616584
0.4718468571306604
0.47167969028327755
0.47151213062648567
0.4713441782293963
0.47117583316783546
0.4710070955244133
0.4708379653885961
0.4706684428567765
0.47049852803234593
0.47032822102576577
0.470157521954641
0.4699864309437907
0.46981494812532293
0.46964307363870667
0.46947080763084503
0.46929815025614924
0.46912510167661325
0.46895166206188554
0.4687778315893457
0.46860361044417753
0.46842899881944344
0.4682539969161596
0.46807860494337117
0.4679028231182263
0.4677266516660516
0.46755009082042753
0.467373140823263
0.4671958019248711
0.4670180743840446
0.4668399584681304
0.4666614544531055
0.4664825626236525
0.4663032832732341
0.46612361670416913
0.4659435632277072
0.4657631231641039
0.46558229684269614
0.46540108460197693
0.4652194867896693
0.4650375037628024
0.4648551358877846
0.4646723835404787
0.4644892471062754
0.4643057269801675
0.46412182356682335
0.46393753728066
0.46375286854591724
0.46356781779672873
0.463382385477196
0.46319657204146025
0.46301037795377353
0.4628238036885709
0.46263684973054103
0.4624495165746973
0.4622618047264477
0.46207371470166453
0.4618852470267545
0.46169640223872677
0.4615071808852613
0.4613175835247779
0.4611276107265018
0.46093726307053173
0.4607465411479056
0.46055544556066635
0.4603639769219269
0.460172135855934
0.459979922998133
0.4597873389952295
0.4595943845052532
0.45940106019761867
0.4592073667531861
0.4590133048643223
0.45881887523495957
0.45862407858065396
0.4584289156286444
0.45823338711790806
0.45803749379921793
0.4578412364351971
0.45764461580037397
0.45744763268123534
0.45725028787627897
0.45705258219606554
0.4568545164632691
0.456656091512727
0.456457308191489
0.45625816735886404
0.4560586698864677
0.4558588166582679
0.45565860857062884
0.45545804653235555
0.45525713146473523
0.4550558643015794
0.4548542459892635
0.45465227748676584
0.45444995976570624
0.4542472938103813
0.4540442806178014
0.45384092119772335
0.45363721657268463
0.45343316777803433
0.45322877586196375
0.45302404188553547
0.45281896692271134
0.452613552060379
0.4524077983983764
0.45220170704951657
0.45199527913960935
0.45178851580748247
0.45158141820500136
0.45137398749708735
0.4511662248617344
0.45095813149002445
0.45074970858614083
0.4505409573673813
0.4503318790641688
0.4501224749200605
0.4499127461917559
0.449702694149103
0.44949232007510365
0.44928162526591586
0.44907061103085644
0.4488592786924004
0.44864762958617943
0.4484356650609796
0.448223386478736
0.448010795214526
0.4477978926565624
0.4475846802061829
0.44737115927783905
0.44715733129908375
0.44694319771055624
0.44672875996596534
0.4465140195320726
0.4462989778886721
0.4460836365285686
0.4458679969575548
0.4456520606943873
0.44543582927075853
0.4452193042312699
0.44500248713340107
0.44478537954747815
0.44456798305664075
0.4443502992568062
0.44413232975663286
0.44391407617748135
0.4436955401533735
0.4434767233309509
0.4432576273694306
0.4430382539405587
0.4428186047285631
0.4425986814301049
0.4423784857542257
0.4421580194222959
0.44193728416795963
0.44171628173707855
0.44149501388767226
0.4412734823898605
0.4410516890257998
0.4408296355896196
0.4406073238873586
0.44038475573689606
0.44016193296788364
0.43993885742167493
0.43971553095125215
0.439491955421154
0.4392681327073973
0.43904406469740115
0.4388197532899071
0.438595200394898
0.4383704079335155
0.43814537783797525
0.4379201120514812
0.4376946125281365
0.4374688812328564
0.43724292014127436
0.4370167312396507
0.43679031652477734
0.43656367800388246
0.436336817694532
0.43610973762453004
0.4358824398318183
0.43565492636437353
0.4354271992801027
0.43519926064673714
0.4349711125417263
0.4347427570521278
0.43451419627449683
0.4342854323147749
0.4340564672881763
0.4338273033190725
0.43359794254087675
0.4333683870959248
0.4331386391353573
0.4329087008189975
0.43267857431523027
0.4324482618008781
0.43221776546107615
0.43198708748914655
0.43175623008646974
0.4315251954623571
0.43129398583391954
0.43106260342593716
0.43083105047072556
0.43059932920800276
0.43036744188475357
0.4301353907550937
0.42990317808013223
0.42967080612783304
0.42943827717287464
0.4292055934965104
0.4289727573864259
0.4287397711365959
0.428506637047141
0.4282733574241827
0.4280399345796966
0.4278063708313669
0.427572668502437
0.42733882992156225
0.42710485742265925
0.42687075334475666
0.4266365200318429
0.426402159832714
0.4261676751008213
0.425933068194118
0.425698341474904
0.4254634973096722
0.42522853806895117
0.42499346612714967
0.42475828386240033
0.424522993656401
0.4242875978942569
0.4240520989643226
0.42381649925804166
0.42358080116978847
0.42334500709670675
0.4231091194385497
0.4228731405975197
0.42263707297810504
0.42240091898692084
0.42216468103254484
0.4219283615253565
0.4216919628773737
0.421455487502091
0.4212189378143152
0.4209823162300036
0.4207456251660997
0.420508867040371
0.4202720442712436
0.4200351592776409
0.41979821447881793
0.41956121229419935
0.4193241551432151
0.4190870454451362
0.4188498856189133
0.41861267808301045
0.41837542525524507
0.41813812955262225
0.41790079339117264
0.41766341918579064
0.4174260093500707
0.41718856629614587
0.41695109243452544
0.416713590173934
0.4164760619211495
0.4162385100808427
0.4160009370554168
0.4157633452448471
0.41552573704652185
0.4152881148550823
0.41505048106226516
0.4148128380567434
0.41457518822397
0.4143375339460195
0.4140998776014325
0.4138622215650599
0.4136245682079076
0.41338691989698173
0.4131492789951356
0.41291164786091644
0.41267402884841264
0.4124364243071027
0.41219883658170464
0.4119612680120256
0.41172372093281284
0.4114861976736059
0.4112487005585889
0.41101123190644406
0.4107737940302064
0.41053638923711866
0.41029901982848804
0.41006168809954335
0.4098243963392935
0.4095871468303867
0.40934994184897033
0.40911278366455345
0.40887567453986823
0.40863861673073393
0.40840161248592177
0.4081646640470205
0.4079277736483034
0.40769094351659574
0.4074541758711459
0.4072174729234932
0.40698083687734193
0.40674426992843266
0.4065077742644169
0.4062713520647331
0.40603500550048177
0.4057987367343048
0.4055625479202636
0.4053264412037206
0.40509041872122015
0.4048544826003717
0.40461863495973516
0.40438287790870553
0.4041472135474009
0.4039116439665504
0.40367617124738453
0.40344079746152633
0.40320552467088366
0.4029703549275445
0.40273529027367067
0.4025003327413964
0.40226548435272563
0.40203074711943276
0.4017961230429629
0.4015616141143352
0.40132722231404705
0.40109294961197933
0.40085879796730367
0.4006247693283915
0.40039086563272347
0.40015708880680073
0.3999234407660596
0.39968992341478393
0.3994565386460228
0.3992232883415068
0.3989901743715687
0.3987571985950614
0.3985243628592833
0.39829166899989876
0.39805911884086476
0.39782671419435783
0.3975944568607003
0.39736234862829195
0.3971303912735398
0.39689858656079147
0.3966669362422686
0.39643544205800263
0.39620410573577247
0.39597292899104297
0.39574191352690424
0.3955110610340142
0.3952803731905416
0.39504985166211015
0.39481949810174516
0.3945893141498207
0.3943593014340092
0.3941294615692317
0.3938997961576095
0.3936703067884186
0.39344099503804403
0.3932118624699364
0.3929829106345696
0.39275414106940065
0.39252555529883015
0.3922971548341644
0.39206894117357916
0.3918409158020848
0.3916130801914927
0.3913854358003829
0.391157984074074
0.39093072644459287
0.3907036643306478
0.39047679913760114
0.3902501322574443
0.3900236650687744
0.3897973989367707
0.38957133521317433
0.3893454752362684
0.3891198203308593
0.38889437180825914
0.3886691309662703
0.388444099089171
0.38821927744770146
0.38799466729905246
0.3877702698868536
0.3875460864411648
0.387322118178467
0.38709836630165617
0.3868748320000366
0.38665151644931633
0.3864284208116039
0.3862055462354058
0.38598289385562606
0.3857604647935649
0.38553826015692144
0.3853162810397947
0.38509452852268816
0.38487300367251304
0.3846517075425955
0.38443064117268144
0.3842098055889458
0.3839892018040008
0.38376883081690594
0.3835486936131787
0.38332879116480656
0.38310912443026013
0.3828896943545068
0.38267050186902557
0.382451547891823
0.3822328333274502
0.38201435906702075
0.3817961259882287
0.38157813495536785
0.3813603868193542
0.38114288241774497
0.38092562257476204
0.3807086081013152
0.3804918397950249
0.38027531844024853
0.3800590448081051
0.37984301965650097
0.3796272437301585
0.3794117177606433
0.3791964424663925
0.3789814185527445
0.3787666467119691
0.3785521276232988
0.37833786195295943
0.3781238503542034
0.37791009346734195
0.3776965919197791
0.37748334632604563
0.3772703572878347
0.3770576253940361
0.37684515122077294
0.37663293533143916
0.3764209782767357
0.3762092805947089
0.3759978428107885
0.375786665437827
0.3755757489761388
0.37536509391354067
0.3751547007253911
0.3749445698746331
0.37473470181183327
0.37452509697522585
0.3743157557907537
0.37410667867211184
0.3738978660207895
0.3736893182261156
0.3734810356653004
0.37327301870348173
0.3730652676937686
0.3728577829772868
0.37265056488322434
0.3724436137288764
0.3722369298196925
0.37203051344932164
0.3718243648996604
0.3716184844408984
0.3714128723315663
0.3712075288185829
0.3710024541373028
0.37079764851156494
0.37059311215373947
0.3703888452647771
0.3701848480342573
0.36998112064043676
0.3697776632502984
0.3695744760196004
0.36937155909292535
0.3691689126037294
0.3689665366743918
0.3687644314162645
0.36856259692972104
0.3683610333042076
0.3681597406182911
0.36795871893971116
0.3677579683254272
0.3675574888216711
0.3673572804639955
0.3671573432773241
0.3669576772760026
0.3667582824638468
0.36655915883419476
0.3663603063699549
0.36616172504365735
0.36596341481750294
0.3657653756434136
0.3655676074630818
0.36537011020802035
0.3651728837996122
0.3649759281491598
0.3647792431579349
0.364582828717227
0.36438668470839397
0.36419081100291023
0.3639952074624153
0.36379987393876356
0.3636048102740729
0.36341001630077213
0.3632154918416507
0.36302123670990566
0.36282725070919075
0.3626335336336629
0.36244008526803095
0.36224690538760185
0.3620539937583291
0.3618613501368586
0.3616689742705754
0.36147686589765055
0.36128502474708674
0.3610934505387649
0.3609021429834885
0.3607111017830306
0.36052032663017697
0.36032981720877294
0.36013957319376527
0.35994959425124884
0.35975988003850856
0.3595704302040643
0.3593812443877127
0.35919232222057057
0.35900366332511763
0.35881526731523816
0.35862713379626326
0.35843926236501095
0.35825165260982944
0.35806430411063495
0.3578772164389544
0.35769038915796386
0.35750382182252793
0.35731751397923994
0.3571314651664591
0.35694567491434964
0.3567601427449182
0.35657486817205075
0.356389850701551
0.356205089831175
0.3560205850506678
0.35583633584179947
0.35565234167839943
0.35546860202639174
0.3552851163438282
0.35510188408092314
0.354918904680086
0.35473617757595344
0.3545537021954226
0.35437147795768215
0.354189504274243
0.3540077805489695
0.3538263061781097
0.3536450805503241
0.3534641030467155
0.3532833730408567
0.35310288989881977
0.3529226529792014
0.3527426616331515
0.35256291520439886
0.3523834130292768
0.3522041544367479
0.3520251387484297
0.3518463652786177
0.35166783333430873
0.3514895422152243
0.35131149121383287
0.3511336796153703
0.35095610669786237
0.35077877173214433
0.35060167398188036
0.3504248127035835
0.35024818714663336
0.35007179655329496
0.3498956401587349
0.34971971719103867
0.34954402687122604
0.34936856841326724
0.3491933410240963
0.34901834390362635
0.3488435762447615
0.34866903723341147
0.34849472604850074
0.34832064186198247
0.3481467838388478
0.34797315113713545
0.34779974290794147
0.347626558295428
0.3474535964368298
0.34728085646246293
0.34710833749572956
0.3469360386531243
0.3467639590442396
0.34659209777176847
0.3464204539315091
0.3462490266123674
0.3460778148963581
0.34590681785860655
0.34573603456734936
0.3455654640839327
0.34539510546281277
0.3452249577515533
0.3450550199908222
0.34488529121438827
0.34471577044911816
0.34454645671497
0.3443773490249872
0.34420844638529297
0.3440397477950819
0.34387125224661214
0.34370295872519585
0.3435348662091893
0.34336697366998276
0.3431992800719871
0.3430317843726229
0.34286448552230686
0.34269738246443665
0.34253047413537674
0.3423637594644417
0.3421972373738801
0.34203090677885606
0.34186476658743126
0.34169881570054483
0.3415330530119931
0.3413674774084092
0.341202087769239
0.3410368829667191
0.34087186186585317
0.34070702332438585
0.3405423661927771
0.340377889314176
0.34021359152439173
0.34004947165186583
0.3398855285176413
0.3397217609353333
0.3395581677110956
0.33939474764358946
0.33923149952394915
0.33906842213574695
0.3389055142549582
0.33874277464992375
0.3385802020813129
0.3384177953020841
0.33825555305744515
0.3380934740848123
0.3379315571137689
0.33776980086602143
0.33760820405535646
0.3374467653875945
0.3372854835605445
0.3371243572639564
0.33696338517947255
0.336802565980578
0.33664189833255076
0.3364813808924088
0.33632101230885775
0.3361607912222377
0.33600071626446676
0.33584078605898493
0.3356809992206973
0.335521354355915
0.33536185006229535
0.3352024849287803
0.335043257535536
0.3348841664538864
0.33472521024625174
0.3345663874660807
0.33440769665778336
0.3342491363566639
0.33409070508885036
0.33393240137122354
0.3337742237113454
0.3336161706073847
0.33345824054804396
0.33330043201248183
0.3331427434702364
0.33298517338114675
0.3328277201952726
0.3326703823528135
0.33251315828402545
0.33235604640913813
0.3321990451382678
0.3320421528713321
0.33188536799796114
0.3317286888974085
0.33157211393845903
0.3314156414793387
0.33125926986761856
0.33110299744012117
0.3309468225228229
0.3307907434307563
0.33063475846791074
0.33047886592713044
0.3303230640900131
0.3301673512268053
0.33001172559629655
0.3298561854457128
0.32970072901060765
0.3295453545147528
0.3293900601700247
0.32923484417629334
0.3290797047213058
0.32892463998057125
0.328769648117242
0.3286147272819941
0.32845987561290646
0.3283050912353378
0.3281503722618018
0.327995716791842
0.327841122911904
0.3276865886952043
0.32753211220160167
0.3273776914774627
0.3272233245555289
0.32706900945477785
0.3269147441802892
0.326760526723102
0.32660635506007435
0.3264522271537413
0.3262981409521687
0.32614409438880765
0.3259900853823462
0.32583611183655825
0.3256821716401531
0.3255282626666214
0.3253743827740788
0.32522052980511085
0.3250667015866112
0.3249128959296237
0.32475911062917695
0.3246053434641224
0.3244515921969661
0.3242978545737015
0.32414412832363904
0.3239904111592347
0.3238367007759157
0.3236829948519055
0.32352929104804573
0.32337558700761754
0.3232218803561598
0.3230681687012862
0.32291444963250066
0.32276072072100953
0.322606979519534
0.32245322356211864
0.32229945036393876
0.32214565742110685
0.3219918422104756
0.32183800218943975
0.3216841347957361
0.32153023744724124
0.3213763075417682
0.3212223424568604
0.32106833954958397
0.320914296156318
0.320760209592544
0.32060607715263145
0.32045189610962377
0.32029766371502066
0.3201433771985595
0.3199890337679946
0.3198346306088754
0.31968016488432116
0.31952563373479537
0.31937103427787794
0.31921636360803557
0.31906161879639
0.3189067968904853
0.31875189491405254
0.3185969098667736
0.3184418387240424
0.3182866784367253
0.3181314259309196
0.31797607810770967
0.31782063184292264
0.3176650839868818
0.3175094313641586
0.3173536707733233
0.3171977989866934
0.3170418127500816
0.3168857087825423
0.31672948377611543
0.31657313439557033
0.3164166572781471
0.3162600490332987
0.316103306242429
0.31594642545863133
0.31578940320642657
0.31563223598149726
0.3154749202504249
0.31531745245042164
0.3151598289890644
0.3150020462440272
0.31484410056281154
0.3146859882624766
0.31452770562936994
0.3143692489188557
0.31421061435504327
0.31405179813051487
0.31389279640605305
0.31373360531036776
0.31357422093982307
0.31341463935816277
0.3132548565962378
0.31309486865173136
0.31293467148888565
0.31277426103822775
0.3126136331962965
0.31245278382536856
0.3122917087531857
0.3121304037726822
0.3119688646417139
0.311807087082785
0.3116450667827792
0.3114827993926899
0.31132028052735117
0.3111575057651701
0.31099447064786173
0.31083117068018296
0.31066760132966953
0.3105037580263757
0.31033963616261206
0.3101752310926894
0.31001053813266166
0.3098455525600723
0.3096802696137032
0.30951468449332564
0.3093487923594536
0.3091825883331008
0.30901606749553956
0.30884922488806404
0.30868205551175554
0.30851455432725233
0.3083467162545226
0.3081785361726412
0.308010008919571
0.3078411292919473
0.3076718920448681
0.3075022918916882
0.30733232350381756
0.30716198151052676
0.3069912604987541
0.3068201550129224
0.3066486595547583
0.30647676858311856
0.30630447651382264
0.3061317777194917
0.3059586665293931
0.3057851372292932
0.30561118406131615
0.30543680122381067
0.30526198287122364
0.30508672311398216
0.30491101601838333
0.30473485560649227
0.30455823585604946
0.30438115070038463
0.30420359402834424
0.3040255596842226
0.3038470414677074
0.3036680331338326
0.3034885283929428
0.303308520910667
0.3031280043079041
0.3029469721608189
0.30276541800085
0.30258333531472825
0.30240071754450865
0.30221755808761364
0.3020338502968887
0.30184958748067126
0.3016647629028729
0.3014793697830747
0.3012934012966352
0.30110685057481595
0.30091971070491685
0.3007319747304293
0.30054363565120323
0.30035468642362984
0.30016511996083894
0.29997492913291385
0.29978410676712053
0.2995926456481544
0.2994005385184041
0.29920777807823146
0.29901435698626966
0.29882026785973814
0.2986255032747767
0.29843005576679676
0.2982339178308517
0.29803708192202555
0.29783954045584116
0.297641285808688
0.2974423103182687
0.2972426062840656
0.29704216596782895
0.2968409815940831
0.29663904535065455
0.2964363493892215
0.2962328858258828
0.29602864674175
0.2958236241835589
0.2956178101643048
0.29541119666389803
0.2952037756298427
0.29499553897793707
0.29478647859299567
0.2945765863295962
0.2943658540128459
0.2941542734391738
0.293941836377144
0.2937285345682923
0.29351435972798656
0.29329930354631006
0.2930833576889674
0.2928665137982137
0.2926487634938092
0.2924300983739946
0.29221051001649007
0.2919899899795204
0.2917685298028594
0.2915461210089003
0.2913227551037494
0.2910984235783402
0.29087311790957415
0.29064682956148163
0.2904195499864067
0.29019127062621447
0.2899619829135214
0.28973167827294605
0.289500348122384
0.28926798387430447
0.2890345769370659
0.2888001187162561
0.28856460061605277
0.28832801404060115
0.2880903503954185
0.28785160108881314
0.2876117575333256
0.28737081114718904
0.2871287533558067
0.28688557559325234
0.2866412693037832
0.28639582594337404
0.2861492369812678
0.28590149390154207
0.28565258820469236
0.28540251140923034
0.28515125505329897
0.2848988106962987
0.2846451699205311
0.2843903243328533
0.28413426556634713
0.2838769852819984
0.28361847517038824
0.2833587269533973
0.2830977323859162
0.28283548325756813
0.28257197139444
0.2823071886608207
0.2820411269609465
0.2817737782407551
0.2815051344896423
0.2812351877422271
0.2809639300801181
0.2806913536336868
0.2804174505838405
0.2801422131637994
0.27986563366087436
0.2795877044182458
0.279308417836741
0.27902776637661225
0.27874574255931184
0.2784623389692654
0.2781775482556414
0.27789136313411733
0.2776037763886401
0.2773147808731829
0.277024369513493
0.27673253530883424
0.2764392713337236
0.2761445707396546
0.27584842675681676
0.27555083269580205
0.2752517819493019
0.27495126799379305
0.2746492843912122
0.2743458247906174
0.27404088292983725
0.27373445263710555
0.2734265278326832
0.2731171025304652
0.2728061708395702
0.27249372696591895
0.27217976521379167
0.27186427998737206
0.2715472657922725
0.271228717237044
0.2709086290346654
0.27058699600401637
0.27026381307133174
0.26993907527163585
0.269612777750159
0.26928491576373464
0.26895548468217473
0.26862447998962896
0.2682918972859213
0.2679577322878663
0.26762198083056715
0.26728463886869136
0.26694570247772836
0.2666051678552236
0.2662630313219944
0.2659192893233255
0.26557393843014204
0.2652269753401649
0.26487839687904396
0.2645282000014714
0.2641763817922751
0.26382293946749297
0.2634678703754261
0.26311117199767287
0.26275284195014464
0.2623928779840604
0.26203127798692477
0.26166803998348487
0.2613031621366716
0.2609366427485198
0.2605684802610737
0.2601986732572715
0.2598272204618157
0.2594541207420262
0.25907937310867346
0.2587029767168002
0.258324930866524
0.25794523500382655
0.2575638887213239
0.25718089175902736
0.25679624400508544
0.25640994549651264
0.25602199641990603
0.25563239711214625
0.2552411480610861
0.2548482499062263
0.25445370343937823
0.25405750960531537
0.25365966950241065
0.25326018438326403
0.2528590556553181
0.25245628488146
0.25205187378061694
0.2516458242283356
0.25123813825735425
0.250828818058163
0.25041786597955407
0.2500052845291603
0.24959107637398587
0.2491752443409238
0.24875779141726626
0.24833872075120217
0.24791803565230622
0.24749573959201684
0.2470718362041043
0.24664632928512764
0.24621922279488254
0.24579052085683656
0.24536022775855515
0.2449283479521161
0.24449488605451114
0.24405984684803897
0.24362323528068253
0.24318505646647828
0.24274531568586993
0.24230401838604843
0.24186117018128156
0.24141677685322893
0.2409708443512389
0.24052337879263672
0.24007438646299184
0.23962387381637323
0.23917184747558534
0.23871831423238904
0.23826328104770406
0.2378067550517918
0.23734874354442212
0.23688925399501676
0.2364282940427761
0.23596587149678092
0.23550199433607477
0.23503667070972356
0.2345699089368508
0.23410171750664815
0.23363210507836338
0.2331610804812582
0.23268865271454495
0.23221483094729078
0.23173962451829555
0.23126304293594135
0.23078509587801085
0.23030579319147398
0.2298251448922448
0.22934316116490427
0.22885985236239018
0.22837522900565277
0.22788930178327457
0.22740208155105476
0.22691357933155726
0.22642380631361994
0.22593277385182614
0.22544049346593664
0.22494697684028309
0.22445223582311702
0.22395628242592172
0.22345912882267893
0.22296078734909405
0.2224612705017757
0.22196059093737466
0.22145876147167298
0.22095579507863278
0.22045170488939425
0.21994650419123005
0.21944020642645126
0.21893282519126522
0.21842437423458694
0.21791486745679928
0.21740431890846693
0.2168927427889991
0.21638015344526243
0.21586656537014579
0.2153519932010725
0.21483645171846408
0.2143199558441526
0.21380252063974126
0.21328416130491618
0.21276489317570593
0.21224473172269023
0.21172369254915901
0.21120179138921827
0.21067904410584823
0.2101554666889091
0.2096310752530969
0.20910588603584976
0.2085799153952042
0.2080531798076019
0.2075256958656481
0.20699748027582046
0.20646854985613108
0.20593892153373972
0.2054086123425224
0.20487763942058873
0.20434602000776084
0.20381377144300022
0.2032809111617945
0.20274745669349992
0.20221342565864042
0.20167883576616574
0.2011437048106677
0.20060805066955806
0.2000718913002062
0.1995352447370392
0.19899812908860476
0.19846056253459976
0.19792256332286268
0.1973841497663321
0.19684534023997582
0.19630615317768535
0.19576660706914345
0.19522672045666117
0.19468651193198977
0.19414600013310496
0.19360520374096732
0.19306414147626091
0.19252283209610807
0.19198129439076644
0.19143954718030481
0.19089760931126468
0.1903554996533027
0.18981323709582268
0.18927084054459165
0.18872832891834684
0.18818572114539234
0.18764303616018846
0.18710029289993368
0.18655751030114248
0.18601470729622072
0.18547190281003734
0.18492911575649826
0.18438636503512082
0.1838436695276114
0.18330104809444825
0.1827585195714706
0.18221610276647504
0.18167381645582348
0.18113167938105967
0.180589710245541
0.18004792771108238
0.17950635039461804
0.17896499686487827
0.17842388563908848
0.17788303517968462
0.17734246389105518
0.17680219011630086
0.1762622321340248
0.17572260815514557
0.17518333631973917
0.17464443469390903
0.17410592126668753
0.1735678139469693
0.17303013056047617
0.17249288884675812
0.17195610645622933
0.1714198009472401
0.17088398978318858
0.17034869032966943
0.16981391985166547
0.16927969551077768
0.16874603436250094
0.16821295335353997
0.16768046931917313
0.16714859898065787
0.16661735894268676
0.16608676569088757
0.16555683558937223
0.16502758487833616
0.16449902967170532
0.16397118595483484
0.16344406958225915
0.1629176962754924
0.16239208162088337
0.16186724106752146
0.16134318992519764
0.16081994336241925
0.16029751640447817
0.159775923931576
0.15925518067700264
0.15873530122537285
0.15821630001091622
0.15769819131582535
0.1571809892686602
0.15666470784280948
0.15614936085500752
0.15563496196391113
0.15512152466872997
0.15460906230791735
0.1540975880579164
0.15358711493196484
0.15307765577895516
0.15256922328235373
0.1520618299591756
0.1515554881590176
0.15105021006314578
0.15054600768364224
0.15004289286260558
0.14954087727140886
0.14903997241001263
0.1485401896063331
0.14804154001566594
0.14754403462016377
0.14704768422836803
0.14655249947479515
0.14605849081957528
0.1455656685481435
0.14507404277098424
0.1445836234234265
0.1440944202654905
0.14360644288178415
0.14311970068145144
0.14263420289816767
0.14214995859018417
0.14166697664042244
0.1411852657566132
0.1407048344714837
0.1402256911429906
0.13974784395459747
0.13927130091559747
0.13879606986147922
0.1383221584543357
0.1378495741833153
0.13737832436511416
0.13690841614450944
0.1364398564949316
0.13597265221907634
0.13550680994955405
0.135042336149577
0.13457923711368297
0.13411751896849375
0.13365718767350976
0.133198249021937
0.13274070864154805
0.13228457199557525
0.13182984438363463
0.13137653094268156
0.13092463664799375
0.13047416631418549
0.13002512459624851
0.12957751599062017
0.1291313448362775
0.12868661531585687
0.12824333145679878
0.1278014971325148
0.12736111606357844
0.12692219181893866
0.12648472781715195
0.12604872732763775
0.12561419347195124
0.12518112922507565
0.1247495374167327
0.12431942073270874
0.12389078171619905
0.12346362276916642
0.12303794615371469
0.12261375399347621
0.12219104827501226
0.12176983084922663
0.12135010343279018
0.12093186760957628
0.12051512483210733
0.12009987642300994
0.11968612357647906
0.1192738673597509
0.11886310871458212
0.1184538484587371
0.11804608728748069
0.11763982577507567
0.11723506437628711
0.11683180342788899
0.1164300431501747
0.1160297836484724
0.1156310249146596
0.11523376682868292
0.11483800916007667
0.11444375156948372
0.11405099361017537
0.11365973472957203
0.11326997427076191
0.1128817114740195
0.11249494547832146
0.1121096753228602
0.11172589994855522
0.11134361819956057
0.11096282882476925
0.11058353047931274
0.11020572172605697
0.10982940103709253
0.10945456679521998
0.10908121729542931
0.10870935074637345
0.10833896527183504
0.10797005891218711
0.10760262962584558
0.10723667529071498
0.10687219370562714
0.10650918259176986
0.10614763959410911
0.10578756228280174
0.10542894815459945
0.10507179463424338
0.10471609907584949
0.10436185876428428
0.10400907091653117
0.10365773268304537
0.10330784114909955
0.10295939333611913
0.1026123862030062
0.10226681664745277
0.10192268150724308
0.10157997756154505
0.1012387015321893
0.10089885008493783
0.10056041983074022
0.10022340732697865
0.09988780907870039
0.09955362153983899
0.09922084111442286
0.09888946415777158
0.09855948697768015
0.09823090583559095
0.09790371694775289
0.09757791648636824
0.09725350058072706
0.0969304653183285
0.09660880674598957
0.09628852087094178
0.09596960366191386
0.09565205105020295
0.0953358589307318
0.09502102316309427
0.09470753957258661
0.09439540395122734
0.09408461205876334
0.09377515962366315
0.09346704234409793
0.09316025588890883
0.09285479589856249
0.0925506579860926
0.09224783773802987
0.09194633071531824
0.09164613245421932
0.09134723846720304
0.0910496442438268
0.09075334525160167
0.09045833693684549
0.09016461472552426
0.08987217402408101
0.08958101022025156
0.0892911186838691
0.08900249476765568
0.08871513380800189
0.08842903112573469
0.08814418202687264
0.08786058180336914
0.08757822573384519
0.08729710908430849
0.08701722710886178
0.08673857505039985
0.08646114814129433
0.08618494160406756
0.08590995065205474
0.08563617049005495
0.08536359631497145
0.08509222331643988
0.0848220466774467
0.08455306157493579
0.08428526318040483
0.08401864666049078
0.08375320717754485
0.08348893989019673
0.08322583995390914
0.08296390252152105
0.08270312274378243
0.08244349576987593
0.08218501674793272
0.08192768082553445
0.08167148315020875
0.08141641886991252
0.08116248313350743
0.08090967109122496
0.08065797789512297
0.08040739869953217
0.08015792866149454
0.07990956294119121
0.07966229670236352
0.0794161251127234
0.07917104334435605
0.07892704657411392
0.07868412998400245
0.07844228876155665
0.07820151810021055
0.07796181319965748
0.07772316926620317
0.07748558151311036
0.07724904516093602
0.07701355543786047
0.07677910758000886
0.0765456968317658
0.07631331844608219
0.07608196768477413
0.07585163981881582
0.07562233012862454
0.07539403390433894
0.07516674644609052
0.07494046306426812
0.0747151790797757
0.07449088982428385
0.07426759064047471
0.07404527688228035
0.07382394391511453
0.07360358711609942
0.07338420187428482
0.0731657835908627
0.07294832767937438
0.07273182956591318
0.07251628468932098
0.07230168850137847
0.07208803646699116
0.07187532406436845
0.07166354678519854
0.0714527001348174
0.07124277963237306
0.07103378081098413
0.07082569921789406
0.07061853041461977
0.07041226997709571
0.07020691349581365
0.07000245657595715
0.06979889483753131
0.06959622391548874
0.06939443945985063
0.06919353713582341
0.06899351262391103
0.0687943616200237
0.06859607983558158
0.06839866299761509
0.06820210684886122
0.068006407147855
0.06781155966901876
0.06761756020274616
0.06742440455548336
0.06723208854980603
0.06704060802449328
0.06684995883459793
0.06666013685151281
0.06647113796303528
0.06628295807342631
0.0660955931034679
0.0659090389905169
0.06572329168855544
0.06553834716823884
0.06535420141694
0.0651708504387914
0.06498829025472366
0.06480651690250165
0.06462552643675856
0.06444531492902522
0.06426587846775926
0.06408721315836978
0.0639093151232407
0.06373218050175114
0.06355580545029318
0.06338018614228794
0.06320531876819831
0.06303119953554062
0.06285782466889316
0.06268519040990293
0.06251329301729047
0.06234212876685172
0.0621716939514592
0.06200198488106007
0.06183299788267288
0.06166472930038202
0.06149717549533079
0.06133033284571246
0.06116419774675915
0.06099876661072962
0.060834035866895134
0.0606700019615236
0.06050666135786213
0.06034401053611828
0.06018204599343931
0.06002076424389058
0.05986016181843156
0.05970023526489157
0.059540981147943324
0.059382396049075525
0.05922447656656365
0.05906721931544023
0.0589106209274634
0.05875467805108403
0.05859938735141222
0.058444745510182305
0.05829074922571704
0.05813739521289013
0.05798468020308846
0.0578326009441725
0.057681154200436395
0.05753033675256696
0.0573801453976011
0.05723057694888333
0.05708162823602155
0.056933296104842386
0.05678557741734566
0.056638469051657855
0.0564919679019853
0.056346070878565815
0.05620077490762006
0.05605607693130244
0.055911973907650854
0.05576846281053595
0.055625540629609734
0.05548320437025349
0.055341451053525476
0.05520027771610719
0.05505968141025018
0.05491965920372128
0.05478020817974797
0.05464132543696322
0.05450300808934942
0.054365253266182176
0.05422805811197358
0.054091419786415185
0.05395533546432047
0.053819802335566415
0.053684817605035795
0.05355037849255803
0.053416482232850344
0.053283126075458605
0.053150307284696864
0.053018023139588394
0.05288627093380471
0.05275504797560506
0.05262435158777602
0.0524941791075701
0.05236452788664453
0.05223539529099995
0.05210677870091851
0.051978675510902086
0.051851083129610065
0.05172399897979748
0.05159742049825205
0.05147134513573244
0.051345770356904616
0.05122069364028007
0.05109611247815217
0.05097202437653354
0.050848426855092964
0.050725317447092036
0.0506026936993223
0.05048055317204146
0.050358893438910465
0.05023771208693004
0.050117006716377005
0.04999677494074138
