0.5497564739297338
0.6017116065415058
0.586096799919522
0.5724298990213567
0.5608753029550896
0.5513857700270988
0.5437905410134677
0.5378442277503893
0.5332733794165752
0.5298114741114
0.5272199863803462
0.5252976283735796
0.5238815100116474
0.5228437618750867
0.5220862132309763
0.5215347155943334
0.5211339351802933
0.5208429455248198
0.5206316766493523
0.5204781450929985
0.5203663400459522
0.5202846347557707
0.520224605648878
0.5201801614128143
0.5201469043614462
0.5201216641150551
0.5201021581823448
0.5200867455067996
0.5200742478511025
0.5200638205407873
0.5200548590428449
0.5200469315163653
0.5200397301615266
0.5200330361597025
0.5200266944307153
0.520020595475357
0.5200146623275995
0.520008841189014
0.5200030947147033
0.5199973972070321
0.5199917311808477
0.5199860849136959
0.5199804507026733
0.5199748236275832
0.5199692006763175
0.5199635801289442
0.5199579611261785
0.5199523433689528
0.5199467269109177
0.5199411120165904
0.5199354990656687
0.5199298884896422
0.5199242807308404
0.5199186762169442
0.5199130753460295
0.5199074784786892
0.5199018859348145
0.5198962979933632
0.5198907148939628
0.5198851368395667
0.5198795639996425
0.5198739965135474
0.5198684344938769
0.5198628780296536
0.5198573271892819
0.5198517820232353
0.5198462425664647
0.5198407088405343
0.5198351808555001
0.5198296586115505
0.5198241421004325
0.5198186313066858
0.5198131262087061
0.5198076267796609
0.519802132988273
0.5197966447994932
0.5197911621750735
0.5197856850740572
0.519780213453197
0.5197747472673092
0.5197692864695779
0.5197638310118103
0.5197583808446569
0.5197529359177954
0.5197474961800895
0.519742061579721
0.5197366320643044
0.5197312075809813
0.5197257880765035
0.5197203734972999
0.5197149637895366
0.519709558899164
0.5197041587719609
0.5196987633535678
0.5196933725895181
0.5196879864252619
0.5196826048061881
0.519677227677642
0.5196718549849408
0.5196664866733853
0.5196611226882715
0.5196557629748988
0.5196504074785782
0.5196450561446377
0.5196397089184288
0.519634365745329
0.519629026570747
0.5196236913401253
0.5196183599989412
0.5196130324927111
0.5196077087669904
0.5196023887673752
0.5195970724395034
0.5195917597290556
0.519586450581755
0.5195811449433687
0.5195758427597073
0.5195705439766248
0.5195652485400197
0.519559956395834
0.5195546674900531
0.5195493817687064
0.519544099177866
0.5195388196636477
0.5195335431722096
0.5195282696497515
0.5195229990425163
0.5195177312967877
0.5195124663588909
0.5195072041751918
0.5195019446920969
0.5194966878560516
0.5194914336135423
0.519486181911093
0.5194809326952672
0.519475685912666
0.519470441509928
0.5194651994337296
0.5194599596307832
0.5194547220478376
0.5194494866316777
0.519444253329123
0.5194390220870285
0.519433792852283
0.5194285655718094
0.5194233401925639
0.5194181166615358
0.5194128949257464
0.5194076749322496
0.5194024566281303
0.5193972399605046
0.5193920248765191
0.5193868113233512
0.5193815992482067
0.5193763885983216
0.5193711793209606
0.519365971363416
0.5193607646730085
0.5193555591970863
0.519350354883024
0.519345151678223
0.5193399495301111
0.5193347483861408
0.5193295481937905
0.5193243489005632
0.5193191504539856
0.519313952801609
0.5193087558910076
0.5193035596697786
0.519298364085542
0.5192931690859397
0.5192879746186351
0.5192827806313131
0.519277587071679
0.5192723938874593
0.5192672010263994
0.5192620084362652
0.5192568160648409
0.51925162385993
0.5192464317693538
0.519241239740952
0.5192360477225813
0.5192308556621156
0.5192256635074455
0.5192204712064777
0.519215278707135
0.5192100859573552
0.5192048929050914
0.519199699498311
0.5191945056849966
0.519189311413143
0.5191841166307597
0.5191789212858691
0.5191737253265054
0.5191685287007162
0.51916333135656
0.5191581332421076
0.51915293430544
0.5191477344946496
0.5191425337578393
0.519137332043121
0.5191321292986169
0.5191269254724585
0.5191217205127858
0.5191165143677473
0.5191113069854997
0.5191060983142073
0.5191008883020418
0.519095676897182
0.5190904640478131
0.519085249702127
0.5190800338083207
0.5190748163145976
0.5190695971691659
0.519064376320239
0.5190591537160341
0.5190539293047728
0.5190487030346811
0.5190434748539877
0.5190382447109247
0.5190330125537271
0.5190277783306321
0.519022541989879
0.5190173034797088
0.5190120627483643
0.5190068197440889
0.5190015744151268
0.5189963267097235
0.5189910765761231
0.5189858239625703
0.5189805688173096
0.518975311088584
0.5189700507246352
0.5189647876737042
0.5189595218840293
0.5189542533038473
0.518948981881392
0.5189437075648949
0.5189384303025842
0.5189331500426848
0.5189278667334177
0.5189225803230002
0.5189172907596451
0.5189119979915611
0.5189067019669513
0.518901402634014
0.5188960999409419
0.5188907938359225
0.5188854842671364
0.5188801711827585
0.5188748545309568
0.5188695342598926
0.5188642103177195
0.5188588826525846
0.5188535512126266
0.518848215945976
0.5188428768007556
0.5188375337250795
0.5188321866670527
0.5188268355747713
0.5188214803963223
0.5188161210797828
0.5188107575732199
0.5188053898246912
0.518800017782243
0.5187946413939122
0.5187892606077235
0.5187838753716913
0.5187784856338186
0.5187730913420964
0.5187676924445042
0.5187622888890089
0.518756880623566
0.5187514675961175
0.5187460497545929
0.5187406270469087
0.5187351994209684
0.5187297668246614
0.5187243292058642
0.5187188865124382
0.518713438692232
0.518707985693079
0.5187025274627978
0.518697063949193
0.5186915951000535
0.5186861208631532
0.5186806411862508
0.5186751560170889
0.5186696653033946
0.518664168992879
0.5186586670332368
0.5186531593721463
0.5186476459572691
0.5186421267362503
0.5186366016567177
0.5186310706662818
0.5186255337125365
0.5186199907430569
0.5186144417054017
0.5186088865471107
0.5186033252157063
0.5185977576586922
0.5185921838235538
0.5185866036577583
0.5185810171087537
0.5185754241239691
0.518569824650815
0.5185642186366822
0.5185586060289427
0.5185529867749481
0.5185473608220312
0.5185417281175048
0.5185360886086613
0.5185304422427733
0.5185247889670935
0.5185191287288542
0.5185134614752663
0.5185077871535211
0.5185021057107889
0.518496417094219
0.5184907212509395
0.518485018128058
0.5184793076726602
0.5184735898318109
0.5184678645525534
0.5184621317819094
0.5184563914668788
0.5184506435544399
0.5184448879915491
0.5184391247251409
0.5184333537021277
0.5184275748693997
0.5184217881738251
0.5184159935622491
0.5184101909814955
0.5184043803783653
0.5183985616996365
0.5183927348920647
0.5183868999023831
0.5183810566773018
0.5183752051635082
0.5183693453076672
0.5183634770564198
0.518357600356385
0.5183517151541582
0.5183458213963119
0.5183399190293954
0.5183340079999345
0.5183280882544323
0.5183221597393685
0.5183162224011995
0.5183102761863578
0.5183043210412536
0.5182983569122728
0.5182923837457782
0.5182864014881096
0.5182804100855826
0.5182744094844898
0.5182683996311006
0.5182623804716602
0.5182563519523911
0.5182503140194917
0.5182442666191376
0.5182382096974805
0.5182321432006487
0.5182260670747472
0.5182199812658576
0.5182138857200379
0.5182077803833233
0.518201665201725
0.5181955401212311
0.518189405087807
0.5181832600473941
0.5181771049459112
0.5181709397292533
0.5181647643432933
0.5181585787338803
0.5181523828468405
0.5181461766279776
0.518139960023072
0.5181337329778817
0.5181274954381414
0.5181212473495641
0.5181149886578396
0.5181087193086351
0.518102439247596
0.518096148420345
0.5180898467724824
0.5180835342495868
0.5180772107972146
0.5180708763609005
0.518064530886157
0.5180581743184756
0.5180518066033253
0.5180454276861544
0.5180390375123897
0.5180326360274364
0.5180262231766793
0.5180197989054819
0.5180133631591866
0.518006915883116
0.5180004570225712
0.517993986522834
0.5179875043291648
0.517981010386805
0.5179745046409758
0.5179679870368786
0.5179614575196951
0.5179549160345881
0.5179483625267008
0.5179417969411576
0.5179352192230642
0.5179286293175072
0.5179220271695555
0.5179154127242593
0.5179087859266509
0.5179021467217448
0.5178954950545377
0.5178888308700096
0.5178821541131221
0.5178754647288216
0.5178687626620362
0.5178620478576784
0.5178553202606443
0.5178485798158137
0.5178418264680511
0.5178350601622057
0.5178282808431109
0.5178214884555853
0.517814682944433
0.5178078642544435
0.5178010323303923
0.517794187117041
0.5177873285591372
0.517780456601416
0.5177735711885989
0.5177666722653946
0.5177597597765
0.5177528336665993
0.5177458938803653
0.5177389403624588
0.5177319730575302
0.5177249919102184
0.5177179968651524
0.5177109878669506
0.5177039648602215
0.5176969277895647
0.5176898765995698
0.5176828112348184
0.5176757316398832
0.5176686377593294
0.5176615295377138
0.5176544069195864
0.51764726984949
0.5176401182719611
0.5176329521315299
0.5176257713727207
0.5176185759400527
0.5176113657780397
0.5176041408311913
0.5175969010440133
0.5175896463610067
0.5175823767266703
0.5175750920854992
0.5175677923819869
0.5175604775606241
0.5175531475659001
0.5175458023423034
0.5175384418343214
0.5175310659864419
0.5175236747431526
0.5175162680489417
0.5175088458482989
0.5175014080857155
0.5174939547056854
0.5174864856527039
0.5174790008712711
0.5174715003058897
0.5174639839010666
0.5174564516013138
0.5174489033511481
0.5174413390950922
0.517433758777675
0.517426162343432
0.5174185497369066
0.5174109209026492
0.5174032757852192
0.5173956143291844
0.517387936479123
0.5173802421796222
0.5173725313752804
0.5173648040107076
0.517357060030525
0.517349299379366
0.5173415220018777
0.5173337278427202
0.5173259168465678
0.5173180889581102
0.5173102441220516
0.5173023822831131
0.5172945033860317
0.5172866073755618
0.5172786941964761
0.5172707637935655
0.5172628161116406
0.5172548510955308
0.5172468686900871
0.5172388688401811
0.5172308514907062
0.5172228165865789
0.517214764072738
0.517206693894147
0.5171986059957933
0.51719050032269
0.517182376819876
0.5171742354324171
0.5171660761054061
0.5171578987839645
0.5171497034132418
0.5171414899384179
0.5171332583047025
0.5171250084573367
0.5171167403415926
0.5171084539027762
0.5171001490862257
0.5170918258373136
0.5170834841014479
0.5170751238240714
0.5170667449506636
0.5170583474267414
0.5170499311978594
0.517041496209611
0.5170330424076295
0.5170245697375885
0.5170160781452025
0.5170075675762285
0.516999037976466
0.5169904892917585
0.5169819214679939
0.5169733344511056
0.516964728187073
0.5169561026219229
0.5169474577017297
0.5169387933726172
0.5169301095807586
0.5169214062723773
0.5169126833937487
0.5169039408912005
0.5168951787111136
0.5168863967999227
0.5168775951041182
0.5168687735702461
0.5168599321449092
0.5168510707747686
0.5168421894065437
0.5168332879870137
0.5168243664630184
0.5168154247814595
0.5168064628893009
0.51679748073357
0.516788478261359
0.5167794554198251
0.5167704121561919
0.516761348417751
0.5167522641518616
0.5167431593059528
0.5167340338275238
0.5167248876641449
0.5167157207634596
0.5167065330731839
0.5166973245411086
0.5166880951150999
0.5166788447431008
0.5166695733731308
0.516660280953289
0.5166509674317534
0.5166416327567832
0.5166322768767186
0.516622899739983
0.5166135012950837
0.5166040814906123
0.5165946402752473
0.5165851775977532
0.5165756934069832
0.51656618765188
0.5165566602814758
0.5165471112448953
0.5165375404913546
0.5165279479701643
0.5165183336307293
0.5165086974225508
0.5164990392952263
0.5164893591984525
0.5164796570820245
0.5164699328958382
0.5164601865898912
0.5164504181142833
0.5164406274192187
0.5164308144550068
0.5164209791720629
0.5164111215209093
0.5164012414521777
0.5163913389166089
0.5163814138650551
0.5163714662484804
0.5163614960179621
0.5163515031246925
0.5163414875199788
0.516331449155246
0.5163213879820366
0.5163113039520131
0.516301197016958
0.5162910671287758
0.516280914239494
0.5162707383012647
0.5162605392663647
0.5162503170871986
0.5162400717162985
0.5162298031063257
0.5162195112100716
0.5162091959804606
0.5161988573705485
0.5161884953335268
0.5161781098227216
0.5161677007915966
0.5161572681937527
0.5161468119829311
0.5161363321130129
0.5161258285380219
0.5161153012121243
0.5161047500896316
0.5160941751250009
0.5160835762728363
0.5160729534878901
0.5160623067250647
0.516051635939414
0.5160409410861433
0.5160302221206123
0.5160194789983354
0.5160087116749834
0.5159979201063847
0.5159871042485268
0.5159762640575575
0.5159653994897858
0.5159545105016846
0.5159435970498901
0.5159326590912051
0.5159216965825985
0.515910709481208
0.5158996977443412
0.5158886613294763
0.5158776001942641
0.5158665142965291
0.5158554035942711
0.5158442680456656
0.5158331076090673
0.5158219222430086
0.5158107119062035
0.515799476557547
0.5157882161561183
0.5157769306611804
0.515765620032183
0.5157542842287625
0.5157429232107447
0.5157315369381449
0.5157201253711703
0.5157086884702207
0.5156972261958903
0.5156857385089688
0.515674225370443
0.515662686741498
0.5156511225835182
0.5156395328580899
0.5156279175270015
0.515616276552245
0.5156046098960181
0.5155929175207248
0.5155811993889773
0.5155694554635969
0.5155576857076158
0.5155458900842786
0.515534068557043
0.5155222210895819
0.5155103476457841
0.5154984481897563
0.5154865226858243
0.5154745710985338
0.5154625933926529
0.5154505895331725
0.5154385594853077
0.5154265032145001
0.5154144206864181
0.5154023118669588
0.5153901767222492
0.5153780152186478
0.5153658273227457
0.5153536130013681
0.5153413722215753
0.515329104950665
0.5153168111561721
0.5153044908058722
0.5152921438677805
0.5152797703101551
0.5152673701014974
0.5152549432105538
0.5152424896063164
0.5152300092580252
0.5152175021351693
0.5152049682074876
0.5151924074449709
0.5151798198178618
0.5151672052966585
0.5151545638521138
0.5151418954552375
0.5151292000772971
0.5151164776898204
0.515103728264595
0.5150909517736713
0.515078148189362
0.515065317484245
0.5150524596311641
0.5150395746032301
0.5150266623738223
0.5150137229165893
0.515000756205451
0.5149877622145996
0.5149747409185004
0.5149616922918937
0.5149486163097954
0.5149355129474988
0.514922382180576
0.514909223984878
0.5148960383365369
0.5148828252119673
0.5148695845878665
0.5148563164412167
0.5148430207492857
0.5148296974896278
0.5148163466400859
0.5148029681787917
0.5147895620841674
0.5147761283349269
0.5147626669100767
0.514749177788917
0.5147356609510434
0.514722116376347
0.5147085440450169
0.5146949439375399
0.5146813160347024
0.5146676603175919
0.514653976767597
0.514640265366409
0.5146265260960236
0.5146127589387407
0.5145989638771666
0.5145851408942146
0.5145712899731056
0.51455741109737
0.5145435042508482
0.5145295694176916
0.5145156065823637
0.5145016157296414
0.514487596844615
0.5144735499126906
0.51445947491959
0.5144453718513516
0.5144312406943327
0.5144170814352084
0.5144028940609741
0.514388678558946
0.5143744349167613
0.5143601631223804
0.5143458631640867
0.5143315350304877
0.5143171787105161
0.5143027941934308
0.5142883814688171
0.5142739405265881
0.5142594713569851
0.5142449739505788
0.5142304482982698
0.5142158943912895
0.5142013122212005
0.5141867017798983
0.514172063059611
0.5141573960529005
0.5141427007526633
0.5141279771521305
0.5141132252448699
0.5140984450247854
0.5140836364861175
0.5140687996234459
0.5140539344316873
0.5140390409060983
0.514024119042275
0.5140091688361538
0.5139941902840118
0.5139791833824677
0.5139641481284823
0.5139490845193584
0.5139339925527424
0.513918872226624
0.5139037235393368
0.5138885464895591
0.5138733410763141
0.5138581072989705
0.5138428451572424
0.5138275546511911
0.5138122357812238
0.5137968885480948
0.5137815129529064
0.5137661089971082
0.5137506766824979
0.5137352160112221
0.5137197269857755
0.5137042096090028
0.5136886638840971
0.5136730898146012
0.5136574874044089
0.5136418566577625
0.5136261975792555
0.5136105101738316
0.5135947944467855
0.513579050403762
0.5135632780507575
0.5135474773941194
0.5135316484405462
0.5135157911970873
0.5134999056711442
0.5134839918704696
0.5134680498031671
0.5134520794776926
0.5134360809028529
0.5134200540878067
0.5134039990420637
0.5133879157754854
0.5133718042982848
0.5133556646210256
0.5133394967546229
0.5133233007103428
0.5133070764998029
0.5132908241349702
0.5132745436281638
0.5132582349920524
0.5132418982396543
0.5132255333843391
0.5132091404398248
0.5131927194201795
0.5131762703398207
0.513159793213514
0.5131432880563735
0.5131267548838623
0.5131101937117906
0.513093604556316
0.5130769874339436
0.5130603423615245
0.5130436693562566
0.5130269684356829
0.5130102396176919
0.5129934829205166
0.5129766983627347
0.5129598859632674
0.5129430457413785
0.5129261777166748
0.5129092819091052
0.5128923583389595
0.5128754070268685
0.5128584279938029
0.5128414212610726
0.5128243868503268
0.5128073247835521
0.5127902350830723
0.5127731177715482
0.5127559728719759
0.5127388004076865
0.512721600402345
0.5127043728799502
0.5126871178648329
0.5126698353816556
0.5126525254554113
0.5126351881114228
0.5126178233753423
0.5126004312731487
0.512583011831149
0.5125655650759753
0.512548091034585
0.512530589734259
0.5125130612026014
0.5124955054675379
0.5124779225573147
0.5124603125004981
0.5124426753259718
0.5124250110629376
0.512407319740913
0.5123896013897308
0.5123718560395369
0.5123540837207903
0.5123362844642608
0.5123184583010282
0.512300605262481
0.5122827253803147
0.5122648186865317
0.5122468852134383
0.5122289249936443
0.5122109380600615
0.512192924445902
0.5121748841846773
0.5121568173101962
0.5121387238565639
0.5121206038581803
0.5121024573497385
0.512084284366223
0.5120660849429086
0.5120478591153587
0.5120296069194238
0.5120113283912393
0.5119930235672252
0.5119746924840827
0.511956335178794
0.5119379516886201
0.5119195420510989
0.5119011063040441
0.5118826444855422
0.511864156633953
0.511845642787905
0.5118271029862961
0.5118085372682901
0.511789945673316
0.5117713282410656
0.5117526850114918
0.5117340160248064
0.5117153213214789
0.5116966009422335
0.5116778549280488
0.5116590833201543
0.511640286160029
0.5116214634893996
0.5116026153502387
0.5115837417847615
0.5115648428354262
0.5115459185449288
0.5115269689562043
0.511507994112422
0.5114889940569844
0.5114699688335259
0.5114509184859093
0.5114318430582244
0.5114127425947856
0.5113936171401301
0.5113744667390149
0.5113552914364158
0.5113360912775239
0.511316866307744
0.5112976165726929
0.5112783421181958
0.5112590429902848
0.5112397192351972
0.5112203708993719
0.5112009980294476
0.5111816006722614
0.5111621788748446
0.5111427326844218
0.5111232621484082
0.5111037673144067
0.5110842482302059
0.5110647049437779
0.5110451375032752
0.5110255459570286
0.5110059303535454
0.5109862907415053
0.5109666271697594
0.5109469396873272
0.510927228343394
0.5109074931873082
0.5108877342685797
0.5108679516368757
0.5108481453420196
0.510828315433988
0.5108084619629075
0.510788584979053
0.510768684532845
0.5107487606748456
0.5107288134557585
0.5107088429264234
0.5106888491378154
0.510668832141042
0.5106487919873393
0.5106287287280706
0.5106086424147238
0.5105885330989071
0.5105684008323482
0.51054824566689
0.5105280676544891
0.5105078668472126
0.5104876432972348
0.5104673970568356
0.5104471281783969
0.5104268367143996
0.5104065227174214
0.5103861862401344
0.5103658273353012
0.5103454460557731
0.5103250424544864
0.5103046165844602
0.510284168498794
0.5102636982506632
0.5102432058933182
0.5102226914800806
0.5102021550643402
0.5101815966995527
0.5101610164392365
0.51014041433697
0.5101197904463884
0.5100991448211812
0.5100784775150894
0.5100577885819021
0.510037078075454
0.5100163460496228
0.5099955925583253
0.5099748176555158
0.5099540213951819
0.5099332038313429
0.5099123650180459
0.5098915050093633
0.5098706238593895
0.5098497216222391
0.5098287983520421
0.509807854102943
0.5097868889290965
0.5097659028846651
0.5097448960238158
0.5097238684007179
0.5097028200695399
0.5096817510844451
0.5096606614995914
0.5096395513691256
0.5096184207471827
0.509597269687881
0.509576098245321
0.5095549064735811
0.5095336944267157
0.509512462158751
0.5094912097236839
0.5094699371754768
0.5094486445680568
0.5094273319553118
0.5094059993910871
0.5093846469291833
0.509363274623353
0.5093418825272984
0.5093204706946676
0.5092990391790518
0.5092775880339833
0.5092561173129313
0.5092346270693002
0.5092131173564256
0.5091915882275722
0.5091700397359306
0.5091484719346144
0.5091268848766577
0.5091052786150114
0.5090836532025409
0.5090620086920237
0.5090403451361449
0.5090186625874963
0.5089969610985726
0.5089752407217681
0.5089535015093746
0.5089317435135784
0.5089099667864573
0.5088881713799777
0.5088663573459922
0.5088445247362363
0.5088226736023259
0.5088008039957544
0.5087789159678896
0.5087570095699718
0.5087350848531096
0.5087131418682789
0.5086911806663184
0.5086692012979279
0.5086472038136658
0.5086251882639444
0.5086031546990302
0.5085811031690387
0.5085590337239325
0.5085369464135194
0.5085148412874477
0.508492718395206
0.5084705777861183
0.5084484195093428
0.5084262436138686
0.508404050148513
0.5083818391619195
0.5083596107025541
0.5083373648187034
0.5083151015584724
0.5082928209697803
0.5082705231003601
0.508248207997754
0.508225875709312
0.5082035262821892
0.5081811597633425
0.5081587761995294
0.5081363756373041
0.5081139581230159
0.5080915237028062
0.5080690724226063
0.5080466043281349
0.5080241194648952
0.508001617878173
0.5079790996130339
0.5079565647143212
0.5079340132266532
0.5079114451944209
0.5078888606617848
0.5078662596726746
0.5078436422707846
0.5078210084995722
0.5077983584022562
0.5077756920218133
0.5077530094009767
0.5077303105822332
0.507707595607821
0.507684864519728
0.5076621173596887
0.5076393541691825
0.5076165749894314
0.5075937798613975
0.507570968825781
0.507548141923018
0.5075252991932782
0.5075024406764628
0.5074795664122026
0.5074566764398551
0.5074337707985037
0.5074108495269539
0.5073879126637328
0.5073649602470856
0.5073419923149748
0.5073190089050772
0.5072960100547825
0.507272995801191
0.5072499661811115
0.5072269212310592
0.5072038609872546
0.5071807854856198
0.5071576947617789
0.5071345888510536
0.5071114677884632
0.5070883316087218
0.5070651803462367
0.507042014035106
0.5070188327091176
0.5069956364017466
0.506972425146154
0.5069491989751846
0.5069259579213653
0.5069027020169035
0.5068794312936846
0.5068561457832716
0.5068328455169017
0.5068095305254862
0.5067862008396076
0.5067628564895187
0.5067394975051405
0.5067161239160602
0.5066927357515312
0.5066693330404689
0.5066459158114517
0.5066224840927173
0.5065990379121625
0.5065755772973413
0.5065521022754632
0.5065286128733917
0.5065051091176425
0.5064815910343827
0.5064580586494292
0.5064345119882465
0.506410951075946
0.5063873759372844
0.5063637865966623
0.5063401830781226
0.506316565405349
0.5062929336016656
0.5062692876900343
0.5062456276930546
0.5062219536329607
0.5061982655316225
0.5061745634105421
0.5061508472908541
0.5061271171933232
0.5061033731383437
0.5060796151459386
0.5060558432357574
0.5060320574270749
0.506008257738792
0.5059844441894317
0.50596061679714
0.5059367755796842
0.5059129205544513
0.5058890517384478
0.505865169148298
0.5058412728002429
0.50581736271014
0.5057934388934611
0.5057695013652919
0.5057455501403311
0.5057215852328893
0.5056976066568881
0.5056736144258588
0.5056496085529418
0.5056255890508861
0.5056015559320469
0.5055775092083871
0.5055534488914739
0.5055293749924799
0.5055052875221807
0.5054811864909557
0.5054570719087863
0.5054329437852545
0.5054088021295438
0.5053846469504368
0.5053604782563161
0.5053362960551617
0.5053121003545515
0.5052878911616606
0.5052636684832602
0.5052394323257168
0.505215182694992
0.505190919596642
0.5051666430358158
0.5051423530172563
0.5051180495452982
0.5050937326238684
0.5050694022564846
0.5050450584462558
0.5050207011958806
0.5049963305076477
0.5049719463834346
0.504947548824707
0.5049231378325197
0.5048987134075145
0.5048742755499204
0.5048498242595533
0.5048253595358152
0.5048008813776943
0.504776389783764
0.5047518847521827
0.5047273662806938
0.5047028343666249
0.5046782890068875
0.5046537301979771
0.5046291579359715
0.5046045722165331
0.5045799730349055
0.5045553603859156
0.5045307342639721
0.5045060946630657
0.5044814415767684
0.504456774998234
0.5044320949201971
0.5044074013349736
0.5043826942344598
0.5043579736101327
0.5043332394530496
0.5043084917538482
0.5042837305027458
0.5042589556895402
0.5042341673036085
0.5042093653339074
0.5041845497689736
0.5041597205969229
0.5041348778054507
0.5041100213818315
0.5040851513129188
0.5040602675851455
0.5040353701845242
0.5040104590966455
0.50398553430668
0.503960595799377
0.5039356435590647
0.5039106775696508
0.5038856978146216
0.5038607042770431
0.50383569693956
0.5038106757843965
0.5037856407933561
0.5037605919478219
0.5037355292287558
0.5037104526166996
0.5036853620917751
0.5036602576336833
0.5036351392217053
0.5036100068347027
0.5035848604511165
0.5035597000489683
0.5035345256058602
0.5035093370989749
0.5034841345050762
0.5034589178005084
0.5034336869611974
0.5034084419626499
0.503383182779955
0.5033579093877831
0.5033326217603868
0.5033073198716012
0.5032820036948434
0.5032566732031136
0.5032313283689955
0.503205969164655
0.5031805955618427
0.5031552075318924
0.5031298050457224
0.5031043880738351
0.5030789565863181
0.5030535105528439
0.5030280499426703
0.5030025747246409
0.5029770848671855
0.50295158033832
0.5029260611056475
0.502900527136358
0.5028749783972286
0.5028494148546248
0.5028238364744999
0.5027982432223962
0.5027726350634448
0.5027470119623659
0.50272137388347
0.5026957207906574
0.502670052647419
0.5026443694168373
0.5026186710615853
0.5025929575439283
0.5025672288257246
0.5025414848684239
0.5025157256330699
0.5024899510803003
0.5024641611703459
0.5024383558630328
0.5024125351177817
0.5023866988936093
0.502360847149128
0.5023349798425463
0.50230909693167
0.5022831983739026
0.5022572841262447
0.5022313541452963
0.5022054083872557
0.5021794468079205
0.5021534693626889
0.5021274760065588
0.5021014666941297
0.5020754413796024
0.5020494000167793
0.5020233425590661
0.5019972689594712
0.5019711791706062
0.5019450731446877
0.5019189508335367
0.5018928121885788
0.5018666571608467
0.5018404857009782
0.501814297759219
0.5017880932854217
0.501761872229047
0.5017356345391646
0.5017093801644527
0.5016831090532
0.501656821153305
0.5016305164122773
0.5016041947772379
0.5015778561949202
0.5015515006116695
0.5015251279734454
0.50149873822582
0.5014723313139811
0.5014459071827305
0.5014194657764862
0.5013930070392821
0.501366530914769
0.501340037346215
0.501313526276506
0.5012869976481472
0.5012604514032621
0.5012338874835941
0.5012073058305078
0.5011807063849878
0.5011540890876408
0.5011274538786956
0.5011008006980039
0.5010741294850409
0.5010474401789052
0.5010207327183214
0.5009940070416379
0.5009672630868296
0.5009405007914981
0.5009137200928718
0.5008869209278071
0.500860103232788
0.5008332669439285
0.5008064119969712
0.5007795383272895
0.5007526458698873
0.5007257345594004
0.5006988043300955
0.500671855115873
0.5006448868502663
0.5006178994664424
0.500590892897203
0.5005638670749847
0.5005368219318598
0.5005097573995373
0.5004826734093626
0.5004555698923193
0.5004284467790282
0.5004013039997497
0.5003741414843834
0.5003469591624685
0.500319756963185
0.5002925348153544
0.5002652926474395
0.5002380303875458
0.5002107479634215
0.5001834453024591
0.5001561223316944
0.5001287789778086
0.5001014151671282
0.5000740308256258
0.5000466258789202
0.5000192002522776
0.49999175387061245
0.4999642866584866
0.49993679854011164
0.4999092894393487
0.4998817592797084
0.49985420798435276
0.4998266354760949
0.49979904167739964
0.49977142651038453
0.49974378989681995
0.4997161317581299
0.49968845201539247
0.4996607505893408
0.4996330274003635
0.4996052823685041
0.49957751541346374
0.4995497264545999
0.4995219154109276
0.49949408220112057
0.4994662267435103
0.49943834895608835
0.4994104487565056
0.49938252606207334
0.4993545807897637
0.49932661285621033
0.49929862217770893
0.4992706086702171
0.49924257224935575
0.49921451283040996
0.4991864303283279
0.4991583246577229
0.4991301957328732
0.49910204346772286
0.49907386777588153
0.4990456685706264
0.49901744576490104
0.49898919927131713
0.4989609290021544
0.4989326348693611
0.4989043167845548
0.4988759746590229
0.49884760840372255
0.49881921792928186
0.49879080314599966
0.4987623639638471
0.4987339002924668
0.49870541204117386
0.498676899118957
0.4986483614344779
0.4986197988960722
0.49859121141175045
0.49856259888919735
0.49853396123577365
0.49850529835851515
0.49847661016413447
0.4984478965590204
0.49841915744923937
0.4983903927405345
0.4983616023383278
0.4983327861477189
0.4983039440734869
0.4982750760200893
0.49824618189166425
0.498217261592029
0.4981883150246819
0.4981593420928019
0.49813034269924905
0.49810131674656544
0.49807226413697503
0.49804318477238413
0.49801407855438196
0.49798494538424076
0.4979557851629167
0.49792659779104975
0.4978973831689641
0.4978681411966686
0.49783887177385716
0.49780957479990945
0.4977802501738904
0.4977508977945511
0.4977215175603293
0.4976921093693499
0.4976626731194234
0.49763320870804995
0.4976037160324156
0.4975741949893955
0.4975446454755528
0.49751506738713974
0.4974854606200975
0.49745582507005626
0.49742616063233586
0.49739646720194686
0.49736674467358927
0.49733699294165384
0.4973072119002224
0.4972774014430674
0.497247561463653
0.49721769185513504
0.49718779251036116
0.49715786332187106
0.49712790418189734
0.4970979149823647
0.49706789561489095
0.49703784597078754
0.49700776594105867
0.4969776554164025
0.49694751428721173
0.49691734244357183
0.4968871397752639
0.49685690617176287
0.49682664152223893
0.496796345715557
0.49676601864027703
0.4967356601846549
0.4967052702366421
0.496674848683885
0.49664439541372724
0.49661391031320773
0.4965833932690621
0.4965528441677228
0.49652226289531826
0.49649164933767465
0.49646100338031435
0.4964303249084579
0.49639961380702247
0.49636886996062274
0.49633809325357175
0.49630728356987963
0.4962764407932547
0.4962455648071034
0.49621465549453064
0.49618371273833906
0.49615273642103025
0.4961217264248043
0.49609068263155987
0.49605960492289425
0.49602849318010445
0.49599734728418526
0.49596616711583164
0.49593495255543707
0.4959037034830945
0.4958724197785965
0.4958411013214349
0.49580974799080063
0.49577835966558487
0.4957469362243784
0.4957154775454709
0.4956839835068533
0.4956524539862147
0.4956208888609452
0.49558928800813423
0.4955576513045722
0.4955259786267479
0.49549426985085143
0.49546252485277276
0.49543074350810135
0.4953989256921278
0.4953670712798414
0.49533518014593314
0.49530325216479326
0.4952712872105122
0.49523928515688115
0.49520724587739084
0.4951751692452322
0.49514305513329687
0.495110903414176
0.4950787139601612
0.49504648664324397
0.49501422133511636
0.4949819179071697
0.4949495762304962
0.49491719617588703
0.4948847776138344
0.49485232041452976
0.4948198244478643
0.49478728958342955
0.4947547156905163
0.4947221026381152
0.4946894502949164
0.49465675852931007
0.4946240272093852
0.49459125620293065
0.49455844537743454
0.4945255946000839
0.49449270373776555
0.4944597726570651
0.49442680122426674
0.49439378930535427
0.4943607367660098
0.49432764347161456
0.49429450928724805
0.4942613340776883
0.49422811770741176
0.4941948600405934
0.4941615609411061
0.49412822027252074
0.49409483789810615
0.4940614136808292
0.49402794748335416
0.49399443916804264
0.4939608885969542
0.4939272956318453
0.49389366013416947
0.49385998196507735
0.4938262609854165
0.49379249705573064
0.49375869003626066
0.4937248397869435
0.49369094616741227
0.49365700903699616
0.4936230282547206
0.49358900367930586
0.4935549351691686
0.49352082258242064
0.49348666577686856
0.4934524646100146
0.49341821893905535
0.49338392862088254
0.49334959351208146
0.49331521346893287
0.4932807883474109
0.4932463180031835
0.49321180229161266
0.49317724106775385
0.4931426341863555
0.49310798150185964
0.49307328286840074
0.4930385381398065
0.4930037471695963
0.49296890981098274
0.49293402591686986
0.49289909533985354
0.49286411793222173
0.4928290935459532
0.4927940220327187
0.4927589032438789
0.4927237370304861
0.49268852324328294
0.4926532617327021
0.4926179523488663
0.49258259494158824
0.49254718936037034
0.4925117354544043
0.4924762330725706
0.492440682063439
0.492405082275268
0.492369433556004
0.4923337357532821
0.49229798871442493
0.49226219228644275
0.4922263463160339
0.4921904506495831
0.4921545051331622
0.49211850961253034
0.4920824639331323
0.49204636794009937
0.4920102214782485
0.4919740243920828
0.49193777652579074
0.49190147772324533
0.491865127828005
0.49182872668331273
0.4917922741320958
0.49175577001696563
0.4917192141802178
0.4916826064638309
0.4916459467094672
0.4916092347584723
0.491572470451874
0.4915356536303832
0.4914987841343928
0.49146186180397783
0.4914248864788948
0.4913878579985823
0.4913507762021597
0.49131364092842733
0.4912764520158663
0.49123920930263804
0.4912019126265847
0.49116456182522766
0.49112715673576823
0.49108969719508705
0.4910521830397437
0.49101461410597713
0.49097699022970426
0.4909393112465206
0.4909015769916998
0.490863787300193
0.4908259420066293
0.4907880409453147
0.4907500839502322
0.49071207085504187
0.49067400149307994
0.4906358756973589
0.49059769330056746
0.49055945413506985
0.49052115803290547
0.49048280482578965
0.4904443943451117
0.4904059264219365
0.49036740088700276
0.49032881757072383
0.4902901763031865
0.49025147691415155
0.49021271923305343
0.4901739030889989
0.4901350283107687
0.49009609472681576
0.4900571021652654
0.49001805045391544
0.4899789394202354
0.48993976889136653
0.4899005386941222
0.4898612486549861
0.4898218986001138
0.489782488355331
0.48974301774613466
0.4897034865976919
0.4896638947348395
0.48962424198208476
0.48958452816360426
0.4895447531032445
0.4895049166245211
0.48946501855061847
0.4894250587043902
0.4893850369083586
0.48934495298471403
0.4893048067553156
0.4892645980416901
0.48922432666503246
0.48918399244620486
0.4891435952057377
0.48910313476382794
0.4890626109403402
0.4890220235548055
0.48898137242642215
0.48894065737405484
0.48889987821623476
0.48885903477115933
0.4888181268566918
0.48877715429036195
0.48873611688936486
0.4886950144705613
0.48865384685047797
0.48861261384530635
0.4885713152709037
0.48852995094279167
0.48848852067615767
0.48844702428585324
0.4884054615863951
0.4883638323919641
0.48832213651640627
0.48828037377323125
0.4882385439756134
0.4881966469363912
0.48815468246806704
0.4881126503828075
0.48807055049244263
0.4880283826084672
0.48798614654203865
0.4879438421039785
0.48790146910477256
0.4878590273545691
0.48781651666318065
0.48777393684008263
0.48773128769441465
0.48768856903497876
0.4876457806702411
0.48760292240833064
0.4875599940570399
0.48751699542382465
0.48747392631580394
0.48743078653975985
0.4873875759021381
0.4873442942090474
0.48730094126625995
0.48725751687921104
0.4872140208529998
0.48717045299238815
0.48712681310180156
0.48708310098532936
0.4870393164467243
0.48699545928940235
0.48695152931644337
0.4869075263305911
0.48686345013425286
0.4868193005295003
0.48677507731806846
0.486730780301357
0.4866864092804297
0.48664196405601456
0.4865974444285041
0.48655285019795563
0.486508181164091
0.48646343712629714
0.48641861788362567
0.4863737232347942
0.48632875297818506
0.4862837069118464
0.4862385848334923
0.48619338654050265
0.48614811182992346
0.48610276049846746
0.48605733234251397
0.4860118271581088
0.48596624474096517
0.48592058488646395
0.48587484738965314
0.4858290320452489
0.48578313864763556
0.48573716699086605
0.4856911168686616
0.4856449880744132
0.48559878040118076
0.4855524936416939
0.48550612758835304
0.4854596820332278
0.48541315676805974
0.4853665515842608
0.4853198662729148
0.48527310062477724
0.4852262544302761
0.48517932747951226
0.48513231956225933
0.4850852304679646
0.48503805998574956
0.48499080790441007
0.4849434740124169
0.48489605809791586
0.48484855994872955
0.48480097935235594
0.4847533160959706
0.48470556996642605
0.4846577407502531
0.48460982823366083
0.4845618322025373
0.48451375244245054
0.48446558873864826
0.4844173408760595
0.48436900863929394
0.484320591812644
0.4842720901800841
0.48422350352527266
0.4841748316315512
0.4841260742819462
0.48407723125916946
0.4840283023456188
0.4839792873233782
0.4839301859742194
0.48388099807960233
0.48383172342067543
0.4837823617782773
0.48373291293293585
0.48368337666487116
0.4836337527539951
0.48358404097991176
0.48353424112191956
0.4834843529590108
0.4834343762698732
0.4833843108328905
0.483334156426144
0.4832839128274124
0.4832335798141736
0.48318315716360505
0.483132644652585
0.48308204205769323
0.4830313491552126
0.48298056572112924
0.4829296915311339
0.4828787263606233
0.48282766998470034
0.4827765221781762
0.48272528271557097
0.48267395137111374
0.4826225279187456
0.48257101213211917
0.48251940378460045
0.4824677026492699
0.4824159084989233
0.48236402110607335
0.48231204024295077
0.48225996568150525
0.4822077971934068
0.48215553455004717
0.48210317752254067
0.4820507258817263
0.48199817939816836
0.4819455378421574
0.48189280098371295
0.48183996859258316
0.4817870404382474
0.4817340162899173
0.48168089591653823
0.48162767908679005
0.48157436556908967
0.48152095513159165
0.48146744754219034
0.48141384256852054
0.4813601399779595
0.48130633953762925
0.4812524410143965
0.4811984441748749
0.48114434878542767
0.4810901546121678
0.48103586142096044
0.48098146897742394
0.48092697704693255
0.48087238539461696
0.4808176937853667
0.48076290198383154
0.4807080097544239
0.48065301686131967
0.48059792306846055
0.48054272813955584
0.48048743183808407
0.4804320339272954
0.48037653417021253
0.4803209323296334
0.48026522816813283
0.4802094214480649
0.48015351193156364
0.4800974993805466
0.4800413835567158
0.4799851642215601
0.4799288411363575
0.4798724140621766
0.4798158827598793
0.479759246990122
0.47970250651335944
0.4796456610898449
0.4795887104796336
0.47953165444258455
0.47947449273836307
0.4794172251264423
0.4793598513661062
0.4793023712164515
0.47924478443639035
0.4791870907846521
0.4791292900197862
0.4790713819001642
0.47901336618398227
0.4789552426292642
0.478897010993863
0.4788386710354634
0.47878022251158564
0.47872166517958614
0.47866299879666135
0.4786042231198502
0.47854533790603604
0.47848634291194986
0.478427237894173
0.47836802260913946
0.4783086968131387
0.4782492602623184
0.47818971271268773
0.478130053920119
0.4780702836403511
0.4780104016289933
0.47795040764152613
0.4778903014333059
0.4778300827595666
0.4777697513754234
0.4777093070358758
0.4776487494958097
0.4775880785100013
0.4775272938331198
0.47746639521973055
0.47740538242429775
0.4773442552011886
0.47728301330467493
0.47722165648893766
0.47716018450806974
0.47709859711607866
0.47703689406689054
0.47697507511435316
0.47691314001223895
0.47685108851424884
0.47678892037401555
0.47672663534510584
0.47666423318102613
0.4766017136352239
0.4765390764610925
0.47647632141197377
0.47641344824116194
0.4763504567019074
0.4762873465474199
0.47622411753087246
0.4761607694054051
0.47609730192412775
0.4760337148401249
0.47597000790645916
0.4759061808761744
0.4758422335023002
0.47577816553785524
0.47571397673585136
0.47564966684929766
0.4755852356312036
0.47552068283458415
0.47545600821246264
0.4753912115178753
0.4753262925038752
0.47526125092353644
0.4751960865299578
0.47513079907626726
0.47506538831562606
0.4749998540012326
0.474934195886327
0.4748684137241956
0.4748025072681741
0.4747364762716527
0.4746703204880808
0.4746040396709702
0.4745376335739005
0.4744711019505231
0.47440444455456565
0.474337661139836
0.47427075146022823
0.4742037152697254
0.474136552322405
0.47406926237244384
0.47400184517412175
0.47393430048182705
0.4738666280500613
0.47379882763344283
0.4737308989867127
0.47366284186473934
0.4735946560225227
0.4735263412151998
0.47345789719804915
0.4733893237264957
0.4733206205561161
0.47325178744264285
0.47318282414197044
0.4731137304101598
0.47304450600344317
0.47297515067822893
0.47290566419110747
0.47283604629885667
0.47276629675844495
0.4726964153270393
0.47262640176200815
0.47255625582092864
0.47248597726158975
0.4724155658419998
0.4723450213203901
0.47227434345522135
0.47220353200518894
0.4721325867292278
0.47206150738651836
0.47199029373649243
0.47191894553883773
0.47184746255350446
0.4717758445407104
0.47170409126094665
0.47163220247498294
0.471560177943874
0.47148801742896546
0.47141572069189797
0.47134328749461485
0.47127071759936723
0.4711980107687195
0.47112516676555577
0.4710521853530855
0.4709790662948495
0.4709058093547258
0.47083241429693584
0.47075888088605033
0.4706852088869951
0.4706113980650582
0.4705374481858945
0.47046335901553293
0.4703891303203825
0.4703147618672381
0.4702402534232868
0.47016560475611485
0.4700908156337127
0.4700158858244827
0.4699408150972445
0.46986560322124155
0.4697902499661481
0.46971475510207483
0.4696391183995757
0.46956333962965446
0.46948741856377135
0.46941135497384956
0.46933514863228126
0.4692587993119348
0.46918230678616113
0.4691056708288007
0.46902889121419
0.4689519677171682
0.4688749001130834
0.4687976881778003
0.46872033168770716
0.4686428304197211
0.46856518415129683
0.46848739266043193
0.46840945572567466
0.4683313731261306
0.4682531446414699
0.4681747700519341
0.46809624913834275
0.46801758168210045
0.4679387674652051
0.46785980627025325
0.4677806978804483
0.4677014420796073
0.4676220386521687
0.46754248738319815
0.4674627880583968
0.46738294046410844
0.4673029443873265
0.4672227996157006
0.4671425059375459
0.46706206314184834
0.4669814710182725
0.46690072935717
0.46681983794958526
0.466738796587264
0.46665760506266085
0.4665762631689455
0.4664947707000115
0.4664131274504828
0.46633133321572207
0.46624938779183767
0.46616729097569143
0.4660850425649057
0.46600264235787187
0.46592009015375696
0.46583738575251205
0.4657545289548793
0.46567151956240005
0.46558835737742255
0.4655050422031087
0.46542157384344324
0.4653379521032399
0.4652541767881507
0.4651702477046721
0.46508616466015446
0.46500192746280833
0.4649175359217124
0.4648329898468231
0.4647482890489799
0.4646634333399152
0.46457842253226
0.4644932564395541
0.4644079348762531
0.46432245765773517
0.46423682460031074
0.46415103552122894
0.4640650902386865
0.46397898857183517
0.4638927303407897
0.46380631536663597
0.4637197434714389
0.46363301447825056
0.4635461282111171
0.46345908449508866
0.4633718831562254
0.4632845240216069
0.4631970069193393
0.46310933167856383
0.46302149812946447
0.462933506103276
0.4628453554322929
0.4627570459498753
0.46266857749045903
0.4625799498895636
0.4624911629837977
0.4624022166108712
0.4623131106095995
0.46222384481991385
0.4621344190828688
0.4620448332406494
0.4619550871365808
0.4618651806151346
0.46177511352193856
0.4616848857037832
0.4615944970086301
0.4615039472856208
0.4614132363850847
0.4613223641585455
0.4612313304587309
0.4611401351395799
0.4610487780562515
0.46095725906513074
0.4608655780238396
0.46077373479124256
0.46068172922745565
0.46058956119385425
0.460497230553081
0.4604047371690533
0.4603120809069725
0.4602192616333298
0.46012627921591653
0.46003313352383024
0.45993982442748294
0.4598463517986096
0.45975271551027563
0.4596589154368839
0.4595649514541841
0.4594708234392799
0.4593765312706356
0.4592820748280855
0.45918745399284105
0.4590926686474983
0.45899771867604605
0.45890260396387306
0.4588073243977763
0.4587118798659676
0.4586162702580829
0.45852049546518775
0.4584245553797862
0.4583284498958293
0.4582321789087198
0.4581357423153222
0.45803914001396884
0.4579423719044683
0.4578454378881116
0.4577483378676804
0.45765107174745456
0.45755363943321875
0.4574560408322699
0.45735827585342487
0.45726034440702756
0.45716224640495534
0.4570639817606269
0.45696555038900954
0.456866952206626
0.45676818713156075
0.4566692550834678
0.45657015598357853
0.4564708897547064
0.45637145632125514
0.4562718556092262
0.4561720875462237
0.45607215206146345
0.45597204908577726
0.4558717785516218
0.4557713403930838
0.4556707345458872
0.45556996094739893
0.455469019536637
0.4553679102542749
0.4552666330426497
0.455165187845767
0.45506357460930813
0.45496179328063635
0.4548598438088023
0.4547577261445507
0.4546554402403265
0.45455298605028016
0.4544503635302747
0.45434757263788994
0.45424461333243077
0.45414148557493006
0.454038189328157
0.45393472455662065
0.45383109122657694
0.45372728930603357
0.4536233187647554
0.45351917957427035
0.4534148717078739
0.4533103951406354
0.4532057498494024
0.4531009358128061
0.452995953011266
0.4528908014269962
0.4527854810440087
0.45267999184811913
0.45257433382695106
0.4524685069699412
0.45236251126834387
0.4522563467152353
0.4521500133055181
0.45204351103592566
0.4519368399050273
0.4518299999132306
0.4517229910627879
0.4516158133577987
0.45150846680421386
0.4514009514098404
0.4512932671843439
0.4511854141392537
0.45107739228796573
0.45096920164574567
0.45086084222973377
0.45075231405894667
0.45064361715428203
0.4505347515385207
0.4504257172363303
0.4503165142742683
0.45020714268078466
0.45009760248622477
0.4499878937228328
0.44987801642475267
0.4497679706280325
0.4496577563706257
0.44954737369239417
0.4494368226351096
0.44932610324245637
0.4492152155600335
0.44910415963535644
0.44899293551785807
0.4488815432588921
0.44876998291173353
0.44865825453157987
0.4485463581755533
0.4484342939027015
0.4483220617739994
0.4482096618523492
0.4480970942025818
0.44798435889145827
0.44787145598766936
0.44775838556183745
0.44764514768651525
0.44753174243618776
0.4474181698872718
0.4473044301181162
0.4471905232090019
0.44707644924214157
0.4469622083016793
0.4468478004736906
0.44673322584618214
0.4466184845090896
0.4465035765542791
0.4463885020755444
0.4462732611686071
0.4461578539311148
0.44604228046264016
0.44592654086467903
0.44581063524064996
0.4456945636958911
0.4455783263376595
0.44546192327512807
0.44534535461938507
0.4452286204834305
0.4451117209821735
0.4449946562324315
0.4448774263529257
0.44476003146427956
0.44464247168901516
0.44452474715155044
0.4444068579781957
0.4442888042971503
0.4441705862384992
0.4440522039342096
0.4439336575181255
0.4438149471259666
0.4436960728953212
0.4435770349656438
0.44345783347824935
0.44333846857631015
0.4432189404048496
0.44309924911073817
0.44297939484268767
0.442859377751247
0.4427391979887954
0.4426188557095382
0.4424983510695
0.44237768422651935
0.4422568553402426
0.44213586457211757
0.4420147120853869
0.44189339804508254
0.44177192261801773
0.4416502859727803
0.44152848827972613
0.4414065297109717
0.4412844104403867
0.4411621306435856
0.44103969049792147
0.4409170901824765
0.44079432987805445
0.44067140976717256
0.4405483300340522
0.4404250908646119
0.4403016924464558
0.44017813496886715
0.44005441862279787
0.4399305436008589
0.4398065100973115
0.43968231830805604
0.43955796843062356
0.43943346066416444
0.43930879520943833
0.4391839722688039
0.4390589920462074
0.4389338547471726
0.4388085605787886
0.4386831097496987
0.43855750247008957
0.43843173895167853
0.43830581940770225
0.43817974405290394
0.4380535131035215
0.43792712677727436
0.43780058529335164
0.43767388887239733
0.4375470377364996
0.43742003210917507
0.4372928722153562
0.4371655582813769
0.43703809053495973
0.4369104692051996
0.4367826945225508
0.436654766718812
0.43652668602711037
0.43639845268188737
0.436270066918883
0.43614152897512
0.4360128390888878
0.43588399749972767
0.43575500444841464
0.4356258601769419
0.43549656492850386
0.4353671189474792
0.4352375224794133
0.4351077757710009
0.43497787907006863
0.4348478326255566
0.4347176366875
0.4345872915070115
0.4344567973362616
0.43432615442845995
0.43419536303783623
0.434064423419621
0.43393333583002525
0.4338021005262206
0.4336707177663195
0.43353918780935424
0.4334075109152569
0.4332756873448372
0.4331437173597621
0.43301160122253435
0.43287933919646954
0.4327469315456753
0.4326143785350283
0.432481680430152
0.43234883749739295
0.43221585000379825
0.43208271821709243
0.4319494424056528
0.4318160228384855
0.43168245978520225
0.43154875351599464
0.43141490430160956
0.43128091241332384
0.431146778122919
0.43101250170265626
0.4308780834252481
0.43074352356383455
0.43060882239195514
0.43047398018352134
0.43033899721279073
0.43020387375433844
0.43006861008302866
0.4299332064739885
0.4297976632025768
0.42966198054435684
0.42952615877506667
0.42939019817059
0.42925409900692474
0.4291178615601549
0.42898148610641923
0.42884497292187906
0.428708322282689
0.42857153446496393
0.428434609744748
0.4282975483979815
0.4281603507004689
0.42802301692784517
0.4278855473555431
0.4277479422587588
0.42761020191241833
0.427472326591143
0.4273343165692138
0.42719617212053695
0.42705789351860773
0.4269194810364755
0.4267809349467053
0.42664225552134305
0.4265034430318774
0.4263644977492016
0.4262254199435767
0.42608620988459217
0.42594686784112723
0.42580739408131146
0.4256677888724858
0.425528052481161
0.4253881851729782
0.42524818721266766
0.4251080588640072
0.42496780038978
0.4248274120517325
0.424686894110531
0.42454624682572006
0.4244054704556756
0.4242645652575644
0.4241235314872962
0.42398236939947953
0.4238410792473774
0.42369966128285846
0.4235581157563525
0.4234164429168017
0.42327464301161366
0.423132716286613
0.42299066298599186
0.42284848335226194
0.4227061776262028
0.4225637460468129
0.42242118885125796
0.4222785062748193
0.42213569855084165
0.4219927659106806
0.42184970858364945
0.4217065267969649
0.42156322077569264
0.4214197907426921
0.4212762369185614
0.42113255952157985
0.4209887587676519
0.4208448348702494
0.4207007880403521
0.4205566184863907
0.42041232641418536
0.4202679120268863
0.42012337552491347
0.4199787171058931
0.4198339369645962
0.4196890352928768
0.419544012279606
0.41939886811060806
0.4192536029685956
0.41910821703310364
0.4189627104804219
0.4188170834835274
0.4186713362120177
0.4185254688320386
0.41837948150621745
0.41823337439358954
0.4180871476495288
0.41794080142567347
0.41779433586985393
0.4176477511260181
0.4175010473341554
0.4173542246302232
0.4172072831460671
0.41706022300934514
0.41691304434344806
0.41676574726741966
0.41661833189587694
0.416470798338927
0.4163231467020866
0.41617537708619545
0.4160274895873352
0.41587948429674093
0.4157313613007154
0.4155831206805418
0.41543476251239414
0.4152862868672472
0.4151376938107865
0.4149889834033149
0.41484015569965993
0.4146912107490788
0.41454214859516375
0.4143929692757437
0.41424367282278723
0.41409425926230287
0.41394472861423837
0.4137950808923794
0.4136453161042453
0.4134954342509863
0.41334543532727586
0.4131953193212051
0.4130450862141729
0.4128947359807775
0.41274426858870383
0.41259368399861135
0.41244298216402037
0.41229216303119476
0.41214122653902674
0.4119901726189168
0.411839001194654
0.4116877121822941
0.41153630549003584
0.41138478101809606
0.4112331386585836
0.4110813782953696
0.4109294998039594
0.4107775030513586
0.4106253878959413
0.4104731541873136
0.41032080176617763
0.4101683304641922
0.4100157401038312
0.40986303049824246
0.4097102014511023
0.4095572527564689
0.4094041841986348
0.4092509955519753
0.4090976865807973
0.4089442570391831
0.40879070667083584
0.40863703520891875
0.4084832423758957
0.40832932788336784
0.40817529143190795
0.40802113271089324
0.40786685139833573
0.4077124471607095
0.4075579196527772
0.4074032685174122
0.4072484933854205
0.4070935938753581
0.406938569593347
0.4067834201328888
0.4066281450746761
0.4064727439863987
0.4063172164225513
0.4061615619242346
0.406005780018957
0.40584987022043156
0.40569383202836906
0.40553766492827253
0.40538136839122435
0.40522494187367264
0.4050683848172143
0.4049116966483765
0.40475487677839145
0.4045979246029725
0.4044408395020841
0.4042836208397097
0.404126267963617
0.4039687802051183
0.40381115687882996
0.40365339728242594
0.4034955006963901
0.40333746638376433
0.40317929358989285
0.4030209815421631
0.4028625294497439
0.40270393650331937
0.40254520187482007
0.402386324717148
0.4022273041639017
0.40206813932909397
0.40190882930686916
0.4017493731712129
0.4015897699756617
0.40143001875300577
0.4012701185149895
0.4011100682520078
0.40094986693279655
0.4007895135041221
0.40062900689046405
0.4004683459936948
0.40030752969275507
0.40014655684332423
0.39998542627748873
0.39982413680340206
0.3996626872049437
0.39950107624137354
0.39933930264697987
0.3991773651307242
0.39901526237588053
0.39885299303967187
0.3986905557529006
0.39852794911957445
0.39836517171652686
0.3982022220930359
0.3980390987704337
0.39787580024171537
0.39771232497114
0.3975486713938286
0.39738483791535645
0.39722082291133987
0.3970566247270214
0.39689224167684367
0.3967276720440243
0.39656291408012356
0.3963979660046063
0.39623282600439896
0.39606749223344356
0.395901962812243
0.39573623582740464
0.3955703093311781
0.395404181340985
0.3952378498389478
0.39507131277141067
0.3949045680484567
0.39473761354341885
0.3945704470923871
0.39440306649370893
0.3942354695074864
0.3940676538550667
0.39389961721852906
0.3937313572401648
0.3935628715219546
0.39339415762504004
0.3932252130691875
0.39305603533225236
0.3928866218496346
0.39271697001372935
0.3925470771733764
0.3923769406333009
0.39220655765355195
0.39203592544893545
0.3918650411884432
0.39169390199467813
0.3915225049432741
0.3913508470623116
0.3911789253317304
0.39100673668273783
0.3908342779972127
0.3906615461071058
0.3904885377938377
0.3903152497876917
0.3901416787672041
0.3899678213585519
0.3897936741349367
0.3896192336159665
0.38944449626703337
0.38926945849869243
0.38909411666603316
0.38891846706805333
0.38874250594702975
0.3885662294878857
0.3883896338175604
0.38821271500437393
0.38803546905739406
0.38785789192580133
0.38767997949825395
0.38750172760225343
0.3873231320035093
0.38714418840530673
0.386964892447872
0.38678523970774353
0.3866052256971401
0.38642484586333525
0.3862440955880319
0.38606297018673996
0.3858814649081587
0.38569957493356155
0.3855172953761854
0.3853346212806257
0.3851515476222348
0.3849680693065277
0.38478418116859336
0.3845998779725123
0.3844151544107818
0.3842300051037495
0.38404442459905386
0.38385840737107535
0.38367194782039565
0.38348504027326824
0.3832976789810998
0.3831098581199406
0.38292157178999137
0.3827328140151195
0.38254357874239
0.382353859841611
0.3821636511048935
0.38197294624622713
0.3817817389010736
0.38159002262597563
0.3813977908981845
0.3812050371153077
0.38101175459497455
0.3808179365745244
0.3806235762107132
0.38042866657944746
0.38023320067553584
0.38003717141246807
0.37984057162221924
0.379643394055078
0.37944563137950404
0.37924727618201015
0.3790483209670782
0.37884875815709906
0.37864858009234825
0.3784477790309906
0.3782463471491182
0.37804427654082307
0.37784155921830337
0.3776381871120066
0.37743415207080866
0.3772294458622316
0.3770240601726996
0.3768179866078353
0.3766112166927964
0.37640374187265546
0.37619555351282136
0.3759866428995053
0.3757770012402316
0.3755666196643943
0.37535548922386147
0.375143600893626
0.3749309455725061
0.3747175140838964
0.3745032971765671
0.3742882855255164
0.3740724697328765
0.37385584032887065
0.37363838777282404
0.3734201024542321
0.3732009746938818
0.3729809947450302
0.37276015279464053
0.3725384389646745
0.37231584331344336
0.3720923558370195
0.3718679664707028
0.3716426650905517
0.3714164415149712
0.37118928550636276
0.3709611867728328
0.3707321349699651
0.37050211970265184
0.3702711305269876
0.37003915695222267
0.36980618844277924
0.369572214420328
0.3693372242659251
0.3691012073222107
0.3688641528956673
0.36862605025893724
0.36838688865320085
0.3681466572906124
0.36790534535679464
0.36766294201338934
0.36741943640066654
0.3671748176401871
0.366929074837521
0.3666821970850178
0.3664341734646297
0.366184993050786
0.3659346449133154
0.36568311812041715
0.3654304017416764
0.36517648485112714
0.364921356530354
0.3646650058716372
0.3644074219811346
0.3641485939821005
0.3638885110181391
0.36362716225648867
0.36336453689133597
0.3631006241471568
0.36283541328208235
0.3625688935912842
0.3623010544103813
0.3620318851188608
0.3617613751435129
0.3614895139618731
0.3612162911056765
0.3609416961643098
0.3606657187882664
0.36038834869260095
0.36010957566037227
0.35982938954608085
0.3595477802790921
0.3592647378670418
0.35898025239922277
0.3586943140499468
0.3584069130818802
0.35811803984934715
0.35782768480159954
0.35753583848604764
0.3572424915514498
0.35694763475105584
0.3566512589457016
0.3563533551068512
0.35605391431958283
0.3557529277855146
0.3554503868256662
0.35514628288325667
0.3548406075264288
0.354533352450903
0.354224509482552
0.3539140705798983
0.3536020278365277
0.3532883734834162
0.35297309989116993
0.3526561995721737
0.3523376651826436
0.3520174895245856
0.35169566554765364
0.3513721863509076
0.35104704518446667
0.35072023545106
0.3503917507074677
0.35006158466585485
0.34972973119499545
0.3493961843213831
0.3490609382302323
0.3487239872663631
0.34838532593497346
0.3480449489022954
0.3477028509961364
0.3473590272063055
0.34701347268492233
0.34666618274661215
0.34631715286858444
0.3459663786905973
0.34561385601480754
0.34525958080550767
0.34490354918875066
0.3445457574518632
0.34418620204285066
0.343824879569693
0.3434617867995347
0.3430969206577724
0.34273027822703606
0.3423618567460761
0.34199165360854844
0.34161966636170715
0.341245892705005
0.34087033048860427
0.34049297771180154
0.34011383252137156
0.3397328932098278
0.3393501582136104
0.33896562611120046
0.3385792956211644
0.33819116560013396
0.3378012350407248
0.3374095030693983
0.33701596894426744
0.3366206320528566
0.33622349190981293
0.33582454815457874
0.33542380054902626
0.33502124897505864
0.3346168934321841
0.33421073403506474
0.3338027710110463
0.3333930046976712
0.33298143554018167
0.3325680640890139
0.3321528909972921
0.3317359170183206
0.3313171430030854
0.33089656989776095
0.33047419874123435
0.3300500306626478
0.32962406687895773
0.32919630869252586
0.32876675748873563
0.3283354147336445
0.3279022819716703
0.3274673608233208
0.3270306529829653
0.3265921602166544
0.3261518843599898
0.32570982731604814
0.325265991053361
0.32482037760395444
0.3243729890614509
0.323923827579237
0.3234728953686974
0.3230201946975191
0.32256572788806853
0.32210949731584115
0.3216515054079898
0.32119175464192906
0.32073024754402096
0.32026698668834136
0.31980197469552823
0.3193352142317177
0.3188667080075611
0.31839645877733147
0.31792446933811713
0.317450742529101
0.3169752812309327
0.31649808836518656
0.3160191668939107
0.3155385198192662
0.31505615018325656
0.31457206106754554
0.31408625559336756
0.3135987369215256
0.3131095082524796
0.31261857282652306
0.31212593392404975
0.3116315948659046
0.3111355590138247
0.31063782977096455
0.3101384105825063
0.30963730493635416
0.309134516363911
0.3086300484409363
0.3081239047884832
0.30761608907391724
0.3071066050120062
0.3065954563660897
0.306082646949322
0.30556818062598345
0.30505206131286466
0.30453429298071727
0.30401487965577173
0.30349382542131703
0.30297113441934387
0.3024468108522471
0.3019208589845845
0.3013932831448925
0.3008640877275528
0.30033327719471054
0.2998008560782403
0.29926682898175766
0.2987312005826743
0.29819397563429306
0.2976551589679413
0.29711475549514066
0.2965727702098092
0.2960292081904936
0.29548407460263015
0.2949373747008303
0.29438911383118854
0.29383929743361176
0.293287931044163
0.2927350202974227
0.29218057092886096
0.29162458877721725
0.29106707978689017
0.2905080500103275
0.28994750561042015
0.2893854528628939
0.28882189815869697
0.2882568480063802
0.2876903090344691
0.28712228799382455
0.28655279175998727
0.2859818273355048
0.28540940185224245
0.2848355225736685
0.28426019689711535
0.2836834323560157
0.283105236622106
0.2825256175076006
0.2819445829673299
0.2813621411008418
0.2807783001544643
0.28019306852332787
0.2796064547533415
0.27901846754312465
0.2784291157458913
0.2778384083712824
0.27724635458714686
0.2766529637212682
0.2760582452630338
0.27546220886504713
0.274864864344678
0.27426622168555204
0.2736662910389748
0.27306508272529195
0.2724626072351776
0.27185887523086033
0.27125389754727064
0.27064768519312193
0.27004024935191395
0.269431601382862
0.2688217528217498
0.2682107153817036
0.2675985009538859
0.26698512160811066
0.266370589593375
0.2657549173383082
0.2651381174515371
0.2645202027219659
0.2639011861189717
0.2632810807925113
0.26265990007314133
0.26203765747195135
0.26141436668040663
0.2607900415701016
0.2601646961924237
0.2595383447781284
0.2589110017368213
0.2582826816563496
0.25765339930210357
0.2570231696162255
0.25639200771672854
0.25575992889652077
0.2551269486223428
0.25449308253361
0.25385834644116456
0.2532227563259368
0.2525863283375183
0.2519490787926394
0.2513110241735628
0.25067218112638395
0.25003256645924515
0.24939219714046007
0.2487510902965525
0.2481092632102078
0.24746673331813912
0.24682351820886875
0.24617963562042686
0.24553510343796667
0.24488993969129771
0.24424416255234047
0.24359779033250115
0.2429508414799678
0.2423033345769325
0.2416552883367358
0.24100672160093933
0.24035765333632692
0.23970810263183315
0.2390580886954063
0.23840763085080055
0.2377567485343068
0.2371054612914163
0.23645378877342532
0.23580175073397755
0.23514936702555078
0.2344966575958866
0.23384364248436396
0.23319034181832593
0.23253677580935003
0.23188296474947578
0.23122892900738373
0.23057468902453188
0.22992026531124993
0.22926567844279588
0.22861094905537216
0.22795609784211268
0.22730114554902994
0.22664611297093878
0.2259910209473483
0.22533589035832818
0.22468074212035316
0.2240255971821262
0.22337047652038242
0.2227154011356753
0.22206039204815373
0.22140547029331972
0.22075065691778473
0.22009597297501415
0.2194414395210675
0.2187870776103384
0.2181329082912926
0.21747895260220843
0.21682523156692343
0.21617176619058592
0.2155185774554163
0.2148656863164797
0.21421311369747242
0.21356088048652389
0.21290900753201575
0.21225751563842238
0.2116064255621731
0.21095575800753716
0.21030553362253718
0.20965577299488886
0.20900649664797333
0.20835772503683916
0.20770947854423985
0.20706177747670731
0.2064146420606638
0.2057680924385718
0.2051221486651258
0.20447683070348874
0.20383215842157215
0.20318815158836118
0.2025448298702905
0.20190221282766777
0.20126031991114876
0.20061917045826377
0.19997878368999988
0.19933917870743725
0.19870037448844044
0.19806238988441016
0.19742524361709207
0.19678895427544546
0.19615354031257398
0.19551902004271735
0.1948854116383071
0.19425273312708574
0.1936210023892906
0.1929902371549036
0.1923604550009677
0.19173167334897062
0.1911039094622938
0.19047718044373496
0.1898515032330936
0.18922689460483177
0.1886033711657986
0.18798094935303114
0.187359645431622
0.1867394754926582
0.18612045545123415
0.18550260104453148
0.1848859278299751
0.1842704511834566
0.1836561862976335
0.1830431481802968
0.18243135165281235
0.18182081134863212
0.1812115417118788
0.1806035569960012
0.17999687126249841
0.1793914983797191
0.17878745202172716
0.17818474566724093
0.17758339259863912
0.17698340590103984
0.17638479846144411
0.17578758296795213
0.1751917719090452
0.17459737757293567
0.17400441204698316
0.17341288721717796
0.17282281476768907
0.17223420618047794
0.1716470727349762
0.17106142550782563
0.17047727537268337
0.16989463300008611
0.1693135088573775
0.1687339132086952
0.16815585611501654
0.16757934743426411
0.16700439682146817
0.16643101372898528
0.16585920740677432
0.16528898690272562
0.16472036106304452
0.16415333853268915
0.16358792775585784
0.16302413697652918
0.16246197423905134
0.16190144738878
0.16134256407276432
0.1607853317404811
0.16022975764461134
0.15967584884186553
0.15912361219384877
0.1585730543679718
0.15802418183840117
0.15747700088705016
0.15693151760461085
0.15638773789162225
0.15584566745957606
0.1553053118320602
0.15476667634593497
0.15422976615254558
0.15369458621896492
0.15316114132927092
0.15262943608585278
0.15209947491074757
0.151571262047006
0.1510448015600841
0.15052009733926394
0.14999715309909809
0.149475972380879
0.1489565585541323
0.14843891481813215
0.14792304420343882
0.14740894957345554
0.14689663362600658
0.14638609889493195
0.14587734775170197
0.1453703824070466
0.1448652049126008
0.14436181716256652
0.14386022089538691
0.14336041769543292
0.14286240899470426
0.14236619607454054
0.14187178006734188
0.14137916195830116
0.1408883425871431
0.14039932264987276
0.13991210270053045
0.1394266831529526
0.13894306428253989
0.13846124622802833
0.13798122899326581
0.1375030124489915
0.1370265963346172
0.13655198026001342
0.1360791637072925
0.1356081460325967
0.1351389264678835
0.13467150412271126
0.13420587798602368
0.13374204692793223
0.13328000970149637
0.13281976494450046
0.13236131118122738
0.13190464682422867
0.13144977017608805
0.13099667943118243
0.13054537267743554
0.13009584789806558
0.12964810297332818
0.12920213568224884
0.1287579437043513
0.12831552462137674
0.12787487591899363
0.12743599498850106
0.12699887912852098
0.12656352554668268
0.12612993136129555
0.12569809360301415
0.12526800921649106
0.12483967506201882
0.12441308791716207
0.12398824447837747
0.1235651413626227
0.12314377510895165
0.12272414218010065
0.1223062389640587
0.1218900617756283
0.121475606857971
0.12106287038414143
0.12065184845860703
0.1202425371187556
0.11983493233638758
0.1194290300191959
0.11902482601223141
0.11862231609935425
0.11822149600467076
0.11782236139395695
0.11742490787606552
0.1170291310043214
0.11663502627789978
0.1162425891431907
0.11585181499514824
0.11546269917862648
0.11507523698969771
0.11468942367695768
0.11430525444281556
0.11392272444476778
0.11354182879665776
0.11316256256991988
0.11278492079480884
0.11240889846161234
0.11203449052185115
0.1116616918894612
0.11129049744196208
0.11092090202161008
0.1105529004365358
0.11018648746186654
0.10982165784083404
0.10945840628586603
0.1090967274796648
0.10873661607626814
0.10837806670209733
0.10802107395698901
0.10766563241521318
0.10731173662647531
0.1069593811169047
0.10660856039002722
0.10625926892772451
0.10591150119117766
0.10556525162179711
0.10522051464213827
0.10487728465680177
0.10453555605332054
0.10419532320303354
0.10385658046194296
0.10351932217156046
0.10318354265973677
0.10284923624148076
0.10251639721976158
0.10218501988629991
0.10185509852234426
0.10152662739943476
0.10119960078015376
0.10087401291886258
0.10054985806242658
0.10022713045092681
0.09990582431835793
0.0995859338933158
0.09926745339967037
0.09895037705722788
0.09863469908237946
0.09832041368873919
0.09800751508776852
0.09769599748939001
0.0973858551025891
0.097077082136004
0.09676967279850418
0.09646362129975794
0.09615892185078816
0.09585556866451768
0.09555355595630265
0.09525287794445604
0.09495352885076055
0.09465550290096983
0.09435879432529981
0.09406339735891084
0.09376930624237777
0.09347651522215078
0.09318501855100687
0.09289481048849084
0.09260588530134639
0.09231823726393867
0.09203186065866581
0.09174674977636345
0.09146289891669768
0.09118030238855027
0.09089895451039487
0.09061884961066444
0.0903399820281092
0.09006234611214739
0.08978593622320627
0.08951074673305569
0.08923677202513311
0.08896400649486065
0.08869244454995398
0.08842208061072372
0.08815290911036926
0.08788492449526385
0.08761812122523362
0.08735249377382884
0.08708803662858708
0.0868247442912902
0.08656261127821441
0.08630163212037201
0.08604180136374809
0.08578311356952949
0.08552556331432724
0.0852691451903932
0.08501385380582897
0.08475968378479005
0.08450662976768278
0.08425468641135604
0.08400384838928543
0.08375411039175401
0.08350546712602516
0.08325791331651057
0.08301144370493257
0.0827660530504816
0.08252173612996705
0.08227848773796387
0.0820363026869536
0.08179517580746033
0.08155510194818164
0.08131607597611465
0.08107809277667692
0.08084114725382374
0.08060523433015916
0.08037034894704335
0.08013648606469562
0.07990364066229305
0.0796718077380637
0.07944098230937706
0.07921115941282951
0.0789823341043262
0.0787545014591581
0.07852765657207623
0.07830179455736086
0.07807691054888821
0.0778529997001922
0.07763005718452393
0.07740807819490605
0.07718705794418482
0.07696699166507888
0.07674787461022331
0.076529702052212
0.07631246928363601
0.07609617161711832
0.07588080438534726
0.07566636294110482
0.0754528426572931
0.07524023892695826
0.07502854716331055
0.07481776279974234
0.07460788128984361
0.07439889810741401
0.07419080874647306
0.07398360872126725
0.0737772935662754
0.07357185883621054
0.07336730010602094
0.07316361297088703
0.07296079304621755
0.07275883596764267
0.0725577373910051
0.07235749299234973
0.07215809846790996
0.0719595495340933
0.07176184192746422
0.07156497140472508
0.07136893374269584
0.07117372473829164
0.07097934020849767
0.07078577599034416
0.07059302794087795
0.07040109193713356
0.07020996387610168
0.07001963967469713
0.06983011526972462
0.06964138661784301
0.06945344969552847
0.06926630049903602
0.06907993504435993
0.06889434936719194
0.0687095395228794
0.06852550158638193
0.06834223165222526
0.06815972583445629
0.06797798026659499
0.06779699110158675
0.06761675451175209
0.06743726668873654
0.0672585238434589
0.06708052220605865
0.06690325802584211
0.06672672757122823
0.06655092712969318
0.06637585300771355
0.06620150153070939
0.06602786904298634
0.06585495190767673
0.06568274650667941
0.06551124924060031
0.0653404565286906
0.06517036480878502
0.06500097053723966
0.06483227018886843
0.0646642602568796
0.0644969372528112
0.06433029770646614
0.06416433816584666
0.06399905519708822
0.06383444538439272
0.06367050532996175
0.06350723165392873
0.06334462099429075
0.06318267000684036
0.06302137536509651
0.06286073376023528
0.06270074190101961
0.06254139651373047
0.06238269434209481
0.06222463214721624
0.06206720670750305
0.06191041481859698
0.061754253293301725
0.06159871896151102
0.06144380867013589
0.06128951928303311
0.06113584768093165
0.060982790761360435
0.06083034543857485
0.0606785086434839
0.06052727732357604
0.06037664844284662
0.060226618981723413
0.06007718593699267
0.059928346321725987
0.05978009716520537
0.05963243551284926
0.05948535842613878
0.059338862982542595
0.059192946275443165
0.05904760541406198
0.05890283752338527
0.05875863974408939
0.058615009232466216
0.058471943160348754
0.058329438715036624
0.05818749309922121
0.058046103530911566
0.0579052672433599
0.05776498148498661
0.05762524351930658
0.05748605062485434
0.057347400095109906
0.05720928923842463
0.05707171537794692
0.056934675851548586
0.056798168011749806
0.05666218922564664
0.05652673687483638
0.056391808355343825
0.056257401077548376
0.056123512466109825
0.05599013995989582
0.055857281011908164
0.0557249330892097
0.055593093672852124
0.05546176025780252
0.05533093035287137
0.05520060148063944
0.055070771177386506
0.05494143699301834
0.054812596490995596
0.05468424724826142
0.05455638685517066
0.05442901291541759
0.05430212304596598
0.05417571487697695
0.054049786051739074
0.05392433422659753
0.053799357070883826
0.0536748522668457
0.053550817509577256
0.05342725050694914
0.053304148979539404
0.05318151066056395
0.05305933329580785
0.052937614643556404
0.05281635247452666
0.05269554457179916
0.05257518873074991
0.052455282758982535
0.052335824476260825
0.05221681171444128
0.05209824231740619
0.051980114140996805
0.05186242505294691
0.05174517293281622
0.05162835567192459
0.05151197117328628
0.051396017351544414
0.05128049213290561
0.051165393455074974
0.051050719267191944
0.050936467529764905
0.050822636214607926
0.050709223304776126
0.050596226794502805
0.0504836446891351
0.05037147500507203
0.05025971576970087
0.05014836502133496
0.050037420809151203
0.049926881193128415
