1.988008935231123
2.1794544592407328
2.1445938703011813
2.289160423014302
1.9075321849629123
2.1109692111843303
1.9654536165578627
2.3449096689184126
2.403709534974762
2.124827961863521
2.639525760536555
2.202573035697409
2.5694009958029076
2.62057349577104
2.169493281830679
2.2933568245619314
2.2896794384983776
2.1241015471344364
2.3803469269045427
2.255165246287609
2.078154581454964
2.2279800457317047
2.0940165355946694
2.233072976467108
2.2890413678254697
2.0965246764622294
2.1769009960494428
2.1274776248636007
2.1686102422853732
2.284943932278511
2.134462956954838
2.1354495043960524
2.143145083300243
2.125740576423274
2.2469459865217627
2.1586247223421617
2.108395522323802
2.1408667756349016
2.10849576189264
2.2053234927837684
2.1703114781019526
2.1006658662841473
2.127867634383794
2.101750161715774
2.165993171884011
2.162638196141512
2.0925669215165565
2.1056789785635814
2.0920343862436863
2.13602716257818
2.148649523793057
2.08810920679698
2.0938640192524853
2.0894691809224453
2.124647061485713
2.1419258123731786
2.0882903143470495
2.087969956761186
2.085517640383705
2.1125142813885995
2.128604728641908
2.0791870840465654
2.0725441787721133
2.0688627604054957
2.0883461118848636
2.1011584901922866
2.0499117714485418
2.0338246760385315
2.0231691999882795
2.0433340041219883
2.0472476771504673
1.977046728492044
1.9587501160133032
1.9528568805777349
2.025490730557726
1.970534629902084
1.8969785285964933
1.893525660762495
2.0152438051806123
2.015178098275114
1.8193314464641226
1.8369401090081516
1.9380079708551516
2.0127687723301153
1.6051029103810295
1.6958494961039794
1.5841288337709643
1.7795069269825656
1.290222464277165
1.388546468520441
1.264441425901167
1.1831704887161634
1.0919986783030744
1.0507996566255806
1.122044708717699
0.9982758799531201
0.9388675062894876
0.8330749320192696
0.8258620632898579
0.6507868836061783
0.5384449200986451
0.35155108867045226
0.25065552458143586
0.15691135058386665
0.10093203369822043
0.07517120330866904
0.05869464818512212
0.04697703950642496
