0.6795179579121573
0.7377300830212365
0.7167670840766714
0.694637337552211
0.6718189120578055
0.6489661621081966
0.6268668175375701
0.6063331582748948
0.5880587813869482
0.5724915366551182
0.5597739256014045
0.5497690685160735
0.542147821985768
0.5364923036885222
0.5323800798881546
0.5294351356463942
0.5273489614897999
0.5258819656994494
0.5248549811733416
0.5241374911006942
0.523636132835646
0.5232849593747019
0.5230377946726802
0.5228625010521918
0.522736803801168
0.5226453075709655
0.5225773915190093
0.5225257372125978
0.5224853051535787
0.5224526260881162
0.5224253116458054
0.5224017170664317
0.522380709040458
0.5223615060334028
0.5223435685160472
0.522326523519475
0.5223101127824511
0.5222941571077866
0.5222785318527504
0.5222631500672694
0.522247950885846
0.5222328915294642
0.52221794178896
0.52220308021502
0.5221882914826963
0.5221735645649225
0.5221588914638415
0.5221442663272433
0.5221296848312793
0.522115143747634
0.5221006406387497
0.5220861736421809
0.5220717413171732
0.5220573425348382
0.5220429763989992
0.5220286421887168
0.522014339316217
0.5220000672958376
0.5219858257208991
0.5219716142463244
0.5219574325754572
0.5219432804499784
0.5219291576421203
0.5219150639486114
0.5219009991859238
0.5218869631865222
0.5218729557958809
0.5218589768700977
0.5218450262739784
0.5218311038794874
0.5218172095644937
0.5218033432117508
0.521789504708064
0.5217756939436096
0.5217619108113769
0.5217481552067113
0.5217344270269366
0.5217207261710461
0.5217070525394465
0.5216934060337469
0.5216797865565863
0.5216661940114884
0.5216526283027436
0.5216390893353104
0.5216255770147349
0.5216120912470825
0.5215986319388821
0.5215851989970818
0.5215717923290082
0.5215584118423359
0.5215450574450615
0.5215317290454805
0.5215184265521702
0.5215051498739744
0.5214918989199899
0.5214786735995569
0.5214654738222501
0.5214522994978712
0.5214391505364424
0.5214260268482022
0.5214129283435995
0.5213998549332914
0.5213868065281393
0.521373783039206
0.521360784377754
0.521347810455243
0.5213348611833291
0.5213219364738614
0.5213090362388825
0.5212961603906265
0.521283308841518
0.5212704815041709
0.5212576782913881
0.5212448991161605
0.5212321438916653
0.5212194125312665
0.5212067049485134
0.5211940210571409
0.5211813607710672
0.5211687240043954
0.5211561106714107
0.5211435206865809
0.5211309539645562
0.521118410420168
0.5211058899684283
0.5210933925245294
0.5210809180038433
0.5210684663219213
0.521056037394493
0.5210436311374662
0.5210312474669262
0.5210188862991354
0.521006547550532
0.5209942311377308
0.5209819369775214
0.5209696649868685
0.5209574150829108
0.5209451871829611
0.5209329812045045
0.5209207970651992
0.520908634682876
0.5208964939755356
0.5208843748613514
0.5208722772586661
0.5208602010859924
0.5208481462620125
0.5208361127055767
0.5208241003357044
0.5208121090715816
0.520800138832562
0.5207881895381656
0.520776261108078
0.5207643534621502
0.5207524665203985
0.5207406002030027
0.5207287544303068
0.5207169291228171
0.5207051242012031
0.520693339586296
0.5206815751990882
0.5206698309607328
0.5206581067925437
0.5206464026159937
0.5206347183527148
0.5206230539244978
0.520611409253291
0.5205997842612001
0.5205881788704877
0.5205765930035725
0.5205650265830286
0.5205534795315852
0.5205419517721257
0.5205304432276877
0.5205189538214618
0.5205074834767913
0.5204960321171712
0.5204845996662487
0.5204731860478212
0.5204617911858369
0.5204504150043935
0.5204390574277378
0.5204277183802652
0.5204163977865189
0.5204050955711895
0.5203938116591151
0.5203825459752784
0.5203712984448093
0.5203600689929818
0.5203488575452149
0.5203376640270705
0.5203264883642547
0.5203153304826154
0.5203041903081435
0.5202930677669705
0.5202819627853691
0.5202708752897525
0.5202598052066731
0.5202487524628228
0.5202377169850316
0.520226698700268
0.5202156975356372
0.5202047134183814
0.5201937462758787
0.520182796035643
0.5201718626253231
0.5201609459727021
0.5201500460056968
0.5201391626523574
0.5201282958408664
0.5201174454995382
0.5201066115568187
0.520095793941285
0.5200849925816442
0.5200742074067325
0.5200634383455156
0.5200526853270879
0.5200419482806711
0.5200312271356141
0.5200205218213931
0.5200098322676103
0.5199991584039926
0.5199885001603927
0.519977857466787
0.5199672302532763
0.5199566184500839
0.5199460219875559
0.5199354407961605
0.5199248748064873
0.5199143239492465
0.5199037881552686
0.519893267355504
0.5198827614810217
0.5198722704630095
0.5198617942327735
0.519851332721736
0.519840885861437
0.5198304535835322
0.5198200358197935
0.5198096325021069
0.5197992435624733
0.5197888689330077
0.5197785085459379
0.5197681623336048
0.5197578302284611
0.5197475121630714
0.5197372080701108
0.5197269178823655
0.5197166415327308
0.5197063789542118
0.519696130079922
0.5196858948430836
0.5196756731770252
0.5196654650151837
0.5196552702911017
0.5196450889384281
0.5196349208909166
0.5196247660824259
0.5196146244469191
0.5196044959184625
0.519594380431226
0.5195842779194816
0.5195741883176034
0.5195641115600667
0.5195540475814481
0.519543996316424
0.519533957699771
0.5195239316663642
0.5195139181511782
0.519503917089285
0.5194939284158545
0.5194839520661534
0.5194739879755449
0.5194640360794883
0.5194540963135377
0.5194441686133426
0.5194342529146464
0.5194243491532867
0.5194144572651938
0.5194045771863905
0.5193947088529923
0.519384852201206
0.5193750071673294
0.5193651736877509
0.5193553516989488
0.5193455411374905
0.5193357419400335
0.5193259540433219
0.5193161773841894
0.5193064118995561
0.5192966575264288
0.5192869142019012
0.5192771818631523
0.5192674604474465
0.5192577498921329
0.5192480501346449
0.5192383611124995
0.519228682763297
0.5192190150247201
0.519209357834534
0.5191997111305853
0.5191900748508014
0.5191804489331913
0.5191708333158431
0.5191612279369253
0.5191516327346847
0.5191420476474475
0.5191324726136175
0.5191229075716763
0.5191133524601826
0.5191038072177714
0.5190942717831543
0.519084746095118
0.519075230092525
0.5190657237143115
0.5190562268994889
0.5190467395871413
0.5190372617164265
0.5190277932265748
0.5190183340568886
0.5190088841467425
0.5189994434355817
0.5189900118629224
0.5189805893683511
0.5189711758915243
0.5189617713721671
0.5189523757500742
0.5189429889651085
0.5189336109572003
0.5189242416663478
0.5189148810326163
0.518905528996137
0.5188961854971076
0.5188868504757912
0.5188775238725158
0.5188682056276747
0.5188588956817244
0.5188495939751858
0.5188403004486428
0.5188310150427423
0.5188217376981933
0.5188124683557667
0.5188032069562951
0.5187939534406718
0.518784707749851
0.5187754698248462
0.5187662396067321
0.5187570170366406
0.5187478020557639
0.5187385946053518
0.5187293946267125
0.5187202020612109
0.5187110168502699
0.5187018389353679
0.51869266825804
0.5186835047598772
0.5186743483825254
0.5186651990676854
0.5186560567571127
0.5186469213926163
0.5186377929160593
0.5186286712693575
0.5186195563944798
0.518610448233447
0.5186013467283322
0.5185922518212596
0.5185831634544047
0.5185740815699933
0.518565006110302
0.5185559370176563
0.5185468742344324
0.5185378177030541
0.5185287673659946
0.5185197231657751
0.5185106850449646
0.5185016529461792
0.5184926268120822
0.5184836065853837
0.5184745922088393
0.5184655836252509
0.5184565807774655
0.5184475836083754
0.5184385920609171
0.5184296060780714
0.5184206256028627
0.5184116505783596
0.5184026809476725
0.5183937166539555
0.5183847576404041
0.5183758038502566
0.5183668552267918
0.51835791171333
0.5183489732532327
0.5183400397899008
0.5183311112667758
0.5183221876273386
0.5183132688151093
0.518304354773647
0.5182954454465488
0.5182865407774506
0.5182776407100249
0.5182687451879833
0.5182598541550727
0.5182509675550773
0.5182420853318175
0.5182332074291498
0.5182243337909662
0.5182154643611934
0.5182065990837934
0.5181977379027625
0.5181888807621312
0.5181800276059634
0.5181711783783568
0.518162333023442
0.5181534914853823
0.5181446537083729
0.5181358196366417
0.5181269892144479
0.5181181623860821
0.5181093390958655
0.5181005192881504
0.5180917029073189
0.5180828898977835
0.5180740802039857
0.5180652737703969
0.5180564705415167
0.5180476704618739
0.5180388734760254
0.5180300795285555
0.5180212885640767
0.518012500527228
0.5180037153626762
0.5179949330151141
0.5179861534292611
0.5179773765498616
0.5179686023216872
0.517959830689533
0.5179510615982202
0.5179422949925943
0.5179335308175252
0.5179247690179063
0.5179160095386555
0.5179072523247132
0.5178984973210432
0.517889744472632
0.5178809937244885
0.5178722450216435
0.51786349830915
0.517854753532082
0.5178460106355347
0.5178372695646243
0.5178285302644872
0.5178197926802806
0.517811056757181
0.5178023224403848
0.517793589675108
0.5177848584065845
0.5177761285800684
0.5177674001408309
0.517758673034162
0.5177499472053694
0.517741222599778
0.5177324991627301
0.5177237768395849
0.5177150555757182
0.5177063353165221
0.5176976160074046
0.5176888975937894
0.5176801800211164
0.5176714632348387
0.5176627471804267
0.5176540318033638
0.5176453170491477
0.5176366028632906
0.5176278891913184
0.5176191759787703
0.5176104631711981
0.5176017507141673
0.5175930385532552
0.5175843266340522
0.5175756149021598
0.5175669033031916
0.5175581917827727
0.5175494802865398
0.5175407687601394
0.5175320571492298
0.5175233453994785
0.5175146334565638
0.5175059212661737
0.5174972087740053
0.5174884959257655
0.5174797826671695
0.517471068943942
0.5174623547018153
0.5174536398865305
0.5174449244438359
0.5174362083194883
0.5174274914592512
0.517418773808895
0.5174100553141977
0.5174013359209432
0.5173926155749219
0.5173838942219302
0.5173751718077702
0.5173664482782496
0.5173577235791813
0.5173489976563833
0.5173402704556781
0.5173315419228924
0.517322812003858
0.5173140806444096
0.5173053477903862
0.5172966133876302
0.5172878773819869
0.5172791397193047
0.5172704003454346
0.51726165920623
0.5172529162475464
0.5172441714152415
0.5172354246551742
0.5172266759132053
0.5172179251351959
0.5172091722670094
0.517200417254508
0.5171916600435562
0.5171829005800171
0.5171741388097548
0.5171653746786324
0.5171566081325126
0.5171478391172575
0.5171390675787277
0.5171302934627825
0.5171215167152803
0.5171127372820765
0.5171039551090257
0.5170951701419796
0.5170863823267872
0.5170775916092947
0.5170687979353457
0.5170600012507804
0.5170512015014352
0.517042398633143
0.5170335925917329
0.5170247833230293
0.5170159707728524
0.5170071548870179
0.516998335611336
0.5169895128916124
0.516980686673647
0.5169718569032343
0.5169630235261626
0.5169541864882141
0.5169453457351652
0.5169365012127849
0.5169276528668363
0.5169188006430745
0.5169099444872483
0.516901084345098
0.5168922201623569
0.5168833518847501
0.5168744794579945
0.5168656028277986
0.5168567219398621
0.5168478367398759
0.5168389471735217
0.5168300531864722
0.5168211547243902
0.5168122517329286
0.5168033441577304
0.5167944319444289
0.5167855150386454
0.5167765933859926
0.5167676669320705
0.5167587356224689
0.5167497994027654
0.5167408582185269
0.5167319120153082
0.5167229607386516
0.5167140043340873
0.5167050427471336
0.5166960759232953
0.5166871038080643
0.51667812634692
0.5166691434853277
0.5166601551687398
0.5166511613425935
0.5166421619523135
0.5166331569433096
0.516624146260977
0.516615129850696
0.5166061076578327
0.516597079627737
0.5165880457057442
0.516579005837174
0.5165699599673296
0.5165609080414989
0.5165518500049535
0.5165427858029479
0.5165337153807206
0.5165246386834923
0.5165155556564681
0.5165064662448343
0.5164973703937603
0.5164882680483976
0.5164791591538798
0.5164700436553221
0.5164609214978213
0.5164517926264558
0.5164426569862853
0.5164335145223499
0.5164243651796706
0.516415208903249
0.516406045638067
0.5163968753290868
0.5163876979212499
0.516378513359478
0.5163693215886718
0.5163601225537118
0.5163509161994566
0.5163417024707446
0.5163324813123922
0.5163232526691942
0.5163140164859239
0.5163047727073322
0.5162955212781479
0.5162862621430775
0.5162769952468043
0.516267720533989
0.5162584379492695
0.51624914743726
0.5162398489425514
0.5162305424097104
0.5162212277832805
0.5162119050077804
0.5162025740277048
0.5161932347875238
0.5161838872316823
0.516174531304601
0.5161651669506746
0.5161557941142727
0.5161464127397394
0.5161370227713931
0.5161276241535256
0.516118216830403
0.5161088007462645
0.5160993758453232
0.516089942071765
0.5160804993697485
0.5160710476834051
0.5160615869568393
0.5160521171341274
0.5160426381593175
0.5160331499764303
0.516023652529458
0.5160141457623634
0.5160046296190819
0.5159951040435191
0.5159855689795516
0.515976024371027
0.515966470161763
0.5159569062955471
0.5159473327161381
0.5159377493672636
0.5159281561926208
0.515918553135877
0.5159089401406682
0.5158993171505992
0.5158896841092446
0.5158800409601462
0.5158703876468154
0.5158607241127309
0.5158510503013402
0.5158413661560577
0.5158316716202662
0.5158219666373152
0.5158122511505219
0.5158025251031698
0.5157927884385102
0.5157830410997598
0.5157732830301023
0.5157635141726873
0.5157537344706309
0.5157439438670137
0.5157341423048835
0.5157243297272519
0.5157145060770968
0.51570467129736
0.5156948253309488
0.5156849681207348
0.5156750996095536
0.5156652197402055
0.5156553284554544
0.5156454256980276
0.5156355114106166
0.5156255855358753
0.5156156480164219
0.5156056987948363
0.5155957378136617
0.5155857650154041
0.515575780342531
0.5155657837374729
0.5155557751426212
0.5155457545003297
0.5155357217529137
0.5155256768426494
0.5155156197117742
0.5155055503024866
0.5154954685569458
0.5154853744172713
0.5154752678255428
0.5154651487238003
0.5154550170540436
0.5154448727582321
0.515434715778285
0.5154245460560807
0.5154143635334558
0.5154041681522076
0.5153939598540903
0.5153837385808175
0.515373504274061
0.5153632568754505
0.5153529963265736
0.515342722568976
0.51533243554416
0.5153221351935864
0.5153118214586718
0.5153014942807908
0.5152911536012741
0.5152807993614089
0.515270431502439
0.515260049965564
0.5152496546919394
0.5152392456226769
0.5152288226988427
0.5152183858614597
0.5152079350515045
0.5151974702099095
0.5151869912775614
0.515176498195302
0.5151659909039261
0.5151554693441844
0.5151449334567804
0.5151343831823711
0.5151238184615679
0.5151132392349349
0.5151026454429897
0.5150920370262024
0.5150814139249964
0.5150707760797473
0.5150601234307828
0.5150494559183834
0.515038773482781
0.5150280760641595
0.5150173636026543
0.5150066360383522
0.5149958933112909
0.51498513536146
0.5149743621287984
0.514963573553197
0.514952769574496
0.5149419501324863
0.5149311151669094
0.5149202646174551
0.514909398423764
0.5148985165254261
0.5148876188619795
0.514876705372913
0.5148657759976627
0.5148548306756143
0.5148438693461015
0.5148328919484064
0.5148218984217591
0.5148108887053375
0.5147998627382672
0.5147888204596215
0.5147777618084206
0.5147666867236319
0.51475559514417
0.5147444870088955
0.5147333622566166
0.5147222208260864
0.5147110626560055
0.5146998876850195
0.5146886958517201
0.5146774870946442
0.5146662613522748
0.5146550185630392
0.5146437586653103
0.5146324815974054
0.5146211872975864
0.5146098757040597
0.514598546754976
0.5145872003884298
0.5145758365424594
0.514564455155047
0.514553056164118
0.514541639507541
0.5145302051231279
0.514518752948633
0.5145072829217541
0.5144957949801304
0.5144842890613444
0.5144727651029196
0.5144612230423229
0.5144496628169616
0.5144380843641848
0.5144264876212837
0.5144148725254896
0.5144032390139756
0.5143915870238548
0.5143799164921818
0.5143682273559511
0.5143565195520969
0.5143447930174945
0.514333047688958
0.5143212835032421
0.5143095003970402
0.5142976983069851
0.5142858771696489
0.5142740369215427
0.5142621774991158
0.5142502988387565
0.5142384008767911
0.5142264835494845
0.5142145467930389
0.5142025905435947
0.5141906147372297
0.5141786193099596
0.5141666041977363
0.5141545693364498
0.5141425146619261
0.5141304401099281
0.5141183456161557
0.5141062311162442
0.5140940965457657
0.5140819418402278
0.5140697669350741
0.5140575717656833
0.5140453562673699
0.5140331203753835
0.5140208640249083
0.5140085871510639
0.5139962896889039
0.5139839715734169
0.5139716327395248
0.513959273122085
0.5139468926558877
0.5139344912756567
0.5139220689160504
0.5139096255116592
0.5138971609970071
0.513884675306552
0.513872168374683
0.5138596401357229
0.5138470905239265
0.5138345194734808
0.5138219269185048
0.5138093127930498
0.5137966770310981
0.513784019566564
0.5137713403332931
0.5137586392650616
0.5137459162955773
0.5137331713584783
0.5137204043873336
0.5137076153156422
0.5136948040768339
0.5136819706042677
0.5136691148312336
0.5136562366909501
0.5136433361165658
0.5136304130411585
0.5136174673977354
0.513604499119232
0.5135915081385132
0.5135784943883722
0.5135654578015305
0.5135523983106379
0.5135393158482725
0.5135262103469398
0.5135130817390736
0.5134999299570342
0.5134867549331102
0.5134735565995172
0.513460334888397
0.5134470897318191
0.5134338210617788
0.5134205288101985
0.5134072129089264
0.5133938732897368
0.5133805098843303
0.5133671226243324
0.5133537114412946
0.513340276266694
0.5133268170319325
0.5133133336683365
0.5132998261071582
0.5132862942795737
0.5132727381166837
0.5132591575495133
0.5132455525090116
0.5132319229260511
0.5132182687314291
0.5132045898558651
0.5131908862300031
0.5131771577844096
0.5131634044495741
0.5131496261559095
0.5131358228337504
0.5131219944133549
0.5131081408249021
0.5130942619984945
0.5130803578641556
0.513066428351831
0.5130524733913879
0.5130384929126144
0.5130244868452203
0.5130104551188361
0.5129963976630132
0.5129823144072239
0.5129682052808604
0.5129540702132356
0.5129399091335822
0.5129257219710532
0.5129115086547211
0.5128972691135776
0.5128830032765344
0.512868711072422
0.5128543924299899
0.5128400472779064
0.5128256755447592
0.512811277159053
0.5127968520492117
0.5127824001435772
0.5127679213704093
0.5127534156578855
0.5127388829341003
0.5127243231270665
0.5127097361647132
0.512695121974887
0.5126804804853511
0.5126658116237853
0.5126511153177861
0.5126363914948656
0.5126216400824524
0.5126068610078909
0.5125920541984414
0.5125772195812792
0.5125623570834952
0.5125474666320953
0.5125325481540006
0.5125176015760464
0.5125026268249828
0.5124876238274747
0.5124725925101004
0.5124575327993528
0.512442444621638
0.5124273279032765
0.5124121825705013
0.5123970085494591
0.5123818057662097
0.5123665741467255
0.5123513136168916
0.5123360241025056
0.5123207055292771
0.512305357822828
0.5122899809086924
0.5122745747123151
0.5122591391590531
0.5122436741741745
0.5122281796828585
0.5122126556101951
0.5121971018811847
0.512181518420739
0.5121659051536789
0.5121502620047362
0.5121345888985522
0.5121188857596779
0.5121031525125738
0.5120873890816097
0.5120715953910644
0.5120557713651255
0.5120399169278896
0.5120240320033612
0.5120081165154533
0.5119921703879873
0.5119761935446915
0.5119601859092029
0.5119441474050649
0.5119280779557288
0.511911977484553
0.5118958459148014
0.5118796831696459
0.5118634891721645
0.5118472638453406
0.511831007112064
0.5118147188951301
0.5117983991172399
0.5117820477009993
0.5117656645689198
0.5117492496434172
0.511732802846812
0.5117163241013294
0.5116998133290982
0.5116832704521517
0.5116666953924262
0.5116500880717622
0.5116334484119028
0.5116167763344946
0.5116000717610869
0.5115833346131311
0.5115665648119814
0.5115497622788936
0.5115329269350262
0.5115160587014382
0.5114991574990908
0.5114822232488458
0.5114652558714661
0.5114482552876153
0.5114312214178572
0.5114141541826561
0.511397053502376
0.5113799192972801
0.5113627514875317
0.5113455499931931
0.5113283147342251
0.5113110456304875
0.5112937426017385
0.5112764055676343
0.511259034447729
0.5112416291614743
0.5112241896282194
0.5112067157672102
0.5111892074975899
0.5111716647383979
0.5111540874085702
0.5111364754269383
0.5111188287122301
0.5111011471830684
0.5110834307579715
0.5110656793553525
0.511047892893519
0.5110300712906736
0.511012214464912
0.5109943223342241
0.5109763948164935
0.510958431829497
0.5109404332909038
0.5109223991182761
0.5109043292290683
0.5108862235406272
0.5108680819701905
0.5108499044348884
0.5108316908517411
0.5108134411376601
0.5107951552094478
0.510776832983796
0.5107584743772866
0.5107400793063915
0.5107216476874714
0.5107031794367761
0.5106846744704436
0.5106661327045005
0.5106475540548613
0.5106289384373282
0.5106102857675903
0.5105915959612237
0.5105728689336916
0.5105541046003426
0.5105353028764118
0.5105164636770195
0.5104975869171717
0.5104786725117585
0.5104597203755552
0.5104407304232207
0.5104217025692978
0.5104026367282126
0.5103835328142747
0.5103643907416759
0.5103452104244903
0.5103259917766743
0.510306734712065
0.5102874391443813
0.510268104987223
0.5102487321540696
0.5102293205582811
0.5102098701130967
0.510190380731635
0.5101708523268936
0.5101512848117478
0.5101316780989511
0.5101120321011346
0.5100923467308071
0.5100726219003529
0.5100528575220333
0.5100330535079854
0.5100132097702217
0.5099933262206295
0.5099734027709704
0.5099534393328805
0.5099334358178698
0.5099133921373202
0.5098933082024879
0.5098731839245004
0.5098530192143572
0.5098328139829293
0.5098125681409583
0.5097922815990562
0.509771954267705
0.5097515860572565
0.5097311768779303
0.5097107266398155
0.5096902352528689
0.5096697026269145
0.509649128671643
0.5096285132966122
0.5096078564112452
0.5095871579248307
0.5095664177465221
0.5095456357853373
0.5095248119501579
0.5095039461497286
0.5094830382926568
0.5094620882874124
0.5094410960423263
0.5094200614655909
0.5093989844652591
0.509377864949243
0.509356702825315
0.5093354980011049
0.509314250384102
0.5092929598816527
0.5092716264009599
0.5092502498490832
0.509228830132938
0.5092073671592948
0.5091858608347783
0.5091643110658677
0.5091427177588946
0.509121080820044
0.5090994001553526
0.509077675670708
0.5090559072718492
0.5090340948643647
0.5090122383536925
0.508990337645119
0.5089683926437792
0.5089464032546549
0.5089243693825747
0.508902290932213
0.5088801678080895
0.5088579999145684
0.5088357871558574
0.5088135294360079
0.5087912266589131
0.5087688787283079
0.5087464855477681
0.5087240470207096
0.5087015630503878
0.5086790335398963
0.5086564583921668
0.5086338375099679
0.5086111707959046
0.508588458152417
0.5085656994817803
0.5085428946861035
0.508520043667328
0.5084971463272281
0.5084742025674095
0.5084512122893079
0.508428175394189
0.5084050917831474
0.5083819613571057
0.5083587840168136
0.5083355596628465
0.5083122881956063
0.5082889695153183
0.5082656035220319
0.508242190115619
0.5082187291957733
0.5081952206620093
0.5081716644136614
0.508148060349883
0.5081244083696456
0.5081007083717368
0.5080769602547619
0.5080531639171401
0.5080293192571051
0.5080054261727038
0.5079814845617949
0.5079574943220485
0.5079334553509449
0.5079093675457728
0.5078852308036296
0.5078610450214196
0.5078368100958527
0.507812525923444
0.5077881924005119
0.5077638094231781
0.5077393768873654
0.5077148946887974
0.5076903627229968
0.507665780885285
0.5076411490707801
0.5076164671743961
0.5075917350908423
0.5075669527146215
0.5075421199400286
0.5075172366611503
0.5074923027718631
0.5074673181658325
0.5074422827365116
0.5074171963771401
0.507392058980743
0.5073668704401291
0.5073416306478897
0.5073163394963982
0.5072909968778073
0.5072656026840493
0.5072401568068338
0.5072146591376466
0.5071891095677485
0.507163507988174
0.5071378542897294
0.5071121483629926
0.5070863900983106
0.5070605793857983
0.5070347161153377
0.507008800176576
0.5069828314589246
0.5069568098515567
0.5069307352434073
0.5069046075231703
0.5068784265792984
0.5068521923000003
0.5068259045732405
0.5067995632867364
0.5067731683279579
0.5067467195841255
0.5067202169422088
0.5066936602889247
0.5066670495107363
0.5066403844938506
0.5066136651242177
0.5065868912875289
0.5065600628692144
0.5065331797544432
0.5065062418281198
0.5064792489748836
0.5064522010791068
0.5064250980248926
0.5063979396960743
0.506370725976212
0.5063434567485929
0.5063161318962277
0.5062887513018502
0.5062613148479146
0.5062338224165942
0.5062062738897793
0.506178669149076
0.5061510080758035
0.5061232905509927
0.5060955164553846
0.506067685669428
0.5060397980732775
0.506011853546792
0.5059838519695329
0.5059557932207612
0.5059276771794371
0.5058995037242164
0.5058712727334498
0.5058429840851798
0.5058146376571395
0.5057862333267508
0.505757770971121
0.5057292504670422
0.5057006716909888
0.5056720345191144
0.505643338827251
0.5056145844909069
0.505585771385263
0.5055568993851725
0.5055279683651575
0.5054989781994071
0.5054699287617758
0.5054408199257802
0.5054116515645978
0.5053824235510637
0.5053531357576693
0.5053237880565591
0.5052943803195294
0.5052649124180251
0.5052353842231376
0.5052057956056029
0.505176146435798
0.5051464365837399
0.5051166659190827
0.5050868343111143
0.5050569416287553
0.5050269877405558
0.5049969725146926
0.5049668958189674
0.504936757520804
0.5049065574872452
0.5048762955849513
0.5048459716801964
0.5048155856388665
0.5047851373264569
0.5047546266080689
0.5047240533484076
0.5046934174117795
0.5046627186620892
0.5046319569628367
0.5046011321771153
0.5045702441676081
0.5045392927965855
0.5045082779259025
0.5044771994169959
0.5044460571308811
0.5044148509281495
0.5043835806689654
0.5043522462130637
0.5043208474197459
0.5042893841478785
0.5042578562558884
0.5042262636017617
0.5041946060430388
0.5041628834368133
0.5041310956397272
0.5040992425079691
0.5040673238972705
0.5040353396629024
0.5040032896596729
0.5039711737419234
0.503938991763526
0.5039067435778797
0.5038744290379074
0.5038420479960525
0.5038096003042761
0.5037770858140533
0.5037445043763701
0.5037118558417192
0.503679140060098
0.5036463568810043
0.5036135061534333
0.5035805877258734
0.5035476014463042
0.5035145471621917
0.5034814247204846
0.5034482339676125
0.5034149747494804
0.5033816469114663
0.503348250298417
0.5033147847546449
0.5032812501239241
0.5032476462494868
0.5032139729740195
0.5031802301396594
0.5031464175879902
0.5031125351600395
0.5030785826962735
0.5030445600365944
0.5030104670203356
0.5029763034862582
0.5029420692725477
0.5029077642168092
0.5028733881560636
0.5028389409267442
0.5028044223646919
0.5027698323051516
0.5027351705827685
0.5027004370315832
0.5026656314850282
0.5026307537759233
0.5025958037364724
0.502560781198258
0.5025256859922376
0.50249051794874
0.5024552768974602
0.5024199626674551
0.5023845750871403
0.5023491139842844
0.5023135791860049
0.5022779705187649
0.5022422878083672
0.5022065308799506
0.5021706995579857
0.5021347936662695
0.5020988130279215
0.5020627574653793
0.5020266268003932
0.5019904208540226
0.5019541394466303
0.5019177823978787
0.5018813495267248
0.5018448406514149
0.5018082555894808
0.5017715941577348
0.5017348561722635
0.5016980414484256
0.501661149800844
0.5016241810434034
0.5015871349892441
0.5015500114507571
0.501512810239579
0.5014755311665883
0.5014381740418983
0.5014007386748527
0.5013632248740224
0.5013256324471973
0.5012879612013829
0.5012502109427952
0.5012123814768547
0.5011744726081812
0.5011364841405893
0.5010984158770825
0.5010602676198476
0.5010220391702497
0.5009837303288264
0.5009453408952835
0.5009068706684879
0.5008683194464629
0.5008296870263831
0.5007909732045677
0.500752177776476
0.500713300536701
0.5006743412789644
0.5006352997961101
0.5005961758800992
0.5005569693220037
0.5005176799120011
0.5004783074393686
0.5004388516924768
0.5003993124587842
0.500359689524831
0.5003199826762338
0.5002801916976783
0.5002403163729147
0.5002003564847511
0.5001603118150469
0.5001201821447077
0.5000799672536782
0.5000396669209366
0.49999928092448825
0.49995880904135936
0.4999182510475908
0.4998776067182313
0.49983687582733216
0.4997960581479397
0.49975515345208976
0.49971416151080084
0.49967308209406736
0.4996319149708535
0.49959065990908735
0.4995493166756528
0.4995078850363836
0.4994663647560575
0.49942475559838834
0.49938305732602045
0.49934126970052084
0.49929939248237304
0.4992574254309707
0.49921536830460933
0.49917322086048116
0.4991309828546666
0.49908865404212877
0.49904623417670524
0.4990037230111021
0.49896112029688566
0.498918425784477
0.4988756392231431
0.4988327603609911
0.4987897889449599
0.4987467247208142
0.49870356743313626
0.49866031682531875
0.49861697263955806
0.49857353461684606
0.49853000249696344
0.4984863760184715
0.49844265491870576
0.49839883893376724
0.4983549277985158
0.49831092124656223
0.4982668190102606
0.49822262082070073
0.49817832640770043
0.49813393549979806
0.49808944782424397
0.4980448631069941
0.4980001810727006
0.4979554014447052
0.49791052394503077
0.49786554829437313
0.49782047421209386
0.49777530141621157
0.49773002962339424
0.4976846585489513
0.49763918790682504
0.4975936174095827
0.49754794676840874
0.4975021756930958
0.49745630389203693
0.49741033107221766
0.49736425693920683
0.4973180811971492
0.49727180354875583
0.4972254236952973
0.4971789413365936
0.49713235617100726
0.4970856678954329
0.49703887620529075
0.49699198079451656
0.49694498135555326
0.4968978775793433
0.4968506691553182
0.49680335577139145
0.496755937113949
0.4967084128678403
0.4966607827163696
0.4966130463412878
0.49656520342278176
0.4965172536394681
0.4964691966683812
0.4964210321849665
0.4963727598630705
0.49632437937493135
0.49627589039117054
0.4962272925807833
0.49617858561112954
0.4961297691479244
0.49608084285522974
0.4960318063954437
0.4959826594292926
0.4959334016158202
0.49588403261238023
0.495834552074625
0.4957849596564974
0.49573525501022014
0.495685437786288
0.4956355076334563
0.4955854641987328
0.4955353071273674
0.4954850360628426
0.4954346506468639
0.49538415051935053
0.49533353531842444
0.4952828046804019
0.49523195823978305
0.4951809956292423
0.4951299164796179
0.495078720419903
0.49502740707723514
0.4949759760768859
0.4949244270422521
0.49487275959484434
0.4948209733542781
0.49476906793826336
0.494717042962594
0.4946648980411383
0.49461263278582823
0.4945602468066502
0.49450773971163364
0.4944551111068413
0.494402360596359
0.49434948778228566
0.494296492264722
0.4942433736417615
0.49419013150947877
0.49413676546191954
0.49408327509109096
0.49402965998695
0.4939759197373935
0.4939220539282479
0.4938680621432582
0.4938139439640774
0.49375969897025646
0.4937053267392334
0.4936508268463221
0.4935961988647025
0.4935414423654096
0.4934865569173222
0.4934315420871531
0.4933763974394376
0.49332112253652327
0.4932657169385585
0.4932101802034824
0.4931545118870134
0.4930987115426386
0.49304277872160324
0.49298671297289876
0.49293051384325304
0.492874180877119
0.4928177136166632
0.4927611116017558
0.49270437436995884
0.49264750145651515
0.4925904923943379
0.4925333467139992
0.4924760639437191
0.49241864360935483
0.4923610852343886
0.49230338833991805
0.49224555244464424
0.4921875770648603
0.4921294617144414
0.49207120590483183
0.49201280914503603
0.49195427094160527
0.49189559079862805
0.49183676821771827
0.4917778026980039
0.49171869373611615
0.4916594408261779
0.49160004345979275
0.49154050112603387
0.49148081331143223
0.49142097949996594
0.49136099917304904
0.4913008718095196
0.49124059688562927
0.49118017387503154
0.4911196022487705
0.49105888147527
0.4909980110203219
0.49093699034707516
0.49087581891602483
0.49081449618499984
0.49075302160915285
0.4906913946409485
0.4906296147301526
0.4905676813238198
0.49050559386628395
0.490443351799146
0.4903809545612626
0.49031840158873574
0.49025569231490085
0.4901928261703158
0.49012980258274996
0.4900666209771736
0.49000328077574495
0.48993978139780153
0.489876122259847
0.48981230277554155
0.48974832235569
0.4896841804082309
0.4896198763382264
0.4895554095478494
0.489490779436375
0.4894259854001676
0.4893610268326708
0.4892959031243969
0.48923061366291537
0.4891651578328422
0.48909953501582915
0.48903374459055343
0.4889677859327066
0.48890165841498345
0.48883536140707257
0.48876889427564424
0.48870225638434067
0.48863544709376644
0.4885684657614757
0.488501311741964
0.4884339843866563
0.4883664830438975
0.4882988070589419
0.48823095577394265
0.48816292852794246
0.488094724656862
0.48802634349349105
0.4879577843674782
0.4878890466053203
0.48782012953035303
0.487751032462741
0.4876817547194677
0.4876122956143262
0.48754265445790856
0.4874728305575977
0.48740282321755646
0.48733263173871866
0.4872622554187801
0.4871916935521884
0.48712094543013457
0.48705001034054307
0.48697888756806357
0.4869075763940608
0.48683607609660706
0.48676438595047233
0.48669250522711577
0.4866204331946767
0.4865481691179671
0.4864757122584623
0.4864030618742922
0.48633021722023423
0.48625717754770387
0.4861839421047477
0.486110510136034
0.4860368808828469
0.48596305358307657
0.48588902747121265
0.48581480177833697
0.485740375732115
0.48566574855678946
0.485590919473173
0.485515887698641
0.48544065244712437
0.4853652129291034
0.4852895683516003
0.48521371791817336
0.48513766082890986
0.48506139628042066
0.4849849234658329
0.4849082415747855
0.48483134979342163
0.48475424730438404
0.4846769332868098
0.48459940691632386
0.4845216673650351
0.4844437138015294
0.48436554539086724
0.4842871612945765
0.48420856067064943
0.48412974267353776
0.4840507064541482
0.483971451159839
0.48389197593441546
0.4838122799181268
0.48373236224766203
0.483652222056147
0.48357185847314155
0.4834912706246359
0.4834104576330483
0.48332941861722306
0.4832481526924266
0.4831666589703474
0.4830849365590924
0.4830029845631866
0.4829208020835704
0.4828383882175992
0.48275574205904226
0.4826728626980818
0.4825897492213121
0.48250640071173984
0.4824228162487837
0.48233899490827437
0.48225493576245526
0.48217063787998293
0.48208610032592814
0.48200132216177716
0.4819163024454329
0.4818310402312171
0.48174553456987124
0.48165978450856056
0.48157378909087506
0.48148754735683263
0.481401058342883
0.48131432108190997
0.4812273346032362
0.48114009793262585
0.4810526100922906
0.4809648701008927
0.4808768769735504
0.4807886297218442
0.48070012735382067
0.4806113688739989
0.48052235328337783
0.4804330795794413
0.4803435467561656
0.4802537538040268
0.4801636997100076
0.48007338345760636
0.47998280402684446
0.4798919603942752
0.47980085153299296
0.4797094764126422
0.4796178339994275
0.4795259232561237
0.47943374314208625
0.47934129261326175
0.47924857062220017
0.4791555761180656
0.4790623080466485
0.4789687653503788
0.4788749469683382
0.4787808518362737
0.478686478886611
0.4785918270484693
0.4784968952476752
0.4784016824067783
0.47830618744506637
0.4782104092785812
0.47811434682013537
0.47801799897932884
0.47792136466256596
0.47782444277307357
0.47772723221091923
0.47762973187303015
0.47753194065321136
0.47743385744216665
0.47733548112751834
0.47723681059382755
0.4771378447226156
0.4770385823923861
0.4769390224786464
0.47683916385393094
0.4767390053878243
0.47663854594698507
0.4765377843951696
0.4764367195932577
0.47633535039927777
0.47623367566843205
0.4761316942531244
0.4760294050029862
0.4759268067649047
0.4758238983830507
0.47572067869890833
0.475617146551303
0.47551330077643245
0.47540914020789726
0.47530466367673097
0.47519987001143377
0.4750947580380026
0.47498932657996573
0.4748835744584163
0.4747775004920457
0.4746711034971792
0.47456438228781095
0.47445733567564075
0.4743499624701105
0.4742422614784414
0.4741342315056726
0.4740258713546997
0.4739171798263144
0.473808155719244
0.4736987978301938
0.4735891049538862
0.4734790758831053
0.4733687094087379
0.4732580043198183
0.47314695940357243
0.4730355734454622
0.4729238452292317
0.47281177353695364
0.4726993571490763
0.4725865948444725
0.472473485400486
0.4723600275929831
0.4722462201964016
0.47213206198380175
0.4720175517269187
0.4719026881962137
0.47178747016092815
0.47167189638913676
0.47155596564780367
0.47143967670283515
0.47132302831913947
0.4712060192606811
0.47108864829053965
0.4709709141709688
0.4708528156634547
0.47073435152877713
0.47061552052706995
0.47049632141788333
0.4703767529602462
0.4702568139127297
0.4701365030335119
0.4700158190804418
0.4698947608111064
0.4697733269828971
0.46965151635307706
0.46952932767885
0.46940675971742907
0.46928381122610763
0.4691604809623295
0.469036767683761
0.46891267014836374
0.4687881871144681
0.4686633173408478
0.4685380595867943
0.468412412612194
0.46828637517760463
0.46815994604433264
0.46803312397451285
0.46790590773118723
0.4677782960783854
0.4676502877812062
0.46752188160589975
0.4673930763199499
0.46726387069215936
0.4671342634927329
0.46700425349336433
0.4668738394673221
0.46674302018953673
0.4666117944366898
0.4664801609873028
0.46634811862182574
0.46621566612273035
0.46608280227459997
0.4659495258642226
0.46581583568068496
0.46568173051546624
0.4655472091625331
0.46541227041843647
0.46527691308240793
0.46514113595645706
0.46500493784547137
0.4648683175573144
0.464731273902927
0.4645938056964278
0.46445591175521594
0.4643175909000733
0.4641788419552686
0.4640396637486619
0.4639000551118097
0.46376001488007124
0.4636195418927158
0.46347863499303016
0.4633372930284275
0.4631955148505563
0.4630532993154117
0.46291064528344517
0.46276755161967714
0.4626240171938095
0.4624800408803393
0.46233562155867164
0.46219075811323623
0.46204544943360176
0.4618996944145934
0.4617534919564085
0.46160684096473564
0.46145974035087334
0.4613121890318481
0.46116418593053604
0.4610157299757819
0.46086682010252167
0.46071745525190416
0.46056763437141407
0.4604173564149946
0.46026662034317223
0.46011542512318093
0.4599637697290878
0.4598116531419181
0.45965907434978304
0.45950603234800547
0.4593525261392488
0.4591985547336436
0.45904411714891763
0.4588892124105249
0.45873383955177466
0.4585779976139629
0.4584216856465016
0.4582649027070512
0.4581076478616518
0.4579499201848553
0.4577917187598579
0.4576330426786331
0.45747389104206526
0.4573142629600833
0.45715415755179406
0.45699357394561807
0.456832511279423
0.4566709687006598
0.45650894536649733
0.4563464404439581
0.4561834531100544
0.4560199825519245
0.4558560279669686
0.45569158856298514
0.45552666355830845
0.4553612521819447
0.4551953536737091
0.45502896728436326
0.45486209227575175
0.45469472792094034
0.45452687350435184
0.4543585283219048
0.4541896916811501
0.454020362901408
0.453850541313906
0.4536802262619157
0.45350941710088943
0.45333811319859796
0.45316631393526713
0.45299401870371364
0.4528212269094824
0.4526479379709825
0.45247415131962293
0.4522998663999488
0.45212508266977586
0.4519497996003269
0.45177401667636474
0.45159773339632825
0.451420949272465
0.45124366383096626
0.4510658766120979
0.45088758717033534
0.4507087950744939
0.45052949990786084
0.4503497012683265
0.4501693987685148
0.4499885920359119
0.44980728071299675
0.4496254644573683
0.4494431429418735
0.4492603158547345
0.4490769828996746
0.44889314379604334
0.4487087982789411
0.4485239460993429
0.44833858702422097
0.4481527208366666
0.4479663473360112
0.44777946633794535
0.44759207767463893
0.4474041811948576
0.44721577676408
0.4470268642646136
0.44683744359570926
0.4466475146736734
0.4464570774319815
0.44626613182138763
0.4460746778100352
0.4458827153835638
0.4456902445452177
0.44549726531594985
0.4453037777345276
0.4451097818576336
0.4449152777599688
0.4447202655343511
0.4445247452918139
0.44432871716170286
0.44413218129177096
0.4439351378482721
0.44373758701605287
0.44353952899864224
0.4433409640183408
0.44314189231630685
0.4429423141526417
0.44274222980647276
0.44254163957603443
0.4423405437787481
0.44213894275129884
0.4419368368497122
0.44173422644942717
0.441531111945367
0.4413274937520111
0.44112337230346027
0.4409187480535036
0.4407136214756816
0.4405079930633473
0.44030186332972576
0.4400952328079705
0.43988810205121887
0.43968047163264395
0.43947234214550557
0.439263714203197
0.43905458843929185
0.43884496550758656
0.43863484608214154
0.4384242308573201
0.43821312054782324
0.43800151588872455
0.43778941763550105
0.4375768265640611
0.4373637434707715
0.43715016917248095
0.4369361045065401
0.4367215503308209
0.4365065075237324
0.4362909769842334
0.4360749596318434
0.43585845640665044
0.43564146826931605
0.43542399620107747
0.43520604120374823
0.43498760429971417
0.4347686865319288
0.4345492889639031
0.4343294126796955
0.4341090587838973
0.4338882284016156
0.43366692267845314
0.4334451427804864
0.43322288989423885
0.4330001652266536
0.43277697000506127
0.43255330547714615
0.43232917291090844
0.43210457359462506
0.4318795088368055
0.4316539799661462
0.43142798833148205
0.4312015353017336
0.43097462226585304
0.43074725063276553
0.43051942183130826
0.4302911373101676
0.43006239853781103
0.4298332070024182
0.42960356421180707
0.4293734716933588
0.4291429309939395
0.4289119436798163
0.42868051133657453
0.4284486355690285
0.42821631800113175
0.427983560275882
0.4277503640552254
0.42751673101995485
0.4272826628696099
0.42704816132236845
0.4268132281149388
0.42657786500244843
0.42634207375832855
0.4261058561741959
0.4258692140597335
0.4256321492425662
0.4253946635681339
0.4251567588995627
0.4249184371175326
0.4246797001201413
0.4244405498227678
0.4242009881579295
0.4239610170751399
0.4237206385407614
0.42347985453785586
0.423238667066032
0.4229970781412914
0.4227550897958687
0.42251270407807406
0.4222699230521269
0.4220267487979919
0.42178318341120924
0.4215392290027242
0.42129488769871226
0.42105016164040354
0.4208050529839026
0.42055956390000776
0.4203136965740263
0.42006745320558736
0.41982083600845327
0.4195738472103281
0.41932648905266207
0.41907876379045705
0.41883067369206606
0.4185822210389921
0.41833340812568587
0.4180842372593383
0.41783471075967327
0.41758483095873716
0.4173346002006864
0.41708402084157215
0.4168330952491246
0.4165818258025328
0.41633021489222477
0.4160782649196436
0.4158259782970236
0.4155733574471619
0.41532040480319105
0.41506712280834723
0.4148135139157384
0.41455958058810966
0.41430532529760694
0.4140507505255394
0.41379585876214015
0.4135406525063243
0.41328513426544694
0.4130293065550582
0.4127731718986577
0.41251673282744705
0.4122599918800808
0.41200295160241635
0.41174561454726255
0.4114879832741262
0.4112300603489583
0.410971848343898
0.41071334983701674
0.41045456741205955
0.41019550365818636
0.40993616116971154
0.40967654254584396
0.4094166503904236
0.409156487311659
0.408896055921863
0.4086353588371885
0.4083743986773622
0.4081131780654182
0.40785169962743095
0.4075899659922473
0.4073279797912179
0.4070657436579278
0.40680326022792707
0.4065405321384604
0.406277562028196
0.406014352536954
0.40575090630543653
0.4054872259749531
0.4052233141871507
0.4049591735837395
0.40469480680622083
0.4044302164956136
0.40416540529218126
0.4039003758351585
0.4036351307624777
0.4033696727104951
0.4031040043137185
0.4028381282045319
0.40257204701292354
0.4023057633662124
0.402039279888774
0.40177259920176955
0.401505723922871
0.4012386566659897
0.40097140004100396
0.40070395665348796
0.400436329104439
0.4001685199900071
0.3999005319012247
0.399632367423736
0.39936402913752767
0.399095519616659
0.39882684142899477
0.3985579971359361
0.3982889892921535
0.39801982044532075
0.39775049313584815
0.39748100989661816
0.39721137325272066
0.3969415857211889
0.39667164981073744
0.3964015680214997
0.39613134284476675
0.39586097676272813
0.39559047224821087
0.3953198317644226
0.39504905776469373
0.39477815269222094
0.39450711897981217
0.39423595904963227
0.3939646753129492
0.3936932701698827
0.39342174600915336
0.3931501052078321
0.39287835013109135
0.39260648313195845
0.39233450655106794
0.392062422716418
0.39179023394312473
0.3915179425331807
0.39124555077521295
0.3909730609442428
0.3907004753014469
0.39042779609392003
0.3901550255544381
0.3898821659012229
0.38960921933770915
0.38933618805231257
0.3890630742181968
0.38878987999304604
0.3885166075188348
0.3882432589216024
0.38796983631122645
0.3876963417811986
0.3874227774084025
0.38714914525289157
0.386875447357669
0.38660168574846926
0.3863278624335406
0.3860539794034296
0.3857800386307655
0.3855060420700483
0.38523199165743677
0.38495788931053654
0.3846837369281936
0.3844095363902843
0.38413528955751075
0.38386099827119496
0.3835866643530756
0.38331228960510566
0.3830378758092519
0.38276342472729497
0.3824889381006308
0.38221441765007513
0.38193986507566585
0.3816652820564705
0.38139067025039236
0.3811160312939782
0.38084136680222896
0.38056667836840935
0.38029196756386036
0.38001723593781206
0.3797424850171979
0.37946771630647
0.37919293128741643
0.37891813141897823
0.3786433181370684
0.3783684928543917
0.37809365696026587
0.3778188118204434
0.3775439587769348
0.3772690991478324
0.3769942342271355
0.37671936528457617
0.3764444935654455
0.37616962029042306
0.375894746655404
0.375619873831328
0.3753450029640121
0.37507013517397864
0.37479527155628933
0.37452041318037627
0.37424556108987633
0.3739707163024643
0.3736958798096871
0.3734210525767999
0.373146235542601
0.3728714296192677
0.3725966356921939
0.37232185461982686
0.37204708723350377
0.3717723343372913
0.3714975967078228
0.3712228750941369
0.3709481702175173
0.3706734827713302
0.3703988134208655
0.37012416280317484
0.36984953152691225
0.36957492017217203
0.3693003292903307
0.3690257594038853
0.36875121100629304
0.36847668456181165
0.36820218050533776
0.36792769924224644
0.3676532411482313
0.3673788065691417
0.3671043958208219
0.3668300091889495
0.3665556469288723
0.36628130926544616
0.36600699639287204
0.36573270847453154
0.36545844564282287
0.36518420799899587
0.36490999561298626
0.36463580852324967
0.36436164673659416
0.3640875102280121
0.36381339894051173
0.3635393127849471
0.3632652516398475
0.362991215351246
0.3627172037325061
0.3624432165641479
0.3621692535936736
0.3618953145353906
0.36162139907023405
0.36134750684558803
0.36107363747510546
0.3607997905385263
0.36052596558149363
0.36025216211537087
0.3599783796170535
0.3597046175287823
0.35943087525795303
0.35915715217692684
0.35888344762283453
0.35860976089738394
0.3583360912666619
0.35806243796093634
0.35778880017445436
0.35751517706524083
0.357241567754892
0.35696797132837044
0.35669438683379384
0.3564208132822248
0.3561472496474559
0.3558736948657956
0.3556001478358472
0.3553266074182895
0.35505307243565276
0.3547795416720925
0.3545060138731612
0.3542324877455766
0.3539589619569877
0.3536854351357385
0.353411905870627
0.3531383727106643
0.3528648341648283
0.35259128870181566
0.35231773474978983
0.3520441706961279
0.3517705948871622
0.3514970056279194
0.35122340118185746
0.35094977977059816
0.3506761395736568
0.3504024787281688
0.35012879532861213
0.3498550874265275
0.34958135303023424
0.3493075901045428
0.3490337965704644
0.34875997030491573
0.3484861091404219
0.34821221086481435
0.3479382732209254
0.3476642939062793
0.34739027057277955
0.3471162008263928
0.3468420822268274
0.3465679122872104
0.34629368847375946
0.34601940820544974
0.3457450688536802
0.34547066774193225
0.3451962021454262
0.34492166929077517
0.3446470663556321
0.34437239046833423
0.34409763870754523
0.3438228081018888
0.3435478956295839
0.3432728982180715
0.3429978127436395
0.3427226360310429
0.34244736485312005
0.34217199593040515
0.3418965259307367
0.34162095146886057
0.34134526910603213
0.3410694753496104
0.34079356665265204
0.34051753941349905
0.3402413899753627
0.33996511462590506
0.33968870959681435
0.3394121710633795
0.3391354951440576
0.3388586779000399
0.3385817153348136
0.33830460339371926
0.3380273379635061
0.3377499148718811
0.3374723298870586
0.33719457871730274
0.3369166570104686
0.3366385603535396
0.33636028427216186
0.3360818242301751
0.3358031756291408
0.33552433380786884
0.33524529404193776
0.3349660515432169
0.3346866014593824
0.334406938873433
0.33412705880320226
0.33384695620086935
0.3335666259524673
0.33328606287739065
0.3330052617278995
0.3327242171886237
0.3324429238760649
0.33216137633809734
0.3318795690534686
0.33159749643129816
0.331315152810577
0.331032532459665
0.33074962957579085
0.33046643828454864
0.3301829526393986
0.3298991666211643
0.32961507413753555
0.32933066902256813
0.32904594503618656
0.3287608958636901
0.32847551511525863
0.32818979632546164
0.32790373295277053
0.32761731837907226
0.3273305459091891
0.32704340877039906
0.3267559001119629
0.32646801300465406
0.3261797404402946
0.3258910753312945
0.3256020105102009
0.32531253872924737
0.32502265265991614
0.32473234489250236
0.32444160793568927
0.3241504342161303
0.32385881607803835
0.3235667457827878
0.32327421550852137
0.32298121734977187
0.3226877433170916
0.3223937853366942
0.3220993352501088
0.3218043848138459
0.32150892569907713
0.3212129494913291
0.32091644769019056
0.3206194117090365
0.32032183287476695
0.3200237024275626
0.31972501152065835
0.31942575122013483
0.31912591250472794
0.3188254862656592
0.31852446330648665
0.3182228343429754
0.31792059000299294
0.31761772082642553
0.31731421726511844
0.31701006968284234
0.31670526835528395
0.3163998034700649
0.31609366512678594
0.3157868433371018
0.31547932802482453
0.3151711090260566
0.314862176089358
0.31455251887594193
0.31424212695990816
0.31393098982850876
0.3136190968824487
0.3133064374362259
0.3129930007185068
0.3126787758725416
0.3123637519566204
0.31204791794456943
0.3117312627262899
0.3114137751083412
0.31109544381456833
0.31077625748677457
0.310456204685442
0.3101352738905007
0.3098134535021462
0.3094907318417091
0.3091670971525752
0.3088425376011599
0.30851704127793655
0.30819059619851946
0.3078631903048066
0.3075348114661771
0.3072054474807495
0.3068750860767004
0.3065437149136458
0.3062113215840833
0.30587789361490003
0.3055434184689464
0.30520788354667405
0.30487127618784327
0.30453358367330047
0.304194793226822
0.303854892017033
0.3035138671593957
0.30317170571827234
0.3028283947090623
0.30248392110041483
0.30213827181651665
0.3017914337394592
0.3014433937116827
0.3010941385384992
0.3007436549906973
0.30039192980722573
0.30003894969795947
0.2996847013465486
0.29932917141334986
0.29897234653844085
0.2986142133447206
0.2982547584410931
0.2978939684257362
0.29753182988945714
0.2971683294191332
0.2968034536012383
0.2964371890254567
0.29606952228838324
0.29570043999730783
0.2953299287740912
0.2949579752591211
0.2945845661153593
0.294209688032472
0.2938333277310475
0.2934554719668959
0.2930761075354365
0.292695221276167
0.29231280007721666
0.2919288308799799
0.2915433006838328
0.2911561965509296
0.2907675056110758
0.2903772150666815
0.2899853121977893
0.28959178436717753
0.2891966190255343
0.28879980371670616
0.2884013260830131
0.28800117387063195
0.28759933493504514
0.28719579724655053
0.28679054889583405
0.28638357809959936
0.28597487320625165
0.2855644227016352
0.2851522152148213
0.28473823952394095
0.28432248456206205
0.2839049394231081
0.2834855933678111
0.2830644358297008
0.2826414564211222
0.28221664493927856
0.2817899913722994
0.28136148590532356
0.28093111892659905
0.28049888103359183
0.28006476303910094
0.279628755977375
0.27919085111022585
0.2787510399331342
0.27830931418134525
0.27786566583594374
0.27742008712991095
0.27697257055415386
0.27652310886350273
0.2760716950826714
0.2756183225121787
0.2751629847342211
0.2747056756184941
0.2742463893279571
0.27378512032453606
0.2733218633747585
0.27285661355531665
0.2723893662585518
0.27192011719785636
0.27144886241298705
0.2709755982752842
0.2705003214927938
0.27002302911528303
0.26954371853914866
0.2690623875122106
0.26857903413838546
0.2680936568822366
0.2676062545733943
0.2671168264108427
0.2666253719670667
0.26613189119205627
0.265636384417162
0.2651388523587986
0.26463929612199183
0.26413771720376267
0.2636341174963483
0.2631284992902535
0.26262086527712764
0.26211121855246694
0.2615995626181359
0.26108590138470533
0.26057023917360445
0.26005258071908216
0.2595329311699785
0.2590112960912978
0.2584876814655884
0.25796209369412004
0.2574345395978611
0.2569050264182528
0.2563735618177773
0.2558401538803213
0.25530481111133047
0.2547675424377574
0.25422835720779946
0.253687265190427
0.2531442765747014
0.25259940196888536
0.2520526523993407
0.2515040393092175
0.2509535745569364
0.2504012704144604
0.24984713956535987
0.24929119510267428
0.24873345052656692
0.24817391974177788
0.24761261705487658
0.24704955717131571
0.24648475519228719
0.2459182266113867
0.2453499873110836
0.2447800535590059
0.2442084420040359
0.24363516967222615
0.24306025396253572
0.24248371264238944
0.2419055638430676
0.24132582605492503
0.24074451812244768
0.24016165923914884
0.23957726894230796
0.23899136710756022
0.23840397394333568
0.2378151099851597
0.2372247960898115
0.23663305342935145
0.23603990348501935
0.2354453680410084
0.23484946917812158
0.234252229267313
0.23365367096312079
0.2330538171969967
0.23245269117053724
0.2318503163486203
0.2312467164524547
0.23064191545254623
0.23003593756158547
0.22942880722726414
0.22882054912502153
0.2282111881507315
0.22760074941333047
0.22698925822739313
0.22637674010566347
0.22576322075153998
0.22514872605152902
0.2245332820676611
0.22391691502988473
0.22329965132843424
0.22268151750618395
0.22206254025098632
0.221442746388005
0.22082216287204326
0.22020081677987305
0.2195787353025716
0.21895594573786545
0.21833247548249168
0.21770835202457534
0.21708360293602932
0.21645825586498385
0.21583233852824205
0.2152058787037731
0.21457890422324116
0.21395144296457835
0.21332352284459932
0.21269517181166825
0.212066417838414
0.21143728891450303
0.21080781303946822
0.2101780182156009
0.20954793244090483
0.20891758370211844
0.20828699996780553
0.20765620918151811
0.2070252392550352
0.20639411806167612
0.20576287342969513
0.2051315331357557
0.20450012489848932
0.2038686763721405
0.20323721514029705
0.20260576870971028
0.2019743645042076
0.2013430298586955
0.20071179201325753
0.20008067810734767
0.1994497151740803
0.1988189301346181
0.19818834979265967
0.19755800082902686
0.19692790979635408
0.19629810311387924
0.1956686070623373
0.19503944777896015
0.19441065125257856
0.19378224331882987
0.1931542496554722
0.1925266957778051
0.191899607034196
0.1912730086017142
0.19064692548187223
0.19002138249647507
0.1893964042835764
0.1887720152935442
0.188148239785232
0.1875251018222607
0.18690262526940568
0.18628083378909416
0.18565975083800781
0.18503939966379465
0.1844198033018865
0.18380098457242494
0.18318296607729134
0.18256577019724546
0.18194941908916745
0.18133393468340675
0.18071933868123355
0.18010565255239613
0.17949289753277975
0.17888109462217033
0.1782702645821173
0.17766042793390005
0.17705160495659425
0.17644381568523693
0.17583707990909153
0.17523141717001084
0.17462684676089546
0.17402338772425122
0.17342105885083858
0.17281987867841936
0.17221986549059454
0.17162103731573547
0.17102341192600531
0.17042700683647083
0.16983183930430412
0.169237926328071
0.16864528464710643
0.16805393074097566
0.16746388082901997
0.16687515086998525
0.16628775656173206
0.1657017133410276
0.1651170363834166
0.16453374060317
0.1639518406533108
0.16337135092571678
0.16279228555129518
0.16221465840023302
0.16163848308231765
0.16106377294732763
0.16049054108549346
0.15991880032802633
0.1593485632477114
0.15877984215956875
0.1582126491215752
0.1576469959354517
0.15708289414750798
0.15652035504954995
0.15595938967984363
0.15540000882413585
0.15484222301673156
0.15428604254162373
0.15373147743367754
0.15317853747986399
0.15262723222054564
0.15207757095080882
0.15152956272184476
0.15098321634237546
0.15043854038012439
0.1498955431633311
0.1493542327823064
0.14881461709102833
0.14827670370877832
0.14774050002181366
0.14720601318507756
0.14667325012394417
0.14614221753599677
0.14561292189283975
0.14508536944194134
0.14455956620850605
0.14403551799737732
0.14351323039496514
0.14299270877120368
0.1424739582815308
0.14195698386889302
0.14144179026577322
0.14092838199624003
0.14041676337801645
0.13990693852457023
0.13939891134721907
0.13889268555725634
0.13838826466808973
0.1378856519973971
0.13738485066929462
0.13688586361651806
0.13638869358261688
0.13589334312415696
0.1353998146129346
0.1349081102381992
0.13441823200888273
0.1339301817558364
0.13344396113407458
0.13295957162502148
0.13247701453876343
0.13199629101630356
0.13151740203181966
0.13104034839492296
0.13056513075291726
0.13009174959305947
0.12962020524481746
0.12915049788212704
0.12868262752564702
0.1282165940450104
0.12775239716107203
0.12729003644815198
0.1268295113362729
0.12637082111339284
0.12591396492763024
0.12545894178948297
0.12500575057403848
0.12455439002317663
0.12410485874776322
0.12365715522983477
0.12321127782477159
0.12276722476346265
0.12232499415445823
0.12188458398611093
0.12144599212870553
0.12100921633657669
0.1205742542502121
0.12014110339834486
0.11970976120003088
0.11928022496671203
0.11885249190426629
0.11842655911504175
0.1180024235998763
0.11758008226010255
0.11715953189953554
0.11674076922644605
0.11632379085551649
0.11590859330978148
0.1154951730225507
0.11508352633931468
0.11467364951963475
0.11426553873901368
0.11385919009075016
0.1134545995877748
0.11305176316446834
0.11265067667846174
0.11225133591241744
0.11185373657579356
0.11145787430658774
0.11106374467306353
0.11067134317545813
0.11028066524766988
0.10989170625892873
0.10950446151544556
0.10911892626204468
0.10873509568377492
0.10835296490750325
0.10797252900348814
0.10759378298693417
0.10721672181952709
0.10684134041094989
0.10646763362037881
0.10609559625796094
0.1057252230862728
0.10535650882175772
0.10498944813614591
0.10462403565785518
0.10426026597337097
0.10389813362860967
0.10353763313025985
0.10317875894710757
0.10282150551134006
0.10246586721983314
0.10211183843541702
0.10175941348812574
0.10140858667642702
0.10105935226843299
0.10071170450309375
0.1003656375913714
0.10002114571739712
0.0996782230396082
0.09933686369186931
0.09899706178457424
0.09865881140573002
0.09832210662202481
0.09798694147987594
0.09765331000646243
0.09732120621073992
0.09699062408443725
0.09666155760303785
0.0963340007267426
0.09600794740141702
0.09568339155952205
0.09536032712102721
0.09503874799430843
0.09471864807703018
0.09440002125701004
0.09408286141306954
0.09376716241586677
0.09345291812871671
0.0931401224083928
0.09282876910591618
0.09251885206732809
0.09221036513444834
0.09190330214561837
0.09159765693643056
0.09129342334044258
0.09099059518987763
0.09068916631631108
0.09038913055134248
0.09009048172725422
0.0897932136776572
0.08949732023812167
0.08920279524679679
0.0889096325450151
0.08861782597788564
0.08832736939487386
0.08803825665036842
0.08775048160423667
0.08746403812236657
0.08717892007719795
0.08689512134824033
0.08661263582258097
0.08633145739537881
0.08605157997034962
0.08577299746023771
0.08549570378727796
0.08521969288364606
0.08494495869189826
0.08467149516540103
0.08439929626874879
0.08412835597817332
0.08385866828194093
0.08359022718074133
0.08332302668806513
0.08305706083057315
0.08279232364845536
0.0825288091957798
0.08226651154083343
0.08200542476645313
0.08174554297034801
0.08148686026541282
0.08122937078003219
0.08097306865837721
0.08071794806069317
0.08046400316357864
0.08021122816025658
0.07995961726083878
0.07970916469257987
0.07945986470012578
0.0792117115457538
0.07896469950960505
0.07871882288990989
0.07847407600320551
0.07823045318454776
0.07798794878771456
0.07774655718540294
0.07750627276942001
0.0772670899508666
0.07702900316031454
0.07679200684797739
0.07655609548387615
0.07632126355799695
0.07608750558044403
0.07585481608158634
0.07562318961219905
0.07539262074359754
0.07516310406776872
0.07493463419749372
0.07470720576646768
0.07448081342941269
0.07425545186218672
0.0740311157618868
0.07380779984694724
0.07358549885723334
0.07336420755412991
0.07314392072062581
0.07292463316139315
0.07270633970286249
0.07248903519329321
0.07227271450284035
0.0720573725236163
0.07184300416974908
0.07162960437743618
0.07141716810499468
0.07120569033290758
0.07099516606386548
0.07078559032280647
0.07057695815695003
0.07036926463582902
0.07016250485131764
0.0699566739176563
0.06975176697147246
0.06954777917179916
0.06934470570008966
0.06914254176022946
0.06894128257854476
0.06874092340380875
0.06854145950724388
0.06834288618252274
0.06814519874576475
0.06794839253553092
0.06775246291281643
0.06755740526103934
0.06736321498602799
0.06716988751600537
0.06697741830157096
0.0667858028156812
0.0665950365536264
0.06640511503300611
0.06621603379370256
0.06602778839785142
0.0658403744298111
0.06565378749612936
0.06546802322550853
0.06528307726876885
0.06509894529880951
0.06491562301056844
0.06473310612097974
0.06455139036892987
0.06437047151521248
0.06419034534248064
0.06401100765519831
0.0638324542795901
0.06365468106358955
0.06347768387678596
0.06330145861036965
0.06312600117707615
0.06295130751112897
0.06277737356818122
0.06260419532525559
0.062431768780683405
0.06226008995404295
0.06208915488609586
0.06191895963872297
0.06174950029485864
0.06158077295842503
0.06141277375426415
0.0612454988280697
0.06107894434631791
0.06091310649619738
0.060747981485538116
0.06058356554273968
0.060419854916698545
0.06025684587673504
0.060094534712518646
0.05993291773399376
0.059771991271303615
0.05961175167471491
0.059452195314540074
0.05929331858106053
0.05913511788444843
0.05897758965468829
0.05882073034149765
0.05866453641424778
0.05850900436188351
0.058354130692842406
0.05819991193497444
0.058046344635460045
0.05789342536072857
0.05774115069637597
0.057589517247082514
0.057438521636529745
0.05728816050731737
0.057138430520879656
0.05698932835740213
0.05684085071573695
0.05669299431331892
0.05654575588608117
0.056399132188370296
0.05625311999286141
0.05610771609047321
0.05596291729028245
0.05581872041943925
0.055675122323080806
0.05553211986424615
0.055389709923790435
0.05524788940029908
0.055106655210001736
0.05496600428668662
0.054825933581614354
0.0546864400634318
0.054547520718086086
0.05440917254873909
0.05427139257568007
0.05413417783624107
0.05399752538470999
0.05386143229224462
0.0537258956467873
0.05359091255297828
0.05345648013207033
0.053322595521842736
0.053189255876515906
0.05305645836666563
0.0529242001791374
0.05279247851696143
0.052661290599267066
0.05253063366119792
0.052400504953826824
0.052270901744070904
0.05214182131460681
0.05201326096378649
0.05188521800555253
0.051757689769354395
0.0516306736000637
0.05150416685789122
0.051378166918302486
0.051252671171935174
0.0511276770245151
0.05100318189677383
0.05087918322436551
0.05075567845778451
0.05063266506228298
0.05051014051778889
0.050388102318823805
0.05026654797442188
0.050145475008048085
0.05002488095751684
0.049904763374911884
