0.49876354035774917
0.5353891294699322
0.5208161066177408
0.5309250188193105
0.5317263359291496
0.5202881375495497
0.5150444241717151
0.5173759743439577
0.5178882040912653
0.5171180992191524
0.5179959884481252
0.5184918143333334
0.5172811545803006
0.5160617045925266
0.5158938233134249
0.516155650749717
0.5164001587968142
0.5166625814655752
0.5167832264770714
0.5166164590651061
0.5163484969037088
0.5162139475625886
0.5162365551253719
0.5163320962089768
0.5164314314225321
0.5164822869917326
0.5164622817517619
0.5164029706009279
0.5163574393328869
0.5163517677199828
0.5163779659356731
0.5164138251159489
0.5164392416430905
0.5164454281745412
0.5164377941991986
0.5164293387146187
0.5164299219909305
0.5164409749038127
0.5164575365053792
0.5164732071284547
0.5164841955728509
0.516490798691676
0.5164960964678824
0.5165032533281245
0.5165135466127805
0.5165261764491487
0.5165393765036059
0.5165517384204215
0.5165629311633005
0.516573576478035
0.5165845872971521
0.5165965234872895
0.516609354494206
0.516622647756106
0.5166359384185544
0.5166490069534995
0.5166619286144478
0.5166749323429046
0.5166882094404976
0.5167018018201275
0.5167156129659147
0.5167294980077561
0.516743355507765
0.5167571659452798
0.5167709698940299
0.5167848168219197
0.5167987238189418
0.5168126659193322
0.5168265943258841
0.5168404633294614
0.5168542473104292
0.5168679406713825
0.5168815458343845
0.5168950600115592
0.5169084689939086
0.5169217495590044
0.5169348764884765
0.5169478286429998
0.5169605907623489
0.5169731511951235
0.5169854981223604
0.5169976169695228
0.5170094901895299
0.5170210988356309
0.5170324244519093
0.5170434500597304
0.5170541599203495
0.5170645385766144
0.5170745699548682
0.5170842370389379
0.5170935221348932
0.5171024073882059
0.5171108751655829
0.5171189081095553
0.5171264889253556
0.5171336001006482
0.5171402237384493
0.5171463415621949
0.5171519350316984
0.5171569854607866
0.5171614740586478
0.5171653818851897
0.5171686897643734
0.5171713782110319
0.5171734274017912
0.5171748171850328
0.5171755271027993
0.5171755363981719
0.517174823997817
0.5171733684768717
0.5171711480213353
0.5171681403997248
0.517164322946368
0.5171596725506843
0.5171541656445366
0.5171477781828251
0.5171404856175383
0.5171322628688747
0.5171230842972743
0.5171129236780667
0.5171017541779139
0.51708954833092
0.517076278012629
0.5170619144113986
0.5170464279978451
0.5170297884934439
0.5170119648390106
0.5169929251630587
0.5169726367495262
0.5169510660042723
0.5169281784200341
0.5169039385398928
0.5168783099195007
0.5168512550882983
0.5168227355097688
0.5167927115405988
0.5167611423885501
0.5167279860688851
0.5166931993592895
0.5166567377533136
0.5166185554123679
0.5165786051162717
0.5165368382122986
0.5164932045626298
0.5164476524901286
0.516400128722368
0.5163505783338728
0.516298944686545
0.5162451693682358
0.5161891921294106
0.5161309508178475
0.5160703813112938
0.5160074174480203
0.5159419909552152
0.5158740313751635
0.5158034659891566
0.515730219739075
0.5156542151465846
0.5155753722298737
0.5154936084178781
0.5154088384619206
0.515320974344713
0.5152299251866534
0.5151355971493643
0.5150378933364054
0.5149367136911025
0.5148319548914296
0.514723510241888
0.5146112695623181
0.5144951190735966
0.5143749412801564
0.514250614849281
0.5141220144871211
0.513989010811382
0.5138514702206408
0.5137092547602458
0.5135622219847611
0.5134102248169222
0.5132531114030686
0.5130907249650279
0.5129229036484315
0.5127494803674427
0.5125702826458896
0.5123851324547977
0.5121938460463269
0.5119962337841242
0.5117920999701105
0.5115812426677302
0.5113634535217033
0.5111385175743238
0.5109062130783704
0.5106663113066916
0.5104185763585584
0.5101627649628728
0.5098986262783509
0.509625901690803
0.5093443246076598
0.5090536202498996
0.5087535054415688
0.5084436883970896
0.5081238685065863
0.5077937361194825
0.507452972326645
0.50710124874139
0.5067382272796895
0.5063635599399658
0.5059768885828931
0.5055778447116799
0.5051660492533558
0.5047411123416476
0.5043026331020972
0.503850199440153
0.503383387833057
0.502901763126448
0.5024048783367225
0.5018922744603314
0.5013634802913363
0.5008180122487412
0.5002553742153089
0.49967505738980933
0.499076540154918
0.4984592879632887
0.4978227532446733
0.49716637533736147
0.49648958044766583
0.4957917816416828
0.495072378874138
0.4943307590597599
0.493566296193339
0.4927783515254168
0.49196627380141333
0.49112939957293816
0.49026705359105094
0.4893785492923184
0.4884631893896605
0.4875202665811762
0.4865490643913549
0.48554885816031274
0.48451891619788623
0.48345850112054206
0.482366871390076
0.48124328307389425
0.4800869918472547
0.47889725525808285
0.47767333527480194
0.47641450113690414
0.47512003252664037
0.4737892230781007
0.47242138423697183
0.47101584948027925
0.4695719789003198
0.4680891641507027
0.4665668337448127
0.4650044586880959
0.46340155841529923
0.46175770699223123
0.46007253952885396
0.45834575873672884
0.4565771415492918
0.4547665457084173
0.45291391620570814
0.4510192914523712
0.449082809037987
0.4471047109265808
0.4450853479287967
0.4430251832823283
0.440924795169721
0.4387848780037841
0.4366062423166166
0.43438981309896696
0.43213662645245765
0.4298478244379998
0.42752464802918805
0.42516842810899313
0.4227805744808156
0.4203625628998767
0.417915920166708
0.415442207359801
0.41294300131783507
0.4104198745118972
0.4078743734734644
0.4053079959635469
0.40272216708152475
0.40011821451842633
0.3974973431587484
0.3948606092278518
0.39220889416949595
0.3895428784215985
0.38686301523973304
0.3841695046994639
0.3814622679930067
0.3787409221257604
0.37600475511707554
0.3732527018203693
0.3704833205035168
0.36769477037435017
0.3648847903007237
0.36205067906205324
0.35918927758070257
0.3562969537170011
0.35336959036920723
0.35040257779521133
0.34739081125913246
0.3443286952926025
0.34121015603294225
0.33802866324003195
0.33477726367827454
0.33144862755490323
0.32803510960588556
0.3245288261933278
0.3209217494077972
0.31720581865062625
0.3133730695156749
0.3094157790257943
0.30532662545314015
0.301098860125651
0.29672648786193184
0.29220445204568474
0.2875288198923019
0.28269696318774096
0.27770772967082535
0.27256160022950493
0.267260827115651
0.2618095483822033
0.2562138736728918
0.2504819363650604
0.24462390696401365
0.23865196271833522
0.23258020885305558
0.22642454778251428
0.22020249429856809
0.21393293706896505
0.20763584973580979
0.20133195825137212
0.19504237448888306
0.1887882092102663
0.18259017974669173
0.17646822890451208
0.17044117143418064
0.16452638285460158
0.1587395426583868
0.15309444024583432
0.1476028477668678
0.14227445984775172
0.13711689636466365
0.13213576132647775
0.1273347487425871
0.12271578513993633
0.11827919809795781
0.1140239006439204
0.10994758239763988
0.10604689976356457
0.10231765904530818
0.09875498794204823
0.09535349235951364
0.09210739675500315
0.08901066729809046
0.0860571179581467
0.08324050023927881
0.08055457769833964
0.07799318663425994
0.07555028446037644
0.07321998729718918
0.07099659827879687
0.06887462797530852
0.06684880821427489
0.06491410045072267
0.06306569969800416
0.061299034897528956
0.059609766479179316
0.05799378174854635
0.056447188633416905
0.05496630823051576
0.05354766651405622
0.05218798549943997
0.050884174097485864
0.04963331884579037
