0.4796114778788136
0.5178691056951613
0.5178805584090065
0.5178188963437613
0.5177710550924762
0.5177326470405665
0.5177005699537852
0.5176727542424551
0.5176478171789575
0.517624832783149
0.5176031791424531
0.5175824370820507
0.5175623228721467
0.5175426434958429
0.5175232668748279
0.5175041020176602
0.5174850857558397
0.5174661738584977
0.5174473350615275
0.5174285470400668
0.5174097936796668
0.5173910632176764
0.5173723469696188
0.5173536384503494
0.5173349327628531
0.5173162261694546
0.5172975157881355
0.517278799375257
0.5172600751684395
0.5172413417716968
0.5172225980705332
0.5172038431685086
0.5171850763393508
0.5171662969904487
0.5171475046347717
0.5171286988690919
0.5171098793569733
0.5170910458153968
0.5170721980041867
0.5170533357176124
0.5170344587776902
0.5170155670288218
0.5169966603334935
0.5169777385688141
0.5169588016237264
0.5169398493967549
0.5169208817941839
0.5169018987285864
0.5168829001176283
0.5168638858831023
0.5168448559501432
0.5168258102465905
0.5168067487024721
0.5167876712495847
0.5167685778211517
0.5167494683515479
0.5167303427760725
0.5167112010307686
0.5166920430522713
0.5166728687776899
0.5166536781445075
0.5166344710905018
0.51661524755368
0.5165960074722261
0.5165767507844573
0.516557477428789
0.5165381873437067
0.5165188804677432
0.5164995567394578
0.5164802160974228
0.5164608584802095
0.5164414838263793
0.516422092074474
0.5164026831630093
0.5163832570304693
0.516363813615302
0.5163443528559153
0.5163248746906732
0.5163053790578946
0.5162858658958498
0.5162663351427594
0.5162467867367928
0.5162272206160661
0.5162076367186422
0.5161880349825293
0.5161684153456797
0.5161487777459896
0.5161291221212987
0.5161094484093889
0.5160897565479848
0.5160700464747523
0.5160503181272984
0.516030571443172
0.5160108063598614
0.5159910228147959
0.5159712207453448
0.5159514000888171
0.5159315607824606
0.5159117027634629
0.5158918259689503
0.5158719303359878
0.5158520158015782
0.5158320823026635
0.5158121297761229
0.5157921581587732
0.5157721673873694
0.5157521573986025
0.5157321281291016
0.5157120795154323
0.5156920114940964
0.5156719240015322
0.5156518169741146
0.5156316903481537
0.5156115440598958
0.5155913780455226
0.5155711922411509
0.5155509865828329
0.5155307610065555
0.5155105154482401
0.5154902498437433
0.5154699641288549
0.5154496582392996
0.515429332110736
0.5154089856787558
0.5153886188788843
0.5153682316465811
0.5153478239172373
0.5153273956261781
0.5153069467086613
0.5152864770998766
0.5152659867349466
0.515245475548926
0.515224943476801
0.5152043904534904
0.515183816413844
0.5151632212926431
0.5151426050246004
0.5151219675443593
0.5151013087864945
0.5150806286855112
0.515059927175845
0.5150392041918619
0.5150184596678582
0.51499769353806
0.514976905736623
0.514956096197633
0.514935264855105
0.5149144116429829
0.5148935364951404
0.5148726393453793
0.514851720127431
0.5148307787749546
0.5148098152215386
0.5147888294006984
0.5147678212458785
0.514746790690451
0.5147257376677157
0.5147046621108996
0.5146835639531574
0.5146624431275708
0.5146412995671488
0.5146201332048267
0.5145989439734671
0.5145777318058586
0.5145564966347164
0.5145352383926816
0.5145139570123215
0.5144926524261293
0.5144713245665233
0.5144499733658482
0.5144285987563728
0.5144072006702922
0.5143857790397254
0.5143643337967169
0.5143428648732356
0.5143213722011746
0.5142998557123517
0.5142783153385082
0.51425675101131
0.5142351626623459
0.5142135502231288
0.5141919136250951
0.5141702527996039
0.5141485676779375
0.5141268581913012
0.514105124270823
0.514083365847553
0.514061582852464
0.5140397752164504
0.5140179428703291
0.5139960857448382
0.5139742037706383
0.5139522968783097
0.5139303649983559
0.5139084080611996
0.5138864259971855
0.5138644187365782
0.5138423862095632
0.5138203283462461
0.5137982450766521
0.5137761363307266
0.5137540020383347
0.5137318421292607
0.5137096565332084
0.5136874451798001
0.5136652079985777
0.5136429449190006
0.513620655870448
0.5135983407822159
0.5135759995835191
0.5135536322034897
0.5135312385711781
0.5135088186155511
0.5134863722654928
0.5134638994498048
0.5134414000972045
0.5134188741363261
0.5133963214957203
0.513373742103853
0.5133511358891064
0.513328502779778
0.5133058427040804
0.5132831555901414
0.5132604413660035
0.5132376999596234
0.5132149312988725
0.5131921353115357
0.513169311925312
0.5131464610678137
0.5131235826665661
0.513100676649008
0.51307774294249
0.513054781474276
0.5130317921715413
0.5130087749613733
0.512985729770771
0.5129626565266444
0.5129395551558147
0.5129164255850135
0.5128932677408833
0.5128700815499758
0.5128468669387531
0.5128236238335865
0.5128003521607567
0.5127770518464525
0.5127537228167721
0.5127303649977208
0.5127069783152128
0.5126835626950691
0.5126601180630179
0.5126366443446946
0.5126131414656402
0.5125896093513027
0.512566047927035
0.5125424571180963
0.51251883684965
0.5124951870467642
0.512471507634412
0.5124477985374689
0.5124240596807156
0.5124002909888343
0.5123764923864109
0.512352663797933
0.5123288051477904
0.5123049163602741
0.5122809973595761
0.5122570480697891
0.5122330684149061
0.512209058318819
0.5121850177053201
0.5121609464980997
0.5121368446207466
0.5121127119967476
0.5120885485494868
0.5120643542022455
0.5120401288782009
0.5120158725004267
0.5119915849918918
0.5119672662754597
0.5119429162738892
0.5119185349098324
0.5118941221058348
0.511869677784335
0.5118452018676638
0.5118206942780436
0.5117961549375883
0.5117715837683026
0.5117469806920808
0.5117223456307072
0.5116976785058546
0.5116729792390845
0.511648247751846
0.5116234839654754
0.5115986878011954
0.5115738591801148
0.5115489980232273
0.5115241042514116
0.5114991777854302
0.5114742185459291
0.5114492264534365
0.5114242014283632
0.5113991433910009
0.5113740522615218
0.5113489279599783
0.5113237704063022
0.5112985795203031
0.5112733552216687
0.5112480974299641
0.5112228060646301
0.5111974810449831
0.5111721222902144
0.5111467297193892
0.5111213032514461
0.5110958428051956
0.5110703482993203
0.5110448196523733
0.5110192567827774
0.5109936596088251
0.510968028048677
0.5109423620203604
0.5109166614417702
0.510890926230666
0.5108651563046731
0.5108393515812798
0.5108135119778381
0.5107876374115613
0.5107617277995246
0.5107357830586626
0.51070980310577
0.5106837878574986
0.5106577372303587
0.5106316511407158
0.5106055295047915
0.5105793722386613
0.510553179258254
0.5105269504793504
0.5105006858175829
0.5104743851884336
0.5104480485072338
0.5104216756891626
0.5103952666492463
0.5103688213023565
0.5103423395632098
0.5103158213463657
0.5102892665662271
0.5102626751370365
0.5102360469728782
0.5102093819876735
0.5101826800951825
0.5101559412090018
0.5101291652425621
0.5101023521091289
0.5100755017218
0.5100486139935052
0.510021688837003
0.5099947261648825
0.509967725889559
0.5099406879232744
0.5099136121780956
0.5098864985659132
0.5098593469984389
0.5098321573872066
0.509804929643568
0.5097776636786944
0.5097503594035719
0.509723016729003
0.5096956355656033
0.5096682158238001
0.5096407574138324
0.5096132602457476
0.5095857242294006
0.5095581492744532
0.5095305352903711
0.5095028821864231
0.5094751898716796
0.5094474582550106
0.5094196872450846
0.5093918767503662
0.5093640266791157
0.5093361369393861
0.509308207439022
0.5092802380856583
0.5092522287867176
0.5092241794494097
0.5091960899807282
0.5091679602874506
0.509139790276135
0.5091115798531193
0.5090833289245187
0.5090550373962243
0.5090267051739013
0.5089983321629866
0.5089699182686879
0.5089414633959806
0.5089129674496067
0.5088844303340728
0.508855851953648
0.5088272322123619
0.5087985710140024
0.5087698682621143
0.508741123859997
0.5087123377107022
0.5086835097170321
0.5086546397815372
0.5086257278065145
0.5085967736940048
0.5085677773457913
0.5085387386633973
0.5085096575480831
0.508480533900845
0.5084513676224127
0.5084221586132469
0.508392906773537
0.5083636120031995
0.5083342742018746
0.5083048932689247
0.5082754691034326
0.5082460016041974
0.508216490669734
0.5081869361982695
0.5081573380877413
0.508127696235795
0.5080980105397812
0.5080682808967534
0.5080385072034657
0.5080086893563702
0.5079788272516143
0.5079489207850384
0.5079189698521731
0.507888974348237
0.5078589341681338
0.5078288492064496
0.5077987193574502
0.5077685445150792
0.507738324572955
0.5077080594243668
0.5076777489622739
0.5076473930793014
0.5076169916677385
0.5075865446195353
0.5075560518262996
0.5075255131792946
0.5074949285694361
0.5074642978872892
0.5074336210230657
0.5074028978666211
0.5073721283074517
0.5073413122346919
0.5073104495371106
0.5072795401031089
0.5072485838207168
0.5072175805775899
0.5071865302610066
0.5071554327578652
0.5071242879546805
0.5070930957375805
0.5070618559923042
0.5070305686041972
0.506999233458209
0.5069678504388904
0.5069364194303894
0.5069049403164483
0.5068734129804003
0.5068418373051669
0.5068102131732528
0.5067785404667451
0.5067468190673077
0.5067150488561791
0.5066832297141688
0.5066513615216532
0.5066194441585736
0.5065874775044311
0.5065554614382842
0.5065233958387447
0.5064912805839746
0.5064591155516822
0.5064269006191184
0.5063946356630739
0.5063623205598743
0.5063299551853778
0.5062975394149702
0.5062650731235624
0.5062325561855859
0.506199988474989
0.5061673698652341
0.5061347002292925
0.5061019794396413
0.5060692073682598
0.5060363838866251
0.5060035088657082
0.505970582175971
0.5059376036873615
0.5059045732693095
0.5058714907907242
0.5058383561199886
0.5058051691249563
0.5057719296729469
0.5057386376307429
0.5057052928645848
0.5056718952401671
0.5056384446226344
0.5056049408765771
0.5055713838660274
0.5055377734544549
0.5055041095047624
0.5054703918792817
0.5054366204397693
0.5054027950474025
0.5053689155627747
0.5053349818458904
0.5053009937561627
0.5052669511524067
0.505232853892837
0.5051987018350621
0.5051644948360804
0.5051302327522758
0.5050959154394125
0.5050615427526316
0.5050271145464461
0.5049926306747358
0.5049580909907433
0.5049234953470694
0.5048888435956684
0.5048541355878432
0.5048193711742408
0.5047845502048479
0.5047496725289857
0.5047147379953053
0.5046797464517832
0.5046446977457161
0.5046095917237167
0.504574428231708
0.5045392071149195
0.5045039282178813
0.5044685913844199
0.5044331964576529
0.5043977432799844
0.5043622316930998
0.5043266615379608
0.5042910326548006
0.5042553448831187
0.5042195980616758
0.5041837920284888
0.504147926620826
0.5041120016752014
0.5040760170273699
0.5040399725123225
0.50400386796428
0.5039677032166892
0.5039314781022167
0.5038951924527443
0.5038588460993625
0.5038224388723673
0.503785970601253
0.5037494411147074
0.5037128502406072
0.5036761978060115
0.503639483637157
0.5036027075594527
0.5035658693974745
0.5035289689749588
0.5034920061147983
0.5034549806390357
0.5034178923688587
0.5033807411245937
0.5033435267257008
0.5033062489907687
0.5032689077375075
0.5032315027827449
0.5031940339424191
0.5031565010315742
0.503118903864354
0.5030812422539959
0.5030435160128262
0.5030057249522534
0.5029678688827629
0.5029299476139111
0.5028919609543192
0.5028539087116686
0.5028157906926932
0.5027776067031755
0.5027393565479384
0.502701040030842
0.5026626569547756
0.5026242071216521
0.5025856903324031
0.5025471063869714
0.5025084550843063
0.5024697362223566
0.502430949598065
0.5023920950073625
0.5023531722451607
0.502314181105348
0.5022751213807812
0.5022359928632812
0.5021967953436253
0.5021575286115421
0.5021181924557048
0.5020787866637253
0.5020393110221476
0.5019997653164414
0.5019601493309969
0.5019204628491163
0.5018807056530107
0.5018408775237901
0.5018009782414605
0.5017610075849146
0.5017209653319276
0.5016808512591493
0.5016406651420986
0.5016004067551565
0.5015600758715605
0.5015196722633961
0.5014791957015932
0.5014386459559171
0.5013980227949633
0.5013573259861501
0.501316555295713
0.5012757104886975
0.501234791328952
0.5011937975791227
0.5011527290006454
0.5011115853537396
0.5010703663974015
0.5010290718893977
0.5009877015862585
0.5009462552432704
0.5009047326144703
0.5008631334526383
0.5008214575092907
0.5007797045346741
0.5007378742777572
0.5006959664862253
0.5006539809064727
0.5006119172835961
0.5005697753613878
0.5005275548823285
0.5004852555875805
0.500442877216981
0.5004004195090355
0.5003578822009095
0.5003152650284229
0.5002725677260428
0.5002297900268756
0.5001869316626611
0.5001439923637652
0.5001009718591718
0.5000578698764776
0.5000146861418832
0.49997142038018777
0.4999280723147801
0.4998846416676331
0.49984112815929566
0.499797531508886
0.49975385143408435
0.49971008765112584
0.4996662398747932
0.49962230781840933
0.4995782911938312
0.4995341897114411
0.4994900030801407
0.49944573100734246
0.4994013731989642
0.4993569293594198
0.49931239919161374
0.49926778239693215
0.499223078675237
0.4991782877248576
0.4991334092425841
0.4990884429236595
0.4990433884617727
0.4989982455490511
0.4989530138760531
0.49890769313176064
0.498862283003572
0.4988167831772941
0.4987711933371359
0.49872551316569946
0.4986797423439736
0.4986338805513265
0.49858792746549785
0.4985418827625912
0.49849574611706704
0.49844951720173475
0.4984031956877456
0.4983567812445845
0.49831027354006346
0.49826367224031326
0.49821697700977635
0.49817018751119874
0.49812330340562355
0.4980763243523819
0.49802925000908665
0.49798208003162453
0.49793481407414764
0.49788745178906735
0.4978399928270452
0.49779243683698643
0.4977447834660319
0.49769703235955004
0.4976491831611303
0.49760123551257457
0.49755318905388957
0.4975050434232797
0.4974567982571392
0.49740845319004434
0.49736000785474593
0.4973114618821614
0.49726281490136715
0.49721406653959155
0.4971652164222063
0.497116264172719
0.49706720941276605
0.4970180517621041
0.4969687908386031
0.4969194262582378
0.49686995763508124
0.49682038458129546
0.49677070670712514
0.4967209236208895
0.49667103492897413
0.49662104023582365
0.49657093914393424
0.4965207312538456
0.4964704161641332
0.4964199934714006
0.496369462770272
0.4963188236533842
0.4962680757113792
0.4962172185328959
0.4961662517045635
0.49611517481099265
0.4960639874347682
0.4960126891564415
0.49596127955452296
0.4959097582054741
0.4958581246836996
0.4958063785615403
0.4957545194092646
0.49570254679506187
0.4956504602850338
0.4955982594431876
0.4955459438314275
0.4954935130095479
0.49544096653522485
0.49538830396400957
0.49533552484931964
0.4952826287424323
0.4952296151924764
0.4951764837464248
0.4951232339490869
0.4950698653431011
0.4950163774689272
0.4949627698648387
0.4949090420669157
0.49485519360903685
0.494801224022872
0.4947471328378751
0.49469291958127615
0.4946385837780738
0.49458412495102866
0.4945295426206548
0.49447483630521344
0.49442000552070353
0.4943650497808573
0.49430996859713067
0.494254761478697
0.4941994279324389
0.49414396746294126
0.4940883795724849
0.4940326637610377
0.49397681952624883
0.4939208463634404
0.49386474376560124
0.4938085112233785
0.49375214822507213
0.4936956542566261
0.49363902880162286
0.4935822713412749
0.49352538135441854
0.4934683583175071
0.4934112017046032
0.4933539109873719
0.49329648563507467
0.4932389251145617
0.4931812288902649
0.4931233964241921
0.4930654271759193
0.49300732060258395
0.49294907615887884
0.4928906932970456
0.49283217146686653
0.49277351011566023
0.49271470868827316
0.49265576662707455
0.49259668337194834
0.4925374583602886
0.4924780910269917
0.4924185808044508
0.4923589271225492
0.49229912940865395
0.4922391870876105
0.4921790995817354
0.4921188663108107
0.4920584866920783
0.4919979601402337
0.4919372860674196
0.4918764638832208
0.49181549299465765
0.4917543728061809
0.4916931027196654
0.49163168213440506
0.49157011044710675
0.4915083870518855
0.4914465113402576
0.4913844827011368
0.4913223005208282
0.4912599641830232
0.4911974730687936
0.49113482655658774
0.4910720240222242
0.4910090648388882
0.4909459483771244
0.4908826740048351
0.4908192410872731
0.49075564898703794
0.4906918970640708
0.4906279846756513
0.49056391117639114
0.4904996759182312
0.49043527825043665
0.49037071751959294
0.4903059930696017
0.4902411042416768
0.49017605037433987
0.4901108308034174
0.4900454448620366
0.48997989188062124
0.4899141711868892
0.4898482821058481
0.4897822239597922
0.48971599606829974
0.48964959774822897
0.4895830283137158
0.48951628707617034
0.4894493733442747
0.48938228642397996
0.4893150256185033
0.4892475902283265
0.4891799795511925
0.48911219288210384
0.48904422951332066
0.4889760887343581
0.4889077698319849
0.48883927209022215
0.48877059479034074
0.4887017372108602
0.48863269862754805
0.4885634783134176
0.4884940755387281
0.48842448957098233
0.4883547196749273
0.4882847651125527
0.48821462514309094
0.4881442990230163
0.48807378600604573
0.4880030853431372
0.4879321962824919
0.4878611180695527
0.48778984994700575
0.487718391154781
0.48764674093005195
0.4875748985072381
0.4875028631180054
0.48743063399126674
0.4873582103531854
0.4872855914271743
0.48721277643390004
0.4871397645912834
0.4870665551145022
0.48699314721599374
0.4869195401054569
0.4868457329898554
0.48677172507342076
0.486697515557655
0.4866231036413344
0.4865484885205137
0.48647366938852776
0.48639864543599837
0.4863234158508362
0.4862479798182467
0.4861723365207336
0.4860964851381047
0.4860204248474762
0.4859441548232789
0.4858676742372625
0.48579098225850276
0.4857140780534066
0.48563696078571833
0.4855596296165268
0.4854820837042715
0.48540432220474994
0.48532634427112464
0.48524814905393077
0.48516973570108374
0.4850911033578877
0.48501225116704266
0.4849331782686549
0.48485388380024363
0.4847743668967515
0.484694626690554
0.4846146623114684
0.48453447288676377
0.4844540575411713
0.48437341539689577
0.4842925455736244
0.48421144718853976
0.4841301193563301
0.48404856118920153
0.48396677179688974
0.48388475028667255
0.48380249576338213
0.4837200073294189
0.4836372840847637
0.4835543251269917
0.48347112955128724
0.4833876964504562
0.4833040249149427
0.48322011403284254
0.4831359628899192
0.4830515705696191
0.48296693615308783
0.4828820587191862
0.48279693734450735
0.48271157110339336
0.4826259590679528
0.4825401003080788
0.4824539938914665
0.48236763888363243
0.4822810343479329
0.4821941793455834
0.4821070729356782
0.4820197141752109
0.48193210211909393
0.4818442358201804
0.48175611432928506
0.4816677366952054
0.4815791019647448
0.4814902091827343
0.4814010573920552
0.4813116456336638
0.48122197294661356
0.48113203836808005
0.4810418409333858
0.480951379676025
0.4808606536276893
0.4807696618182931
0.4806784032760009
0.4805868770272538
0.4804950820967959
0.48040301750770426
0.4803106822814145
0.48021807543775175
0.4801251959949583
0.48003204296972396
0.47993861537721644
0.47984491223111125
0.47975093254362355
0.4796566753255392
0.47956213958624694
0.4794673243337716
0.47937222857480605
0.47927685131474623
0.4791811915577239
0.4790852483066427
0.4789890205632114
0.478892507327982
0.47879570760038354
0.47869862037876043
0.4786012446604092
0.47850357944161637
0.47840562371769646
0.4783073764830314
0.4782088367311098
0.4781100034545664
0.4780108756452236
0.47791145229413157
0.4778117323916107
0.47771171492729336
0.4776113988901667
0.47751078326861596
0.47740986705046917
0.4773086492230404
0.4772071287731758
0.4771053046872988
0.4770031759514569
0.4769007415513679
0.4767980004724677
0.47669495169995807
0.4765915942188561
0.4764879270140421
0.4763839490703106
0.4762796593724205
0.47617505690514567
0.4760701406533274
0.47596490960192617
0.4758593627360745
0.4757534990411309
0.4756473175027339
0.47554081710685675
0.4754339968398626
0.47532685568856103
0.47521939264026447
0.4751116066828453
0.47500349680479453
0.4748950619952794
0.47478630124420357
0.474677213542266
0.4745677978810226
0.47445805325294627
0.4743479786514894
0.47423757307114633
0.47412683550751616
0.4740157649573666
0.4739043604186984
0.47379262089081015
0.4736805453743653
0.47356813287145627
0.4734553823856733
0.4733422929221716
0.4732288634877398
0.4731150930908682
0.47300098074181973
0.47288652545269916
0.4727717262375247
0.47265658211229966
0.4725410920950841
0.47242525520606815
0.47230907046764664
0.4721925369044913
0.4720756535436278
0.4719584194145092
0.47184083354909484
0.47172289498192477
0.4716046027501988
0.4714859558938537
0.47136695345564317
0.47124759448121656
0.47112787801919925
0.4710078031212732
0.4708873688422592
0.4707665742401979
0.4706454183764337
0.47052390031569674
0.4704020191261883
0.47027977387966446
0.4701571636515222
0.4700341875208841
0.46991084457068666
0.46978713388776544
0.46966305456294427
0.46953860569112343
0.469413786371368
0.4692885957069981
0.4691630328056789
0.46903709677951116
0.4689107867451232
0.46878410182376234
0.46865704114138795
0.46852960382876385
0.46840178902155355
0.4682735958604124
0.4681450234910846
0.46801607106449705
0.4678867377368563
0.46775702266974495
0.4676269250302174
0.46749644399089973
0.4673655787300864
0.46723432843183854
0.46710269228608453
0.4669706694887181
0.4668382592416998
0.4667054607531572
0.46657227323748535
0.46643869591544956
0.4663047280142871
0.46617036876780893
0.46603561741650384
0.4659004732076412
0.46576493539537545
0.4656290032408495
0.46549267601230027
0.46535595298516325
0.4652188334421786
0.46508131667349617
0.4649434019767827
0.46480508865732817
0.464666376028152
0.46452726341011147
0.4643877501320091
0.4642478355307002
0.46410751895120134
0.4639667997467994
0.4638256772791599
0.463684150918436
0.4635422200433784
0.46339988404144516
0.46325714230891024
0.4631139942509756
0.4629704392818799
0.4628264768250099
0.4626821063130101
0.4625373271878951
0.46239213890115943
0.462246540913889
0.46210053269687246
0.4619541137307128
0.46180728350593814
0.4616600415231138
0.4615123872929539
0.4613643203364327
0.4612158401848967
0.46106694638017576
0.46091763847469547
0.4607679160315883
0.4606177786248057
0.460467225839229
0.460316257270782
0.4601648725265414
0.46001307122484847
0.4598608529954205
0.4597082174794618
0.4595551643297743
0.45940169321086893
0.4592478037990757
0.4590934957826536
0.45893876886190244
0.45878362274927015
0.4586280571694651
0.4584720718595632
0.4583156665691184
0.4581588410602704
0.45800159510785354
0.45784392849950484
0.4576858410357712
0.4575273325302167
0.45736840280952973
0.45720905171362863
0.4570492790957683
0.4568890848226449
0.4567284687745011
0.45656743084523016
0.4564059709424801
0.45624408898775637
0.45608178491652485
0.45591905867831384
0.45575591023681505
0.4555923395699846
0.45542834667014315
0.4552639315440751
0.45509909421312666
0.45493383471330495
0.45476815309537405
0.4546020494249512
0.4544355237826032
0.45426857626394024
0.4541012069797103
0.45393341605589166
0.4537652036337846
0.45359656987010377
0.4534275149370671
0.453258039022485
0.4530881423298499
0.45291782507842127
0.4527470875033145
0.45257592985558315
0.4524043524023049
0.4522323554266639
0.45205993922803256
0.45188710412205174
0.4517138504407111
0.45154017853242684
0.4513660887621183
0.4511915815112849
0.45101665717807987
0.4508413161773841
0.4506655589408773
0.4504893859171093
0.45031279757156967
0.45013579438675455
0.4499583768622344
0.44978054551471836
0.4496023008781184
0.44942364350361125
0.44924457395969913
0.4490650928322697
0.4488852007246529
0.4487048982576778
0.44852418606972705
0.44834306481679015
0.44816153517251467
0.44797959782825614
0.4477972534931263
0.4476145028940403
0.44743134677576024
0.44724778590094005
0.4470638210501652
0.44687945302199406
0.44669468263299444
0.44650951071778117
0.4463239381290494
0.44613796573760806
0.44595159443241
0.44576482512058124
0.445577658727448
0.44539009619656217
0.44520213848972406
0.44501378658700436
0.4448250414867632
0.44463590420566834
0.4444463757787097
0.4442564572592139
0.4440661497188557
0.44387545424766706
0.443684371954046
0.44349290396476043
0.44330105142495313
0.4431088154981432
0.4429161973662243
0.4427231982294634
0.44252981930649493
0.44233606183431506
0.4421419270682719
0.44194741628205436
0.44175253076768
0.4415572718354787
0.44136164081407536
0.4411656390503709
0.4409692679095193
0.4407725287749049
0.44057542304811537
0.44037795214891395
0.4401801175152084
0.43998192060301866
0.4397833628864416
0.4395844458576141
0.43938517102667385
0.4391855399217174
0.4389855540887564
0.4387852150916718
0.4385845245121656
0.43838348394970983
0.43818209502149486
0.4379803593623736
0.4377782786248043
0.4375758544787918
0.4373730886118252
0.43716998272881447
0.43696653855202383
0.436762757821004
0.4365586422925212
0.4363541937404847
0.4361494139558713
0.43594430474664886
0.435738867937696
0.435533105370721
0.43532701890417813
0.435120610413181
0.4349138817894147
0.43470683494104534
0.4344994717926278
0.4342917942850104
0.4340838043752384
0.4338755040364548
0.43366689525779906
0.43345798004430414
0.43324876041679106
0.4330392384117608
0.432829416081285
0.43261929549289496
0.43240887872946665
0.4321981678891056
0.4319871650850293
0.4317758724454467
0.4315642921134364
0.4313524262468231
0.4311402770180518
0.43092784661405964
0.4307151372361461
0.43050215109984147
0.4302888904347733
0.4300753574845311
0.4298615545065281
0.4296474837718631
0.429433147565179
0.4292185481845193
0.4290036879411847
0.4287885691595856
0.4285731941770945
0.42835756534389563
0.4281416850228341
0.4279255555892617
0.4277091794308825
0.4274925589475959
0.42727569655133946
0.42705859466592777
0.42684125572689136
0.4266236821813149
0.4264058764876718
0.42618784111565833
0.425969578546027
0.42575109127041744
0.42553238179118574
0.4253134526212338
0.42509430628383604
0.42487494531246495
0.42465537225061617
0.4244355896516312
0.42421560007852005
0.4239954061037815
0.4237750103092226
0.4235544152857783
0.4233336236333275
0.4231126379605097
0.42289146088454127
0.4226700950310283
0.42244854303378077
0.42222680753462444
0.4220048911832123
0.421782796636835
0.4215605265602309
0.4213380836253939
0.42111547051138265
0.4208926899041265
0.420669744496233
0.42044663698679385
0.4202233700811883
0.41999994649088956
0.4197763689332682
0.4195526401313946
0.4193287628138428
0.41910473971449264
0.41888057357233055
0.4186562671312525
0.4184318231398641
0.4182072443512807
0.41798253352292936
0.41775769341634705
0.41753272679698183
0.4173076364339912
0.417082425100042
0.41685709557111
0.41663165062627794
0.4164060930475351
0.4161804256195763
0.4159546511295996
0.4157287723671073
0.41550279212370234
0.415276713192889
0.4150505383698716
0.41482427045135317
0.41459791223533504
0.4143714665209171
0.4141449361080965
0.4139183237975684
0.413691632390527
0.4134648646884641
0.41323802349297295
0.41301111160554754
0.41278413182738594
0.41255708695919174
0.41232997980097696
0.412102813151867
0.4118755898099016
0.4116483125718428
0.4114209842329773
0.411193607586924
0.4109661854254394
0.41073872053822535
0.41051121571273713
0.4102836737339916
0.4100560973843767
0.4098284894434623
0.40960085268781077
0.40937318989078925
0.40914550382238224
0.4089177972490062
0.40869007293332327
0.40846233363405826
0.40823458210581454
0.40800682109889214
0.40777905335910664
0.40755128162760956
0.4073235086407085
0.40709573712969077
0.40686796982064544
0.40664020943428875
0.40641245868578924
0.4061847202845955
0.4059569969342641
0.405729291332289
0.4055016061699327
0.405273944132058
0.4050463078969616
0.4048187001362095
0.40459112351447296
0.4043635806893653
0.40413607431128173
0.4039086070232404
0.4036811814607233
0.4034538002515202
0.40322646601557294
0.4029991813648231
0.402771948903059
0.40254477122576515
0.40231765091997346
0.4020905905641163
0.4018635927278799
0.40163665997206077
0.40140979484842304
0.4011829998995572
0.40095627765874065
0.40072963064980094
0.40050306138697883
0.4002765723747945
0.4000501661079148
0.39982384507102176
0.39959761173868436
0.39937146857523054
0.3991454180346218
0.39891946256032773
0.3986936045852063
0.3984678465313812
0.3982421908101235
0.39801663982173585
0.39779119595543544
0.3975658615892422
0.3973406390898666
0.39711553081259937
0.39689053910120414
0.39666566628781097
0.3964409146928119
0.3962162866247586
0.3959917843802611
0.39576741024388956
0.39554316648807664
0.39531905537302237
0.3950950791466006
0.3948712400442677
0.3946475402889722
0.39442398209106744
0.3942005676482251
0.393977299145351
0.39375417875450275
0.39353120863480845
0.39330839093238923
0.39308572778028095
0.3928632212983597
0.39264087359326894
0.3924186867583465
0.39219666287355703
0.39197480400542206
0.3917531122069553
0.39153158951759803
0.391310237963157
0.3910890595557425
0.39086805629371174
0.39064723016160974
0.3904265831301153
0.3902061171559867
0.38998583418201077
0.3897657361369529
0.389545824935508
0.3893261024782545
0.3891065706516105
0.3888872313277894
0.38866808636475997
0.3884491376062057
0.3882303868814878
0.38801183600560885
0.38779348677917824
0.38757534098837976
0.38735740040494043
0.3871396667861009
0.38692214187458795
0.38670482739858847
0.3864877250717249
0.38627083659303213
0.3860541636469368
0.3858377079032373
0.3856214710170862
0.3854054546289728
0.3851896603647095
0.38497408983541764
0.38475874463751614
0.38454362635271044
0.38432873654798544
0.384114076775596
0.38389964857306325
0.3836854534631684
0.3834714929539524
0.38325776853871196
0.3830442816960012
0.3828310338896329
0.38261802656868127
0.3824052611674859
0.3821927391056583
0.38198046178808825
0.38176843060495264
0.3815566469317251
0.38134511212918654
0.38113382754343916
0.3809227945059181
0.3807120143334076
0.3805014883280577
0.3802912177774001
0.3800812039543684
0.379871448117318
0.379661951510046
0.37945271536181496
0.3792437408873762
0.3790350292869933
0.37882658174646966
0.37861839943717457
0.3784104835160713
0.37820283512574676
0.37799545539444146
0.37778834543608086
0.3775815063503081
0.3773749392225172
0.3771686451238879
0.3769626251114204
0.37675688022797293
0.3765514115022986
0.3763462199490836
0.37614130656898775
0.3759366723486833
0.37573231826089726
0.3755282452644534
0.37532445430431477
0.3751209463116282
0.374917722203769
0.3747147828843863
0.3745121292434497
0.37430976215729633
0.3741076824886793
0.37390589108681604
0.3737043887874383
0.37350317641284225
0.37330225477194
0.37310162466031066
0.3729012868602535
0.3727012421408408
0.37250149125797233
0.37230203495442904
0.372102873959929
0.3719040089911828
0.3717054407519502
0.37150716993309685
0.3713091972126529
0.37111152325586994
0.3709141487152809
0.3707170742307584
0.3705203004295759
0.3703238279264668
0.370127657323686
0.3699317892110715
0.36973622416610574
0.36954096275397824
0.3693460055276486
0.369151353027909
0.3689570057834495
0.3687629643109196
0.36856922911499546
0.36837580068844267
0.36818267951218275
0.36798986605535816
0.36779736077539843
0.36760516411808664
0.3674132765176259
0.36722169839670593
0.3670304301665714
0.3668394722270882
0.3666488249668119
0.36645848876305565
0.3662684639819594
0.36607875097855647
0.3658893500968444
0.36570026166985314
0.365511486019714
0.3653230234577296
0.3651348742844436
0.3649470387897096
0.36475951725276223
0.36457230994228673
0.3643854171164892
0.3641988390231672
0.36401257589977987
0.36382662797351917
0.3636409954613803
0.3634556785702327
0.36327067749689046
0.3630859924281841
0.36290162354103134
0.36271757100250773
0.36253383496991887
0.3623504155908703
0.3621673130033402
0.3619845273357493
0.3618020587070334
0.36161990722671344
0.3614380729949677
0.36125655610270235
0.36107535663162366
0.3608944746543082
0.3607139102342747
0.36053366342605453
0.3603537342752634
0.3601741228186721
0.3599948290842776
0.35981585309137337
0.3596371948506211
0.35945885436412045
0.3592808316254804
0.3591031266198891
0.3589257393241847
0.35874866970692576
0.3585719177284607
0.35839548334099847
0.3582193664886782
0.3580435671076387
0.35786808512608825
0.35769292046437434
0.35751807303505234
0.357343542742955
0.35716932948526114
0.35699543315156446
0.35682185362394214
0.35664859077702393
0.35647564447805846
0.35630301458698327
0.356130700956491
0.35595870343209796
0.35578702185221145
0.35561565604819634
0.3554446058444422
0.35527387105843033
0.35510345150079947
0.3549333469754128
0.3547635572794231
0.3545940822033399
0.35442492153109295
0.35425607504009954
0.3540875425013271
0.35391932367936074
0.35375141833246504
0.3535838262126499
0.3534165470657337
0.35324958063140777
0.35308292664329827
0.35291658482903066
0.35275055491029195
0.3525848366028929
0.35241942961683115
0.3522543336563516
0.35208954842001033
0.3519250736007331
0.3517609088858791
0.3515970539572995
0.35143350849139965
0.3512702721591975
0.3511073446263848
0.3509447255533862
0.35078241459541754
0.35062041140254624
0.3504587156197484
0.35029732688696813
0.3501362448391747
0.3499754691064205
0.3498149993138985
0.34965483508199785
0.34949497602636254
0.34933542175794635
0.3491761718830689
0.3490172260034711
0.3488585837163715
0.34870024461451976
0.34854220828625226
0.34838447431554564
0.3482270422820717
0.34806991176125
0.34791308232430146
0.3477565535383015
0.3476003249662321
0.34744439616703443
0.34728876669566094
0.3471334361031262
0.3469784039365581
0.34682366973924983
0.34666923305070907
0.34651509340670855
0.3463612503393362
0.34620770337704426
0.3460544520446984
0.34590149586362684
0.34574883435166814
0.3455964670232199
0.34544439338928606
0.34529261295752434
0.34514112523229373
0.3449899297147003
0.3448390259026446
0.3446884132908665
0.34453809137099195
0.34438805963157726
0.344238317558155
0.3440888646332778
0.3439397003365631
0.343790824144737
0.34364223553167755
0.3434939339684583
0.34334591892339117
0.34319818986206857
0.3430507462474064
0.34290358753968486
0.34275671319659096
0.34261012267325885
0.342463815422312
0.34231779089390146
0.342172048535748
0.3420265877931815
0.34188140810917966
0.3417365089244082
0.34159188967725845
0.3414475498038873
0.34130348873825406
0.34115970591215905
0.3410162007552805
0.3408729726952125
0.34073002115750084
0.3405873455656804
0.3404449453413108
0.34030281990401207
0.3401609686715012
0.34001939105962575
0.3398780864824
0.3397370543520391
0.33959629407899294
0.33945580507198087
0.33931558673802403
0.3391756384824803
0.33903595970907574
0.33889654981993755
0.3387574082156277
0.33861853429517286
0.33847992745609784
0.33834158709445605
0.338203512604861
0.3380657033805162
0.3379281588132477
0.3377908782935319
0.33765386121052676
0.3375171069521011
0.3373806149048637
0.3372443844541926
0.3371084149842629
0.336972705878077
0.33683725651749047
0.3367020662832414
0.3365671345549768
0.33643246071128097
0.33629804412970143
0.336163884186776
0.3360299802580591
0.3358963317181477
0.3357629379407076
0.335629798298498
0.3354969121633974
0.33536427890642845
0.33523189789778257
0.33509976850684403
0.3349678901022147
0.33483626205173755
0.3347048837225196
0.3345737544809567
0.3344428736927552
0.3343122407229551
0.334181854935953
0.33405171569552405
0.33392182236484347
0.33379217430650915
0.33366277088256213
0.333533611454509
0.3334046953833418
0.33327602202955886
0.333147590753186
0.3330194009137958
0.33289145187052804
0.33276374298210937
0.3326362736068724
0.3325090431027758
0.33238205082742206
0.3322552961380768
0.3321287783916873
0.3320024969449009
0.3318764511540826
0.33175064037533303
0.33162506396450586
0.331499721277225
0.33137461166890225
0.3312497344947535
0.33112508910981564
0.3310006748689624
0.33087649112692197
0.33075253723829073
0.3306288125575509
0.33050531643908515
0.3303820482371916
0.33025900730609997
0.3301361929999849
0.33001360467298185
0.3298912416792011
0.32976910337274123
0.3296471891077039
0.3295254982382083
0.3294040301184027
0.32928278410247924
0.32916175954468674
0.32904095579934434
0.32892037222085235
0.3288000081637068
0.3286798629825109
0.3285599360319871
0.328440226666989
0.3283207342425137
0.32820145811371226
0.3280823976359022
0.3279635521645779
0.327844921055422
0.3277265036643159
0.32760829934735036
0.3274903074608359
0.3273725273613135
0.32725495840556373
0.32713759995061753
0.3270204513537651
0.3269035119725659
0.32678678116485804
0.32667025828876617
0.32655394270271243
0.3264378337654237
0.32632193083594085
0.32620623327362697
0.3260907404381754
0.32597545168961817
0.3258603663883341
0.3257454838950556
0.3256308035708773
0.3255163247772627
0.32540204687605173
0.3252879692294683
0.3251740912001258
0.32506041215103526
0.3249469314456114
0.3248336484476787
0.3247205625214784
0.3246076730316738
0.3244949793433566
0.32438248082205307
0.32427017683372894
0.3241580667447951
0.3240461499221129
0.3239344257329999
0.32382289354523397
0.32371155272705887
0.3236004026471882
0.3234894426748108
0.3233786721795947
0.32326809053169125
0.3231576971017397
0.3230474912608707
0.32293747238071013
0.32282763983338325
0.3227179929915179
0.32260853122824784
0.3224992539172159
0.3223901604325776
0.32228125014900366
0.32217252244168254
0.32206397668632397
0.3219556122591609
0.32184742853695203
0.3217394248969839
0.3216316007170737
0.32152395537556994
0.32141648825135594
0.32130919872385044
0.3212020861730095
0.32109514997932753
0.3209883895238399
0.32088180418812257
0.32077539335429434
0.3206691564050167
0.32056309272349587
0.320457201693482
0.32035148269927133
0.32024593512570537
0.3201405583581714
0.3200353517826031
0.3199303147854804
0.3198254467538288
0.3197207470752199
0.3196162151377704
0.31951185033014223
0.31940765204154176
0.3193036196617182
0.31919975258096434
0.319096050190114
0.3189925118805421
0.3188891370441625
0.31878592507342707
0.3186828753613249
0.31857998730137893
0.31847726028764556
0.3183746937147131
0.31827228697769827
0.3181700394722454
0.3180679505945242
0.31796601974122585
0.31786424630956267
0.3177626296972642
0.3176611693025747
0.31755986452425056
0.31745871476155696
0.31735771941426516
0.31725687788264884
0.3171561895674816
0.3170556538700321
0.31695527019206227
0.3168550379358219
0.31675495650404595
0.31665502529994993
0.31655524372722654
0.3164556111900408
0.31635612709302596
0.3162567908412792
0.31615760184035685
0.3160585594962697
0.3159596632154787
0.31586091240488934
0.3157623064718468
0.3156638448241303
0.3155655268699498
0.3154673520179375
0.3153693196771449
0.31527142925703505
0.3151736801674786
0.3150760718187462
0.3149786036215044
0.31488127498680707
0.31478408532609037
0.31468703405116694
0.31459012057421754
0.31449334430778597
0.3143967046647715
0.31430020105842127
0.3142038329023247
0.3141075996104049
0.31401150059691196
0.3139155352764148
0.3138197030637947
0.31372400337423584
0.31362843562321885
0.31353299922651195
0.31343769360016294
0.31334251816049075
0.31324747232407724
0.3131525555077586
0.3130577671286155
0.31296310660396587
0.31286857335135454
0.3127741667885445
0.3126798863335082
0.31258573140441626
0.31249170141962923
0.3123977957976881
0.31230401395730295
0.3122103553173442
0.3121168192968312
0.3120234053149228
0.3119301127909056
0.31183694114418514
0.31174388979427237
0.3116509581607749
0.311558145663385
0.31146545172186735
0.3113728757560487
0.3112804171858056
0.3111880754310523
0.31109584991172956
0.3110037400477912
0.3109117452591925
0.3108198649658774
0.3107280985877656
0.3106364455447401
0.31054490525663314
0.3104534771432138
0.31036216062417404
0.31027095511911496
0.3101798600475332
0.3100888748288064
0.30999799888217966
0.3099072316267504
0.30981657248145356
0.30972602086504747
0.3096355761960982
0.30954523789296456
0.3094550053737821
0.3093648780564479
0.30927485535860444
0.3091849366976236
0.30909512149059015
0.3090054091542851
0.30891579910516836
0.30882629075936363
0.308736883532638
0.30864757684038757
0.3085583700976173
0.3084692627189245
0.3083802541184798
0.30829134371000894
0.3082025309067737
0.3081138151215538
0.3080251957666259
0.30793667225374577
0.3078482439941278
0.3077599103984243
0.30767167087670655
0.3075835248384431
0.3074954716924787
0.30740751084701423
0.30731964170958354
0.30723186368703337
0.30714417618550005
0.30705657861038793
0.3069690703663456
0.30688165085724395
0.30679431948615243
0.30670707565531496
0.3066199187661263
0.3065328482191083
0.30644586341388436
0.30635896374915395
0.3062721486226687
0.3061854174312064
0.30609876957054327
0.3060122044354294
0.3059257214195613
0.30583931991555446
0.3057529993149156
0.30566675900801615
0.30558059838406093
0.30549451683106293
0.30540851373581135
0.30532258848384347
0.30523674045941407
0.30515096904546496
0.3050652736235946
0.3049796535740261
0.3048941082755756
0.3048086371056204
0.3047232394400657
0.304637914653312
0.3045526621182213
0.3044674812060819
0.3043823712865757
0.3042973317277409
0.3042123618959385
0.3041274611558137
0.3040426288702615
0.30395786440038775
0.3038731671054718
0.30378853634292846
0.3037039714682692
0.3036194718350613
0.3035350367948888
0.3034506656973125
0.30336635788982624
0.30328211271781735
0.3031979295245226
0.3031138076509857
0.30302974643601277
0.3029457452161285
0.3028618033255299
0.30277792009604165
0.3026940948570679
0.3026103269355472
0.30252661565590105
0.30244296033998863
0.30235936030705496
0.30227581487368105
0.3021923233537327
0.30210888505830963
0.302025499295691
0.3019421653712834
0.30185888258756505
0.3017756502440321
0.3016924676371404
0.301609334060251
0.3015262488035702
0.30144321115409206
0.30136022039553717
0.30127727580829333
0.3011943766693533
0.3011115222522516
0.3010287118270019
0.3009459446600313
0.30086322001411503
0.3007805371483091
0.30069789531788343
0.30061529377425167
0.3005327317649016
0.30045020853332377
0.3003677233189386
0.3002852753570239
0.30020286387863826
0.3001204881105464
0.3000381472751409
0.2999558405903639
0.29987356726962666
0.2997913265217296
0.2997091175507775
0.2996269395560971
0.2995447917321509
0.29946267326845066
0.2993805833494682
0.2992985211545469
0.29921648585780863
0.2991344766280622
0.29905249262870714
0.2989705330176399
0.2988885969471536
0.29880668356384044
0.298724792008489
0.2986429214159821
0.2985610709151917
0.29847923962887246
0.29839742667355373
0.29831563115942844
0.29823385219024057
0.29815208886317257
0.2980703402687278
0.2979886054906123
0.29790688360561485
0.2978251736834844
0.2977434747868052
0.29766178597087
0.297580106283551
0.2974984347651688
0.2974167704483567
0.297335112357928
0.29725345951073356
0.29717181091552347
0.2970901655728012
0.297008522474679
0.2969268806047282
0.29684523893782755
0.2967635964400083
0.2966819520682985
0.29660030477056065
0.29651865348533
0.29643699714164873
0.29635533465889546
0.29627366494661417
0.2961919869043384
0.29611029942141165
0.296028601376807
0.29594689163893945
0.29586516906547966
0.2957834325031585
0.2957016807875734
0.29561991274298716
0.2955381271821248
0.295456322905966
0.29537449870353427
0.29529265335168076
0.29521078561486547
0.29512889424493366
0.29504697798088664
0.29496503554865106
0.29488306566084094
0.29480106701651754
0.2947190383009427
0.2946369781853274
0.2945548853265775
0.2944727583670321
0.2943905959341986
0.2943083966404816
0.2942261590829065
0.294143881842839
0.2940615634856964
0.2939792025606565
0.29389679760035825
0.29381434712059756
0.293731849620017
0.2936493035797896
0.29356670746329516
0.2934840597157919
0.2934013587640799
0.2933186030161588
0.29323579086087903
0.29315292066758447
0.2930699907857489
0.29298699954460594
0.29290394525276975
0.2928208261978497
0.292737640646055
0.29265438684179484
0.29257106300726665
0.2924876673420388
0.2924041980226227
0.29232065320203715
0.2922370310093641
0.2921533295492946
0.2920695469016654
0.2919856811209862
0.291901730235958
0.2918176922489788
0.2917335651356425
0.2916493468442255
0.2915650352951613
0.29148062838050814
0.29139612396340037
0.2913115198774936
0.2912268139263935
0.2911420038830757
0.29105708748929227
0.2909720624549667
0.29088692645757364
0.2908016771415083
0.2907163121174418
0.290630828961661
0.290545225215397
0.29045949838413787
0.29037364593692544
0.29028766530564076
0.2902015538842705
0.2901153090281592
0.2900289280532463
0.2899424082352855
0.28985574680904713
0.289768940967505
0.28968198786100363
0.2895948845964088
0.2895076282362397
0.28942021579778154
0.2893326442521795
0.2892449105235128
0.28915701148784817
0.2890689439722742
0.2889807047539118
0.2888922905589068
0.2888036980613967
0.28871492388245895
0.28862596458903056
0.2885368166928109
0.28844747664913334
0.2883579408558188
0.2882682056519987
0.2881782673169145
0.2880881220686909
0.28799776606308064
0.28790719539218435
0.2878164060831369
0.28772539409677145
0.28763415532624736
0.28754268559565355
0.2874509806585761
0.2873590361966376
0.2872668478180016
0.2871744110558453
0.2870817213667989
0.28698877412934776
0.2868955646422016
0.28680208812262736
0.28670833970474274
0.2866143144377739
0.2865200072842742
0.28642541311830233
0.28633052672356174
0.28623534279149626
0.28613985591934554
0.28604406060815707
0.28594795126075223
0.2858515221796501
0.28575476756494245
0.28565768151212395
0.28556025800987206
0.2854624909377808
0.2853643740640404
0.2852659010430706
0.285167065413097
0.28506786059367684
0.28496827988317064
0.2848683164561562
0.28476796336078747
0.2846672135160951
0.2845660597092279
0.28446449459263573
0.284362510681187
0.28426010034922883
0.2841572558275798
0.28405396920045906
0.28395023240234885
0.2838460372147903
0.28374137526311066
0.2836362380130785
0.2835306167674915
0.2834245026626886
0.283317886664991
0.2832107595670651
0.2831031119842137
0.2829949343505869
0.2828862169153142
0.28277694973855916
0.2826671226874914
0.2825567254321762
0.28244574744138246
0.28233417797830473
0.28222200609620046
0.28210922063393984
0.2819958102114694
0.28188176322518516
0.2817670678432175
0.2816517120006245
0.28153568339449486
0.2814189694789572
0.2813015574600978
0.2811834342907831
0.2810645866653904
0.2809450010144405
0.280824663499138
0.28070356000581403
0.28058167614027507
0.2804589972220553
0.28033550827857145
0.2802111940391863
0.28008603892917117
0.2799600270635795
0.27983314224102174
0.27970536793734985
0.2795766872992491
0.2794470831377368
0.2793165379215748
0.27918503377059184
0.27905255244892113
0.2789190753581544
0.2787845835304146
0.27864905762135056
0.2785124779030579
0.27837482425692583
0.2782360761664204
0.2780962127097999
0.27795521255277666
0.2778130539411217
0.27766971469322405
0.27752517219260825
0.27737940338041506
0.2772323847478576
0.2770840923286555
0.2769345016914584
0.276783587932266
0.27663132566685733
0.27647768902323544
0.2763226516341028
0.2761661866293761
0.2760082666287551
0.27584886373435896
0.27568794952344344
0.2755254950412154
0.27536147079376083
0.2751958467411033
0.2750285922904121
0.2748596762893786
0.2746890670197819
0.2745167321912665
0.27434263893535366
0.27416675379971056
0.2739890427427057
0.27380947112827275
0.2736280037211154
0.27344460468228127
0.2732592375651345
0.27307186531176336
0.27288245024985297
0.2726909540900607
0.2724973379239326
0.2723015622223974
0.27210358683488
0.27190337098907486
0.2717008732914265
0.2714960517283561
0.2712888636682892
0.2710792658645247
0.2708672144590024
0.27065266498701396
0.27043557238291777
0.27021589098690374
0.269993574552873
0.2697685762574822
0.2695408487104155
0.2693103439659418
0.2690770135358191
0.26884080840360663
0.26860167904044663
0.2683595754223815
0.26811444704926557
0.267866242965338
0.2676149117815181
0.2673604016994884
0.26710266053762594
0.26684163575884495
0.26657727450040997
0.26630952360578114
0.26603832965854424
0.2657636390184863
0.26548539785986314
0.265203552211912
0.2649180480016543
0.26462883109902613
0.2643358473643804
0.26403904269838435
0.2637383630943449
0.2634337546929802
0.26312516383964757
0.26281253714403674
0.262495821542326
0.2621749643617871
0.2618499133878238
0.26152061693340983
0.26118702391088705
0.26084908390607375
0.2605067472546173
0.2601599651205182
0.2598086895767352
0.25945287368777115
0.25909247159412524
0.2587274385984808
0.2583577312534841
0.25798330745095965
0.25760412651238385
0.25722014928043113
0.25683133821138787
0.2564376574682158
0.2560390730140302
0.2556355527057459
0.2552270663876263
0.25481358598446185
0.2543950855940855
0.2539715415789241
0.2535429326562735
0.2531092399869743
0.2526704472621495
0.2522265407876741
0.25177750956601697
0.25132334537511436
0.2508640428439137
0.2503995995242322
0.24993001595857922
0.2494552957435861
0.24897544558869672
0.2484904753697821
0.24800039817734668
0.24750523035900734
0.24700499155594374
0.24649970473303018
0.24598939620238475
0.24547409564008502
0.24495383609582905
0.24442865399534597
0.24389858913538315
0.24336368467113217
0.2428239870959854
0.24227954621354542
0.24173041510184756
0.24117665006978806
0.24061831060578853
0.2400554593187629
0.23948816187149113
0.23891648690653833
0.23834050596490106
0.23776029339758967
0.23717592627040024
0.23658748426215692
0.2359950495567435
0.23539870672926977
0.23479854262675226
0.23419464624371156
0.2335871085931155
0.23297602257312022
0.2323614828300788
0.2317435856183036
0.23112242865708157
0.2304981109854559
0.22987073281528578
0.22924039538310903
0.22860720080132763
0.22797125190923273
0.22733265212438314
0.22669150529484072
0.22604791555275414
0.22540198716976542
0.22475382441470348
0.2241035314140009
0.22345121201525195
0.22279696965430934
0.22214090722628327
0.22148312696078853
0.2208237303017485
0.22016281779204325
0.21950048896325072
0.21883684223070787
0.21817197479407954
0.21750598254359735
0.21683895997209693
0.2161710000929572
0.2155021943640031
0.21483263261742053
0.21416240299569267
0.21349159189354228
0.21282028390584354
0.21214856178143632
0.21147650638275992
0.21080419665119582
0.21013170957799193
0.20945912018062823
0.20878650148445613
0.20811392450944088
0.20744145826181856
0.20676916973046403
0.20609712388776963
0.20542538369480848
0.20475401011056982
0.2040830621050317
0.20341259667584569
0.20274266886839876
0.2020733317990227
0.20140463668111555
0.20073663285394833
0.20006936781392842
0.19940288724809474
0.1987372350696291
0.1980724534551667
0.1974085828837005
0.19674566217687733
0.19608372854049416
0.19542281760700297
0.1947629634788537
0.19410419877249802
0.1934465546628966
0.19279006092837467
0.1921347459956806
0.1914806369851146
0.19082775975559685
0.19017613894955804
0.18952579803754027
0.18887675936241077
0.18822904418308722
0.1875826727176961
0.18693766418608176
0.18629403685159435
0.18565180806209805
0.1850109942901385
0.18437161117221884
0.1837336735471463
0.1830971954934042
0.18246219036552289
0.18182867082942095
0.18119664889669335
0.1805661359578342
0.17993714281437728
0.17930967970994807
0.1786837563602234
0.17805938198179713
0.17743656531995522
0.17681531467536454
0.17619563792968557
0.17557754257011782
0.17496103571289434
0.17434612412573627
0.17373281424928888
0.17312111221755563
0.1725110238773498
0.17190255480678826
0.17129571033284757
0.17069049554800486
0.17008691532599252
0.16948497433668647
0.1688846770601577
0.1682860277999095
0.16768903069533056
0.16709368973338562
0.16650000875957455
0.16590799148818464
0.16531764151186074
0.16472896231052217
0.16414195725965228
0.1635566296379834
0.16297298263460647
0.16239101935552805
0.1618107428296991
0.1612321560145416
0.16065526180099443
0.1600800630181045
0.15950656243718042
0.1589347627755382
0.15836466669985316
0.157796276829144
0.1572295957374072
0.15666462595591918
0.15610136997523266
0.15553983024687412
0.15498000918477128
0.1544219091664214
0.15386553253381846
0.15331088159415435
0.15275795862031283
0.15220676585116474
0.15165730549168543
0.1511095797129032
0.15056359065169314
0.15001934041043047
0.14947683105651147
0.148936064621758
0.1483970431017126
0.14785976845483617
0.147324242601619
0.14679046742361168
0.14625844476238836
0.1457281764184471
0.14519966415005875
0.1446729096720697
0.14414791465466575
0.14362468072210605
0.14310320945142935
0.1425835023711437
0.14206556095990114
0.1415493866451649
0.1410349808018721
0.14052234475109981
0.1400114797587361
0.13950238703415965
0.1389950677289356
0.13848952293552658
0.13798575368602434
0.13748376095090625
0.13698354563781595
0.13648510859037477
0.1359884505870221
0.13549357233989132
0.13500047449371816
0.1345091576247887
0.13401962223992359
0.1335318687755027
0.1330458975965317
0.13256170899574915
0.1320793031927778
0.1315986803333194
0.13111984048839337
0.1306427836536214
0.1301675097485569
0.12969401861606028
0.12922231002172038
0.1287523836533212
0.1282842391203559
0.12781787595358568
0.1273532936046454
0.12689049144569395
0.12642946876911068
0.1259702247872364
0.1255127586321592
0.125057069355544
0.12460315592850611
0.12415101724152688
0.12370065210441342
0.12325205924629733
0.1228052373156776
0.12236018488050068
0.1219169004282823
0.1214753823662671
0.12103562902162547
0.1205976386416884
0.12016140939421846
0.11972693936771528
0.11929422657175584
0.11886326893736807
0.11843406431743775
0.11800661048714575
0.1175809051444366
0.11715694591051705
0.11673473033038274
0.11631425587337368
0.11589551993375513
0.11547851983132637
0.11506325281205212
0.1146497160487204
0.11423790664162203
0.11382782161925264
0.11341945793903563
0.11301281248806669
0.11260788208387576
0.11220466347520991
0.11180315334283171
0.11140334830033559
0.11100524489497963
0.11060883960853335
0.11021412885813746
0.10982110899718041
0.10942977631618336
0.10904012704370131
0.10865215734723138
0.1082658633341341
0.10788124105256214
0.10749828649239923
0.10711699558620605
0.10673736421017418
0.10635938818508597
0.10598306327728099
0.10560838519962674
0.10523534961249514
0.10486395212474184
0.10449418829469023
0.10412605363111656
0.10375954359423868
0.10339465359670556
0.10303137900458803
0.10266971513837021
0.10230965727394072
0.10195120064358361
0.1015943404369683
0.10123907180213763
0.10088538984649453
0.1005332896377861
0.10018276620508512
0.09983381453976775
0.09948642959648818
0.0991406062941495
0.09879633951686996
0.09845362411494372
0.09811245490579812
0.09777282667494495
0.09743473417692508
0.09709817213624866
0.09676313524832812
0.0964296181804048
0.09609761557246913
0.09576712203817303
0.09543813216573616
0.09511064051884334
0.09478464163753535
0.0944601300390907
0.0941371002189012
0.09381554665133662
0.093495463790603
0.09317684607159149
0.09285968791071822
0.09254398370675566
0.09222972784165472
0.09191691468135803
0.09160553857660303
0.09129559386371677
0.09098707486540067
0.09067997589150532
0.0903742912397965
0.09007001519671083
0.08976714203810157
0.08946566602997527
0.08916558142921766
0.08886688248431021
0.088569563436036
0.08827361851817683
0.08797904195819875
0.08768582797792882
0.08739397079422073
0.08710346461961133
0.08681430366296662
0.0865264821301173
0.08623999422448497
0.0859548341476979
0.08567099610019661
0.08538847428183005
0.08510726289244092
0.08482735613244169
0.08454874820338096
0.08427143330849868
0.08399540565327328
0.08372065944595736
0.08344718889810493
0.08317498822508829
0.0829040516466052
0.08263437338717725
0.08236594767663744
0.08209876875061009
0.0818328308509795
0.08156812822635073
0.0813046551324999
0.08104240583281719
0.08078137459873837
0.0805215557101695
0.08026294345590136
0.08000553213401533
0.07974931605228075
0.07949428952854376
0.07924044689110679
0.0789877824791004
0.07873629064284615
0.07848596574421124
0.07823680215695522
0.07798879426706803
0.07774193647310092
0.07749622318648766
0.07725164883186013
0.07700820784735418
0.0767658946849091
0.0765247038105587
0.07628462970471536
0.0760456668624468
0.07580780979374455
0.07557105302378675
0.07533539109319233
0.0751008185582696
0.07486732999125656
0.07463491998055538
0.07440358313095952
0.07417331406387488
0.07394410741753352
0.07371595784720203
0.07348886002538217
0.07326280864200678
0.07303779840462842
0.07281382403860234
0.07259088028726371
0.07236896191209814
0.0721480636929075
0.07192818042796967
0.07170930693419156
0.07149143804725903
0.0712745686217786
0.07105869353141622
0.07084380766902906
0.07062990594679325
0.07041698329632597
0.0702050346688028
0.06999405503507017
0.06978403938575257
0.06957498273135602
0.06936688010236587
0.06915972654934036
0.06895351714300034
0.06874824697431335
0.06854391115457482
0.06834050481548382
0.06813802310921514
0.06793646120848773
0.06773581430662826
0.06753607761763161
0.0673372463762168
0.0671393158378798
0.06694228127894195
0.06674613799659544
0.06655088130894492
0.06635650655504541
0.06616300909493729
0.06597038430967753
0.06577862760136785
0.06558773439317989
0.06539770012937662
0.06520852027533117
0.06502019031754291
0.06483270576364979
0.06464606214243844
0.06446025500385119
0.06427527991899072
0.06409113248012127
0.06390780830066799
0.06372530301521306
0.06354361227949044
0.06336273177037638
0.06318265718587888
0.063003384245125
0.06282490868834426
0.06264722627685196
0.06247033279302844
0.06229422404029741
0.06211889584310175
0.06194434404687736
0.061770564518024804
0.061597553143879435
0.061425305832679494
0.061253818513532246
0.061083087136378465
0.060913107671954965
0.06074387611175587
0.06057538846799182
0.06040764077354782
0.06024062908193937
0.06007434946726728
0.05990879802417068
0.059743970867778926
0.059579864133662196
0.0594164739777799
0.05925379657642909
0.05909182812619047
0.05893056484387372
0.05877000296646155
0.05861013875105227
0.05845096847480177
0.05829248843486388
0.058134694948330214
0.05797758435216809
0.057821153003158786
0.05766539727783325
0.0575103135724085
0.05735589830272159
0.05720214790416406
0.057049058831614416
0.05689662755937054
0.056744850581081294
0.056593724409676416
0.056443245577297456
0.056293410635225825
0.05614421615381222
0.055995658722404265
0.05584773494927335
0.05570044146154206
0.05555377490510914
0.05540773194457625
0.055262309263172105
0.055117503562677236
0.05497331156334816
0.054829730003840636
0.054686755641132775
0.054544385250448336
0.0544026156251782
0.0542614435768027
0.0541208659348134
0.053980879546633984
0.053841481277541195
0.05370266801058561
0.05356443664651196
0.053426784103679126
0.05328970731797998
0.05315320324276114
0.053017268848741916
0.05288190112393412
0.05274709707356067
0.05261285371997444
0.052479168102576954
0.052346037277737484
0.05221345831871052
0.052081428315554894
0.05194994437505163
0.05181900362062254
0.051688603192247565
0.0515587402463835
0.05142941195588181
0.051300615509906375
0.05117234811385171
0.05104460698926083
0.05091738937374328
0.050790692520892904
0.050664513700205915
0.050538850196999094
0.05041369931232792
0.05028905836290424
0.050164924681015036
0.05004129561444061
0.0499181685263724
