2.24904082249371
2.248264179652606
2.1912764973286563
2.158002763044871
2.1396577176480744
2.1266483785041626
2.1152406963639723
2.1043129037259196
2.093568067526155
2.082933669527287
2.0723927864450737
2.0619411809074
2.0515775264928364
2.041301651474995
2.0311144629353097
2.0210180834976272
2.0110159206081284
2.0011126481764743
1.9913141221603439
1.981627249459382
1.9720598224166126
1.9626203262819997
1.953317724367238
1.9441612245332318
1.9351600304600063
1.926323081441369
1.9176587849697853
1.9091747469685596
1.9008775050777782
1.8927722708269294
1.8848626867709524
1.877150604685596
1.8696358906879273
1.8623162626627074
1.8551871646480258
1.8482416818949166
1.8414704992121331
1.8348619039966534
1.8284018340970725
1.8220739694257204
1.8158598650862137
1.8097391227669941
1.8036895963061572
1.7976876266822712
1.7917083012388635
1.7857257317025537
1.7797133454909626
1.7736441849027333
1.767491209009233
1.7612275933943606
1.7548270232841594
1.7482639760425982
1.7415139894587894
1.7345539126934033
1.7273621371728116
1.719918805108482
1.7122059936713268
1.7042078731658294
1.6959108378305068
1.687303608146675
1.6783773037759169
1.6691254864788947
1.6595441726053837
1.649631814997821
1.639389254426859
1.6288196409827451
1.6179283261827146
1.6067227269192963
1.5952121627603202
1.5834076685069403
1.5713217843056837
1.5589683259763871
1.5463621385406245
1.5335188361959293
1.5204545321632932
1.5071855619263563
1.4937282033731507
1.4800983972440644
1.4663114710885943
1.4523818696503983
1.4383228942531965
1.4241464533716486
1.409862826167473
1.3954804403795769
1.3810056656062342
1.3664426227351134
1.3517930100897178
1.3370559467926542
1.322227833919428
1.3073022342507292
1.2922697718440994
1.27711805325292
1.261831613035077
1.2463918872263249
1.230777219711479
1.2149629079120334
1.1989212959144233
1.182621925067062
1.1660317541309972
1.1491154631957707
1.1318358576303238
1.1141543901091377
1.0960318199059098
1.0774290287077604
1.0583080105303913
1.038633049093093
1.0183720882897125
0.9974982891881516
0.9759917495100368
0.9538413385014308
0.9310465721718152
0.9076194231357828
0.8835859295866706
0.8589874448741988
0.8338813595446971
0.808341138217135
0.7824555489861278
0.7563270237771663
0.7300691693094118
0.7038035394691242
0.6776558663645605
0.651752013679784
0.6262139497036856
0.6011560323170496
0.5766818557752736
0.5528818380192387
0.5298316409242539
0.5075914291122574
0.4862058984346538
0.4657049513687901
0.4461048665645079
0.4274098022030436
0.409613483091116
0.3927009434786338
0.3766502255018863
0.361433962019737
0.3470207990256607
0.33337663486608393
0.32046567047304864
0.3082512768713812
0.29669669398499526
0.28576557909406547
0.2754224250561515
0.26563286838172523
0.2563639060898081
0.24758403845434762
0.23926335264107626
0.23137356006793391
0.2238879982510511
0.21678160600867513
0.21003087922778108
0.20361381296277878
0.197509834424578
0.1916997304126235
0.18616557191884442
0.18089063796582422
0.17585934020776703
0.17105714939978883
0.16647052450912012
0.16208684498393866
0.15789434649744244
0.15388206033440896
0.15003975647500833
0.1463578903479745
0.14282755316588636
0.13944042571402457
0.13618873543685495
0.1330652166493884
0.13006307369178788
0.12717594684266265
0.12439788080786361
0.12172329560604661
0.11914695967886578
0.1166639650616404
0.11426970445918858
0.11195985008079419
0.10973033409769
0.10757733059577868
0.10549723890537911
0.10348666819854264
0.10154242325278329
0.09966149128792195
0.09784102979011765
0.09607835524403066
0.09437093270046863
0.09271636611278797
0.09111238938080865
0.08955685804604865
0.08804774158673431
0.08658311626531834
0.08516115848515804
0.08378013861659808
0.08243841525600598
0.08113442988431271
0.07986670189438211
0.07863382395905301
0.07743445771400612
0.07626732973172548
0.07513122776475206
0.07402499723819853
0.07294753797309983
0.07189780112366835
0.0708747863128609
0.06987753895190801
0.06890514773059225
0.0679567422660925
0.06703149089916888
0.0661285986273297
0.06524730516542178
0.06438688312481725
0.06354663630304283
0.06272589807631337
0.061924029887998895
0.06114041982657391
0.06037448128707603
0.05962565171054309
0.058893391396299455
0.058177182382337114
0.05747652738938042
0.05679094882453959
0.05611998784074709
0.055463203448445735
0.05482017167623859
0.0541904847774472
0.05357375047973018
0.05296959127511421
0.05237764374796965
0.0517975579386282
0.05122899674049967
0.050671635328683254
0.05012516061820673
0.049589270750147005
