0.5843478640259496
0.571945404487583
0.5593684320208352
0.5496779016339934
0.5424712490587056
0.5372516802492096
0.5335459308454176
0.5309525984458937
0.529155710623953
0.5279186176535794
0.5270699347219118
0.5264883362370233
0.5260892502958602
0.5258143398948592
0.5256236513509015
0.5254899553220163
0.5253947577399232
0.5253255281247973
0.5252737919566389
0.5252338260096797
0.5252017698506136
0.5251750225027212
0.5251518335752761
0.525131026577856
0.5251118118874424
0.5250936604281193
0.525076218419789
0.5250592498848423
0.52504259790337
0.5250261585241731
0.5250098632139244
0.5249936670631278
0.5249775408710318
0.524961465842245
0.5249454300402538
0.524929426021576
0.5249134492622727
0.5248974971154096
0.5248815681236109
0.5248656615685328
0.5248497771779388
0.524833914937228
0.524818074969861
0.5248022574629645
0.5247864626223251
0.524770690646313
0.5247549417118251
0.5247392159677247
0.5247235135328223
0.5247078344965015
0.5246921789207795
0.5246765468430471
0.524660938279032
0.5246453532257145
0.5246297916640505
0.5246142535614324
0.5245987388738618
0.5245832475478385
0.5245677795219829
0.5245523347284167
0.5245369130939326
0.5245215145409744
0.5245061389884618
0.5244907863524753
0.5244754565468288
0.5244601494835445
0.524444865073245
0.5244296032254803
0.524414363848996
0.5243991468519553
0.5243839521421232
0.5243687796270156
0.5243536292140243
0.5243385008105186
0.5243233943239287
0.5243083096618147
0.5242932467319222
0.5242782054422277
0.5242631857009764
0.5242481874167125
0.5242332104983032
0.524218254854959
0.5242033203962493
0.5241884070321144
0.5241735146728773
0.5241586432292492
0.5241437926123373
0.5241289627336487
0.524114153505093
0.5240993648389864
0.5240845966480512
0.5240698488454183
0.5240551213446261
0.5240404140596219
0.5240257269047597
0.5240110597948006
0.5239964126449109
0.5239817853706616
0.5239671778880268
0.5239525901133809
0.5239380219634987
0.5239234733555526
0.5239089442071108
0.5238944344361359
0.5238799439609827
0.5238654727003957
0.523851020573508
0.5238365874998386
0.5238221733992908
0.52380777819215
0.5237934017990814
0.5237790441411286
0.5237647051397107
0.5237503847166209
0.5237360827940245
0.5237217992944561
0.523707534140818
0.523693287256379
0.523679058564771
0.5236648479899875
0.5236506554563821
0.5236364808886659
0.5236223242119054
0.5236081853515212
0.5235940642332853
0.5235799607833198
0.5235658749280944
0.5235518065944247
0.5235377557094698
0.5235237222007316
0.5235097059960515
0.5234957070236091
0.5234817252119205
0.5234677604898358
0.5234538127865378
0.52343988203154
0.5234259681546846
0.5234120710861402
0.5233981907564014
0.5233843270962851
0.5233704800369301
0.5233566495097945
0.5233428354466544
0.5233290377796016
0.5233152564410424
0.5233014913636951
0.5232877424805888
0.5232740097250619
0.5232602930307588
0.5232465923316305
0.5232329075619306
0.5232192386562152
0.5232055855493404
0.5231919481764608
0.5231783264730278
0.5231647203747875
0.5231511298177799
0.5231375547383363
0.5231239950730786
0.5231104507589163
0.5230969217330461
0.5230834079329498
0.5230699092963926
0.5230564257614215
0.5230429572663635
0.5230295037498246
0.5230160651506874
0.5230026414081104
0.5229892324615253
0.5229758382506366
0.522962458715419
0.5229490937961169
0.5229357434332413
0.5229224075675707
0.5229090861401464
0.5228957790922737
0.5228824863655192
0.522869207901709
0.5228559436429279
0.5228426935315176
0.5228294575100753
0.5228162355214515
0.5228030275087502
0.5227898334153255
0.5227766531847811
0.5227634867609691
0.5227503340879882
0.522737195110182
0.5227240697721379
0.522710958018686
0.5226978597948966
0.5226847750460798
0.522671703717784
0.5226586457557938
0.5226456011061297
0.5226325697150455
0.5226195515290277
0.5226065464947941
0.5225935545592924
0.5225805756696981
0.5225676097734147
0.5225546568180706
0.522541716751519
0.5225287895218359
0.5225158750773197
0.5225029733664885
0.5224900843380799
0.5224772079410491
0.522464344124568
0.5224514928380236
0.5224386540310171
0.5224258276533619
0.5224130136550831
0.5224002119864162
0.5223874225978048
0.522374645439901
0.5223618804635624
0.5223491276198524
0.522336386860038
0.522323658135589
0.5223109413981764
0.5222982365996718
0.5222855436921454
0.5222728626278653
0.5222601933592966
0.5222475358390997
0.5222348900201282
0.5222222558554305
0.5222096332982455
0.5221970223020037
0.5221844228203242
0.5221718348070152
0.5221592582160721
0.522146693001676
0.5221341391181931
0.5221215965201738
0.5221090651623503
0.5220965449996372
0.522084035987129
0.5220715380801
0.5220590512340021
0.5220465754044645
0.5220341105472929
0.522021656618467
0.522009213574141
0.5219967813706419
0.5219843599644678
0.5219719493122876
0.5219595493709401
0.5219471600974321
0.521934781448938
0.5219224133827983
0.5219100558565192
0.5218977088277708
0.5218853722543864
0.5218730460943619
0.521860730305854
0.5218484248471796
0.5218361296768148
0.5218238447533936
0.5218115700357071
0.5217993054827028
0.5217870510534829
0.521774806707304
0.5217625724035757
0.5217503481018597
0.5217381337618685
0.5217259293434653
0.5217137348066624
0.5217015501116198
0.5216893752186454
0.5216772100881931
0.521665054680862
0.5216529089573959
0.5216407728786816
0.5216286464057489
0.521616529499769
0.5216044221220535
0.5215923242340539
0.5215802357973602
0.521568156773701
0.521556087124941
0.5215440268130813
0.521531975800258
0.5215199340487416
0.5215079015209356
0.5214958781793766
0.5214838639867315
0.521471858905799
0.5214598628995069
0.5214478759309122
0.5214358979631997
0.5214239289596814
0.5214119688837952
0.5214000176991053
0.5213880753692992
0.5213761418581889
0.5213642171297089
0.521352301147916
0.5213403938769874
0.5213284952812212
0.5213166053250345
0.5213047239729635
0.5212928511896615
0.5212809869398992
0.5212691311885633
0.5212572839006554
0.5212454450412921
0.5212336145757034
0.5212217924692322
0.5212099786873328
0.5211981731955717
0.5211863759596252
0.5211745869452793
0.5211628061184289
0.5211510334450765
0.5211392688913324
0.5211275124234132
0.5211157640076406
0.5211040236104421
0.5210922911983484
0.5210805667379941
0.521068850196116
0.5210571415395531
0.5210454407352447
0.5210337477502311
0.5210220625516517
0.5210103851067447
0.5209987153828461
0.5209870533473895
0.5209753989679045
0.5209637522120171
0.5209521130474474
0.5209404814420106
0.5209288573636148
0.5209172407802611
0.5209056316600429
0.5208940299711446
0.5208824356818411
0.5208708487604974
0.5208592691755677
0.5208476968955943
0.5208361318892074
0.5208245741251243
0.5208130235721486
0.5208014801991692
0.5207899439751599
0.5207784148691789
0.5207668928503679
0.520755377887951
0.5207438699512348
0.5207323690096066
0.5207208750325355
0.5207093879895696
0.5206979078503365
0.5206864345845429
0.5206749681619731
0.5206635085524883
0.520652055726027
0.5206406096526033
0.5206291703023062
0.5206177376452998
0.5206063116518217
0.5205948922921829
0.5205834795367671
0.5205720733560295
0.5205606737204971
0.5205492806007668
0.5205378939675058
0.5205265137914508
0.5205151400434064
0.520503772694246
0.5204924117149098
0.5204810570764047
0.5204697087498038
0.5204583667062455
0.5204470309169327
0.5204357013531329
0.5204243779861764
0.5204130607874569
0.52040174972843
0.5203904447806132
0.5203791459155844
0.5203678531049821
0.5203565663205043
0.5203452855339085
0.5203340107170098
0.5203227418416818
0.5203114788798551
0.5203002218035168
0.5202889705847096
0.5202777251955324
0.520266485608138
0.5202552517947335
0.5202440237275795
0.5202328013789901
0.5202215847213301
0.5202103737270176
0.520199168368521
0.5201879686183595
0.5201767744491013
0.5201655858333649
0.520154402743817
0.5201432251531719
0.5201320530341922
0.5201208863596869
0.5201097251025113
0.5200985692355662
0.5200874187317978
0.5200762735641966
0.520065133705797
0.520053999129677
0.5200428698089566
0.5200317457167989
0.5200206268264076
0.520009513111028
0.5199984045439457
0.519987301098486
0.5199762027480131
0.5199651094659307
0.5199540212256797
0.5199429380007388
0.5199318597646239
0.5199207864908866
0.5199097181531152
0.5198986547249322
0.5198875961799951
0.5198765424919963
0.5198654936346601
0.5198544495817448
0.5198434103070407
0.5198323757843701
0.5198213459875862
0.5198103208905732
0.519799300467245
0.5197882846915453
0.5197772735374464
0.5197662669789497
0.5197552649900838
0.5197442675449047
0.5197332746174953
0.5197222861819644
0.5197113022124467
0.5197003226831015
0.5196893475681131
0.5196783768416895
0.5196674104780619
0.5196564484514845
0.5196454907362336
0.5196345373066077
0.5196235881369258
0.5196126432015279
0.5196017024747739
0.5195907659310434
0.5195798335447347
0.5195689052902646
0.5195579811420679
0.5195470610745965
0.5195361450623189
0.5195252330797203
0.5195143251013014
0.5195034211015774
0.5194925210550794
0.5194816249363507
0.5194707327199499
0.5194598443804473
0.5194489598924261
0.5194380792304814
0.5194272023692191
0.5194163292832564
0.5194054599472204
0.5193945943357481
0.5193837324234855
0.5193728741850868
0.5193620195952151
0.5193511686285405
0.5193403212597398
0.5193294774634964
0.5193186372145001
0.5193078004874454
0.5192969672570317
0.5192861374979632
0.5192753111849465
0.5192644882926931
0.5192536687959158
0.5192428526693302
0.5192320398876532
0.5192212304256028
0.519210424257897
0.5191996213592548
0.5191888217043936
0.51917802526803
0.5191672320248791
0.5191564419496536
0.5191456550170633
0.519134871201815
0.5191240904786115
0.5191133128221512
0.5191025382071278
0.5190917666082292
0.5190809980001376
0.5190702323575287
0.5190594696550708
0.5190487098674248
0.5190379529692437
0.5190271989351712
0.5190164477398422
0.5190056993578821
0.5189949537639053
0.518984210932516
0.5189734708383063
0.5189627334558571
0.518951998759737
0.5189412667245001
0.5189305373246887
0.5189198105348302
0.5189090863294373
0.5188983646830079
0.5188876455700238
0.5188769289649507
0.5188662148422377
0.5188555031763163
0.5188447939416003
0.5188340871124849
0.5188233826633464
0.5188126805685416
0.5188019808024072
0.5187912833392596
0.5187805881533935
0.5187698952190822
0.5187592045105769
0.5187485160021059
0.5187378296678743
0.5187271454820628
0.5187164634188286
0.5187057834523027
0.5186951055565916
0.5186844297057756
0.5186737558739078
0.5186630840350148
0.5186524141630952
0.5186417462321191
0.5186310802160282
0.5186204160887345
0.5186097538241203
0.5185990933960375
0.5185884347783065
0.5185777779447167
0.518567122869025
0.5185564695249557
0.5185458178861998
0.5185351679264145
0.518524519619223
0.5185138729382129
0.518503227856937
0.5184925843489115
0.5184819423876166
0.5184713019464947
0.5184606629989507
0.5184500255183517
0.5184393894780256
0.5184287548512603
0.5184181216113048
0.5184074897313671
0.5183968591846136
0.5183862299441702
0.5183756019831194
0.5183649752745014
0.5183543497913132
0.5183437255065078
0.5183331023929935
0.5183224804236333
0.5183118595712451
0.5183012398086002
0.5182906211084237
0.5182800034433921
0.5182693867861354
0.5182587711092344
0.5182481563852204
0.5182375425865755
0.5182269296857318
0.5182163176550703
0.5182057064669199
0.5181950960935591
0.518184486507212
0.5181738776800509
0.5181632695841937
0.5181526621917041
0.5181420554745911
0.5181314494048078
0.5181208439542516
0.5181102390947628
0.518099634798125
0.5180890310360633
0.5180784277802446
0.518067825002277
0.5180572226737086
0.5180466207660273
0.5180360192506602
0.5180254180989731
0.5180148172822698
0.5180042167717913
0.5179936165387151
0.5179830165541552
0.5179724167891614
0.5179618172147178
0.5179512178017432
0.5179406185210902
0.5179300193435443
0.5179194202398238
0.5179088211805786
0.51789822213639
0.5178876230777701
0.5178770239751608
0.5178664247989336
0.517855825519389
0.5178452261067554
0.5178346265311888
0.5178240267627725
0.5178134267715158
0.5178028265273538
0.5177922260001467
0.5177816251596793
0.51777102397566
0.5177604224177205
0.5177498204554152
0.5177392180582201
0.5177286151955331
0.5177180118366723
0.5177074079508758
0.5176968035073012
0.5176861984750252
0.5176755928230422
0.517664986520264
0.5176543795355196
0.5176437718375542
0.517633163395028
0.5176225541765165
0.5176119441505094
0.5176013332854099
0.5175907215495343
0.5175801089111111
0.5175694953382801
0.5175588807990927
0.51754826526151
0.5175376486934031
0.5175270310625518
0.5175164123366446
0.5175057924832774
0.5174951714699527
0.5174845492640805
0.5174739258329749
0.5174633011438561
0.517452675163848
0.5174420478599786
0.5174314191991783
0.51742078914828
0.5174101576740187
0.5173995247430294
0.5173888903218475
0.5173782543769085
0.5173676168745462
0.517356977780993
0.5173463370623779
0.5173356946847276
0.5173250506139645
0.5173144048159062
0.5173037572562649
0.5172931079006472
0.5172824567145529
0.5172718036633739
0.5172611487123943
0.5172504918267894
0.5172398329716245
0.5172291721118554
0.5172185092123257
0.5172078442377689
0.5171971771528046
0.5171865079219398
0.5171758365095678
0.5171651628799672
0.5171544869973012
0.5171438088256166
0.5171331283288442
0.5171224454707967
0.5171117602151688
0.517101072525536
0.5170903823653543
0.517079689697959
0.5170689944865644
0.5170582966942627
0.5170475962840233
0.5170368932186926
0.5170261874609925
0.5170154789735195
0.517004767718745
0.5169940536590141
0.516983336756544
0.5169726169734241
0.5169618942716153
0.516951168612949
0.516940439959126
0.516929708271716
0.5169189735121573
0.5169082356417551
0.5168974946216818
0.5168867504129747
0.5168760029765371
0.5168652522731361
0.5168544982634022
0.5168437409078286
0.5168329801667709
0.516822216000445
0.5168114483689277
0.5168006772321548
0.5167899025499215
0.51677912428188
0.5167683423875404
0.5167575568262686
0.5167467675572861
0.516735974539669
0.5167251777323475
0.5167143770941043
0.5167035725835747
0.5166927641592454
0.5166819517794532
0.5166711354023851
0.5166603149860769
0.5166494904884119
0.5166386618671215
0.5166278290797829
0.5166169920838188
0.5166061508364969
0.5165953052949284
0.5165844554160679
0.5165736011567117
0.5165627424734975
0.5165518793229037
0.5165410116612478
0.5165301394446865
0.5165192626292137
0.516508381170661
0.5164974950246954
0.5164866041468194
0.5164757084923703
0.5164648080165178
0.5164539026742652
0.5164429924204469
0.5164320772097283
0.5164211569966046
0.5164102317354001
0.5163993013802672
0.5163883658851854
0.5163774252039606
0.5163664792902242
0.5163555280974319
0.5163445715788634
0.5163336096876201
0.5163226423766262
0.5163116695986261
0.5163006913061845
0.5162897074516847
0.5162787179873285
0.5162677228651342
0.5162567220369367
0.5162457154543859
0.5162347030689465
0.5162236848318957
0.5162126606943238
0.5162016306071323
0.5161905945210332
0.516179552386548
0.5161685041540066
0.5161574497735469
0.5161463891951131
0.5161353223684552
0.5161242492431279
0.5161131697684895
0.5161020838937012
0.5160909915677258
0.5160798927393268
0.5160687873570675
0.5160576753693102
0.5160465567242147
0.516035431369738
0.5160242992536319
0.516013160323444
0.5160020145265152
0.5159908618099791
0.5159797021207613
0.5159685354055773
0.5159573616109332
0.5159461806831234
0.5159349925682296
0.5159237972121206
0.5159125945604504
0.5159013845586571
0.5158901671519632
0.5158789422853729
0.5158677099036717
0.5158564699514256
0.5158452223729801
0.515833967112458
0.51582270411376
0.5158114333205621
0.515800154676316
0.5157888681242471
0.5157775736073525
0.5157662710684023
0.515754960449937
0.5157436416942657
0.5157323147434667
0.5157209795393854
0.5157096360236333
0.515698284137587
0.5156869238223869
0.5156755550189368
0.5156641776679016
0.5156527917097068
0.5156413970845382
0.5156299937323385
0.5156185815928089
0.5156071606054061
0.5155957307093417
0.5155842918435811
0.5155728439468423
0.5155613869575946
0.5155499208140579
0.5155384454542009
0.5155269608157403
0.51551546683614
0.5155039634526084
0.5154924506020997
0.5154809282213101
0.515469396246679
0.5154578546143853
0.5154463032603485
0.5154347421202263
0.5154231711294135
0.515411590223041
0.5153999993359741
0.5153883984028126
0.5153767873578877
0.5153651661352622
0.5153535346687286
0.515341892891808
0.5153302407377489
0.5153185781395263
0.5153069050298397
0.5152952213411123
0.5152835270054895
0.5152718219548384
0.5152601061207459
0.5152483794345163
0.5152366418271728
0.5152248932294534
0.5152131335718113
0.5152013627844133
0.5151895807971381
0.5151777875395751
0.5151659829410233
0.5151541669304902
0.5151423394366899
0.5151305003880418
0.5151186497126703
0.5151067873384021
0.5150949131927656
0.5150830272029896
0.5150711292960017
0.5150592193984269
0.5150472974365868
0.515035363336497
0.5150234170238678
0.5150114584241005
0.5149994874622876
0.514987504063211
0.5149755081513404
0.5149634996508322
0.5149514784855278
0.5149394445789526
0.514927397854314
0.5149153382345009
0.5149032656420812
0.5148911799993017
0.514879081228085
0.5148669692500296
0.5148548439864077
0.5148427053581639
0.5148305532859135
0.5148183876899417
0.5148062084902018
0.5147940156063133
0.5147818089575611
0.5147695884628938
0.5147573540409224
0.5147451056099177
0.5147328430878109
0.51472056639219
0.5147082754402998
0.5146959701490401
0.5146836504349628
0.5146713162142725
0.5146589674028237
0.5146466039161197
0.5146342256693107
0.5146218325771926
0.5146094245542053
0.5145970015144317
0.5145845633715949
0.514572110039058
0.5145596414298219
0.5145471574565237
0.5145346580314347
0.5145221430664604
0.514509612473137
0.5144970661626309
0.5144845040457371
0.5144719260328771
0.5144593320340975
0.5144467219590687
0.5144340957170831
0.514421453217053
0.5144087943675097
0.5143961190766015
0.5143834272520921
0.514370718801359
0.5143579936313913
0.5143452516487895
0.5143324927597621
0.5143197168701252
0.5143069238852997
0.5142941137103112
0.5142812862497866
0.5142684414079536
0.5142555790886382
0.5142426991952637
0.5142298016308486
0.514216886298005
0.5142039530989367
0.5141910019354374
0.51417803270889
0.5141650453202629
0.5141520396701101
0.5141390156585686
0.5141259731853569
0.5141129121497726
0.5140998324506917
0.514086733986566
0.5140736166554214
0.514060480354857
0.5140473249820414
0.5140341504337136
0.5140209566061783
0.5140077433953063
0.5139945106965316
0.51398125840485
0.5139679864148166
0.5139546946205451
0.5139413829157052
0.5139280511935206
0.5139146993467675
0.5139013272677726
0.5138879348484117
0.5138745219801069
0.5138610885538255
0.5138476344600779
0.5138341595889158
0.5138206638299292
0.5138071470722467
0.5137936092045319
0.5137800501149816
0.5137664696913243
0.513752867820819
0.5137392443902512
0.5137255992859326
0.5137119323936994
0.5136982435989089
0.5136845327864387
0.5136707998406841
0.5136570446455568
0.5136432670844822
0.5136294670403975
0.5136156443957507
0.513601799032497
0.5135879308320982
0.5135740396755193
0.5135601254432286
0.5135461880151931
0.5135322272708785
0.5135182430892464
0.5135042353487517
0.5134902039273415
0.5134761487024525
0.5134620695510095
0.5134479663494222
0.5134338389735846
0.5134196872988714
0.5134055112001377
0.5133913105517148
0.5133770852274098
0.5133628351005027
0.5133485600437445
0.513334259929355
0.5133199346290211
0.5133055840138936
0.513291207954586
0.5132768063211728
0.5132623789831856
0.5132479258096125
0.5132334466688958
0.5132189414289287
0.5132044099570543
0.5131898521200631
0.5131752677841908
0.5131606568151155
0.5131460190779565
0.5131313544372715
0.5131166627570548
0.513101943900734
0.5130871977311697
0.513072424110651
0.513057622900895
0.5130427939630442
0.5130279371576633
0.5130130523447382
0.5129981393836729
0.512983198133288
0.5129682284518171
0.5129532301969063
0.5129382032256103
0.5129231473943912
0.5129080625591155
0.5128929485750524
0.512877805296871
0.5128626325786381
0.512847430273816
0.5128321982352602
0.512816936315217
0.512801644365321
0.5127863222365932
0.5127709697794379
0.5127555868436413
0.5127401732783682
0.5127247289321603
0.5127092536529334
0.5126937472879759
0.5126782096839446
0.5126626406868642
0.5126470401421243
0.5126314078944763
0.5126157437880317
0.5126000476662598
0.5125843193719848
0.5125685587473835
0.5125527656339832
0.5125369398726588
0.5125210813036308
0.5125051897664625
0.5124892651000579
0.5124733071426586
0.5124573157318423
0.5124412907045194
0.5124252318969313
0.5124091391446475
0.5123930122825628
0.5123768511448958
0.5123606555651855
0.5123444253762892
0.5123281604103799
0.5123118604989437
0.5122955254727777
0.5122791551619873
0.5122627493959828
0.5122463080034789
0.5122298308124897
0.5122133176503284
0.5121967683436032
0.5121801827182154
0.5121635605993571
0.512146901811508
0.5121302061784334
0.5121134735231814
0.5120967036680805
0.5120798964347364
0.5120630516440307
0.512046169116117
0.512029248670419
0.5120122901256282
0.5119952932997005
0.5119782580098539
0.511961184072567
0.5119440713035744
0.5119269195178655
0.5119097285296822
0.5118924981525147
0.5118752281991004
0.5118579184814207
0.5118405688106984
0.5118231789973952
0.5118057488512086
0.5117882781810703
0.5117707667951428
0.5117532145008166
0.5117356211047078
0.5117179864126566
0.5117003102297224
0.5116825923601831
0.5116648326075317
0.5116470307744732
0.5116291866629235
0.5116113000740047
0.5115933708080441
0.511575398664571
0.5115573834423134
0.5115393249391966
0.5115212229523394
0.5115030772780524
0.5114848877118348
0.5114666540483714
0.5114483760815307
0.5114300536043619
0.5114116864090923
0.5113932742871242
0.5113748170290333
0.5113563144245652
0.5113377662626324
0.5113191723313125
0.5113005324178455
0.5112818463086302
0.5112631137892226
0.5112443346443328
0.5112255086578223
0.5112066356127012
0.5111877152911257
0.511168747474396
0.5111497319429524
0.511130668476374
0.5111115568533748
0.5110923968518021
0.5110731882486331
0.5110539308199726
0.5110346243410503
0.5110152685862184
0.510995863328948
0.510976408341828
0.5109569033965609
0.5109373482639608
0.5109177427139516
0.5108980865155629
0.510878379436928
0.510858621245282
0.5108388117069578
0.5108189505873841
0.5107990376510834
0.5107790726616684
0.51075905538184
0.5107389855733843
0.5107188629971702
0.5106986874131472
0.5106784585803418
0.5106581762568556
0.510637840199863
0.5106174501656078
0.510597005909401
0.5105765071856185
0.5105559537476984
0.5105353453481378
0.5105146817384911
0.5104939626693672
0.5104731878904266
0.5104523571503792
0.5104314701969813
0.5104105267770345
0.5103895266363809
0.5103684695199027
0.5103473551715181
0.5103261833341798
0.5103049537498724
0.5102836661596094
0.5102623203034312
0.5102409159204021
0.5102194527486087
0.5101979305251565
0.510176348986168
0.5101547078667805
0.5101330069011428
0.5101112458224133
0.5100894243627578
0.5100675422533469
0.5100455992243534
0.5100235950049504
0.5100015293233082
0.5099794019065923
0.5099572124809616
0.5099349607715651
0.5099126465025402
0.5098902693970102
0.509867829177082
0.5098453255638437
0.5098227582773621
0.5098001270366815
0.50977743155982
0.5097546715637682
0.5097318467644864
0.5097089568769027
0.5096860016149111
0.5096629806913684
0.5096398938180927
0.5096167407058613
0.509593521064408
0.5095702346024215
0.5095468810275426
0.509523460046363
0.509499971364422
0.509476414686206
0.509452789715145
0.509429096153611
0.5094053337029163
0.509381502063311
0.5093576009339812
0.5093336300130471
0.5093095889975608
0.5092854775835046
0.5092612954657887
0.5092370423382497
0.5092127178936482
0.5091883218236672
0.5091638538189105
0.5091393135689001
0.5091147007620752
0.5090900150857899
0.509065256226311
0.5090404238688171
0.5090155176973965
0.5089905373950454
0.5089654826436653
0.5089403531240634
0.5089151485159489
0.5088898684979319
0.5088645127475229
0.508839080941129
0.5088135727540543
0.5087879878604973
0.5087623259335498
0.5087365866451945
0.5087107696663049
0.5086848746666424
0.5086589013148557
0.5086328492784791
0.5086067182239308
0.5085805078165123
0.5085542177204059
0.508527847598674
0.5085013971132581
0.5084748659249767
0.5084482536935242
0.5084215600774702
0.5083947847342576
0.508367927320202
0.5083409874904898
0.5083139648991775
0.5082868591991905
0.5082596700423221
0.508232397079232
0.5082050399594455
0.508177598331353
0.5081500718422076
0.5081224601381257
0.5080947628640848
0.5080669796639237
0.50803911018034
0.5080111540548912
0.5079831109279928
0.5079549804389165
0.5079267622257918
0.507898455925603
0.5078700611741898
0.5078415776062457
0.5078130048553182
0.5077843425538076
0.5077555903329665
0.5077267478228988
0.5076978146525605
0.5076687904497573
0.5076396748411455
0.5076104674522305
0.5075811679073676
0.5075517758297605
0.5075222908414612
0.5074927125633699
0.5074630406152347
0.5074332746156507
0.5074034141820601
0.5073734589307528
0.5073434084768645
0.5073132624343781
0.5072830204161225
0.5072526820337734
0.5072222468978522
0.5071917146177267
0.5071610848016112
0.5071303570565654
0.5070995309884959
0.5070686062021557
0.5070375823011438
0.507006458887906
0.5069752355637347
0.5069439119287696
0.5069124875819975
0.5068809621212521
0.506849335143216
0.5068176062434189
0.506785775016239
0.5067538410549046
0.506721803951492
0.5066896632969278
0.5066574186809889
0.506625069692303
0.5065926159183491
0.5065600569454581
0.5065273923588138
0.5064946217424529
0.5064617446792659
0.5064287607509986
0.5063956695382517
0.5063624706204822
0.5063291635760043
0.5062957479819894
0.5062622234144686
0.5062285894483317
0.50619484565733
0.5061609916140754
0.506127026890043
0.5060929510555714
0.5060587636798635
0.5060244643309885
0.5059900525758819
0.5059555279803477
0.5059208901090589
0.5058861385255589
0.5058512727922627
0.5058162924704586
0.5057811971203087
0.5057459863008509
0.5057106595700003
0.5056752164845495
0.505639656600172
0.5056039794714215
0.5055681846517353
0.5055322716934336
0.5054962401477238
0.5054600895646993
0.5054238194933429
0.5053874294815281
0.5053509190760199
0.5053142878224777
0.5052775352654552
0.5052406609484046
0.505203664413676
0.5051665452025206
0.5051293028550917
0.5050919369104471
0.5050544469065503
0.5050168323802731
0.5049790928673966
0.5049412279026141
0.5049032370195318
0.5048651197506719
0.504826875627474
0.5047885041802967
0.5047500049384205
0.5047113774300492
0.504672621182312
0.5046337357212657
0.5045947205718964
0.504555575258122
0.5045162993027947
0.5044768922277016
0.5044373535535684
0.5043976828000609
0.5043578794857866
0.5043179431282986
0.504277873244095
0.5042376693486244
0.5041973309562852
0.5041568575804297
0.5041162487333652
0.5040755039263569
0.5040346226696298
0.5039936044723711
0.5039524488427325
0.5039111552878319
0.5038697233137569
0.5038281524255654
0.5037864421272893
0.5037445919219359
0.5037026013114907
0.5036604697969194
0.5036181968781697
0.5035757820541751
0.5035332248228555
0.50349052468112
0.5034476811248698
0.5034046936489994
0.5033615617473998
0.5033182849129602
0.5032748626375702
0.5032312944121227
0.5031875797265151
0.5031437180696525
0.503099708929449
0.5030555517928309
0.5030112461457381
0.5029667914731262
0.5029221872589692
0.5028774329862615
0.5028325281370201
0.5027874721922854
0.5027422646321256
0.5026969049356371
0.5026513925809467
0.5026057270452144
0.5025599078046347
0.5025139343344385
0.5024678061088954
0.5024215226013159
0.5023750832840528
0.5023284876285026
0.5022817351051085
0.5022348251833619
0.502187757331803
0.5021405310180241
0.5020931457086705
0.5020456008694423
0.5019978959650958
0.5019500304594456
0.501902003815366
0.5018538154947922
0.5018054649587219
0.5017569516672171
0.5017082750794053
0.50165943465348
0.5016104298467038
0.5015612601154079
0.5015119249149945
0.501462423699937
0.5014127559237823
0.5013629210391501
0.5013129184977361
0.5012627477503111
0.5012124082467228
0.5011618994358964
0.5011112207658358
0.5010603716836233
0.5010093516354215
0.5009581600664731
0.5009067964211016
0.5008552601427119
0.500803550673791
0.5007516674559076
0.5006996099297129
0.5006473775349413
0.5005949697104087
0.5005423858940155
0.5004896255227438
0.5004366880326588
0.5003835728589087
0.5003302794357241
0.5002768071964174
0.5002231555733831
0.5001693239980977
0.5001153119011175
0.5000611187120799
0.5000067438597017
0.49995218677177883
0.4998974468751847
0.49984252359587067
0.4997874163588636
0.49973212458826605
0.4996766477072537
0.4996209851380755
0.49956513630205157
0.499509100619572
0.4994528775100948
0.4993964663921455
0.4993398666833143
0.49928307780025427
0.4992260991586806
0.49916893017336783
0.4991115702581473
0.499054018825906
0.4989962752885844
0.4989383390571724
0.498880209541709
0.4988218861512785
0.4987633682940082
0.49870465537706576
0.4986457468066564
0.49858664198802
0.4985273403254271
0.49846784122217763
0.4984081440805961
0.49834824830202895
0.49828815328684134
0.4982278584344127
0.49816736314313437
0.4981066668104049
0.49804576883262636
0.4979846686052012
0.49792336552252714
0.4978618589779936
0.4978001483639779
0.4977382330718399
0.49767611249191807
0.4976137860135258
0.4975512530249452
0.49748851291342355
0.497425565065168
0.49736240886534067
0.4972990436980538
0.49723546894636467
0.4971716839922699
0.4971076882167007
0.4970434809995171
0.4969790617195026
0.4969144297543583
0.4968495844806978
0.49678452527404066
0.49671925150880697
0.4966537625583112
0.4965880577947561
0.4965221365892267
0.49645599831168385
0.4963896423309577
0.49632306801474224
0.4962562747295871
0.4961892618408924
0.49612202871290156
0.49605457470869396
0.4959868991901791
0.4959190015180887
0.4958508810519705
0.4957825371501807
0.4957139691698764
0.4956451764670092
0.4955761583963172
0.49550691431131766
0.4954374435643002
0.49536774550631857
0.49529781948718254
0.49522766485545194
0.495157280958427
0.49508666714214206
0.4950158227513566
0.49494474712954806
0.49487343961890357
0.49480189956031173
0.49473012629335533
0.4946581191563022
0.4945858774860975
0.4945134006183559
0.4944406878873529
0.4943677386260165
0.4942945521659188
0.49422112783726835
0.49414746496890116
0.4940735628882722
0.49399942092144733
0.4939250383930949
0.4938504146264766
0.4937755489434402
0.4937004406644102
0.493625089108379
0.4935494935928993
0.4934736534340753
0.49339756794655387
0.4933212364435164
0.49324465823667024
0.4931678326362404
0.49309075895096044
0.4930134364880648
0.4929358645532802
0.49285804245081694
0.49277996948336106
0.4927016449520652
0.4926230681565418
0.49254423839485306
0.492465154963504
0.49238581715743424
0.49230622427000914
0.4922263755930129
0.4921462704166395
0.4920659080294859
0.4919852877185433
0.49190440876919017
0.491823270465184
0.49174187208865394
0.4916602129200937
0.4915782922383538
0.4914961093206344
0.4914136634424781
0.4913309538777631
0.49124797989869584
0.49116474077580496
0.4910812357779332
0.4909974641722332
0.49091342522415843
0.4908291181974588
0.4907445423541735
0.49065969695462575
0.4905745812574166
0.4904891945194191
0.49040353599577324
0.49031760493988047
0.49023140060339837
0.49014492223623596
0.49005816908654865
0.48997114040073403
0.4898838354234275
0.4897962533974976
0.4897083935640425
0.4896202551623863
0.4895318374300751
0.4894431396028744
0.48935416091476525
0.4892649005979422
0.48917535788281036
0.489085531997983
0.4889954221702795
0.48890502762472415
0.48881434758454384
0.4887233812711673
0.4886321279042239
0.48854058670154327
0.488448756879155
0.4883566376512878
0.48826422823037036
0.4881715278270322
0.48807853565010406
0.4879852509066188
0.48789167280181367
0.48779780053913135
0.4877036333202233
0.4876091703449508
0.48751441081138946
0.48741935391583097
0.4873239988527879
0.48722834481499694
0.4871323909934241
0.4870361365772686
0.4869395807539683
0.4868427227092061
0.4867455616269143
0.48664809668928255
0.48655032707676416
0.48645225196808217
0.48635387054023954
0.4862551819685243
0.48615618542652017
0.4860568800861149
0.48595726511750953
0.4858573396892284
0.4857571029681298
0.48565655411941666
0.4855556923066473
0.485454516691748
0.4853530264350252
0.48525122069517795
0.48514909862931144
0.4850466593929506
0.4849439021400549
0.4848408260230328
0.4847374301927568
0.4846337137985803
0.4845296759883534
0.4844253159084397
0.4843206327037346
0.4842156255176826
0.48411029349229673
0.4840046357681767
0.48389865148453065
0.4837923397791929
0.4836856997886472
0.48357873064804735
0.4834714314912392
0.4833638014507837
0.48325583965798075
0.48314754524289194
0.4830389173343666
0.4829299550600661
0.48282065754648995
0.48271102391900256
0.4826010533018596
0.4824907448182374
0.4823800975902594
0.4822691107390265
0.48215778338464677
0.48204611464626523
0.48193410364209566
0.48182174948945194
0.4817090513047808
0.4815960082036941
0.4814826193010041
0.481368883710757
0.48125480054626785
0.48114036892015777
0.4810255879443891
0.48091045673030375
0.4807949743886611
0.48067914002967616
0.48056295276306005
0.48044641169805913
0.4803295159434969
0.4802122646078153
0.4800946567991167
0.4799766916252085
0.47985836819364536
0.4797396856117746
0.47962064298678203
0.47950123942573736
0.479381474035642
0.479261345923476
0.47914085419624697
0.479019997961039
0.47889877632506317
0.478777188395708
0.47865523328059084
0.4785329100876106
0.47841021792500116
0.47828715590138415
0.478163723125825
0.4780399187078873
0.47791574175769014
0.47779119138596476
0.4776662667041114
0.4775409668242601
0.4774152908593283
0.4772892379230822
0.477162807130197
0.4770359975963195
0.4769088084381309
0.4767812387734092
0.4766532877210947
0.47652495440135456
0.47639623793564856
0.47626713744679616
0.47613765205904374
0.47600778089813356
0.4758775230913715
0.47574687776769886
0.4756158440577617
0.47548442109398303
0.47535260801063495
0.47522040394391196
0.4750878080320047
0.4749548194151757
0.47482143723583303
0.47468766063860884
0.4745534887704352
0.47441892078062253
0.4742839558209385
0.47414859304568713
0.4740128316117901
0.47387667067886663
0.4737401094093166
0.4736031469684029
0.4734657825243348
0.4733280152483522
0.4731898443148116
0.47305126890127025
0.4729122881885749
0.4727729013609474
0.47263310760607374
0.47249290611519323
0.47235229608318785
0.47221127670867225
0.4720698471940854
0.47192800674578295
0.4717857545741291
0.4716430898935904
0.47150001192283036
0.4713565198848026
0.4712126130068491
0.4710682905207938
0.4709235516630415
0.47077839567467483
0.4706328218015521
0.47048682929440777
0.4703404174089508
0.4701935854059655
0.4700463325514133
0.4698986581165334
0.4697505613779459
0.46960204161775476
0.46945309812365144
0.4693037301890183
0.4691539371130352
0.4690037182007839
0.46885307276335386
0.4687020001179499
0.46855049958799905
0.4683985705032583
0.468246212199923
0.4680934240207361
0.46794020531509734
0.46778655543917347
0.4676324737560089
0.4674779596356361
0.46732301245518826
0.46716763159901037
0.46701181645877204
0.4668555664335804
0.46669888093009415
0.46654175936263653
0.4663842011533095
0.4662262057321094
0.46606777253704135
0.46590890101423516
0.46574959061805976
0.4655898408112417
0.4654296510649798
0.46526902085906274
0.46510794968198604
0.46494643703106997
0.46478448241257625
0.4646220853418275
0.46445924534332417
0.4642959619508637
0.46413223470765913
0.4639680631664583
0.463803446889662
0.4636383854494446
0.4634728784278722
0.4633069254170232
0.4631405260191066
0.46297367984658383
0.4628063865222866
0.46263864567953805
0.46247045696227196
0.4623018200251529
0.46213273453369713
0.4619632001643909
0.4617932166048117
0.46162278355374775
0.4614519007213176
0.46128056782908966
0.4611087846102031
0.46093655080948537
0.4607638661835731
0.46059073050103044
0.46041714354246804
0.4602431051006623
0.46006861498067314
0.4598936729999628
0.4597182789885136
0.459542432788945
0.459366134256632
0.4591893832598213
0.45901217967974806
0.4588345234107521
0.45865641436039345
0.45847785244956835
0.458298837612623
0.4581193697974697
0.4579394489656981
0.4577590750926909
0.4575782481677356
0.45739696819413644
0.45721523518932633
0.45703304918497784
0.4568504102271132
0.45666731837621366
0.45648377370732945
0.4562997763101865
0.45611532628929463
0.4559304237640536
0.45574506886885974
0.4555592617532103
0.4553730025818076
0.455186291534662
0.45499912880719456
0.4548115146103384
0.45462344917063874
0.4544349327303525
0.45424596554754676
0.4540565478961962
0.4538666800662787
0.4536763623638714
0.4534855951112438
0.4532943786469521
0.453102713325929
0.4529105995195765
0.45271803761585283
0.4525250280193628
0.45233157115144257
0.4521376674502467
0.45194331737083165
0.4517485213852386
0.45155327998257494
0.45135759366909417
0.451161462968275
0.4509648884208981
0.45076787058512174
0.45057041003655596
0.45037250736833556
0.4501741631911907
0.44997537813351685
0.4497761528414422
0.4495764879788944
0.4493763842276649
0.44917584228747165
0.4489748628760208
0.4487734467290661
0.44857159460046636
0.44836930726224167
0.44816658550462685
0.44796343013612544
0.44775984198355856
0.44755582189211396
0.44735137072539366
0.4471464893654568
0.44694117871286515
0.4467354396867216
0.44652927322471075
0.44632268028313504
0.44611566183694973
0.4459082188797963
0.4457003524240327
0.4454920635007623
0.44528335315986056
0.4450742224699994
0.44486467251866985
0.444654704412202
0.4444443192757829
0.4442335182534729
0.44402230250821884
0.4438106732218654
0.4435986315951649
0.4433861788477829
0.44317331621830447
0.4429600449642346
0.4427463663620002
0.44253228170694603
0.4423177923133307
0.44210289951432
0.4418876046619773
0.44167190912725063
0.44145581429996084
0.44123932158878243
0.4410224324212267
0.44080514824361844
0.4405874705210741
0.4403694007374733
0.44015094039543207
0.43993209101626973
0.4397128541399768
0.4394932313251778
0.43927322414909287
0.43905283420749636
0.4388320631146736
0.4386109125033746
0.43838938402476413
0.4381674793483727
0.4379452001620404
0.43772254817186274
0.43749952510213
0.43727613269526727
0.43705237271176967
0.436828246930136
0.4366037571468007
0.4363789051760605
0.4361536928500025
0.4359281220184258
0.43570219454876324
0.4354759123260002
0.4352492772525891
0.43502229124836367
0.4347949562504497
0.43456727421317276
0.4343392471079644
0.4341108769232653
0.4338821656644254
0.43365311535360385
0.4334237280296622
0.4331940057480602
0.43296395058074466
0.4327335646160392
0.4325028499585295
0.43227180872894666
0.432040443064049
0.4318087551164995
0.4315767470547432
0.4313444210628806
0.43111177934053885
0.43087882410274125
0.430645557579774
0.4304119820170506
0.43017809967497395
0.4299439128287959
0.42970942376847576
0.4294746347985344
0.42923954823790844
0.42900416641980005
0.42876849169152625
0.42853252641436557
0.4282962729634017
0.42805973372736605
0.4278229111084776
0.42758580752228126
0.4273484253974829
0.42711076717578456
0.42687283531171477
0.4266346322724593
0.4263961605376885
0.42615742259938344
0.4259184209616596
0.42567915814059015
0.4254396366640237
0.42519985907140473
0.42495982791358966
0.4247195457526605
0.4244790151617398
0.4242382387248001
0.4239972190364744
0.42375595870186367
0.4235144603363432
0.42327272656536774
0.4230307600242733
0.42278856335808035
0.4225461392212921
0.42230349027769426
0.42206061920015153
0.4218175286704035
0.42157422137885864
0.42133070002438744
0.42108696731411405
0.4208430259632064
0.4205988786946654
0.4203545282391126
0.42010997733457733
0.41986522872628185
0.4196202851664256
0.41937514941396925
0.4191298242344166
0.41888431239959534
0.4186386166874386
0.41839273988176406
0.4181466847720514
0.4179004541532212
0.41765405082541174
0.4174074775937543
0.4171607372681496
0.41691383266304116
0.4166667665971908
0.4164195418934508
0.41617216137853696
0.415924627882801
0.4156769442400025
0.4154291132870792
0.41518113786391875
0.41493302081312855
0.41468476497980605
0.41443637321130766
0.4141878483570194
0.41393919326812495
0.41369041079737473
0.41344150379885514
0.4131924751277567
0.41294332764014274
0.41269406419271715
0.4124446876425941
0.41219520084706496
0.4119456066633676
0.4116959079484546
0.41144610755876215
0.4111962083499783
0.41094621317681207
0.4106961248927632
0.4104459463498906
0.41019568039858345
0.4099453298873293
0.40969489766248646
0.4094443865680535
0.40919379944544115
0.40894313913324404
0.4086924084670124
0.40844161027902504
0.4081907473980634
0.4079398226491839
0.4076888388534945
0.40743779882792797
0.40718670538501933
0.40693556133268144
0.4066843694739837
0.40643313260692804
0.40618185352423036
0.40593053501309956
0.40567917985501745
0.4054277908255215
0.4051763706939872
0.40492492222341087
0.40467344817019574
0.4044219512839364
0.40417043430720556
0.4039188999753426
0.40366735101624096
0.4034157901501401
0.4031642200894149
0.4029126435383687
0.40266106319302697
0.4024094817409319
0.4021579018609382
0.4019063262230106
0.40165475748802293
0.40140319830755705
0.4011516513237048
0.4009001191688706
0.40064860446557515
0.40039710982626125
0.4001456378531003
0.3998941911378008
0.3996427722614182
0.3993913837941654
0.3991400282952272
0.3988887083125724
0.3986374263827712
0.398386185030812
0.3981349867699202
0.3978838341013786
0.3976327295143499
0.39738167548570014
0.397130674479824
0.3968797289484715
0.3966288413305774
0.3963780140520903
0.39612724952580547
0.395876550151198
0.3956259183142581
0.39537535638732796
0.3951248667289412
0.39487445168366225
0.39462411358192856
0.39437385473989545
0.39412367745928023
0.393873584027211
0.39362357671607445
0.39337365778336747
0.39312382947154956
0.39287409400789663
0.39262445360435794
0.39237491045741335
0.39212546674793336
0.3918761246410405
0.39162688628597164
0.3913777538159439
0.39112872934802156
0.3908798149829835
0.39063101280519424
0.3903823248824756
0.3901337532659811
0.3898852999900707
0.38963696707218876
0.38938875651274274
0.3891406702949837
0.38889271038489054
0.38864487873105236
0.38839717726455497
0.38814960789887015
0.3879021725297436
0.3876548730350864
0.38740771127486867
0.38716068909101364
0.3869138083072947
0.3866670707292328
0.3864204781439958
0.38617403232030156
0.38592773500831945
0.3856815879395756
0.385435592826859
0.38518975136413014
0.38494406522643043
0.3846985360697922
0.3844531655311536
0.3842079552282712
0.38396290675963674
0.38371802170439456
0.38347330162226023
0.383228748053442
0.38298436251856144
0.38274014651857863
0.3824961015347155
0.38225222902838396
0.3820085304411124
0.3817650071944756
0.38152166069002597
0.38127849230922495
0.3810355034133767
0.3807926953435633
0.3805500694205806
0.38030762694487596
0.3800653691964868
0.379823297434981
0.37958141289939773
0.37933971680819145
0.37909821035917357
0.37885689472945927
0.3786157710754127
0.3783748405325946
0.3781341042157113
0.377893563218563
0.37765321861399603
0.3774130714538534
0.3771731227689279
0.376933373568916
0.37669382484237324
0.3764544775566686
0.3762153326579425
0.3759763910710637
0.3757376536995885
0.37549912142571973
0.3752607951102671
0.37502267559260827
0.37478476369065084
0.3745470602007956
0.37430956589789866
0.37407228153523747
0.3738352078444738
0.3735983455356207
0.37336169529700813
0.37312525779524996
0.37288903367521153
0.37265302355997715
0.37241722805081934
0.37218164772716733
0.37194628314657713
0.3717111348447013
0.37147620333525955
0.3712414891100094
0.3710069926387173
0.3707727143691312
0.370538654726951
0.37030481411580257
0.37007119291720825
0.36983779149056145
0.3696046101730982
0.36937164927987143
0.36913890910372327
0.36890638991525915
0.3686740919628213
0.36844201547246164
0.3682101606479163
0.36797852767057915
0.36774711669947446
0.3675159278712314
0.36728496130005794
0.3670542170777127
0.3668236952734796
0.3665933959341401
0.3663633190839472
0.36613346472459635
0.36590383283519934
0.3656744233722559
0.36544523626962544
0.36521627143849844
0.36498752876736773
0.36475900812199913
0.36453070934540166
0.3643026322577968
0.3640747766565888
0.3638471423163325
0.3636197289887014
0.3633925364024564
0.3631655642634115
0.3629388122544005
0.3627122800352431
0.36248596724270893
0.3622598734904824
0.36203399836912575
0.3618083414460418
0.3615829022654355
0.36135768034827487
0.36113267519225095
0.3609078862717371
0.3606833130377465
0.36045895491788954
0.3602348113163298
0.3600108816137395
0.3597871651672526
0.3595636613104183
0.3593403693531516
0.3591172885816853
0.35889441825851776
0.3586717576223625
0.35844930588809254
0.3582270622466882
0.35800502586518024
0.35778319588659174
0.35756157142988043
0.35734015158987875
0.35711893543723106
0.3568979220183315
0.3566771103552589
0.3564564994457111
0.3562360882629363
0.3560158757556647
0.3557958608480366
0.35557604243953006
0.3553564194048864
0.35513699059403353
0.35491775483200905
0.35469871091887956
0.35447985762965917
0.35426119371422604
0.35404271789723757
0.35382442887804133
0.3536063253305882
0.3533884059033393
0.35317066921917334
0.352953113875291
0.3527357384431177
0.3525185414682035
0.3523015214701224
0.35208467694236734
0.35186800635224486
0.35165150814076623
0.3514351807225371
0.3512190224856445
0.35100303179154196
0.35078720697493126
0.3505715463436425
0.350356048178513
0.3501407107332608
0.34992553223435763
0.3497105108809002
0.34949564484447687
0.349280932269033
0.3490663712707335
0.34885195993782253
0.34863769633048175
0.34842357848068356
0.34820960439204357
0.3479957720396696
0.34778207937000927
0.34756852430069207
0.34735510472037107
0.34714181848856074
0.34692866343547246
0.3467156373618466
0.3465027380387822
0.3462899632075628
0.346077310579481
0.3458647778356587
0.34565236262686405
0.3454400625733277
0.3452278752645526
0.34501579825912354
0.34480382908451224
0.3445919652368809
0.3443802041808792
0.3441685433494429
0.34395698014358544
0.343745511932188
0.34353413605178607
0.3433228498063542
0.34311165046708436
0.3429005352721647
0.3426895014265524
0.34247854610174483
0.34226766643554624
0.34205685953183307
0.34184612246031343
0.34163545225628594
0.3414248459203929
0.3412143004183719
0.3410038126808034
0.3407933796028555
0.3405829980440241
0.34037266482787165
0.34016237674176125
0.3399521305365884
0.3397419229265077
0.3395317505886589
0.33932161016288737
0.33911149825146325
0.3389014114187939
0.3386913461911387
0.3384812990563151
0.33827126646340433
0.33806124482245437
0.3378512305041769
0.33764121983964385
0.3374312091199806
0.3372211945960532
0.337011172478157
0.33680113893569774
0.33659109009687355
0.33638102204835063
0.33617093083493854
0.3359608124592601
0.33575066288142136
0.3355404780186763
0.3353302537450897
0.33511998589119685
0.3349096702436623
0.3346993025449326
0.33448887849288983
0.33427839374050117
0.3340678438954652
0.3338572245198582
0.33364653112977544
0.33343575919497165
0.3332249041385002
0.33301396133634775
0.33280292611706974
0.3325917937614215
0.33238055950198947
0.33216921852281944
0.33195776595904436
0.3317461968965093
0.3315345063713958
0.33132268936984577
0.3311107408275819
0.3308986556295302
0.33068642860943875
0.33047405454949735
0.3302615281799559
0.33004884417874353
0.32983599717108514
0.3296229817291193
0.3294097923715174
0.3291964235630988
0.3289828697144518
0.32876912518155027
0.3285551842653739
0.3283410412115283
0.3281266902098662
0.3279121253941105
0.3276973408414774
0.3274823305723032
0.3272670885496712
0.3270516086790419
0.3268358848078853
0.32661991072531527
0.3264036801617283
0.3261871867884424
0.32597042421734335
0.32575338600053116
0.32553606562997206
0.3253184565371557
0.325100552092753
0.32488234560628426
0.3246638303257875
0.3244449994374949
0.3242258460655145
0.3240063632715176
0.32378654405443197
0.32356638135014393
0.32334586803120474
0.32312499690654684
0.3229037607212061
0.32268215215605345
0.32246016382753506
0.32223778828742017
0.3220150180225599
0.3217918454546556
0.3215682629400357
0.3213442627694457
0.32111983716784764
0.3208949782942311
0.32066967824143655
0.3204439290359916
0.32021772263795917
0.3199910509407988
0.31976390577124375
0.3195362788891898
0.3193081619876002
0.319079546692427
0.31885042456254625
0.3186207870897096
0.31839062569851495
0.3181599317463925
0.317928696523609
0.31769691125329164
0.3174645670914693
0.31723165512713514
0.3169981663823273
0.3167640918122337
0.31652942230531367
0.31629414868344513
0.316058261702093
0.3158217520505
0.3155846103519028
0.31534682716377005
0.31510839297806803
0.31486929822154947
0.3146295332560699
0.3143890883789299
0.3141479538232455
0.31390611975834504
0.3136635762901964
0.3134203134618621
0.313176321253984
0.31293158958530015
0.31268610831319005
0.31243986723425404
0.31219285608492237
0.3119450645420996
0.3116964822238404
0.3114470986900605
0.31119690344328166
0.3109458859294123
0.31069403553856323
0.3104413416058998
0.31018779341253205
0.3099333801864402
0.3096780911034402
0.3094219152881861
0.3091648418152129
0.3089068597100175
0.30864795795018024
0.3083881254665273
0.30812735114433376
0.3078656238245677
0.3076029323051762
0.3073392653424134
0.3070746116522131
0.30680895991160045
0.3065422987601502
0.3062746168014882
0.3060059026048347
0.3057361447065945
0.30546533161199
0.3051934517967393
0.30492049370877927
0.3046464457700337
0.30437129637822646
0.30409503390874054
0.30381764671652123
0.303539123138026
0.30325945149321953
0.3029786200876139
0.3026966172143537
0.30241343115634767
0.30212905018844466
0.3018434625796542
0.301556656595413
0.3012686204998947
0.30097934255836517
0.30068881103958034
0.30039701421822906
0.3001039403774174
0.2998095778111974
0.2995139148271372
0.2992169397489318
0.29891864091905784
0.2986190067014646
0.29831802548430897
0.2980156856827267
0.2977119757416426
0.29740688413861927
0.29710039938674127
0.2967925100375346
0.29648320468392303
0.29617247196321556
0.29586030056012863
0.2955466792098394
0.29523159670106874
0.29491504187919404
0.29459700364939156
0.29427747097980306
0.2939564329047297
0.29363387852784983
0.29330979702545845
0.2929841776497303
0.29265700973200076
0.2923282826860657
0.29199798601149873
0.29166610929698283
0.29133264222365673
0.2909975745684709
0.29066089620755786
0.29032259711960584
0.2899826673892443
0.28964109721043096
0.28929787688984365
0.28895299685027276
0.2886064476340139
0.2882582199062583
0.2879083044584786
0.2875566922118078
0.2872033742204125
0.28684834167485374
0.28649158590543733
0.28613309838555057
0.2857728707349819
0.2854108947232244
0.28504716227275884
0.28468166546231544
0.28431439653011137
0.28394534787706505
0.2835745120699805
0.28320188184470335
0.28282745010924704
0.2824512099468842
0.28207315461920446
0.28169327756913576
0.28131157242392507
0.2809280329980828
0.28054265329628125
0.2801554275162129
0.27976635005140105
0.2793754154939639
0.2789826186373324
0.2785879544789154
0.2781914182227135
0.27779300528188255
0.27739271128124
0.27699053205971724
0.2765864636727531
0.2761805023946324
0.275772644720761
0.2753628873698847
0.2749512272862414
0.2745376616416561
0.2741221878375684
0.273704803506997
0.2732855065164384
0.272864294967701
0.2724411671996693
0.2720161217900052
0.27158915755677654
0.27116027356002
0.270729469103235
0.2702967437348069
0.26986209724936183
0.26942552968904954
0.2689870413447597
0.26854663275726365
0.2681043047182886
0.2676600582715208
0.2672138947135376
0.26676581559467033
0.2663158227197961
0.2658639181490597
0.2654101041985263
0.264954383440765
0.2644967587053617
0.2640372330793659
0.26357580990766594
0.2631124927933001
0.26264728559769784
0.2621801924408549
0.26171121770144273
0.2612403660168535
0.26076764228317745
0.26029305165511907
0.2598165995458475
0.25933829162678684
0.2588581338273411
0.2583761323345616
0.25789229359275134
0.25740662430301126
0.25691913142272726
0.256429822164999
0.2559387039980119
0.2554457846443529
0.2549510720802711
0.2544545745348825
0.2539563004893225
0.2534562586758447
0.25295445807686695
0.2524509079239679
0.25194561769683005
0.2514385971221361
0.2509298561724147
0.2504194050648372
0.24990725425996876
0.2493934144604714
0.2488778966097606
0.2483607118906179
0.247841871723757
0.2473213877663471
0.24679927191049053
0.24627553628166104
0.2457501932370958
0.24522325536414644
0.24469473547859097
0.2441646466229014
0.2436330020644726
0.24309981529381133
0.24256510002268372
0.24202887018222596
0.24149113992101331
0.2409519236030913
0.24041123580597026
0.23986909131857845
0.2393255051391792
0.23878049247325117
0.2382340687313273
0.2376862495268019
0.23713705067369517
0.23658648818438344
0.23603457826729346
0.23548133732455662
0.2349267819496284
0.2343709289248721
0.23381379521910356
0.23325539798510075
0.23269575455707686
0.23213488244811734
0.23157279934757907
0.23100952311845485
0.23044507179469978
0.22987946357852454
0.22931271683764887
0.22874485010252116
0.22817588206350148
0.22760583156800834
0.22703471761763103
0.22646255936520282
0.22588937611184337
0.22531518730396133
0.22474001253022316
0.22416387151848857
0.22358678413270738
0.22300877036978484
0.2224298503564108
0.22185004434585492
0.2212693727147279
0.22068785595970963
0.22010551469424355
0.21952236964519742
0.21893844164949355
0.21835375165070542
0.21776832069562285
0.21718216993078693
0.2165953205989946
0.21600779403577214
0.21541961166581963
0.21483079499942911
0.21424136562887158
0.2136513452247588
0.21306075553237888
0.2124696183680048
0.21187795561518005
0.2112857892209794
0.21069314119224647
0.21010003359181142
0.20950648853468432
0.2089125281842324
0.20831817474833547
0.20772345047552612
0.20712837765111064
0.20653297859327807
0.20593727564919184
0.20534129119107059
0.2047450476122565
0.20414856732327313
0.203551872747876
0.20295498631909303
0.20235793047526043
0.20176072765605407
0.20116340029851568
0.20056597083307962
0.19996846167959723
0.1993708952433635
0.19877329391114557
0.19817568004721645
0.1975780759893934
0.1969805040450839
0.19638298648734145
0.19578554555092978
0.19518820342840235
0.1945909822661909
0.19399390416071455
0.19339699115450198
0.19280026523233312
0.1922037483174018
0.19160746226749897
0.19101142887122
0.19041566984419706
0.18982020682535647
0.18922506137320627
0.18863025496215183
0.18803580897884406
0.18744174471855815
0.18684808338160977
0.18625484606980325
0.18566205378292097
0.1850697274152478
0.18447788775213855
0.18388655546662513
0.1832957511160682
0.18270549513885095
0.18211580785112091
0.1815267094435774
0.18093821997830734
0.18035035938567084
0.179763147461237
0.1791766038627715
0.17859074810727849
0.17800559956809442
0.17742117747203826
0.17683750089661857
0.1762545887672952
0.17567245985480165
0.17509113277252572
0.1745106259739484
0.17393095775014555
0.1733521462273497
0.17277420936457433
0.17219716495130102
0.17162103060522993
0.17104582377009403
0.1704715617135391
0.16989826152506718
0.16932594011404692
0.1687546142077892
0.1681843003496894
0.1676150148974363
0.16704677402128765
0.16647959370241397
0.16591348973130796
0.1653484777062632
0.16478457303191973
0.16422179091787723
0.16366014637737566
0.16309965422604533
0.16254032908072197
0.16198218535833095
0.16142523727483957
0.1608694988442741
0.16031498387780624
0.15976170598290523
0.15920967856255555
0.15865891481454275
0.15810942773080272
0.15756123009683737
0.15701433449119515
0.15646875328501533
0.1559244986416365
0.15538158251626805
0.15484001665572397
0.15429981259822004
0.15376098167323063
0.1532235350014073
0.15268748349455716
0.15215283785568035
0.15161960857906626
0.1510878059504478
0.15055744004721153
0.15002852073866538
0.1495010576863602
0.14897506034446786
0.14845053796020943
0.14792749957433976
0.14740595402168172
0.1468859099317113
0.1463673757291932
0.14585035963486426
0.14533486966616688
0.14482091363802635
0.14430849916367686
0.14379763365553094
0.1432883243260924
0.1427805781889141
0.14227440205959532
0.14176980255682073
0.1412667861034403
0.14076535892758568
0.1402655270638256
0.13976729635435814
0.13927067245023744
0.1387756608126355
0.13828226671413751
0.13779049524006937
0.13730035128985568
0.13681183957841034
0.13632496463755284
0.13583973081745593
0.1353561422881192
0.1348742030408673
0.13439391688987584
0.13391528747371934
0.13343831825694297
0.1329630125316563
0.13248937341914746
0.13201740387151806
0.1315471066733366
0.13107848444331022
0.13061153963597344
0.13014627454339286
0.12968269129688695
0.12922079186876112
0.12876057807405458
0.1283020515723008
0.1278452138692987
0.12739006631889563
0.1269366101247788
0.1264848463422768
0.1260347758801681
0.1255863995024983
0.12513971783040206
0.12469473134393276
0.12425144038389498
0.12380984515368254
0.1233699457211201
0.1229317420203052
0.12249523385345559
0.1220604208927546
0.12162730268219937
0.12119587863944775
0.1207661480576642
0.12033811010736546
0.1199117638382626
0.11948710818110203
0.1190641419495012
0.11864286384178302
0.11822327244280294
0.11780536622577367
0.11738914355408275
0.11697460268310442
0.11656174176200557
0.11615055883554377
0.11574105184585846
0.11533321863425357
0.11492705694297298
0.11452256441696498
0.11411973860564001
0.11371857696461665
0.11331907685745898
0.11292123555740259
0.1125250502490704
0.1121305180301772
0.11173763591322262
0.11134640082717298
0.11095680961912995
0.11056885905598714
0.11018254582607591
0.10979786654079528
0.1094148177362308
0.10903339587475967
0.10865359734664128
0.10827541847159557
0.10789885550036565
0.10752390461626757
0.10715056193672484
0.1067788235147886
0.1064086853406431
0.10604014334309655
0.10567319339105644
0.10530783129498993
0.10494405280836894
0.10458185362910029
0.10422122940093966
0.1038621757148902
0.10350468811058595
0.10314876207765887
0.10279439305709046
0.10244157644254742
0.10209030758170173
0.10174058177753417
0.10139239428962252
0.10104574033541323
0.10070061509147742
0.10035701369475121
0.1000149312437589
0.09967436279982152
0.0993353033882481
0.09899774799951225
0.09866169159041142
0.09832712908521159
0.09799405537677477
0.09766246532767167
0.09733235377127769
0.0970037155128542
0.09667654533061307
0.0963508379767658
0.09602658817855797
0.09570379063928666
0.09538244003930364
0.09506253103700273
0.09474405826979185
0.09442701635504971
0.09411139989106845
0.09379720345797928
0.09348442161866484
0.09317304891965682
0.09286307989201711
0.09255450905220657
0.09224733090293762
0.09194153993401301
0.09163713062315046
0.09133409743679308
0.09103243483090541
0.09073213725175557
0.09043319913668414
0.09013561491485883
0.08983937900801539
0.08954448583118554
0.08925092979341151
0.08895870529844709
0.08866780674544585
0.0883782285296366
0.08808996504298516
0.08780301067484497
0.08751735981259365
0.08723300684225811
0.086949946149127
0.08666817211835119
0.08638767913553216
0.08610846158729837
0.08583051386187052
0.08555383034961447
0.08527840544358298
0.08500423354004671
0.08473130903901271
0.08445962634473363
0.08418917986620458
0.08391996401764983
0.08365197321899881
0.08338520189635175
0.08311964448243489
0.08285529541704564
0.08259214914748689
0.08233020012899252
0.08206944282514245
0.08180987170826842
0.08155148125984915
0.0812942659708978
0.0810382203423389
0.08078333888537662
0.08052961612185384
0.08027704658460266
0.08002562481778595
0.07977534537723015
0.07952620283074993
0.07927819175846441
0.07903130675310499
0.07878554242031481
0.07854089337894146
0.07829735426132019
0.07805491971355044
0.077813584395765
0.07757334298239003
0.07733419016240023
0.07709612063956452
0.07685912913268597
0.07662321037583389
0.07638835911856981
0.07615457012616562
0.0759218381798168
0.07569015807684673
0.07545952463090652
0.07522993267216782
0.0750013770475091
0.07477385262069636
0.07454735427255746
0.07432187690115073
0.07409741542192778
0.07387396476789054
0.0736515198897425
0.07343007575603522
0.07320962735330837
0.07299016968622545
0.07277169777770358
0.07255420666903895
0.07233769142002641
0.07212214710907444
0.07190756883331631
0.07169395170871445
0.07148129087016232
0.07126958147158037
0.0710588186860078
0.07084899770569059
0.07064011374216422
0.07043216202633326
0.07022513780854568
0.07001903635866442
0.06981385296613378
0.06960958294004282
0.06940622160918439
0.06920376432211088
0.06900220644718612
0.0688015433726334
0.06860177050658083
0.06840288327710226
0.06820487713225554
0.0680077475401174
0.06781148998881517
0.06761609998655461
0.06742157306164598
0.06722790476252594
0.06703509065777714
0.06684312633614516
0.06665200740655115
0.06646172949810447
0.06627228826010928
0.06608367936207143
0.06589589849370102
0.0657089413649134
0.06552280370582671
0.06533748126675831
0.06515296981821797
0.06496926515089883
0.0647863630756664
0.06460425942354583
0.06442295004570565
0.06424243081344105
0.06406269761815415
0.06388374637133246
0.0637055730045257
0.0635281734693206
0.06335154373731383
0.06317567980008296
0.06300057766915643
0.06282623337598042
0.06265264297188598
0.06247980252805296
0.0623077081354728
0.06213635590491033
0.06196574196686369
0.06179586247152277
0.06162671358872629
0.06145829150791755
0.06129059243809894
0.06112361260778516
0.060957348264955025
0.0607917956770022
0.060626951130684774
0.06046281093207343
0.06029937140649933
0.06013662889849952
0.05997457977176274
0.059813220409073276
0.05965254721225419
0.059492556602109586
0.059333245018366246
0.0591746089196133
0.05901664478324261
0.05885934910538724
0.058702718400859166
0.058546749203086744
0.058391438064051324
0.05823678155422248
0.058082776262493474
0.05792941879611508
0.05777670578063008
0.057624633859805784
0.05747319969556665
0.057322399967926166
0.057172231374918545
0.057022690632529065
0.0568737744746248
0.05672547965288443
0.05657780293672758
0.05643074111324374
0.05628429098712093
0.05613844938057345
0.055993213133270436
0.05584857910226227
0.05570454416190841
0.05556110520380359
0.05541825913670442
0.05527600288645569
0.05513433339591573
0.05499324762488253
0.054852742550018554
0.05471281516477618
0.05457346247932247
0.054434681520463934
0.05429646933157085
0.05415882297250185
0.05402173951952806
0.05388521606525695
0.05374924971855643
0.05361383760447862
0.05347897686418347
0.05334466465486257
0.053210898149662476
0.053077674537608276
0.05294499102352713
0.052812844827971286
0.052681233187142
0.05255015335281218
0.05241960259225039
0.05228957818814363
0.05216007743852103
0.05203109765667688
0.05190263617109454
0.051774690325369035
0.05164725747813138
0.051520335002971665
0.05139392028836266
0.05126801073758361
0.051142603768643956
0.05101769681420724
0.05089328732151468
0.05076937275230984
0.05064595058276246
0.05052301830339239
0.050400573418994774
0.05027861344856406
0.05015713592521874
0.05003613839612622
0.049915618422427935
