0.48589655449707425
0.5315592740967336
0.5289011352051596
0.5267233467195059
0.5251389816528286
0.5239916368113237
0.5231622747823341
0.5225626932119929
0.5221283571399967
0.5218124668388282
0.5215812959178141
0.5214106451713915
0.521283202977507
0.5211866092546887
0.5211120498204305
0.521053243029572
0.5210057128073432
0.5209662689203499
0.5209326362837543
0.5209031909879511
0.52087677251404
0.5208525502285486
0.520829928493449
0.5208084792220861
0.5207878939311478
0.5207679496374685
0.5207484845858974
0.5207293809590023
0.5207105525466569
0.5206919359408035
0.5206734842373213
0.5206551625224384
0.5206369446306839
0.5206188108099953
0.5206007460349908
0.5205827387841885
0.5205647801500097
0.5205468631880735
0.5205289824390471
0.5205111335753352
0.5204933131384282
0.5204755183423657
0.520457746925646
0.520439997038824
0.5204222671585523
0.5204045560213381
0.5203868625720993
0.5203691859239126
0.5203515253262823
0.5203338801399533
0.5203162498167814
0.5202986338835476
0.52028103192887
0.520263443592563
0.5202458685569495
0.5202283065397338
0.5202107572881378
0.5201932205740578
0.5201756961900539
0.5201581839460221
0.5201406836664257
0.5201231951879877
0.5201057183577649
0.5200882530315394
0.5200707990724722
0.520053356349976
0.5200359247387679
0.5200185041180803
0.5200010943709924
0.5199836953838731
0.5199663070459107
0.5199489292487187
0.5199315618860032
0.5199142048532842
0.5198968580476597
0.5198795213676086
0.519862194712823
0.5198448779840678
0.5198275710830615
0.5198102739123773
0.519792986375357
0.5197757083760399
0.5197584398191024
0.5197411806098062
0.5197239306539554
0.519706689857858
0.519689458128296
0.5196722353724976
0.5196550214981137
0.5196378164131985
0.5196206200261929
0.5196034322459093
0.5195862529815181
0.519569082142538
0.5195519196388246
0.5195347653805638
0.5195176192782616
0.5195004812427394
0.5194833511851273
0.519466229016858
0.5194491146496619
0.5194320079955634
0.519414908966875
0.5193978174761953
0.5193807334364032
0.5193636567606563
0.5193465873623864
0.5193295251552963
0.5193124700533575
0.5192954219708067
0.5192783808221433
0.5192613465221263
0.5192443189857718
0.5192272981283507
0.5192102838653857
0.5191932761126488
0.5191762747861594
0.5191592798021809
0.5191422910772193
0.5191253085280202
0.5191083320715668
0.5190913616250772
0.5190743971060026
0.5190574384320243
0.5190404855210524
0.519023538291223
0.5190065966608957
0.5189896605486518
0.5189727298732922
0.5189558045538352
0.5189388845095138
0.518921969659774
0.5189050599242728
0.5188881552228757
0.5188712554756546
0.5188543606028861
0.5188374705250492
0.5188205851628229
0.5188037044370843
0.5187868282689071
0.5187699565795585
0.518753089290498
0.5187362263233752
0.5187193676000277
0.5187025130424787
0.5186856625729357
0.5186688161137883
0.5186519735876057
0.5186351349171356
0.5186183000253015
0.5186014688352008
0.5185846412701036
0.51856781725345
0.5185509967088486
0.5185341795600742
0.5185173657310661
0.5185005551459265
0.5184837477289184
0.5184669434044633
0.5184501420971399
0.5184333437316822
0.5184165482329773
0.518399755526064
0.5183829655361306
0.5183661781885133
0.518349393408694
0.5183326111222996
0.5183158312550985
0.5182990537330003
0.5182822784820533
0.5182655054284431
0.5182487344984903
0.5182319656186494
0.5182151987155064
0.5181984337157778
0.5181816705463081
0.518164909134069
0.5181481494061564
0.5181313912897902
0.5181146347123116
0.5180978796011816
0.5180811258839793
0.5180643734884007
0.5180476223422563
0.5180308723734701
0.5180141235100775
0.5179973756802243
0.5179806288121636
0.5179638828342562
0.5179471376749676
0.5179303932628668
0.5179136495266244
0.5178969063950116
0.5178801637968985
0.5178634216612517
0.5178466799171337
0.5178299384937008
0.5178131973202023
0.5177964563259774
0.5177797154404555
0.5177629745931533
0.5177462337136742
0.5177294927317055
0.5177127515770192
0.5176960101794673
0.5176792684689833
0.5176625263755789
0.517645783829343
0.5176290407604407
0.517612297099111
0.5175955527756656
0.5175788077204881
0.5175620618640315
0.5175453151368176
0.5175285674694348
0.5175118187925376
0.5174950690368445
0.5174783181331364
0.5174615660122558
0.517444812605105
0.5174280578426453
0.517411301655894
0.5173945439759253
0.5173777847338669
0.5173610238608999
0.5173442612882565
0.5173274969472197
0.5173107307691208
0.517293962685339
0.5172771926272994
0.5172604205264718
0.5172436463143695
0.517226869922548
0.5172100912826034
0.5171933103261716
0.5171765269849262
0.5171597411905775
0.5171429528748726
0.5171261619695906
0.5171093684065454
0.5170925721175816
0.5170757730345746
0.5170589710894282
0.5170421662140748
0.5170253583404726
0.5170085474006051
0.5169917333264802
0.5169749160501284
0.5169580955036011
0.5169412716189705
0.516924444328328
0.5169076135637816
0.5168907792574569
0.5168739413414942
0.5168570997480484
0.5168402544092863
0.5168234052573869
0.51680655222454
0.5167896952429436
0.5167728342448044
0.5167559691623356
0.5167390999277562
0.5167222264732894
0.5167053487311618
0.516688466633602
0.5166715801128392
0.5166546891011028
0.5166377935306202
0.5166208933336164
0.5166039884423128
0.5165870787889256
0.5165701643056649
0.5165532449247336
0.5165363205783262
0.5165193911986274
0.516502456717812
0.5164855170680421
0.5164685721814675
0.5164516219902233
0.5164346664264301
0.5164177054221917
0.5164007389095948
0.5163837668207073
0.5163667890875779
0.516349805642234
0.5163328164166814
0.5163158213429031
0.5162988203528579
0.5162818133784796
0.5162648003516757
0.5162477812043261
0.5162307558682829
0.5162137242753686
0.516196686357375
0.5161796420460623
0.5161625912731578
0.5161455339703558
0.516128470069315
0.5161113995016589
0.5160943221989733
0.5160772380928069
0.5160601471146689
0.5160430491960283
0.5160259442683133
0.5160088322629097
0.5159917131111607
0.5159745867443639
0.5159574530937733
0.5159403120905954
0.51592316366599
0.5159060077510681
0.5158888442768916
0.5158716731744719
0.5158544943747689
0.5158373078086901
0.5158201134070899
0.5158029111007673
0.5157857008204666
0.5157684824968756
0.5157512560606241
0.5157340214422841
0.5157167785723672
0.5156995273813253
0.5156822677995481
0.5156649997573632
0.5156477231850353
0.5156304380127631
0.5156131441706809
0.5155958415888567
0.5155785301972902
0.5155612099259134
0.5155438807045885
0.5155265424631073
0.5155091951311905
0.5154918386384861
0.5154744729145689
0.5154570978889396
0.5154397134910234
0.5154223196501689
0.5154049162956483
0.5153875033566551
0.5153700807623037
0.5153526484416282
0.515335206323582
0.5153177543370362
0.515300292410779
0.5152828204735147
0.5152653384538624
0.5152478462803556
0.5152303438814407
0.5152128311854767
0.5151953081207332
0.5151777746153914
0.5151602305975401
0.5151426759951779
0.5151251107362101
0.515107534748449
0.5150899479596118
0.5150723502973211
0.5150547416891027
0.515037122062385
0.5150194913444986
0.515001849462675
0.5149841963440448
0.5149665319156386
0.5149488561043841
0.5149311688371067
0.5149134700405277
0.5148957596412634
0.5148780375658251
0.5148603037406164
0.5148425580919339
0.5148248005459659
0.5148070310287903
0.5147892494663757
0.5147714557845785
0.5147536499091431
0.5147358317657006
0.5147180012797683
0.5147001583767479
0.5146823029819254
0.5146644350204698
0.5146465544174321
0.5146286610977446
0.5146107549862198
0.5145928360075493
0.5145749040863037
0.5145569591469303
0.5145390011137535
0.5145210299109728
0.5145030454626628
0.5144850476927714
0.51446703652512
0.5144490118834011
0.5144309736911781
0.5144129218718853
0.5143948563488248
0.5143767770451678
0.5143586838839523
0.5143405767880829
0.5143224556803291
0.5143043204833245
0.5142861711195673
0.514268007511417
0.5142498295810953
0.5142316372506848
0.5142134304421268
0.5141952090772227
0.5141769730776304
0.514158722364866
0.5141404568603002
0.51412217648516
0.5141038811605259
0.5140855708073309
0.5140672453463613
0.5140489046982541
0.5140305487834967
0.5140121775224257
0.5139937908352261
0.513975388641931
0.5139569708624192
0.5139385374164153
0.5139200882234884
0.5139016232030521
0.5138831422743617
0.5138646453565147
0.5138461323684493
0.5138276032289437
0.513809057856615
0.513790496169918
0.5137719180871446
0.5137533235264231
0.513734712405716
0.5137160846428208
0.5136974401553678
0.5136787788608191
0.5136601006764684
0.5136414055194398
0.5136226933066861
0.5136039639549889
0.5135852173809567
0.5135664535010247
0.5135476722314534
0.5135288734883273
0.5135100571875547
0.5134912232448664
0.5134723715758144
0.513453502095771
0.5134346147199284
0.5134157093632968
0.5133967859407045
0.5133778443667957
0.5133588845560303
0.5133399064226829
0.5133209098808412
0.5133018948444059
0.5132828612270889
0.5132638089424122
0.5132447379037081
0.513225648024117
0.5132065392165864
0.513187411393871
0.5131682644685303
0.5131490983529285
0.5131299129592328
0.5131107081994137
0.5130914839852421
0.5130722402282893
0.5130529768399265
0.5130336937313225
0.5130143908134438
0.5129950679970527
0.512975725192707
0.512956362310758
0.5129369792613507
0.5129175759544219
0.5128981522996989
0.5128787082066995
0.5128592435847297
0.5128397583428839
0.5128202523900427
0.5128007256348728
0.512781177985825
0.5127616093511338
0.5127420196388162
0.5127224087566703
0.5127027766122746
0.5126831231129868
0.5126634481659424
0.5126437516780546
0.5126240335560116
0.5126042937062767
0.5125845320350872
0.5125647484484529
0.5125449428521546
0.5125251151517438
0.5125052652525413
0.512485393059636
0.5124654984778838
0.5124455814119067
0.5124256417660905
0.5124056794445858
0.5123856943513052
0.5123656863899224
0.5123456554638713
0.5123256014763455
0.5123055243302959
0.51228542392843
0.5122653001732111
0.5122451529668574
0.5122249822113392
0.51220478780838
0.5121845696594535
0.5121643276657832
0.5121440617283411
0.5121237717478471
0.5121034576247663
0.5120831192593093
0.5120627565514304
0.5120423694008263
0.5120219577069349
0.5120015213689344
0.5119810602857419
0.5119605743560119
0.5119400634781358
0.5119195275502393
0.5118989664701828
0.5118783801355595
0.5118577684436931
0.5118371312916387
0.5118164685761794
0.5117957801938262
0.5117750660408169
0.511754326013114
0.511733560006404
0.5117127679160961
0.5116919496373202
0.511671105064927
0.511650234093485
0.511629336617281
0.5116084125303171
0.5115874617263105
0.5115664840986921
0.511545479540604
0.5115244479449
0.5115033892041428
0.5114823032106035
0.5114611898562594
0.511440049032794
0.5114188806315941
0.5113976845437493
0.511376460660051
0.5113552088709898
0.5113339290667552
0.5113126211372335
0.5112912849720074
0.511269920460353
0.51124852749124
0.5112271059533295
0.5112056557349726
0.5111841767242088
0.5111626688087654
0.5111411318760548
0.5111195658131743
0.5110979705069036
0.5110763458437044
0.5110546917097177
0.5110330079907638
0.5110112945723386
0.5109895513396153
0.5109677781774398
0.510945974970331
0.5109241416024786
0.5109022779577423
0.5108803839196494
0.5108584593713932
0.5108365041958329
0.5108145182754903
0.5107925014925494
0.5107704537288544
0.5107483748659079
0.5107262647848698
0.510704123366556
0.5106819504914357
0.5106597460396307
0.5106375098909135
0.5106152419247063
0.5105929420200777
0.5105706100557433
0.5105482459100624
0.5105258494610372
0.5105034205863104
0.5104809591631647
0.5104584650685201
0.5104359381789324
0.5104133783705922
0.5103907855193223
0.5103681595005763
0.5103455001894375
0.5103228074606164
0.5103000811884493
0.5102773212468965
0.5102545275095405
0.5102316998495846
0.5102088381398505
0.5101859422527774
0.5101630120604194
0.510140047434444
0.5101170482461306
0.5100940143663681
0.5100709456656541
0.5100478420140916
0.5100247032813885
0.5100015293368549
0.5099783200494021
0.5099550752875398
0.5099317949193749
0.5099084788126088
0.5098851268345372
0.5098617388520459
0.509838314731611
0.5098148543392955
0.5097913575407482
0.5097678242012014
0.5097442541854693
0.5097206473579454
0.5096970035826011
0.5096733227229837
0.5096496046422139
0.5096258492029847
0.5096020562675581
0.5095782256977646
0.5095543573549999
0.5095304511002234
0.5095065067939565
0.5094825242962793
0.5094585034668302
0.5094344441648028
0.5094103462489435
0.5093862095775503
0.5093620340084704
0.5093378193990972
0.5093135656063694
0.5092892724867687
0.5092649398963163
0.5092405676905725
0.5092161557246332
0.5091917038531283
0.5091672119302197
0.5091426798095984
0.5091181073444826
0.5090934943876156
0.5090688407912635
0.509044146407213
0.5090194110867681
0.5089946346807496
0.5089698170394913
0.5089449580128387
0.5089200574501458
0.5088951152002732
0.5088701311115859
0.5088451050319504
0.5088200368087328
0.5087949262887963
0.5087697733184985
0.5087445777436895
0.5087193394097089
0.5086940581613838
0.5086687338430256
0.5086433662984291
0.508617955370868
0.5085925009030936
0.5085670027373325
0.5085414607152831
0.5085158746781135
0.5084902444664597
0.5084645699204217
0.5084388508795616
0.5084130871829011
0.5083872786689188
0.5083614251755473
0.5083355265401707
0.5083095825996222
0.5082835931901812
0.5082575581475701
0.508231477306953
0.5082053505029315
0.5081791775695426
0.508152958340256
0.5081266926479712
0.5081003803250148
0.5080740212031379
0.5080476151135125
0.5080211618867296
0.5079946613527963
0.5079681133411316
0.5079415176805657
0.5079148741993353
0.5078881827250818
0.5078614430848475
0.5078346551050734
0.5078078186115954
0.507780933429643
0.5077539993838343
0.5077270162981736
0.50769998399605
0.5076729023002317
0.5076457710328648
0.5076185900154698
0.5075913590689384
0.5075640780135303
0.50753674666887
0.5075093648539449
0.5074819323870994
0.5074544490860349
0.5074269147678045
0.5073993292488106
0.5073716923448013
0.5073440038708675
0.5073162636414397
0.5072884714702842
0.5072606271705005
0.5072327305545172
0.5072047814340895
0.5071767796202952
0.5071487249235312
0.5071206171535114
0.5070924561192615
0.5070642416291168
0.5070359734907182
0.5070076515110093
0.5069792754962323
0.5069508452519249
0.5069223605829163
0.506893821293324
0.5068652271865508
0.5068365780652802
0.506807873731473
0.5067791139863643
0.5067502986304595
0.5067214274635305
0.5066925002846125
0.5066635168919991
0.5066344770832404
0.5066053806551377
0.5065762274037406
0.506547017124343
0.5065177496114789
0.5064884246589194
0.506459042059668
0.5064296016059575
0.5064001030892455
0.506370546300211
0.5063409310287501
0.5063112570639718
0.5062815241941949
0.5062517322069435
0.506221880888943
0.5061919700261158
0.5061619994035779
0.5061319688056342
0.5061018780157744
0.5060717268166701
0.5060415149901686
0.5060112423172904
0.5059809085782246
0.5059505135523241
0.505920057018102
0.5058895387532273
0.5058589585345202
0.5058283161379484
0.5057976113386222
0.5057668439107905
0.5057360136278366
0.5057051202622729
0.505674163585738
0.505643143368991
0.5056120593819072
0.5055809113934744
0.5055496991717874
0.5055184224840443
0.5054870810965413
0.5054556747746684
0.5054242032829053
0.5053926663848154
0.5053610638430426
0.5053293954193061
0.5052976608743956
0.5052658599681665
0.5052339924595352
0.5052020581064743
0.5051700566660084
0.5051379878942084
0.505105851546187
0.5050736473760944
0.5050413751371119
0.5050090345814491
0.5049766254603367
0.5049441475240238
0.5049116005217706
0.5048789842018451
0.5048462983115172
0.5048135425970542
0.5047807168037155
0.5047478206757465
0.5047148539563755
0.5046818163878062
0.5046487077112146
0.5046155276667421
0.5045822759934908
0.5045489524295197
0.5045155567118363
0.5044820885763939
0.5044485477580853
0.5044149339907378
0.5043812470071066
0.5043474865388708
0.5043136523166272
0.5042797440698847
0.5042457615270596
0.5042117044154689
0.5041775724613257
0.5041433653897325
0.5041090829246774
0.504074724789026
0.504040290704518
0.5040057803917598
0.5039711935702202
0.5039365299582229
0.5039017892729426
0.5038669712303978
0.5038320755454454
0.5037971019317748
0.5037620501019024
0.5037269197671647
0.5036917106377133
0.5036564224225083
0.5036210548293129
0.5035856075646861
0.5035500803339784
0.5035144728413243
0.5034787847896365
0.5034430158806004
0.5034071658146667
0.5033712342910461
0.503335221007703
0.503299125661349
0.503262947947436
0.5032266875601514
0.5031903441924103
0.5031539175358494
0.5031174072808211
0.5030808131163867
0.50304413473031
0.5030073718090508
0.5029705240377579
0.5029335911002635
0.5028965726790753
0.5028594684553718
0.5028222781089928
0.5027850013184362
0.5027476377608479
0.5027101871120175
0.5026726490463705
0.5026350232369612
0.502597309355467
0.50255950707218
0.5025216160560017
0.5024836359744349
0.5024455664935772
0.5024074072781145
0.5023691579913125
0.5023308182950116
0.502292387849618
0.5022538663140984
0.5022152533459714
0.5021765486013008
0.5021377517346886
0.502098862399268
0.5020598802466955
0.502020804927144
0.5019816360892956
0.501942373380334
0.501903016445937
0.5018635649302701
0.5018240184759775
0.5017843767241759
0.5017446393144467
0.5017048058848282
0.5016648760718082
0.5016248495103166
0.5015847258337177
0.5015445046738024
0.5015041856607809
0.5014637684232746
0.5014232525883084
0.5013826377813039
0.50134192362607
0.5013011097447964
0.5012601957580453
0.5012191812847433
0.5011780659421743
0.5011368493459705
0.5010955311101052
0.501054110846885
0.5010125881669407
0.5009709626792205
0.5009292339909812
0.5008874017077806
0.500845465433469
0.5008034247701809
0.5007612793183274
0.5007190286765875
0.5006766724419005
0.5006342102094565
0.5005916415726901
0.5005489661232696
0.5005061834510905
0.500463293144267
0.5004202947891229
0.5003771879701833
0.5003339722701664
0.5002906472699752
0.5002472125486884
0.5002036676835526
0.5001600122499731
0.5001162458215057
0.5000723679698479
0.5000283782648305
0.4999842762744088
0.49994006156465365
0.49989573369974294
0.49985129224195374
0.49980673675165177
0.49976206678728424
0.4997172819053696
0.4996723816604906
0.4996273656052833
0.4995822332904297
0.49953698426464865
0.49949161807468573
0.49944613426530604
0.49940053237928395
0.4993548119573946
0.4993089725384051
0.4992630136590648
0.49921693485409696
0.4991707356561891
0.49912441559598425
0.49907797420207156
0.4990314110009781
0.49898472551715745
0.4989379172729834
0.4988909857887386
0.49884393058260573
0.49879675117065947
0.49874944706685564
0.49870201778302314
0.4986544628288532
0.49860678171189193
0.4985589739375298
0.4985110390089923
0.49846297642733095
0.49841478569141356
0.49836646629791553
0.49831801774130924
0.4982694395138556
0.4982207311055946
0.4981718920043353
0.49812292169564626
0.4980738196628471
0.4980245853869976
0.49797521834688946
0.4979257180190358
0.49787608387766213
0.49782631539469646
0.49777641203976064
0.49772637328015923
0.4976761985808711
0.49762588740454
0.4975754392114641
0.49752485345958636
0.4974741296044861
0.49742326709936807
0.4973722653950534
0.4973211239399705
0.49726984218014403
0.4972184195591865
0.49716685551828804
0.49711514949620716
0.49706330092926043
0.4970113092513133
0.49695917389377087
0.496906894285567
0.4968544698531557
0.49680190002050123
0.49674918420906805
0.49669632183781176
0.49664331232316916
0.4965901550790481
0.496536849516819
0.4964833950453039
0.4964297910707677
0.49637603699690835
0.49632213222484733
0.4962680761531189
0.4962138681776628
0.4961595076918122
0.4961049940862856
0.496050326749177
0.4959955050659457
0.49594052841940794
0.4958853961897261
0.49583010775439984
0.4957746624882563
0.4957190597634413
0.4956632989494091
0.49560737941291266
0.49555130051799556
0.49549506162598145
0.4954386620954647
0.4953821012823017
0.4953253785396007
0.49526849321771327
0.4952114446642241
0.4951542322239427
0.49509685523889396
0.4950393130483076
0.49498160498861127
0.49492373039341936
0.4948656885935251
0.4948074789168908
0.4947491006886393
0.4946905532310446
0.49463183586352294
0.49457294790262424
0.49451388866202245
0.4944546574525072
0.4943952535819751
0.49433567635542075
0.494275925074928
0.49421599903966074
0.49415589754585576
0.4940956198868126
0.4940351653528855
0.4939745332314755
0.4939137228070215
0.4938527333609917
0.49379156417187553
0.49373021451517557
0.4936686836633991
0.4936069708860499
0.49354507544962056
0.49348299661758394
0.4934207336503855
0.4933582858054357
0.4932956523371018
0.4932328324966999
0.49316982553248784
0.49310663068965777
0.4930432472103274
0.49297967433353396
0.4929159112952266
0.4928519573282578
0.49278781166237834
0.4927234735242281
0.4926589421373305
0.4925942167220851
0.49252929649576044
0.49246418067248765
0.492398868463254
0.4923333590758956
0.4922676517150918
0.49220174558235846
0.4921356398760417
0.49206933379131146
0.49200282652015614
0.4919361172513764
0.4918692051705789
0.49180208946017145
0.49173476929935617
0.49166724386412586
0.49159951232725685
0.4915315738583048
0.4914634276235996
0.4913950727862398
0.4913265085060884
0.4912577339397677
0.4911887482406553
0.4911195505588791
0.4910501400413133
0.49098051583157404
0.4909106770700161
0.4908406228937281
0.4907703524365293
0.49069986482896616
0.4906291591983086
0.49055823466854726
0.4904870903603903
0.4904157253912599
0.49034413887529027
0.4902723299233251
0.49020029764291445
0.4901280411383133
0.49005555951047935
0.4899828518570709
0.4899099172724452
0.48983675484765754
0.48976336367045936
0.48968974282529726
0.4896158913933125
0.4895418084523401
0.48946749307690796
0.48939294433823716
0.4893181613042418
0.48924314303952904
0.48916788860539895
0.48909239705984636
0.48901666745756056
0.4889406988499267
0.48886449028502715
0.4887880408076429
0.4887113494592552
0.4886344152780482
0.4885572372989103
0.4884798145534366
0.4884021460699328
0.48832423087341714
0.4882460679856237
0.48816765642500637
0.4880889952067422
0.48801008334273616
0.48793091984162423
0.4878515037087792
0.4877718339463154
0.48769190955309244
0.48761172952472304
0.4875312928535769
0.48745059852878736
0.48736964553625806
0.4872884328586692
0.48720695947548476
0.4871252243629595
0.4870432264941471
0.4869609648389075
0.4868784383639153
0.48679564603266884
0.48671258680549845
0.48662925963957626
0.4865456634889255
0.48646179730443023
0.48637766003384664
0.48629325062181267
0.4862085680098595
0.4861236111364229
0.4860383789368551
0.4859528703434366
0.4858670842853892
0.48578101968888887
0.4856946754770786
0.4856080505700824
0.4855211438850192
0.48543395433601805
0.48534648083423226
0.485258722287855
0.485170677602135
0.485082345679393
0.484993725419038
0.4849048157175846
0.48481561546867
0.48472612356307254
0.48463633888872953
0.4845462603307566
0.4844558867714662
0.48436521709038843
0.4842742501642902
0.48418298486719646
0.4840914200704112
0.4839995546425392
0.48390738744950806
0.4838149173545909
0.4837221432184295
0.4836290638990578
0.4835356782519259
0.48344198512992503
0.48334798338341306
0.48325367186023915
0.4831590494057707
0.4830641148629202
0.482968867072172
0.4828733048716104
0.4827774270969485
0.4826812325815561
0.4825847201564904
0.4824878886505254
0.4823907368901824
0.48229326369976155
0.4821954679013739
0.4820973483149731
0.4819989037583889
0.4819001330473609
0.48180103499557153
0.481701608414683
0.4816018521143704
0.4815017649023593
0.4814013455844615
0.48130059296461347
0.4811995058449121
0.48109808302565626
0.4809963233053829
0.4808942254809093
0.48079178834737213
0.4806890106982693
0.4805858913255018
0.4804824290194153
0.4803786225688448
0.4802744707611568
0.48016997238229575
0.48006512621682723
0.4799599310479858
0.47985438565772004
0.47974848882674015
0.47964223933456784
0.479535635959582
0.47942867747907053
0.4793213626692798
0.47921369030546523
0.4791056591619434
0.47899726801214426
0.4788885156286641
0.47877940078331993
0.47866992224720345
0.4785600787907369
0.47844986918372884
0.4783392921954316
0.4782283465945985
0.47811703114954224
0.47800534462819444
0.4778932857981653
0.4777808534268048
0.477668046281264
0.47755486312855727
0.4774413027356256
0.4773273638694008
0.4772130452968699
0.4770983457851407
0.47698326410150815
0.4768677990135222
0.47675194928905484
0.47663571369636915
0.4765190910041893
0.4764020799817709
0.4762846793989721
0.4761668880263258
0.47604870463511256
0.4759301279974343
0.47581115688628917
0.4756917900756466
0.4755720263405243
0.4754518644570645
0.4753313032026124
0.47521034135579543
0.47508897769660174
0.47496721100646183
0.47484504006832956
0.47472246366676407
0.4745994805880133
0.4744760896200975
0.47435228955289466
0.4742280791782254
0.4741034572899396
0.4739784226840043
0.47385297415859134
0.4737271105141663
0.4736008305535791
0.47347413308215414
0.4733470169077816
0.4732194808410118
0.4730915236951454
0.47296314428633046
0.47283434143365555
0.47270511395924675
0.4725754606883638
0.4724453804494977
0.47231487207446915
0.47218393439852774
0.47205256626045233
0.47192076650265125
0.4717885339712647
0.4716558675162668
0.4715227659915696
0.47138922825512636
0.4712552531690376
0.4711208395996559
0.4709859864176932
0.4708506924983283
0.4707149567213146
0.4705787779710894
0.47044215513688326
0.47030508711283214
0.4701675727980864
0.47002961109692465
0.46989120091886655
0.46975234117878595
0.4696130307970248
0.46947326869951
0.4693330538178675
0.46919238508954014
0.46905126145790405
0.46890968187238835
0.4687676452885912
0.46862515066840194
0.4684821969801197
0.468338783198575
0.4681949083052507
0.4680505712884041
0.4679057711431903
0.4677605068717858
0.46761477748351105
0.467468581994957
0.46732191943010926
0.46717478882047425
0.46702718920520614
0.466879119631233
0.4667305791533852
0.46658156683452284
0.466432081745665
0.4662821229661188
0.4661316895836087
0.4659807806944073
0.4658293954034656
0.46567753282454394
0.46552519208034426
0.46537237230264106
0.4652190726324149
0.4650652922199846
0.4649110302251404
0.4647562858172778
0.4646010581755315
0.4644453464889089
0.4642891499564259
0.46413246778724093
0.4639752992007899
0.46381764342692267
0.46365949970603715
0.46350086728921647
0.4633417454383647
0.4631821334263426
0.46302203053710483
0.46286143606583563
0.4627003493190863
0.4625387696149116
0.46237669628300626
0.46221412866484335
0.462051066113809
0.46188750799534134
0.4617234536870664
0.46155890257893567
0.4613938540733625
0.46122830758535893
0.4610622625426728
0.4608957183859243
0.46072867456874167
0.46056113055789855
0.46039308583344907
0.4602245398888648
0.4600554922311686
0.45988594238107217
0.4597158898731095
0.4595453342557715
0.45937427509164147
0.45920271195752804
0.45903064444459946
0.45885807215851593
0.45868499471956325
0.45851141176278365
0.4583373229381088
0.4581627279104906
0.4579876263600303
0.4578120179821108
0.45763590248752417
0.45745927960260063
0.457282149069337
0.4571045106455239
0.45692636410487103
0.4567477092371346
0.4565685458482411
0.45638887376041154
0.456208692812285
0.4560280028590402
0.4558468037725176
0.4556650954413393
0.4554828777710287
0.4553001506841283
0.45511691412031796
0.45493316803653006
0.45474891240706566
0.45456414722370764
0.4543788724958333
0.45419308825052707
0.4540067945326895
0.4538199914051472
0.45363267894876
0.4534448572625274
0.4532565264636941
0.4530676866878527
0.45287833808904665
0.45268848083987057
0.45249811513156923
0.45230724117413584
0.45211585919640723
0.4519239694461589
0.4517315721901983
0.45153866771445467
0.4513452563240701
0.45115133834348575
0.45095691411652905
0.45076198400649764
0.4505665483962411
0.45037060768824244
0.4501741623046958
0.449977212687584
0.4497797592987529
0.44958180261998426
0.4493833431530663
0.449184381419863
0.4489849179623803
0.448784953342831
0.4485844881436968
0.4483835229677891
0.44818205843830683
0.44798009519889215
0.44777763391368464
0.4475746752673718
0.447371219965239
0.44716726873321544
0.44696282231791934
0.4467578814866988
0.44655244702767233
0.44634651974976547
0.4461401004827455
0.4459331900772536
0.44572578940483465
0.4455178993579637
0.445309520850071
0.4451006548155638
0.4448913022098458
0.444681464009333
0.44447114121146863
0.4442603348347338
0.44404904591865624
0.4438372755238159
0.44362502473184845
0.443412294645445
0.4431990863883502
0.4429854011053564
0.4427712399622954
0.44255660414602777
0.4423414948644287
0.4421259133463712
0.44190986084170647
0.44169333862124116
0.44147634797671154
0.4412588902207554
0.44104096668688003
0.4408225787294281
0.4406037277235396
0.4403844150651119
0.44016464217075574
0.4399444104777483
0.4397237214439845
0.439502576547923
0.43928097728853177
0.4390589251852275
0.4388364217778153
0.43861346862642225
0.43839006731143004
0.43816621943340317
0.4379419266130145
0.4377171904909682
0.43749201272791843
0.43726639500438574
0.4370403390206699
0.4368138464967605
0.4365869191722428
0.4363595588062012
0.4361317671771212
0.4359035460827849
0.43567489734016646
0.4354458227853224
0.43521632427327966
0.43498640367792074
0.4347560628918649
0.43452530382634685
0.43429412841109205
0.43406253859418953
0.43383053634195995
0.4335981236388231
0.43336530248715976
0.4331320749071723
0.4328984429367414
0.4326644086312794
0.43242997406358213
0.4321951413236753
0.4319599125186604
0.4317242897725558
0.43148827522613553
0.43125187103676527
0.43101507937823513
0.43077790244058883
0.4305403424299519
0.43030240156835475
0.4300640820935542
0.4298253862588512
0.4295863163329076
0.42934687459955717
0.42910706335761684
0.4288668849206926
0.4286263416169842
0.4283854357890875
0.42814416979379216
0.4279025460018782
0.4276605667979098
0.42741823458002615
0.42717555175972916
0.42693252076167
0.4266891440234319
0.4264454239953106
0.42620136314009316
0.425956963932833
0.4257122288606233
0.4254671604223684
0.42522176112855226
0.4249760335010036
0.4247299800726618
0.4244836033873365
0.42423690599946884
0.42398989047388713
0.42374255938556316
0.42349491531936445
0.4232469608698055
0.4229986986407962
0.42275013124538957
0.4225012613055253
0.4222520914517736
0.42200262432307606
0.4217528625664846
0.4215028088368987
0.42125246579680153
0.42100183611599307
0.4207509224713226
0.4204997275464192
0.42024825403141963
0.4199965046226976
0.41974448202258713
0.4194921889391084
0.4192396280856893
0.41898680218088846
0.41873371394811304
0.4184803661153388
0.41822676141482706
0.4179729025828406
0.4177187923593591
0.417464433487792
0.4172098287146913
0.41695498078946436
0.416699892464082
0.4164445664927904
0.41618900563181793
0.41593321263908384
0.41567719027390443
0.41542094129669915
0.4151644684686961
0.41490777455163597
0.41465086230747655
0.4143937344980947
0.4141363938849901
0.41387884322898666
0.41362108528993363
0.41336312282640697
0.4131049585954103
0.4128465953520738
0.41258803584935516
0.41232928283773873
0.4120703390649343
0.41181120727557685
0.4115518902109246
0.41129239060855843
0.4110327112020796
0.41077285472080904
0.4105128238894851
0.41025262142796304
0.4099922500509121
0.409731712467516
0.4094710113811702
0.40921014948918105
0.4089491294824661
0.40868795404525216
0.40842662585477607
0.4081651475809837
0.40790352188623114
0.40764175142498515
0.40737983884352447
0.40711778677964133
0.4068555978623439
0.40659327471155826
0.4063308199378334
0.40606823614204235
0.40580552591508995
0.4055426918376147
0.4052797364796977
0.4050166624005666
0.40475347214830476
0.40449016825955864
0.40422675325924706
0.40396322966027004
0.403699599963221
0.40343586665609704
0.40317203221401243
0.4029080990989108
0.40264406975928096
0.402379946629871
0.402115732131406
0.40185142867030443
0.4015870386383974
0.40132256441264835
0.40105800835487304
0.4007933728114627
0.40052866011310584
0.4002638725745137
0.3999990124941446
0.39973408215393136
0.39946908381900936
0.39920401973744507
0.3989388921399665
0.39867370323969575
0.39840845523188106
0.39814315029363156
0.39787779058365336
0.39761237824198536
0.3973469153897391
0.3970814041288371
0.39681584654175506
0.39655024469126365
0.39628460062017234
0.3960189163510754
0.39575319388609764
0.3954874352066433
0.3952216422731451
0.3949558170248154
0.3946899613793986
0.394424077232925
0.39415816645946605
0.3938922309108911
0.3936262724166256
0.39336029278341095
0.3930942937950651
0.3928282772122459
0.39256224477221474
0.39229619818860173
0.392030139151173
0.39176406932559976
0.3914979903532264
0.3912319038508437
0.3909658114104607
0.3906997145990793
0.3904336149584688
0.3901675140049449
0.3899014132291464
0.38963531409581664
0.3893692180435837
0.38910312648474377
0.38883704080504516
0.3885709623634744
0.38830489249204225
0.3880388324955727
0.38777278365149254
0.3875067472096224
0.387240724391969
0.38697471639251935
0.38670872437703524
0.3864427494828501
0.38617679281866624
0.3859108554643541
0.3856449384707526
0.3853790428594702
0.3851131696226876
0.3848473197229626
0.3845814940930341
0.38431569363562923
0.3840499192232705
0.383784171698085
0.38351845187161315
0.3832527605246219
0.38298709840691425
0.3827214662371442
0.3824558647026304
0.38219029445917185
0.3819247561308641
0.3816592503099168
0.3813937775564721
0.3811283383984241
0.38086293333123944
0.3805975628177789
0.3803322272881188
0.38006692713937534
0.37980166273552846
0.3795364344072465
0.3792712424517126
0.3790060871324507
0.37874096867915463
0.37847588728751475
0.37821084311904796
0.37794583630092793
0.37768086692581526
0.37741593505168913
0.37715104070167915
0.3768861838638994
0.37662136449128
0.3763565825014025
0.37609183777633487
0.37582713016246616
0.3755624594703434
0.37529782547450696
0.37503322791332927
0.3747686664888513
0.37450414086662204
0.3742396506755355
0.3739751955076719
0.3737107749181366
0.3734463884249004
0.3731820355086397
0.3729177156125788
0.3726534281423307
0.3723891724657392
0.37212494791272144
0.3718607537751104
0.37159658930649825
0.3713324537220803
0.37106834619849755
0.37080426587368204
0.3705402118467016
0.37027618317760347
0.3700121788872604
0.36974819795721575
0.36948423932952956
0.36922030190662425
0.36895638455113117
0.36869248608573657
0.3684286052930301
0.36816474091535006
0.3679008916546317
0.3676370561722551
0.36737323308889275
0.3671094209843576
0.3668456183974522
0.36658182382581656
0.36631803572577804
0.3660542525121996
0.36579047255833036
0.3655266941956544
0.3652629157137422
0.36499913536009954
0.36473535134001905
0.3644715618164314
0.3642077649097562
0.3639439586977535
0.36368014121537623
0.3634163104546229
0.3631524643643892
0.3628886008503227
0.362624717774675
0.3623608129561566
0.36209688416979136
0.3618329291467708
0.3615689455743103
0.36130493109550466
0.3610408833091851
0.3607767997697756
0.36051267798715114
0.36024851542649583
0.3599843095081624
0.3597200576075323
0.3594557570548742
0.3591914051352076
0.35892699908816417
0.3586625361078499
0.35839801334271015
0.3581334278953938
0.3578687768226192
0.3576040571350414
0.3573392657971196
0.35707439972698635
0.35680945579631806
0.35654443083020637
0.35627932160703146
0.3560141248583353
0.3557488372686979
0.3554834554756144
0.3552179760693742
0.35495239559294006
0.3546867105418307
0.35442091736400505
0.3541550124597467
0.3538889921815522
0.35362285283401945
0.3533565906737406
0.3530902019091937
0.3528236827006402
0.35255702916002196
0.35229023735086173
0.35202330328816644
0.35175622293833203
0.351488992219052
0.3512216069992271
0.35095406309888105
0.3506863562890744
0.35041848229182554
0.35015043678003344
0.3498822153774023
0.3496138136583721
0.3493452271480497
0.3490764513221464
0.34880748160691627
0.3485383133791005
0.34826894196587455
0.3479993626447991
0.3477295706437763
0.34745956114100784
0.34718932926496066
0.3469188700943344
0.34664817865803405
0.3463772499351484
0.34610607885493216
0.34583466029679377
0.34556298909028726
0.3452910600151104
0.3450188678011078
0.34474640712827964
0.34447367262679646
0.34420065887701695
0.3439273604095166
0.3436537717051178
0.3433798871949285
0.3431057012603872
0.3428312082333124
0.3425564023959616
0.3422812779810942
0.3420058291720444
0.34173005010279706
0.3414539348580752
0.34117747747343175
0.3409006719353493
0.3406235121813493
0.3403459921001067
0.34006810553157374
0.33978984626711184
0.33951120804963153
0.3392321845737405
0.33895276948590103
0.338672956384595
0.3383927388204993
0.33811211029666793
0.3378310642687259
0.3375495941450707
0.3372676932870835
0.33698535500935056
0.3367025725798941
0.33641933922041206
0.33613564810653096
0.33585149236806466
0.3355668650892866
0.33528175930921245
0.33499616802189125
0.3347100841767099
0.33442350067870674
0.3341364103888971
0.33384880612460976
0.3335606806598353
0.3332720267255846
0.33298283701026105
0.3326931041600424
0.33240282077927574
0.33211197943088455
0.3318205726367872
0.33152859287832803
0.33123603259672074
0.3309428841935052
0.33064914003101487
0.3303547924328596
0.3300598336844181
0.32976425603334686
0.3294680516900995
0.3291712128284602
0.3288737315860904
0.328575600065089
0.32827681033256556
0.32797735442122755
0.32767722432998087
0.32737641202454404
0.3270749094380768
0.3267727084718208
0.3264698009957577
0.32616617884927596
0.3258618338418579
0.3255567577537755
0.32525094233680396
0.32494437931494663
0.3246370603851777
0.32432897721819526
0.3240201214591916
0.3237104847286367
0.32340005862307647
0.32308883471594524
0.3227768045583923
0.3224639596801243
0.3221502915902603
0.3218357917782029
0.3215204517145229
0.3212042628518588
0.32088721662583075
0.3205693044559691
0.3202505177466577
0.31993084788809023
0.31961028625724375
0.31928882421886323
0.318966453126464
0.31864316432334566
0.3183189491436215
0.3179937989132632
0.3176677049511575
0.3173406585701797
0.3170126510782793
0.3166836737795805
0.31635371797549694
0.3160227749658602
0.31569083605006165
0.3153578925282106
0.31502393570230225
0.31468895687740306
0.31435294736284786
0.3140158984734506
0.31367780153072994
0.31333864786414634
0.31299842881235457
0.3126571357244674
0.3123147599613337
0.31197129289683045
0.31162672591916496
0.31128105043219323
0.3109342578567491
0.31058633963198606
0.3102372872167335
0.30988709209086324
0.30953574575667
0.3091832397402634
0.3088295655929728
0.3084747148927636
0.30811867924566594
0.3077614502872157
0.3074030196839062
0.3070433791346525
0.3066825203722679
0.3063204351649495
0.30595711531777803
0.30559255267422736
0.3052267391176853
0.3048596665729858
0.30449132700795195
0.30412171243495056
0.3037508149124549
0.3033786265466224
0.3030051394928781
0.30263034595751326
0.3022542381992893
0.30187680853105625
0.30149804932137964
0.3011179529961758
0.3007365120403591
0.30035371899949953
0.2999695664814868
0.29958404715820686
0.2991971537672265
0.2988088791134877
0.2984192160710105
0.29802815758460627
0.2976356966715975
0.29724182642354907
0.2968465400080062
0.29644983067024216
0.2960516917350137
0.295652116608324
0.2952510987791961
0.29484863182145127
0.2944447093954977
0.2940393252501248
0.2936324732243071
0.2932241472490135
0.29281434134902445
0.29240304964475644
0.2919902663540932
0.291575985794222
0.2911602023834794
0.2907429106431995
0.2903241051995711
0.28990378078549917
0.2894819322424721
0.2890585545224339
0.2886336426896627
0.288207191922652
0.2877791975159977
0.2873496548822895
0.28691855955400525
0.28648590718540995
0.2860516935544564
0.285615914564691
0.2851785662471604
0.28473964476232067
0.2842991464019493
0.283857067591057
0.2834134048898026
0.28296815499540684
0.2825213147440664
0.2820728811128697
0.2816228512217097
0.2811712223351961
0.2807179918645665
0.28026315736959484
0.2798067165604972
0.2793486672998336
0.2788890076044078
0.2784277356471595
0.27796484975905444
0.2775003484309678
0.2770342303155591
0.27656649422914437
0.27609713915355605
0.27562616423799713
0.2751535688008854
0.27467935233168767
0.2742035144927431
0.2737260551210756
0.27324697423019295
0.272766272011874
0.27228394883794027
0.27180000526201453
0.27131444202126176
0.27082726003811575
0.2703384604219845
0.2698480444709413
0.26935601367339324
0.2688623697097302
0.268367114453953
0.2678702499752776
0.2673717785397175
0.26687170261163945
0.2663700248552963
0.2658667481363299
0.2653618755232486
0.2648554102888754
0.2643473559117645
0.26383771607758877
0.263326494680494
0.26281369582441866
0.2622993238243808
0.26178338320772876
0.2612658787153531
0.2607468153028628
0.2602261981417207
0.2597040326203387
0.2591803243451307
0.2586550791415247
0.258128303054927
0.2576000023516441
0.25707018351975774
0.2565388532699506
0.2560060185362839
0.2554716864769257
0.25493586447482663
0.25439856013834294
0.25385978130180753
0.2533195360260443
0.25277783259882713
0.2522346795352832
0.25169008557823525
0.2511440596984862
0.2505966110950442
0.2500477491952836
0.24949748365504654
0.24894582435867765
0.24839278141899718
0.24783836517720642
0.24728258620272786
0.24672545529297735
0.2461669834730677
0.24560718199544457
0.24504606233945
0.24448363621081753
0.24391991554109352
0.24335491248698776
0.24278863942965068
0.2422211089738766
0.241652333947233
0.24108232739911403
0.24051110259972064
0.23993867303896307
0.23936505242528738
0.2387902546844259
0.23821429395807014
0.23763718460246655
0.23705894118693424
0.23647957849230547
0.2358991115092886
0.23531755543675184
0.23473492567992882
0.2341512378485477
0.2335665077548813
0.2329807514117186
0.23239398503025963
0.23180622501793274
0.23121748797613334
0.23062779069788825
0.23003715016544077
0.2294455835477616
0.22885310819798427
0.22825974165076374
0.22766550161956306
0.22707040599386555
0.22647447283631256
0.22587772037977275
0.2252801670243351
0.22468183133423694
0.22408273203471873
0.22348288800881277
0.22288231829406296
0.22228104207918056
0.22167907870063275
0.22107644763916995
0.22047316851628868
0.21986926109063507
0.21926474525434728
0.21865964102934224
0.21805396856354176
0.21744774812704895
0.2168410001082659
0.21623374500996356
0.21562600344529886
0.2150177961337857
0.21440914389721655
0.213800067655543
0.21319058842270933
0.21258072730244837
0.2119705054840366
0.21135994423801205
0.21074906491185819
0.21013788892565344
0.2095264377676908
0.20891473299006705
0.2083027962042468
0.20769064907660065
0.2070783133239207
0.206465810708917
0.20585316303569376
0.20524039214521117
0.20462751991073247
0.20401456823326042
0.2034015590369629
0.20278851426459343
0.20217545587290464
0.201562405828061
0.20094938610105
0.2003364186630955
0.19972352548107636
0.1991107285129493
0.19849804970318252
0.19788551097819812
0.19727313424183018
0.1966609413707954
0.19604895421018295
0.19543719456896294
0.1948256842155181
0.19421444487319714
0.1936034982158965
0.1929928658636681
0.19238256937835832
0.19177263025927985
0.19116306993891546
0.19055390977866035
0.1899451710646007
0.18933687500333315
0.18872904271782642
0.18812169524332478
0.18751485352329916
0.1869085384054442
0.18630277063772352
0.1856975708644672
0.18509295962252043
0.18448895733744528
0.18388558431977903
0.18328286076134798
0.18268080673164033
0.18207944217423733
0.181478786903307
0.1808788606001583
0.1802796828098592
0.17968127293791983
0.17908365024704068
0.1784868338539274
0.1778908427261734
0.1772956956792113
0.17670141137333417
0.1761080083107864
0.1755155048329266
0.17492391911746225
0.17433326917575634
0.17374357285020886
0.17315484781171095
0.17256711155717303
0.17198038140712973
0.171394674503418
0.17081000780693256
0.17022639809545576
0.16964386196156597
0.1690624158106198
0.168482075858813
0.16790285813131686
0.16732477846049232
0.16674785248417964
0.1661720956440666
0.16559752318413176
0.16502415014916466
0.16445199138336355
0.16388106152900717
0.16331137502520404
0.1627429461067167
0.1621757888028611
0.1616099169364805
0.16104534412299434
0.1604820837695201
0.15992014907406937
0.1593595530248158
0.15880030839943565
0.1582424277645202
0.15768592347505775
0.1571308076739877
0.15657709229182176
0.15602478904633565
0.15547390944232736
0.15492446477144398
0.15437646611207234
0.15382992432929743
0.1532848500749231
0.15274125378755796
0.15219914569276202
0.15165853580325678
0.15111943391919444
0.1505818496284862
0.1500457923071911
0.14951127111996046
0.14897829502053925
0.14844687275232296
0.14791701284896827
0.1473887236350572
0.14686201322681297
0.14633688953286694
0.14581336025507524
0.14529143288938334
0.14477111472673937
0.14425241285405246
0.1437353341551965
0.1432198853120587
0.1427060728056293
0.1421939029171351
0.1416833817292104
0.14117451512711104
0.1406673087999626
0.14016176824204885
0.1396578987541336
0.13915570544481823
0.13865519323193312
0.1381563668439601
0.13765923082148646
0.13716378951869018
0.13667004710485225
0.13617800756589774
0.13568767470596313
0.13519905214899003
0.13471214334034085
0.13422695154844136
0.13374347986644264
0.1332617312139052
0.13278170833850314
0.13230341381774768
0.13182685006072803
0.13135201930986984
0.1308789236427098
0.13040756497368397
0.12993794505593212
0.1294700654831133
0.12900392769123428
0.12853953296049014
0.12807688241711257
0.1276159770352304
0.12715681763873649
0.12669940490316345
0.12624373935756528
0.12578982138640504
0.12533765123144827
0.12488722899365974
0.12443855463510411
0.12399162798084996
0.12354644872087334
0.1231030164119658
0.12266133047964069
0.12222139022003942
0.12178319480183766
0.12134674326814945
0.12091203453842814
0.12047906741036672
0.12004784056179166
0.11961835255255546
0.1191906018264226
0.1187645867129503
0.11834030542936484
0.1179177560824299
0.1174969366703088
0.11707784508441951
0.1166604791112803
0.11624483643434952
0.11583091463585407
0.11541871119861044
0.11500822350783421
0.11459944885294127
0.11419238442933725
0.11378702734019666
0.11338337459823078
0.11298142312744297
0.11258116976487345
0.11218261126233064
0.111785744288111
0.1113905654287044
0.11099707119048763
0.11060525800140455
0.11021512221263113
0.10982666010022804
0.10943986786677815
0.10905474164301002
0.10867127748940693
0.10828947139780033
0.10790931929294936
0.10753081703410441
0.10715396041655553
0.10677874517316527
0.10640516697588681
0.10603322143726518
0.10566290411192292
0.10529421049802999
0.10492713603875796
0.10456167612371706
0.10419782609037798
0.10383558122547665
0.10347493676640335
0.10311588790257477
0.10275842977678935
0.10240255748656785
0.10204826608547471
0.10169555058442543
0.1013444059529757
0.10099482712059463
0.10064680897792108
0.1003003463780042
0.09995543413752601
0.09961206703800937
0.09927023982700724
0.09892994721927739
0.09859118389793967
0.09825394451561749
0.09791822369556132
0.09758401603275885
0.09725131609502626
0.09692011842408467
0.09659041753661979
0.09626220792532669
0.09593548405993696
0.0956102403882318
0.09528647133703758
0.09496417131320754
0.09464333470458638
0.09432395588096008
0.09400602919499051
0.09368954898313406
0.09337450956654568
0.09306090525196783
0.09274873033260422
0.09243797908897863
0.09212864578977946
0.09182072469268916
0.09151421004519995
0.0912090960854138
0.09090537704282999
0.09060304713911667
0.09030210058887012
0.09000253160035923
0.08970433437625627
0.0894075031143546
0.08911203200827235
0.08881791524814306
0.08852514702129352
0.08823372151290754
0.08794363290667816
0.08765487538544617
0.08736744313182603
0.08708133032881993
0.08679653116041902
0.08651303981219245
0.08623085047186478
0.08594995732988071
0.0856703545799592
0.08539203641963469
0.08511499705078752
0.08483923068016345
0.08456473151988061
0.08429149378792733
0.08401951170864691
0.08374877951321327
0.08347929144009561
0.08321104173551169
0.08294402465387211
0.08267823445821332
0.08241366542062113
0.08215031182264426
0.08188816795569752
0.08162722812145645
0.08136748663224139
0.08110893781139228
0.08085157599363552
0.08059539552543973
0.08034039076536416
0.08008655608439735
0.0798338858662874
0.07958237450786382
0.07933201641935075
0.07908280602467181
0.07883473776174674
0.07858780608278053
0.07834200545454373
0.07809733035864583
0.07785377529180004
0.07761133476608165
0.07737000330917788
0.07712977546463125
0.07689064579207494
0.07665260886746213
0.07641565928328722
0.07617979164880119
0.07594500059021979
0.07571128075092487
0.07547862679166033
0.0752470333907197
0.07501649524412977
0.07478700706582628
0.07455856358782458
0.07433115956038366
0.07410478975216496
0.0738794489503849
0.07365513196096267
0.07343183360866085
0.07320954873722244
0.07298827220950158
0.07276799890758896
0.07254872373293281
0.0723304416064538
0.07211314746865628
0.07189683627973342
0.07168150301966886
0.07146714268833246
0.07125375030557203
0.07104132091130126
0.070829849565582
0.07061933134870292
0.0704097613612541
0.07020113472419715
0.06999344657893138
0.06978669208735623
0.06958086643192901
0.06937596481572011
0.06917198246246345
0.0689689146166034
0.0687667565433389
0.06856550352866281
0.06836515087939939
0.06816569392323661
0.06796712800875697
0.06776944850546374
0.06757265080380488
0.06737673031519346
0.06718168247202502
0.06698750272769292
0.0667941865565992
0.06660172945416384
0.06641012693683135
0.06621937454207334
0.06602946782839049
0.06584040237531003
0.06565217378338194
0.06546477767417207
0.06527820969025334
0.0650924654951944
0.06490754077354588
0.0647234312308242
0.06454013259349443
0.06435764060894938
0.06417595104548751
0.06399505969228908
0.0638149623593898
0.06363565487765258
0.0634571330987378
0.06327939289507147
0.06310243015981179
0.06292624080681386
0.06275082077059249
0.06257616600628427
0.062402272489606614
0.062229136216816805
0.062056753204668295
0.061885119490366326
0.06171423113152184
0.06154408420610351
0.06137467481238984
0.06120599906891824
0.06103805311443393
0.06087083310783735
0.06070433522813051
0.060538555674361574
0.06037349066556925
0.06020913644072524
0.06004548925867603
0.05988254539808403
0.059720301157366706
0.0595587528546358
0.05939789682763526
0.05923772943367743
0.05907824704958026
0.05891944607160168
0.05876132291537434
0.0586038740158394
0.058447095827179094
0.058290984822749276
0.05813553749501072
0.05798075035545966
0.0578266199345584
0.05767314278166462
0.05752031546496016
0.05736813457137972
0.05721659670653795
0.05706569849465769
0.056915436578496
0.056765807619270595
0.056616808296585774
0.05646843530835756
0.05632068537073889
0.056173555218044034
0.05602704160267257
0.05588114129503341
0.055735851083468305
0.0555911677741745
0.055447088191128244
0.05530360917600656
0.055160727588110095
0.055018440304284544
0.05487674421884313
0.05473563624348732
0.05459511330722874
0.05445517235631005
0.05431581035412579
0.05417702428114349
0.05403881113482412
0.05390116792954237
0.05376409169650733
0.053627579483682734
0.05349162835570717
0.053356235393813956
0.053221397695751224
0.053087112375702246
0.05295337656420499
0.05282018740807207
0.052687542070310844
0.052555437730042856
0.05242387158242435
0.05229284083856551
0.05216234272545063
0.05203237448585832
0.05190293337828085
0.05177401667684479
0.05164562167123067
0.05151774566659341
0.0513903859834825
0.0512635399577621
0.05113720494053178
0.05101137829804667
0.05088605741163853
0.05076123967763612
0.050636922507286256
0.050513103326674705
0.05038977957664742
0.05026694871273192
0.050144608205058366
0.05002275553828177
0.049901388211503014
