0.49821891475885494
0.5397163505428464
0.5199176919951702
0.5297842923982014
0.5331906200951494
0.5218849776090673
0.5152239619152715
0.5173016095274195
0.5179635923626943
0.5167992037871604
0.5175196585498262
0.5183383943738699
0.5173282054150116
0.5160075710956386
0.5157083012375578
0.5158992955402509
0.5160739626687378
0.5163058225271804
0.5164654419363168
0.5163413583550504
0.5160662531254044
0.5158897927678006
0.5158648265458963
0.5159190671297189
0.5159904700118991
0.5160280241084265
0.5159980921725839
0.5159194611917739
0.5158427482705068
0.5157993213855925
0.5157870615080946
0.5157872843340868
0.515780316104091
0.5157548297548831
0.5157128862354339
0.5156658843087351
0.5156243308314066
0.5155913184415711
0.5155632541962603
0.5155341559760542
0.5154997124120624
0.5154593115537246
0.5154154083149814
0.5153711287113854
0.5153281312332414
0.5152860519187651
0.5152433396981861
0.5151985161277606
0.5151510151047868
0.5151012447889811
0.5150500458003071
0.5149980440161598
0.514945327428473
0.5148915441164128
0.5148362314652153
0.5147791116823759
0.5147201898442054
0.5146596539827777
0.5145976947149915
0.5145343766805877
0.5144696235171287
0.5144032910644227
0.5143352586196102
0.5142654786158871
0.5141939675123388
0.5141207607286629
0.5140458692059998
0.5139692630492082
0.513890883897358
0.5138106700362803
0.5137285754778613
0.5136445734298336
0.5135586467207203
0.5134707747543662
0.5133809257881345
0.5132890575318815
0.513195123211809
0.5130990778433508
0.5130008809023802
0.5129004948638529
0.512797881694788
0.5126929999842873
0.5125858042143236
0.5124762459526161
0.5123642756708592
0.5122498439066535
0.5121329012600835
0.5120133975606622
0.5118912809335993
0.5117664973369359
0.5116389906908029
0.5115087033319916
0.5113755764132516
0.51123955001298
0.511100562962809
0.5109585525658492
0.5108134543917133
0.5106652022332435
0.5105137281883773
0.5103589627669594
0.5102008349371047
0.5100392720867495
0.5098741999333014
0.509705542434943
0.509533221739802
0.5093571581754746
0.5091772702561702
0.5089934746804496
0.5088056863054815
0.5086138181011137
0.5084177810972367
0.5082174843369719
0.5080128348400424
0.5078037375722408
0.5075900954132905
0.5073718091173147
0.5071487772647799
0.5069208962085964
0.5066880600180181
0.5064501604223461
0.5062070867539468
0.5059587258884666
0.5057049621800669
0.5054456773905682
0.5051807506126176
0.5049100581875916
0.5046334736187318
0.5043508674793562
0.504062107315392
0.5037670575412673
0.5034655793283873
0.5031575304857564
0.5028427653325473
0.5025211345624379
0.502192485099371
0.5018566599442049
0.5015134980115967
0.5011628339564691
0.5008044979894815
0.5004383156810053
0.5000641077531209
0.4996816898591147
0.49929087234989844
0.49889146002671586
0.4984832518794888
0.4980660408101719
0.49763961334050477
0.4972037493035758
0.4967582215186186
0.49630279544846523
0.49583722883909287
0.4953612713407369
0.49487466411009046
0.4943771393931915
0.49386842008869014
0.4933482192912952
0.4928162398153375
0.49227217369854304
0.4917157016863056
0.49114649269698823
0.49056420326905925
0.48996847699120794
0.48935894391695595
0.4887352199657305
0.48809690631286434
0.487443588771557
0.4867748371704865
0.48609020473148157
0.48538922745248125
0.48467142350190506
0.4839362926315467
0.48318331561618644
0.48241195372929196
0.4816216482654414
0.48081182012146184
0.4799818694497108
0.4791311753984419
0.4782590959557725
0.4773649679153825
0.47644810698372286
0.47550780805014514
0.4745433456429681
0.4735539745960198
0.4725389309515897
0.47149743312694437
0.4704286833725214
0.4693318695505653
0.46820616726319697
0.46705074235864585
0.46586475384350023
0.4646473572272489
0.46339770832297555
0.46211496752472125
0.46079830457761717
0.4594469038513342
0.45805997012056765
0.45663673484814227
0.45517646295679914
0.45367846006484713
0.45214208014862955
0.4505667335812989
0.44895189548285497
0.44729711430101665
0.4456020205266126
0.44386633543114046
0.4420898796985036
0.44027258180819373
0.4384144860140189
0.4365157597515393
0.4345767002993681
0.4325977405151428
0.4305794534668963
0.4285225557853657
0.42642790957286647
0.4242965227200353
0.4221295475030221
0.4199282773604141
0.4176941417807993
0.41542869926769377
0.41313362838751916
0.4108107169471662
0.4084618493889479
0.40608899253083974
0.4036941798171975
0.401279494278009
0.3988470504217294
0.39639897530659735
0.3939373890470575
0.3914643850149029
0.3889820099887381
0.38649224449047215
0.3839969835242787
0.3814980179026063
0.37899701630648497
0.3764955081847861
0.37399486755066425
0.3714962976845167
0.36900081670283086
0.36650924390250317
0.3640221867417466
0.36154002827252857
0.3590629147964315
0.3565907434765985
0.35412314960369373
0.3516594931842201
0.34919884449596095
0.3467399682388011
0.3442813059013635
0.34182095596697865
0.3393566515996612
0.3368857354863972
0.3344051315720279
0.3319113135152031
0.3294002698282467
0.3268674658529337
0.32430780298335293
0.32171557589398114
0.3190844289855552
0.31640731384340787
0.313676450230601
0.31088329402274323
0.30801851653088785
0.30507200082877356
0.30203286194146645
0.29888949895559347
0.2956296881045295
0.29224072641819265
0.28870963528440446
0.28502343186779266
0.28116947338394843
0.2771358744163561
0.2729119906730415
0.2684889540314334
0.26386023410955045
0.259022192162126
0.25397458552947727
0.24872097707053945
0.24326900566474996
0.23763048188198774
0.23182128698466903
0.22586107182509824
0.21977277204953366
0.2135819739160255
0.20731617793486054
0.20100401356577505
0.19467445705566572
0.18835609737332193
0.182076484272965
0.17586158024310022
0.1697353265518127
0.16371932412796564
0.15783262316275584
0.15209161098464263
0.14650998548774907
0.14109880059281593
0.13586657035463517
0.13081941899759528
0.1259612651035804
0.12129402925364206
0.11681785557319779
0.11253133882584364
0.10843174993121385
0.10451525403218073
0.10077711648121186
0.0972118933215198
0.09381360396855658
0.09057588481623542
0.08749212337201831
0.08455557324829113
0.08175945089854468
0.0790970153910498
0.07656163277393754
0.07414682672374434
0.07184631720742082
0.06965404884881624
0.06756421059658166
0.06557124816042488
0.06366987053253247
0.06185505175315727
0.060122028922995396
0.058466297316394356
0.05688360331262891
0.055369935739607766
0.05392151611625608
0.052534788186270664
0.0512064070562035
0.04993322818370927
