2.057700964555184
2.139297357286563
2.135635463183853
2.1173054884350657
2.100816064990995
2.086018256823432
2.0722788529404266
2.0592853098761355
2.046890103088201
2.0350165515674306
2.0236199272824273
2.0126710443538247
2.002148673660399
1.9920357238520694
1.9823171846183398
1.9729789506422017
1.9640071061401354
1.955387461132984
1.9471052338356314
1.9391448253460815
1.9314896588360795
1.9241220683600173
1.9170232286745472
1.9101731204232668
1.9035505263852295
1.8971330550648473
1.8908971881342567
1.884818348330476
1.8788709844556135
1.8730286701758654
1.8672642133881743
1.8615497730369774
1.8558569804283298
1.850157062314289
1.8444209633146529
1.8386194656122743
1.8327233043052598
1.8267032773236132
1.8205303494128182
1.8141757503397682
1.8076110681670272
1.8008083391419443
1.793740136422153
1.786379660466658
1.7787008344150688
1.7706784081073752
1.7622880745141793
1.7535066022083479
1.7443119870779462
1.7346836257343745
1.7246025120032888
1.7140514565146865
1.7030153277719142
1.691481311242654
1.679439181069459
1.6668815770584362
1.6538042778070152
1.6402064593222232
1.6260909274081563
1.611464311602837
1.5963372086320382
1.5807242642916361
1.5646441843870287
1.548119667800286
1.5311772578073044
1.5138471112485699
1.496162688836947
1.4781603735015891
1.4598790269511022
1.4413594973476906
1.4226440929242408
1.4037760374275368
1.384798923396292
1.365756178530706
1.3466905589032812
1.327643680676146
1.3086555995356348
1.28976444444163
1.2710061097093477
1.2524140070503755
1.2340188771078
1.2158486582895027
1.1979284093538294
1.180280281218946
1.1629235328146499
1.1458745854246901
1.1291471098270993
1.1127521405810412
1.0966982119892623
1.0809915105509122
1.0656360390830673
1.0506337881090562
1.035984910570006
1.0216878963978782
1.0077397439800468
0.9941361260348243
0.9808715478928329
0.9679394966305922
0.9553325799216392
0.9430426538502072
0.931060939268413
0.919378126567617
0.9079844689777021
0.8968698647058979
0.8860239283822098
0.8754360523955287
0.8650954587876848
0.8549912424271076
0.845112406214508
0.8354478890850651
0.8259865875696687
0.8167173716660919
0.8076290957532966
0.7987106052617146
0.7899507397920025
0.7813383333567573
0.7728622124057285
0.7645111922866401
0.7562740727916543
0.7481396334443778
0.7400966291941947
0.732133787203261
0.7242398054358758
0.7164033537887742
0.7086130785321867
0.7008576108625628
0.6931255803952154
0.6854056344445522
0.6776864639457202
0.6699568368584755
0.6622056398548839
0.6544219290195723
0.6465949901767223
0.638714409293938
0.6307701531922666
0.6227526605081711
0.6146529425036966
0.6064626929054617
0.5981744054760626
0.5897814974935142
0.5812784367526385
0.5726608691314036
0.5639257432170609
0.5550714280000356
0.5460978192612989
0.5370064300468831
0.5278004605851204
0.5184848431955661
0.5090662581896866
0.49955311748223014
0.4899555136087435
0.4802851330461932
0.4705551341047631
0.4607799911238669
0.4509753081735367
0.44115760683537464
0.4313440938186645
0.42155241507183144
0.41180040361225134
0.4021058284805545
0.3924861520217835
0.3829583021290729
0.37353846520753076
0.36424190449988336
0.3550828071477667
0.34607416203395536
0.337227669147759
0.3285536800131099
0.32006116767479387
0.3117577238918128
0.3036495805575572
0.2957416519558737
0.2880375942570293
0.28053987863383945
0.2732498745047437
0.2661679396531025
0.25929351429633385
0.2526252165529105
0.24616093715217258
0.23989793162868114
0.23383290862210898
0.22796211325306284
0.22228140485694306
0.21678632862791117
0.2114721809522735
0.20633406839634433
0.20136696046098634
0.1965657363273543
0.19192522590027486
0.18744024551163857
0.1831056286805792
0.17891625234415134
0.17486705897535607
0.17095307499796228
0.16716942589240225
0.16351134836634215
0.15997419993929585
0.15655346626433606
0.1532447664827389
0.15004385688022254
0.14694663308690237
0.1439491310377287
0.14104752688626876
0.13823813604244828
0.1355174114843858
0.13288194147576313
0.13032844680322866
0.1278537776331042
0.12545491007303042
0.12312894251206022
0.1208730918019779
0.11868468933315528
0.11656117704994934
0.11450010344338832
0.11249911955255633
0.11055597500060847
0.10866851408658842
0.10683467195013167
0.10505247082263333
0.10332001637543678
0.1016354941730598
0.09999716623728844
0.09840336772614709
0.09685250373020605
0.09534304618740944
0.093873530916537
0.09244255476853824
0.09104877289426257
0.08969089612653497
0.08836768847406674
0.08707796472433892
0.0858205881523208
0.08459446833169369
0.08339855904510421
0.08223185628989274
0.08109339637569318
0.0799822541102916
0.0788975410701536
0.0778384039520671
0.0768040230024134
0.07579361052065477
0.07480640943371286
0.07384169193801061
0.07289875820605247
0.07197693515452672
0.07107557527102094
0.07019405549655862
0.06933177616127247
0.06848815997064372
0.06766265103984832
0.06685471397385465
0.06606383299103047
0.06528951108811325
0.06453126924450243
0.06378864566392782
0.06306119505164035
0.062348487925365036
0.06165010995833778
0.06096566135283555
0.060294756242683586
0.05963702212330412
0.058992099307940936
0.05835964040876219
0.05773930984161371
0.05713078335325364
0.056533747569960935
0.055947899566468284
0.055372946454218766
0.05480860498800623
0.054254601190096424
0.05371066999098079
0.0531765548859561
0.05265200760676361
0.052136787807559246
0.051630662764529656
0.05113340708849737
0.05064480244989633
0.050164637315527644
0.04969270669653935
