0.5190790587332005
0.5655755598369108
0.5535554737680366
0.5442294911276222
0.5372565437106328
0.5321724684918269
0.52853603650488
0.5259713852062249
0.5241804678810971
0.5229381102111208
0.5220797373039079
0.5214877728678624
0.5210795214947486
0.5207974411484336
0.5206017842503444
0.5204652304946099
0.5203690632171882
0.5203004872059123
0.5202507665328036
0.5202139406605761
0.5201859433936421
0.5201640001836998
0.5201462167160712
0.5201312984526394
0.5201183596062361
0.5201067930856901
0.5200961819623985
0.5200862391941794
0.5200767665724932
0.5200676267457771
0.5200587241382287
0.5200499919217214
0.5200413831086323
0.5200328644519799
0.5200244122596465
0.5200160095150784
0.5200076438909454
0.5199993063741266
0.5199909903100585
0.519982690735444
0.5199744039098155
0.5199661269846902
0.5199578577683022
0.5199495945570414
0.5199413360136822
0.5199330810786454
0.5199248289047255
0.5199165788086199
0.519908330234584
0.5199000827269182
0.5198918359089391
0.5198835894667673
0.51987534313672
0.5198670966954313
0.5198588499520539
0.5198506027420667
0.5198423549223281
0.5198341063671061
0.5198258569648773
0.5198176066157385
0.5198093552293059
0.519801102723005
0.5197928490206766
0.519784594051439
0.5197763377487546
0.5197680800496672
0.519759820894176
0.5197515602247208
0.5197432979857606
0.5197350341234247
0.5197267685852294
0.5197185013198415
0.5197102322768852
0.5197019614067828
0.519693688660624
0.5196854139900571
0.5196771373472001
0.5196688586845675
0.5196605779550096
0.5196522951116627
0.5196440101079073
0.519635722897335
0.5196274334337195
0.5196191416709937
0.5196108475632306
0.5196025510646275
0.5195942521294925
0.5195859507122336
0.5195776467673502
0.5195693402494242
0.5195610311131158
0.5195527193131559
0.519544404804344
0.5195360875415422
0.5195277674796741
0.5195194445737209
0.5195111187787195
0.5195027900497606
0.5194944583419869
0.5194861236105927
0.5194777858108203
0.5194694448979613
0.519461100827354
0.5194527535543838
0.5194444030344811
0.5194360492231217
0.519427692075825
0.5194193315481545
0.5194109675957164
0.5194026001741593
0.5193942292391737
0.5193858547464913
0.519377476651885
0.519369094911168
0.5193607094801928
0.5193523203148518
0.5193439273710765
0.5193355306048367
0.5193271299721403
0.5193187254290326
0.5193103169315965
0.5193019044359517
0.5192934878982538
0.5192850672746946
0.5192766425215012
0.5192682135949367
0.5192597804512973
0.5192513430469146
0.5192429013381535
0.5192344552814128
0.5192260048331238
0.5192175499497502
0.5192090905877889
0.5192006267037671
0.5191921582542446
0.5191836851958112
0.5191752074850876
0.5191667250787247
0.5191582379334027
0.5191497460058314
0.5191412492527493
0.5191327476309233
0.5191242410971482
0.5191157296082467
0.5191072131210683
0.51909869159249
0.5190901649794144
0.5190816332387702
0.5190730963275119
0.5190645542026191
0.5190560068210959
0.519047454139971
0.5190388961162966
0.5190303327071488
0.5190217638696264
0.5190131895608512
0.5190046097379671
0.5189960243581397
0.5189874333785565
0.5189788367564251
0.5189702344489746
0.5189616264134542
0.5189530126071324
0.5189443929872974
0.518935767511256
0.5189271361363343
0.518918498819876
0.5189098555192423
0.5189012061918122
0.5188925507949816
0.5188838892861625
0.5188752216227832
0.5188665477622879
0.5188578676621356
0.5188491812798006
0.5188404885727713
0.5188317894985502
0.5188230840146537
0.5188143720786114
0.5188056536479648
0.5187969286802689
0.5187881971330905
0.5187794589640071
0.5187707141306087
0.5187619625904949
0.5187532043012759
0.5187444392205722
0.5187356673060136
0.5187268885152388
0.5187181028058958
0.5187093101356397
0.5187005104621347
0.5186917037430518
0.5186828899360695
0.5186740689988719
0.5186652408891508
0.5186564055646025
0.5186475629829295
0.5186387131018388
0.5186298558790424
0.5186209912722561
0.5186121192391997
0.5186032397375959
0.518594352725171
0.5185854581596532
0.518576555998773
0.5185676462002625
0.5185587287218556
0.5185498035212862
0.5185408705562893
0.5185319297845995
0.5185229811639516
0.5185140246520785
0.5185050602067134
0.5184960877855864
0.5184871073464267
0.5184781188469602
0.5184691222449106
0.5184601174979977
0.5184511045639384
0.5184420834004444
0.518433053965224
0.5184240162159799
0.5184149701104095
0.5184059156062044
0.5183968526610505
0.5183877812326262
0.5183787012786037
0.5183696127566475
0.5183605156244141
0.5183514098395521
0.5183422953597008
0.5183331721424908
0.5183240401455433
0.5183148993264695
0.5183057496428698
0.5182965910523346
0.5182874235124423
0.5182782469807603
0.518269061414844
0.5182598667722356
0.5182506630104653
0.5182414500870497
0.5182322279594918
0.5182229965852801
0.518213755921889
0.5182045059267777
0.5181952465573904
0.5181859777711549
0.5181766995254833
0.5181674117777708
0.5181581144853957
0.5181488076057189
0.518139491096083
0.5181301649138127
0.5181208290162136
0.5181114833605727
0.5181021279041569
0.5180927626042129
0.5180833874179682
0.5180740023026278
0.5180646072153767
0.5180552021133775
0.5180457869537709
0.5180363616936753
0.518026926290186
0.5180174807003743
0.5180080248812887
0.5179985587899528
0.5179890823833657
0.5179795956185016
0.517970098452309
0.5179605908417102
0.5179510727436019
0.5179415441148532
0.5179320049123063
0.5179224550927761
0.5179128946130489
0.5179033234298827
0.5178937415000067
0.5178841487801207
0.5178745452268949
0.5178649307969685
0.5178553054469512
0.5178456691334208
0.5178360218129241
0.5178263634419756
0.5178166939770577
0.5178070133746199
0.5177973215910787
0.5177876185828166
0.5177779043061823
0.5177681787174903
0.5177584417730192
0.5177486934290132
0.5177389336416802
0.5177291623671925
0.5177193795616843
0.5177095851812548
0.5176997791819637
0.5176899615198342
0.5176801321508498
0.5176702910309567
0.5176604381160604
0.5176505733620277
0.5176406967246845
0.517630808159817
0.5176209076231694
0.5176109950704455
0.5176010704573069
0.5175911337393717
0.5175811848722175
0.517571223811377
0.5175612505123396
0.5175512649305509
0.5175412670214123
0.5175312567402798
0.517521234042464
0.5175111988832299
0.517501151217796
0.5174910910013347
0.5174810181889711
0.5174709327357816
0.5174608345967964
0.5174507237269961
0.5174406000813124
0.5174304636146285
0.5174203142817771
0.5174101520375408
0.5173999768366516
0.5173897886337908
0.5173795873835874
0.5173693730406189
0.5173591455594104
0.5173489048944342
0.5173386510001088
0.5173283838307996
0.5173181033408172
0.5173078094844177
0.5172975022158028
0.5172871814891177
0.5172768472584519
0.5172664994778389
0.5172561381012548
0.5172457630826186
0.5172353743757916
0.5172249719345767
0.5172145557127181
0.5172041256639014
0.517193681741752
0.5171832238998354
0.5171727520916571
0.517162266270661
0.5171517663902303
0.517141252403686
0.5171307242642867
0.5171201819252289
0.5171096253396453
0.5170990544606052
0.517088469241114
0.5170778696341121
0.5170672555924758
0.5170566270690152
0.5170459840164744
0.5170353263875319
0.5170246541347989
0.5170139672108196
0.5170032655680704
0.5169925491589593
0.5169818179358262
0.5169710718509414
0.516960310856506
0.5169495349046511
0.5169387439474373
0.5169279379368545
0.5169171168248208
0.516906280563183
0.5168954291037153
0.5168845623981194
0.5168736803980236
0.5168627830549828
0.5168518703204774
0.5168409421459137
0.5168299984826226
0.51681903928186
0.5168080644948054
0.516797074072562
0.5167860679661563
0.5167750461265371
0.5167640085045762
0.516752955051066
0.516741885716721
0.5167308004521767
0.5167196992079881
0.5167085819346308
0.5166974485824993
0.5166862991019079
0.5166751334430884
0.516663951556191
0.5166527533912844
0.5166415388983526
0.5166303080272976
0.5166190607279373
0.5166077969500047
0.516596516643149
0.5165852197569336
0.5165739062408361
0.516562576044248
0.5165512291164744
0.5165398654067332
0.5165284848641548
0.5165170874377811
0.516505673076566
0.5164942417293741
0.5164827933449809
0.5164713278720714
0.5164598452592406
0.5164483454549926
0.5164368284077401
0.5164252940658042
0.5164137423774131
0.5164021732907028
0.5163905867537162
0.5163789827144016
0.516367361120614
0.5163557219201135
0.5163440650605647
0.5163323904895372
0.5163206981545041
0.5163089880028416
0.51629725998183
0.516285514038651
0.5162737501203885
0.5162619681740284
0.5162501681464573
0.5162383499844622
0.5162265136347308
0.5162146590438497
0.5162027861583052
0.5161908949244818
0.5161789852886627
0.5161670571970283
0.5161551105956564
0.516143145430522
0.5161311616474953
0.5161191591923433
0.5161071380107276
0.5160950980482052
0.5160830392502271
0.5160709615621379
0.5160588649291763
0.516046749296473
0.5160346146090516
0.5160224608118277
0.5160102878496077
0.51599809566709
0.5159858842088625
0.5159736534194035
0.5159614032430806
0.515949133624151
0.5159368445067593
0.5159245358349391
0.515912207552611
0.515899859603583
0.5158874919315496
0.515875104480091
0.5158626971926735
0.5158502700126483
0.5158378228832511
0.5158253557476018
0.515812868548704
0.5158003612294444
0.5157878337325924
0.5157752860007994
0.5157627179765985
0.5157501296024042
0.5157375208205115
0.5157248915730956
0.5157122418022114
0.5156995714497933
0.515686880457654
0.5156741687674844
0.5156614363208536
0.5156486830592076
0.5156359089238693
0.5156231138560375
0.5156102977967872
0.5155974606870686
0.5155846024677061
0.5155717230793992
0.5155588224627206
0.5155459005581162
0.5155329573059053
0.5155199926462793
0.5155070065193007
0.5154939988649037
0.5154809696228936
0.5154679187329458
0.5154548461346055
0.5154417517672867
0.5154286355702731
0.5154154974827159
0.5154023374436343
0.5153891553919154
0.515375951266312
0.515362725005444
0.515349476547797
0.5153362058317215
0.5153229127954332
0.5153095973770114
0.5152962595144006
0.5152828991454068
0.5152695162077002
0.5152561106388123
0.5152426823761369
0.5152292313569291
0.5152157575183043
0.5152022607972385
0.5151887411305676
0.5151751984549862
0.5151616327070478
0.5151480438231648
0.5151344317396067
0.5151207963924999
0.515107137717828
0.5150934556514309
0.5150797501290041
0.5150660210860979
0.5150522684581178
0.5150384921803229
0.5150246921878264
0.5150108684155947
0.5149970207984467
0.5149831492710528
0.5149692537679363
0.5149553342234705
0.5149413905718796
0.5149274227472384
0.5149134306834704
0.5148994143143487
0.5148853735734952
0.5148713083943788
0.5148572187103171
0.5148431044544739
0.5148289655598601
0.5148148019593319
0.5148006135855916
0.5147864003711858
0.5147721622485062
0.5147578991497879
0.5147436110071097
0.5147292977523932
0.514714959317402
0.5147005956337425
0.5146862066328611
0.5146717922460462
0.514657352404426
0.5146428870389681
0.51462839608048
0.514613879459608
0.5145993371068356
0.514584768952485
0.5145701749267155
0.5145555549595224
0.5145409089807379
0.5145262369200291
0.5145115387068987
0.5144968142706839
0.5144820635405558
0.5144672864455191
0.5144524829144111
0.5144376528759025
0.5144227962584951
0.5144079129905224
0.5143930030001487
0.514378066215369
0.5143631025640077
0.5143481119737189
0.5143330943719854
0.514318049686118
0.5143029778432555
0.514287878770364
0.5142727523942359
0.5142575986414901
0.5142424174385709
0.5142272087117481
0.5142119723871155
0.5141967083905913
0.5141814166479171
0.5141660970846573
0.5141507496261992
0.5141353741977516
0.5141199707243446
0.5141045391308295
0.514089079341878
0.5140735912819807
0.5140580748754486
0.5140425300464108
0.5140269567188144
0.5140113548164246
0.513995724262823
0.5139800649814086
0.5139643768953961
0.5139486599278156
0.5139329140015118
0.5139171390391445
0.513901334963187
0.5138855016959258
0.5138696391594607
0.513853747275703
0.5138378259663765
0.5138218751530155
0.5138058947569653
0.5137898846993809
0.5137738449012275
0.5137577752832785
0.5137416757661165
0.5137255462701316
0.513709386715521
0.5136931970222893
0.513676977110247
0.5136607268990103
0.5136444463080005
0.513628135256444
0.5136117936633707
0.5135954214476144
0.5135790185278116
0.5135625848224014
0.5135461202496248
0.5135296247275238
0.5135130981739413
0.5134965405065209
0.5134799516427053
0.5134633314997362
0.5134466799946542
0.513429997044298
0.5134132825653033
0.5133965364741029
0.5133797586869261
0.5133629491197973
0.513346107688537
0.5133292343087597
0.5133123288958741
0.5132953913650826
0.5132784216313805
0.5132614196095554
0.5132443852141866
0.513227318359645
0.5132102189600919
0.5131930869294787
0.5131759221815471
0.5131587246298266
0.513141494187636
0.5131242307680818
0.5131069342840573
0.5130896046482433
0.5130722417731062
0.5130548455708981
0.5130374159536563
0.5130199528332022
0.5130024561211413
0.5129849257288623
0.5129673615675364
0.5129497635481174
0.5129321315813402
0.5129144655777207
0.5128967654475556
0.5128790311009208
0.512861262447672
0.5128434593974432
0.5128256218596468
0.5128077497434718
0.5127898429578848
0.5127719014116288
0.5127539250132224
0.5127359136709589
0.5127178672929067
0.5126997857869073
0.5126816690605769
0.512663517021303
0.5126453295762462
0.5126271066323383
0.5126088480962823
0.5125905538745511
0.5125722238733877
0.5125538579988046
0.512535456156582
0.512517018252269
0.5124985441911815
0.5124800338784019
0.5124614872187795
0.5124429041169287
0.5124242844772288
0.5124056282038234
0.5123869352006204
0.5123682053712899
0.5123494386192649
0.5123306348477402
0.5123117939596723
0.5122929158577777
0.5122740004445333
0.5122550476221751
0.5122360572926982
0.5122170293578555
0.5121979637191576
0.5121788602778723
0.5121597189350232
0.5121405395913896
0.512121322147506
0.5121020665036614
0.5120827725598982
0.512063440216012
0.5120440693715507
0.5120246599258146
0.5120052117778549
0.5119857248264729
0.5119661989702206
0.5119466341073985
0.5119270301360563
0.5119073869539912
0.5118877044587482
0.5118679825476184
0.5118482211176396
0.511828420065594
0.5118085792880095
0.5117886986811574
0.5117687781410526
0.5117488175634525
0.5117288168438567
0.5117087758775064
0.511688694559383
0.5116685727842083
0.5116484104464434
0.5116282074402879
0.5116079636596799
0.5115876789982939
0.5115673533495421
0.5115469866065718
0.5115265786622664
0.5115061294092431
0.5114856387398533
0.5114651065461819
0.511444532720046
0.5114239171529944
0.5114032597363074
0.5113825603609953
0.5113618189177982
0.5113410352971857
0.5113202093893549
0.5112993410842311
0.5112784302714661
0.5112574768404382
0.5112364806802507
0.5112154416797319
0.5111943597274338
0.5111732347116322
0.5111520665203252
0.5111308550412322
0.5111096001617942
0.5110883017691725
0.5110669597502477
0.5110455739916197
0.511024144379606
0.5110026708002414
0.510981153139278
0.5109595912821833
0.5109379851141396
0.5109163345200439
0.5108946393845067
0.5108728995918513
0.5108511150261129
0.5108292855710381
0.5108074111100838
0.5107854915264167
0.5107635267029126
0.5107415165221549
0.5107194608664352
0.5106973596177508
0.5106752126578049
0.510653019868006
0.5106307811294667
0.5106084963230029
0.5105861653291326
0.510563788028076
0.5105413642997543
0.5105188940237881
0.5104963770794982
0.510473813345903
0.5104512027017191
0.5104285450253596
0.5104058401949334
0.5103830880882444
0.5103602885827915
0.510337441555766
0.5103145468840524
0.5102916044442264
0.5102686141125551
0.5102455757649949
0.5102224892771914
0.5101993545244791
0.5101761713818787
0.5101529397240981
0.5101296594255305
0.5101063303602538
0.5100829524020295
0.5100595254243023
0.5100360493001985
0.5100125239025256
0.509988949103771
0.5099653247761016
0.5099416507913623
0.5099179270210754
0.50989415333644
0.5098703296083298
0.5098464557072941
0.5098225315035549
0.5097985568670074
0.5097745316672179
0.5097504557734238
0.5097263290545322
0.5097021513791188
0.5096779226154271
0.5096536426313677
0.5096293112945164
0.5096049284721144
0.5095804940310661
0.5095560078379391
0.5095314697589628
0.5095068796600272
0.509482237406682
0.5094575428641357
0.5094327958972544
0.5094079963705609
0.5093831441482336
0.5093582390941054
0.5093332810716624
0.5093082699440435
0.5092832055740387
0.5092580878240884
0.5092329165562822
0.5092076916323571
0.5091824129136981
0.5091570802613357
0.5091316935359447
0.509106252597844
0.5090807573069953
0.5090552075230008
0.5090296031051039
0.5090039439121864
0.5089782298027686
0.5089524606350073
0.5089266362666953
0.5089007565552591
0.5088748213577594
0.5088488305308885
0.5088227839309694
0.5087966814139557
0.5087705228354286
0.5087443080505969
0.5087180369142958
0.508691709280985
0.5086653250047476
0.5086388839392897
0.5086123859379376
0.5085858308536383
0.508559218538957
0.5085325488460766
0.5085058216267948
0.5084790367325256
0.5084521940142954
0.5084252933227431
0.5083983345081182
0.5083713174202797
0.508344241908695
0.5083171078224378
0.5082899150101875
0.5082626633202277
0.5082353526004444
0.5082079826983252
0.5081805534609576
0.5081530647350273
0.5081255163668177
0.5080979082022071
0.508070240086669
0.508042511865269
0.5080147233826651
0.5079868744831039
0.5079589650104216
0.5079309948080408
0.5079029637189701
0.5078748715858019
0.507846718250711
0.5078185035554537
0.5077902273413656
0.5077618894493601
0.5077334897199268
0.5077050279931314
0.5076765041086115
0.5076479179055773
0.5076192692228089
0.507590557898655
0.5075617837710316
0.5075329466774194
0.5075040464548635
0.5074750829399706
0.5074460559689081
0.5074169653774022
0.5073878110007362
0.5073585926737487
0.5073293102308324
0.5072999635059314
0.5072705523325407
0.5072410765437039
0.5072115359720111
0.5071819304495974
0.5071522598081419
0.5071225238788648
0.5070927224925257
0.5070628554794231
0.507032922669391
0.5070029238917978
0.5069728589755446
0.506942727749063
0.5069125300403134
0.5068822656767833
0.506851934485485
0.5068215362929539
0.5067910709252467
0.5067605382079393
0.5067299379661254
0.5066992700244133
0.5066685342069251
0.5066377303372946
0.5066068582386647
0.5065759177336859
0.5065449086445137
0.5065138307928078
0.5064826839997282
0.5064514680859351
0.5064201828715855
0.5063888281763315
0.5063574038193178
0.5063259096191807
0.5062943453940447
0.5062627109615212
0.5062310061387056
0.5061992307421761
0.5061673845879904
0.5061354674916844
0.5061034792682692
0.5060714197322297
0.5060392886975218
0.5060070859775703
0.505974811385266
0.5059424647329646
0.5059100458324834
0.5058775544950995
0.5058449905315471
0.5058123537520152
0.5057796439661455
0.5057468609830295
0.5057140046112067
0.5056810746586617
0.505648070932822
0.5056149932405554
0.5055818413881672
0.5055486151813987
0.5055153144254237
0.5054819389248462
0.5054484884836978
0.5054149629054361
0.5053813619929405
0.5053476855485104
0.5053139333738634
0.5052801052701312
0.5052462010378573
0.5052122204769955
0.5051781633869057
0.5051440295663518
0.5051098188134995
0.5050755309259123
0.5050411657005504
0.505006722933766
0.5049722024213024
0.5049376039582898
0.5049029273392429
0.5048681723580583
0.5048333388080114
0.5047984264817533
0.5047634351713081
0.5047283646680705
0.5046932147628016
0.5046579852456268
0.504622675906033
0.5045872865328651
0.5045518169143228
0.5045162668379581
0.504480636090672
0.5044449244587108
0.5044091317276647
0.5043732576824627
0.5043373021073703
0.5043012647859862
0.5042651455012404
0.5042289440353879
0.5041926601700089
0.5041562936860028
0.5041198443635873
0.5040833119822932
0.5040466963209618
0.5040099971577419
0.5039732142700855
0.5039363474347458
0.5038993964277722
0.5038623610245083
0.5038252409995876
0.50378803612693
0.5037507461797388
0.503713370930497
0.5036759101509635
0.5036383636121697
0.5036007310844162
0.5035630123372687
0.5035252071395546
0.5034873152593595
0.5034493364640237
0.5034112705201373
0.5033731171935379
0.5033348762493067
0.5032965474517638
0.5032581305644649
0.5032196253501982
0.503181031570979
0.5031423489880477
0.5031035773618642
0.5030647164521052
0.5030257660176598
0.5029867258166254
0.5029475956063041
0.5029083751431982
0.5028690641830068
0.5028296624806214
0.5027901697901216
0.5027505858647714
0.5027109104570149
0.5026711433184723
0.5026312841999349
0.5025913328513628
0.5025512890218786
0.5025111524597644
0.5024709229124571
0.5024306001265438
0.5023901838477585
0.5023496738209764
0.5023090697902108
0.5022683714986077
0.5022275786884425
0.5021866911011139
0.5021457084771408
0.5021046305561578
0.5020634570769097
0.5020221877772475
0.5019808223941247
0.5019393606635905
0.5018978023207874
0.5018561470999456
0.5018143947343783
0.5017725449564768
0.5017305974977067
0.5016885520886014
0.5016464084587597
0.5016041663368389
0.5015618254505511
0.5015193855266574
0.5014768462909647
0.5014342074683188
0.5013914687826008
0.5013486299567217
0.5013056907126172
0.5012626507712432
0.50121950985257
0.5011762676755785
0.5011329239582536
0.5010894784175798
0.5010459307695364
0.5010022807290918
0.5009585280101982
0.500914672325787
0.500870713387763
0.5008266509069992
0.5007824845933317
0.5007382141555543
0.5006938393014129
0.5006493597376002
0.500604775169751
0.5005600853024352
0.5005152898391542
0.5004703884823338
0.5004253809333198
0.5003802668923717
0.5003350460586576
0.5002897181302485
0.5002442828041125
0.5001987397761093
0.5001530887409845
0.5001073293923639
0.5000614614227478
0.5000154845235049
0.49996939838486737
0.4999232026959238
0.4998768971446147
0.49983048141772557
0.4997839552008816
0.49973731817854145
0.4996905700339915
0.49964371044933986
0.4995967391055108
0.4995496556822371
0.4995024598580565
0.49945515131030344
0.4994077297151042
0.4993601947473706
0.4993125460807933
0.4992647833878361
0.49921690633973004
0.4991689146064661
0.4991208078567904
0.4990725857581969
0.49902424797692113
0.4989757941779346
0.4989272240249374
0.498878537180353
0.4988297333053211
0.49878081205969155
0.49873177310201716
0.49868261608954856
0.49863334067822634
0.498583946522676
0.4985344332761998
0.4984848005907713
0.49843504811702866
0.49838517550426775
0.49833518240043545
0.4982850684521233
0.4982348333045608
0.49818447660160864
0.4981339979857519
0.49808339709809324
0.49803267357834663
0.49798182706483024
0.49793085719445873
0.49787976360273856
0.4978285459237593
0.49777720379018725
0.49772573683325905
0.4976741446827741
0.49762242696708825
0.4975705833131062
0.497518613346275
0.49746651669057723
0.4974142929685232
0.49736194180114507
0.49730946280798866
0.4972568556071071
0.4972041198150537
0.49715125504687463
0.49709826091610215
0.4970451370347467
0.4969918830132911
0.4969384984606816
0.4968849829843229
0.4968313361900689
0.49677755768221693
0.4967236470634994
0.49666960393507764
0.49661542789653396
0.49656111854586465
0.49650667547947225
0.49645209829215947
0.49639738657712024
0.496342539925934
0.49628755792855694
0.49623244017331564
0.49617718624689944
0.49612179573435317
0.49606626821906924
0.4960106032827813
0.49595480050555585
0.49589885946578527
0.4958427797401807
0.49578656090376416
0.4957302025298612
0.49567370419009393
0.4956170654543729
0.4955602858908903
0.49550336506611203
0.4954463025447705
0.49538909788985735
0.4953317506626157
0.4952742604225327
0.49521662672733235
0.4951588491329679
0.4951009271936141
0.4950428604616601
0.49498464848770196
0.4949262908205355
0.4948677870071478
0.49480913659271064
0.4947503391205732
0.4946913941322538
0.4946323011674332
0.4945730597639465
0.49451366945777653
0.4944541297830458
0.49439444027200896
0.494334600455046
0.49427460986065447
0.49421446801544194
0.49415417444411913
0.49409372866949175
0.4940331302124541
0.49397237859198107
0.49391147332512075
0.4938504139269877
0.4937891999107549
0.49372783078764665
0.4936663060669322
0.4936046252559174
0.4935427878599373
0.4934807933823502
0.4934186413245294
0.4933563311858561
0.4932938624637129
0.49323123465347585
0.49316844724850784
0.49310549974015183
0.49304239161772245
0.4929791223685006
0.49291569147772574
0.4928520984285885
0.49278834270222427
0.4927244237777066
0.4926603411320391
0.49259609424014983
0.4925316825748843
0.49246710560699775
0.49240236280514976
0.49233745363589637
0.49227237756368425
0.49220713405084376
0.49214172255758193
0.492076142541977
0.49201039345997105
0.49194447476536335
0.49187838590980515
0.49181212634279214
0.49174569551165837
0.4916790928615712
0.49161231783552295
0.4915453698743265
0.49147824841660864
0.491410952898804
0.49134348275514905
0.491275837417676
0.49120801631620764
0.49114001887835057
0.4910718445294906
0.4910034926927858
0.4909349627891619
0.490866254237306
0.49079736645366245
0.4907282988524255
0.49065905084553557
0.4905896218426733
0.49052001125125466
0.4904502184764254
0.4903802429210563
0.49031008398573894
0.4902397410687798
0.4901692135661958
0.4900985008717098
0.490027602376746
0.4899565174704254
0.4898852455395613
0.4898137859686551
0.4897421381398921
0.4896703014331373
0.4895982752259309
0.489526058893486
0.4894536518086828
0.48938105334206555
0.4893082628618398
0.4892352797338681
0.48916210332166643
0.48908873298640143
0.48901516808688694
0.4889414079795814
0.4888674520185843
0.4887932995556339
0.4887189499401041
0.48864440251900226
0.4885696566369667
0.48849471163626423
0.4884195668567884
0.4883442216360564
0.48826867530920925
0.4881929272090073
0.4881169766658311
0.4880408230076785
0.4879644655601641
0.4878879036465169
0.48781113658758113
0.48773416370181355
0.4876569843052839
0.4875795977116739
0.4875020032322772
0.48742420017599875
0.48734618784935435
0.4872679655564722
0.48718953259909165
0.4871108882765647
0.4870320318858558
0.4869529627215435
0.4868736800758206
0.48679418323849594
0.4867144714969957
0.48663454413636464
0.4865544004392676
0.48647403968599306
0.48639346115445264
0.4863126641201858
0.48623164785636114
0.4861504116337796
0.486068954720877
0.48598727638372796
0.48590537588604854
0.48582325248919994
0.4857409054521933
0.48565833403169206
0.4855755374820177
0.48549251505515373
0.48540926600075046
0.4853257895661295
0.48524208499629007
0.48515815153391356
0.48507398841936944
0.4849895948907216
0.48490497018373396
0.48482011353187754
0.48473502416633696
0.48464970131601715
0.48456414420755095
0.484478352065307
0.48439232411139643
0.484306059565682
0.4842195576457864
0.4841328175670997
0.48404583854279
0.48395861978381155
0.48387116049891465
0.4837834598946546
0.4836955171754039
0.48360733154336005
0.4835189021985583
0.48343022833888155
0.48334130916007223
0.4832521438557436
0.4831627316173925
0.48307307163441027
0.482983163094097
0.48289300518167333
0.4828025970802939
0.48271193797106177
0.48262102703304144
0.4825298634432741
0.4824384463767914
0.4823467750066313
0.4822548485038526
0.4821626660375519
0.48207022677487843
0.48197752988105147
0.48188457451937683
0.4817913598512641
0.4816978850362444
0.48160414923198847
0.48151015159432453
0.4814158912772579
0.4813213674329895
0.481226579211936
0.4811315257627488
0.48103620623233584
0.4809406197658813
0.4808447655068674
0.48074864259709565
0.4806522501767091
0.480555587384215
0.4804586533565076
0.4803614472288908
0.4802639681351035
0.4801662152073423
0.4800681875762868
0.4799698843711248
0.479871304719578
0.4797724477479272
0.47967331258103996
0.4795738983423965
0.47947420415411823
0.4793742291369945
0.4792739724105114
0.4791734330928812
0.4790726103010703
0.4789715031508309
0.4788701107567298
0.4787684322321796
0.47866646668947027
0.4785642132398009
0.47846167099331166
0.4783588390591168
0.47825571654533805
0.4781523025591387
0.478048596206757
0.4779445965935423
0.4778403028239895
0.4777357140017754
0.47763082922979483
0.4775256476101985
0.4774201682444291
0.47731439023326083
0.4772083126768373
0.4771019346747104
0.47699525532588066
0.47688827372883735
0.47678098898159926
0.476673400181756
0.47656550642650986
0.4764573068127188
0.47634880043693917
0.4762399863954694
0.47613086378439445
0.4760214316996306
0.4759116892369707
0.4758016354921298
0.4756912695607928
0.4755805905386608
0.47546959752149864
0.47535828960518456
0.47524666588575715
0.4751347254594669
0.4750224674228247
0.47490989087265384
0.47479699490614097
0.4746837786208877
0.47457024111496304
0.4744563814869581
0.4743421988360378
0.47422769226199657
0.47411286086531335
0.47399770374720657
0.4738822200096912
0.4737664087556352
0.4736502690888169
0.4735338001139837
0.4734170009369103
0.47329987066445817
0.47318240840463605
0.4730646132666601
0.47294648436101516
0.4728280207995169
0.4727092216953746
0.4725900861632535
0.47247061331933954
0.47235080228140325
0.4722306521688645
0.4721101621028596
0.47198933120630554
0.47186815860396897
0.47174664342253203
0.4716247847906624
0.47150258183908045
0.4713800337006298
0.47125713951034703
0.47113389840553244
0.4710103095258219
0.47088637201325756
0.47076208501236216
0.4706374476702112
0.47051245913650697
0.470387118563653
0.4702614251068299
0.4701353779240696
0.47000897617633364
0.4698822190275883
0.46975510564488304
0.46962763519842887
0.4694998068616766
0.4693716198113967
0.4692430732277585
0.46911416629441205
0.468984898198568
0.4688552681310801
0.46872527528652735
0.46859491886329674
0.4684641980636674
0.4683331120938937
0.4682016601642907
0.4680698414893194
0.4679376552876718
0.4678051007823577
0.4676721772007919
0.46753888377488095
0.46740521974111165
0.4672711843406394
0.46713677681937715
0.46700199642808526
0.46686684242246124
0.4667313140632302
0.4665954106162371
0.466459131352537
0.4663224755484873
0.4661854424858414
0.4660480314518409
0.46591024173930917
0.4657720726467456
0.4656335234784198
0.4654945935444671
0.4653552821609831
0.46521558865012
0.46507551234018263
0.464935052565725
0.4647942086676475
0.4646529799932946
0.4645113658965515
0.46436936573794374
0.4642269788847354
0.46408420471102696
0.46394104259785657
0.46379749193329733
0.4636535521125592
0.46350922253808857
0.46336450261966794
0.4632193917745186
0.4630738894274
0.4629279950107126
0.4627817079645986
0.4626350277370442
0.4624879537839819
0.4623404855693927
0.4621926225654091
0.4620443642524177
0.46189571011916153
0.4617466596628447
0.46159721238923457
0.4614473678127655
0.46129712545664303
0.46114648485294685
0.4609954455427352
0.4608440070761486
0.46069216901251375
0.460539930920449
0.4603872923779656
0.4602342529725747
0.46008081230139053
0.45992696997123417
0.4597727255987387
0.45961807881045236
0.45946302924294324
0.45930757654290333
0.45915172036725294
0.45899546038324335
0.45883879626856194
0.4586817277114352
0.4585242544107322
0.45836637607606856
0.4582080924279089
0.4580494031976703
0.457890308127825
0.45773080697200275
0.4575708994950937
0.4574105854733499
0.4572498646944871
0.45708873695778657
0.456927202074196
0.4567652598664301
0.4566029101690718
0.4564401528286715
0.45627698770384684
0.456113414665383
0.4559494335963299
0.4557850443921018
0.45562024696057507
0.455455041222185
0.45528942711002307
0.4551234045699336
0.4549569735606089
0.45479013405368524
0.45462288603383727
0.45445522949887157
0.4542871644598206
0.4541186909410356
0.45394980898027815
0.45378051862881147
0.4536108199514922
0.45344071302685934
0.4532701979472232
0.45309927481875495
0.45292794376157297
0.45275620490983093
0.4525840584118024
0.4524115044299671
0.45223854314109446
0.45206517473632735
0.4518913994212641
0.45171721741604015
0.4515426289554083
0.45136763428881893
0.4511922336804975
0.45101642740952297
0.4508402157699035
0.4506635990706524
0.45048657763586175
0.4503091518047761
0.45013132193186445
0.44995308838689124
0.4497744515549853
0.44959541183670915
0.4494159696481263
0.4492361254208674
0.4490558796021939
0.44887523265506335
0.4486941850581906
0.44851273730610886
0.44833088990922965
0.4481486433939008
0.4479659983024635
0.4477829551933076
0.44759951464092634
0.4474156772359681
0.4472314435852881
0.4470468143119987
0.4468617900555165
0.44667637147161043
0.44649055923244574
0.4463043540266284
0.44611775655924785
0.44593076755191624
0.4457433877428086
0.4455556178866993
0.4453674587549986
0.44517891113578667
0.44498997583384536
0.44480065367068966
0.44461094548459656
0.44442085213063265
0.44423037448067965
0.4440395134234579
0.4438482698645494
0.44365664472641775
0.4434646389484264
0.4432722534868566
0.4430794893149208
0.4428863474227779
0.44269282881754235
0.4424989345232958
0.44230466558109327
0.4421100230489696
0.44191500800194305
0.4417196215320178
0.4415238647481831
0.441327738776413
0.4411312447596607
0.44093438385785433
0.4407371572478892
0.44053956612361683
0.4403416116958354
0.44014329519227463
0.43994461785758066
0.43974558095329946
0.43954618575785603
0.4393464335665338
0.43914632569145046
0.43894586346153286
0.4387450482224894
0.4385438813367805
0.4383423641835863
0.43814049815877404
0.43793828467486196
0.43773572516098097
0.43753282106283564
0.43732957384266236
0.43712598497918453
0.4369220559675673
0.4367177883193704
0.4365131835624959
0.4363082432411378
0.4361029689157279
0.4358973621628788
0.4356914245753252
0.43548515776186497
0.4352785633472962
0.4350716429723517
0.434864398293634
0.43465683098354596
0.43444894273022044
0.4342407352374478
0.4340322102246004
0.43382336942655786
0.4336142145936259
0.433404747491458
0.43319496990097067
0.43298488361825993
0.4327744904545145
0.43256379223592684
0.43235279080360234
0.432141488013467
0.4319298857361731
0.43171798585700194
0.43150579027576585
0.4312933009067079
0.4310805196783989
0.43086744853363435
0.43065408942932715
0.43044044433639983
0.430226515239676
0.4300123041377666
0.42979781304295817
0.4295830439810959
0.4293679989914683
0.42915268012668617
0.4289370894525639
0.42872122904799526
0.42850510100482997
0.4282887074277481
0.42807205043413166
0.42785513215393506
0.4276379547295557
0.4274205203156988
0.4272028310792454
0.42698488919911465
0.42676669686612745
0.4265482562828672
0.426329569663538
0.42611063923382386
0.42589146723074434
0.4256720559025094
0.425452407508373
0.42523252431848424
0.42501240861373873
0.4247920626856269
0.4245714888360826
0.42435068937732867
0.4241296666317215
0.42390842293159636
0.4236869606191083
0.42346528204607403
0.4232433895738119
0.42302128557297997
0.4227989724234146
0.42257645251396575
0.4223537282423335
0.4221308020149012
0.421907676246569
0.42168435336058585
0.42146083578838095
0.42123712596939306
0.4210132263509002
0.42078913938784795
0.42056486754267597
0.42034041328514515
0.4201157790921628
0.4198909674476076
0.4196659808421531
0.4194408217730914
0.41921549274415515
0.41898999626533995
0.41876433485272446
0.4185385110282917
0.41831252731974816
0.4180863862603439
0.41786009038869004
0.41763364224857813
0.4174070443887964
0.4171802993629486
0.416953409729269
0.4167263780504403
0.4164992068934087
0.416271898829199
0.41604445643273147
0.41581688228263536
0.4155891789610647
0.41536134905351185
0.41513339514862274
0.4149053198380106
0.41467712571606935
0.4144488153797894
0.4142203914285696
0.4139918564640313
0.4137632130898335
0.4135344639114851
0.41330561153615925
0.4130766585725081
0.4128476076304753
0.4126184613211112
0.41238922225638686
0.4121598930490087
0.41193047631223256
0.4117009746596797
0.41147139070515126
0.4112417270624441
0.41101198634516645
0.4107821711665542
0.41055228413928757
0.4103223278753087
0.4100923049856377
0.4098622180801921
0.4096320697676044
0.4094018626550412
0.4091715993480229
0.4089412824502432
0.40871091456339115
0.4084804982869708
0.4082500362181243
0.4080195309514538
0.40778898507884564
0.4075584011892935
0.4073277818687242
0.4070971296998227
0.40686644726185783
0.40663573713051143
0.4064050018777051
0.4061742440714288
0.40594346627557204
0.4057126710497535
0.4054818609491528
0.4052510385243448
0.40502020632113034
0.4047893668803738
0.40455852273783693
0.40432767642401646
0.4040968304639813
0.4038659873772118
0.4036351496774398
0.4034043198724893
0.4031735004641194
0.40294269394786697
0.4027119028128915
0.4024811295418209
0.40225037661059876
0.40201964648833216
0.40178894163714135
0.40155826451201043
0.40132761756063906
0.4010970032232962
0.4008664239326747
0.4006358821137469
0.40040538018362265
0.40017492055140624
0.3999445056180583
0.3997141377762561
0.3994838194102567
0.39925355289576103
0.39902334059977895
0.39879318488049714
0.3985630880871466
0.39833305255987317
0.3981030806296089
0.39787317461794436
0.39764333683700326
0.39741356958931817
0.39718387516770715
0.3969542558551541
0.39672471392468706
0.3964952516392618
0.3962658712516436
0.3960365750042931
0.39580736512925263
0.3955782438480334
0.3953492133715056
0.3951202758997899
0.3948914336221484
0.39466268871688087
0.3944340433512191
0.394205499681225
0.3939770598516881
0.3937487259960279
0.3935205002361953
0.3932923846825747
0.3930643814338919
0.39283649257711883
0.39260872018738274
0.3923810663278758
0.39215353304976786
0.39192612239211816
0.3916988363817905
0.39147167703337016
0.3912446463490817
0.39101774631870767
0.39079097891951114
0.39056434611615687
0.390337849860637
0.390111492092196
0.3898852747372586
0.3896591997093587
0.3894332689090698
0.3892074842239376
0.38898184752841325
0.3887563606837886
0.38853102553813385
0.38830584392623535
0.38808081766953517
0.38785594857607397
0.3876312384404319
0.3874066890436756
0.387182302153302
0.38695807952318795
0.3867340228935373
0.38651013399083334
0.38628641452778995
0.38606286620330516
0.38583949070241624
0.3856162896962568
0.3853932648420142
0.38517041778288874
0.384947750148056
0.3847252635526271
0.38450295959761444
0.38428083986989503
0.38405890594217873
0.3838371593729754
0.38361560170656445
0.38339423447296517
0.3831730591879098
0.3829520773528157
0.38273129045476195
0.38251069996646336
0.38229030734625014
0.3820701140380449
0.3818501214713439
0.38163033106119804
0.38141074420819515
0.3811913622984447
0.3809721867035626
0.3807532187806576
0.3805344598723191
0.38031591130660575
0.3800975743970362
0.3798794504425793
0.3796615407276476
0.37944384652209046
0.37922636908118923
0.3790091096456526
0.37879206944161403
0.37857524968063
0.3783586515596786
0.3781422762611612
0.37792612495290234
0.3777101987881535
0.3774944989055959
0.37727902642934497
0.37706378246895633
0.3768487681194328
0.37663398446123086
0.37641943256026955
0.37620511346794083
0.37599102822111896
0.3757771778421724
0.3755635633389762
0.37535018570492457
0.3751370459189462
0.3749241449455176
0.37471148373468055
0.37449906322205734
0.37428688432887
0.37407494796195595
0.3738632550137903
0.37365180636250334
0.3734406028719023
0.3732296453914925
0.3730189347564995
0.3728084717878924
0.372598257292407
0.37238829206256974
0.3721785768767237
0.37196911249905384
0.37175989967961265
0.3715509391543481
0.3713422316451309
0.3711337778597821
0.37092557849210245
0.37071763422190174
0.37050994571502854
0.3703025136234007
0.37009533858503646
0.3698884212240854
0.3696817621508614
0.3694753619618747
0.36926922123986455
0.36906334055383316
0.36885772045907905
0.3686523614972329
0.3684472641962892
0.36824242907064497
0.36803785662113275
0.3678335473350581
0.3676295016862341
0.3674257201350202
0.36722220312835707
0.36701895109980553
0.36681596446958264
0.3666132436446011
0.36641078901850554
0.3662086009717126
0.3660066798714491
0.36580502607178983
0.36560363991369826
0.36540252172506454
0.36520167182074575
0.3650010905026054
0.36480077805955236
0.3646007347675829
0.3644009608898185
0.36420145667654735
0.36400222236526436
0.3638032581807117
0.36360456433491956
0.36340614102724567
0.3632079884444173
0.3630101067605709
0.3628124961372937
0.3626151567236637
0.3624180886562907
0.36222129205935677
0.3620247670446575
0.36182851371164215
0.3616325321474545
0.3614368224269733
0.3612413846128525
0.3610462187555625
0.3608513248934293
0.3606567030526756
0.3604623532474601
0.36026827547991847
0.36007446974020174
0.35988093600651694
0.3596876742451665
0.35949468441058674
0.3593019664453878
0.3591095202803918
0.3589173458346717
0.35872544301559023
0.3585338117188376
0.35834245182846847
0.3581513632169413
0.35796054574515423
0.35776999926248315
0.3575797236068179
0.35738971860459856
0.35719998407085213
0.35701051980922777
0.35682132561203217
0.35663240126026496
0.35644374652365346
0.35625536116068607
0.3560672449186476
0.3558793975336515
0.3556918187306731
0.35550450822358304
0.3553174657151785
0.35513069089721555
0.3549441834504403
0.3547579430446193
0.3545719693385705
0.35438626198019274
0.3542008206064944
0.3540156448436237
0.35383073430689543
0.35364608860081975
0.3534617073191285
0.35327759004480214
0.3530937363500964
0.3529101457965665
0.352726817935093
0.35254375230590534
0.3523609484386059
0.35217840585219296
0.35199612405508307
0.3518141025451318
0.35163234080965666
0.3514508383254553
0.3512695945588269
0.35108860896558997
0.35090788099110193
0.3507274100702753
0.35054719562759484
0.35036723707713446
0.35018753382257184
0.35000808525720273
0.3498288907639558
0.3496499497154047
0.3494712614737805
0.3492928253909837
0.349114640808594
0.3489367070578805
0.3487590234598109
0.34858158932505895
0.3484044039540122
0.3482274666367785
0.3480507766531906
0.3478743332728119
0.34769813575493896
0.3475221833486055
0.3473464752925829
0.34717101081538254
0.3469957891352544
0.3468208094601867
0.3466460709879038
0.3464715729058634
0.34629731439125255
0.346123294610982
0.34594951272168095
0.3457759678696899
0.34560265919105165
0.34542958581150396
0.345256746846467
0.3450841414010344
0.34491176856995887
0.3447396274376399
0.34456771707810846
0.3443960365550121
0.3442245849215965
0.34405336122068914
0.3438823644846785
0.34371159373549526
0.3435410479845888
0.34337072623290626
0.3432006274708666
0.3430307506783369
0.3428610948246048
0.3426916588683513
0.3425224417576208
0.3423534424297918
0.3421846598115447
0.34201609281882805
0.34184774035682564
0.3416796013199197
0.3415116745916543
0.34134395904469655
0.3411764535407971
0.3410091569307492
0.34084206805434464
0.3406751857403316
0.34050850880636746
0.34034203605897295
0.34017576629348245
0.3400096982939952
0.33984383083332276
0.3396781626729367
0.33951269256291383
0.3393474192418797
0.33918234143695103
0.3390174578636765
0.3388527672259756
0.33868826821607656
0.3385239595144511
0.3383598397897494
0.3381959076987329
0.3380321618862041
0.337868600984935
0.33770522361559696
0.3375420283866834
0.33737901389443553
0.33721617872276266
0.3370535214431647
0.3368910406146477
0.3367287347836425
0.3365666024839189
0.3364046422364979
0.33624285254956304
0.33608123191836925
0.33591977882514984
0.33575849173902156
0.33559736911588794
0.3354364093983403
0.33527561101555625
0.3351149723831979
0.3349544919033056
0.33479416796419226
0.33463399894033247
0.33447398319225286
0.3343141190664179
0.3341544048951138
0.3339948389963322
0.33383541967364827
0.3336761452161006
0.33351701389806565
0.33335802397913006
0.33319917370396396
0.3330404613021882
0.3328818849882411
0.3327234429612419
0.33256513340485344
0.33240695448714064
0.332248904360428
0.33209098116115326
0.33193318300971963
0.3317755080103454
0.33161795425091084
0.331460519802803
0.33130320272075586
0.33114600104269265
0.3309889127895589
0.3308319359651598
0.3306750685559899
0.3305183085310613
0.3303616538417319
0.3302051024215263
0.33004865218595825
0.3298923010323477
0.3297360468396356
0.3295798874681975
0.32942382075965093
0.3292678445366642
0.3291119566027588
0.3289561547421107
0.3288004367193477
0.32864480027934606
0.3284892431470203
0.32833376302711437
0.3281783576039866
0.3280230245413927
0.3278677614822667
0.3277125660484969
0.32755743584070074
0.327402368437995
0.3272473613977636
0.3270924122554227
0.3269375185241806
0.326782677694799
0.3266278872353444
0.32647314459094245
0.32631844718352676
0.32616379241158205
0.3260091776498888
0.3258546002492614
0.3257000575362825
0.32554554681303777
0.325391065356843
0.325236610419971
0.3250821792293729
0.3249277689863985
0.3247733768665122
0.32461900001900296
0.32446463556669713
0.3243102806056613
0.32415593220490596
0.32400158740608387
0.32384724322318637
0.3236928966422351
0.32353854462097126
0.32338418408854097
0.323229811945178
0.32307542506188175
0.3229210202800932
0.32276659441136724
0.3226121442370413
0.3224576665079011
0.32230315794384234
0.32214861523353033
0.3219940350340553
0.3218394139705848
0.3216847486360137
0.3215300355906082
0.3213752713616511
0.3212204524430798
0.321065575295124
0.32091063634393824
0.3207556319812325
0.320600558563901
0.32044541241364455
0.3202901898165941
0.3201348870229284
0.3199795002464894
0.31982402566439716
0.31966845941665895
0.3195127976057771
0.31935703629635503
0.3192011715146989
0.31904519924841923
0.3188891154460278
0.31873291601653325
0.3185765968290353
0.3184201537123167
0.31826358245443
0.3181068788022882
0.3179500384612484
0.3177930570946966
0.31763593032362925
0.31747865372623557
0.3173212228374759
0.31716363314866036
0.31700588010702624
0.3168479591153148
0.31668986553134615
0.3165315946675939
0.31637314179076015
0.3162145021213495
0.31605567083324304
0.3158966430532717
0.31573741386079074
0.3155779782872541
0.31541833131579017
0.3152584678807766
0.3150983828674175
0.31493807111132266
0.3147775273980849
0.31461674646286336
0.3144557229899654
0.31429445161243197
0.314132926911626
0.3139711434168216
0.31380909560479886
0.3136467778994388
0.3134841846713244
0.313321310237345
0.31315814886030213
0.31299469474852454
0.3128309420554841
0.31266688487941807
0.31250251726295786
0.3123378331927605
0.31217282659915085
0.3120074913557667
0.31184182127921134
0.3116758101287152
0.31150945160580334
0.3113427393539717
0.31117566695837245
0.3110082279455071
0.3108404157829297
0.31067222387896093
0.3105036455824093
0.3103346741823078
0.31016530290765765
0.30999552492718496
0.3098253333491113
0.3096547212209355
0.30948368152922795
0.30931220719944075
0.30914029109573105
0.3089679260207982
0.30879510471573857
0.3086218198599154
0.3084480640708429
0.3082738299040926
0.30809910985321176
0.30792389634966344
0.30774818176278507
0.3075719583997659
0.3073952185056442
0.3072179542633263
0.30704015779362637
0.3068618211553277
0.3066829363452672
0.30650349529844423
0.30632348988814995
0.30614291192612536
0.3059617531627412
0.30578000528720584
0.30559765992779825
0.30541470865212894
0.30523114296742854
0.3050469543208641
0.30486213409988566
0.3046766736326018
0.304490564188185
0.30430379697730925
0.30411636315261886
0.3039282538092286
0.3037394599852579
0.30354997266239847
0.30335978276651454
0.30316888116827945
0.3029772586838472
0.3027849060755583
0.30259181405268415
0.30239797327220663
0.30220337433963557
0.30200800780986486
0.3018118641880655
0.3016149339306186
0.3014172074460873
0.30121867509622796
0.3010193271970422
0.30081915401986903
0.30061814579251606
0.30041629270043557
0.3002135848879379
0.3000100124594486
0.2998055654808071
0.29960023398060565
0.2993940079515736
0.2991868773519999
0.29897883210720144
0.29876986211102996
0.29855995722742507
0.2983491072920056
0.2981373021137055
0.29792453147645026
0.2977107851408757
0.2974960528460868
0.2972803243114593
0.2970635892384812
0.2968458373126319
0.2966270582053068
0.29640724157577575
0.29618637707318096
0.2959644543385764
0.2957414630069999
0.29551739270958577
0.2952922330757085
0.29506597373516563
0.2948386043203924
0.29461011446870966
0.2943804938246024
0.29414973204203065
0.2939178187867697
0.2936847437387768
0.2934504965945869
0.2932150670697326
0.2929784449011893
0.2927406198498416
0.29250158170297375
0.2922613202767749
0.2920198254188677
0.2917770870108491
0.29153309497084834
0.29128783925609536
0.2910413098655023
0.29079349684225275
0.29054439027639856
0.2902939803074609
0.29004225712703674
0.2897892109814037
0.2895348321741258
0.28927911106865545
0.28902203809093113
0.2887636037319661
0.2885037985504292
0.2882426131752142
0.28798003830799446
0.2877160647257604
0.2874506832833432
0.28718388491591307
0.2869156606414577
0.2866460015632365
0.2863748988722061
0.2861023438494174
0.2858283278683835
0.28555284239741163
0.28527587900190143
0.28499742934660494
0.2847174851978499
0.28443603842571763
0.2841530810061821
0.2838686050232017
0.2835826026707648
0.28329506625488726
0.28300598819556055
0.2827153610286469
0.2824231774077231
0.2821294301058689
0.2818341120173998
0.2815372161595435
0.28123873567405827
0.2809386638287913
0.28063699401917797
0.2803337197696805
0.280028834735164
0.2797223327022108
0.2794142075903731
0.2791044534533606
0.27879306448016655
0.27848003499612795
0.2781653594639254
0.27784903248451576
0.2775310487980043
0.277211403284452
0.2768900909646198
0.2765671070006527
0.2762424466966999
0.2759161054994757
0.27558807899875837
0.27525836292783284
0.2749269531638735
0.2745938457282696
0.2742590367868969
0.2739225226503343
0.27358429977402715
0.27324436475840064
0.2729027143489232
0.2725593454361222
0.27221425505555324
0.27186744038772676
0.27151889875799295
0.2711686276363835
0.27081662463742007
0.27046288751988373
0.2701074141865533
0.2697502026839105
0.26939125120181906
0.2690305580731738
0.26866812177352895
0.26830394092070387
0.2679380142743677
0.26757034073561087
0.2672009193464978
0.2668297492896131
0.26645682988759284
0.2660821606026528
0.26570574103611067
0.2653275709279064
0.26494765015612165
0.2645659787365044
0.2641825568219947
0.263797384702261
0.2634104628032441
0.263021791686712
0.26263137204982984
0.26223920472474327
0.26184529067818235
0.2614496310110817
0.2610522269582237
0.26065307988790326
0.26025219130161936
0.25984956283379024
0.2594451962514978
0.25903909345425946
0.25863125647383217
0.2582216874740466
0.25781038875067314
0.25739736273132335
0.25698261197538425
0.256566139173987
0.25614794715001377
0.25572803885813955
0.2553064173849095
0.25488308594885584
0.2544580479006506
0.2540313067232961
0.25360286603235277
0.253172729576206
0.2527409012363662
0.2523073850278121
0.2518721850993642
0.2514353057340982
0.2509967513497936
0.2505565264994149
0.25011463587163024
0.24967108429135917
0.24922587672035657
0.24877901825782525
0.24833051414105853
0.24788036974611352
0.24742859058850952
0.2469751823239545
0.2465201507490943
0.24606350180228775
0.24560524156439978
0.24514537625961758
0.24468391225628366
0.2442208560677444
0.24375621435321507
0.24328999391865658
0.24282220171766325
0.242352844852359
0.24188193057430107
0.24140946628538856
0.2409354595387732
0.24045991803977093
0.23998284964677336
0.2395042623721529
0.23902416438316468
0.2385425640028403
0.2380594697108702
0.2375748901444743
0.23708883409925866
0.23660131053005606
0.2361123285517452
0.23562189744005235
0.235130026632327
0.2346367257282938
0.23414200449077593
0.23364587284639032
0.23314834088620934
0.2326494188663897
0.23214911720876624
0.23164744650140665
0.23114441749912557
0.23064004112395936
0.23013432846559548
0.22962729078175606
0.22911893949853496
0.22860928621068466
0.22809834268185333
0.22758612084476762
0.22707263280136208
0.2265578908228537
0.22604190734975588
0.22552469499183636
0.2250062665280147
0.22448663490619492
0.22396581324303805
0.22344381482367093
0.22292065310132478
0.22239634169691358
0.2218708943985395
0.22134432516093266
0.22081664810481955
0.22028787751622173
0.2197580278456848
0.21922711370743084
0.21869514987844457
0.21816215129748034
0.21762813306399933
0.2170931104370312
0.21655709883396101
0.21602011382924222
0.2154821711530333
0.21494328668976107
0.214403476476607
0.2138627567019194
0.21332114370355026
0.21277865396711615
0.2122353041241863
0.21169111095039433
0.21114609136347579
0.2106002624212341
0.21005364131943022
0.20950624538960222
0.20895809209681165
0.20840919903731803
0.20785958393618423
0.20730926464481123
0.20675825913840298
0.2062065855133663
0.20565426198464046
0.20510130688296413
0.20454773865207454
0.203993575845846
0.20343883712536517
0.2028835412559447
0.20232770710407855
0.2017713536343388
0.2012144999062158
0.2006571650709027
0.20009936836802894
0.19954112912233746
0.19898246674031655
0.19842340070677997
0.19786395058140124
0.19730413599520358
0.19674397664700577
0.19618349229982762
0.19562270277725508
0.195061627959769
0.19450028778103812
0.19393870222417764
0.1933768913179774
0.19281487513310094
0.1922526737782552
0.19169030739633777
0.19112779616055808
0.19056516027053985
0.19000241994840275
0.18943959543482905
0.18887670698511372
0.18831377486520318
0.1877508193477238
0.187187860708001
0.18662491922007376
0.18606201515270504
0.1854991687653883
0.18493640030435815
0.18437372999860047
0.18381117805586888
0.18324876465870743
0.18268650996048263
0.18212443408142595
0.18156255710469002
0.1810008990724202
0.18043947998184265
0.17987831978137248
0.17931743836674202
0.17875685557715396
0.17819659119145903
0.17763666492435942
0.17707709642264322
0.17651790526144912
0.17595911094056302
0.17540073288074923
0.1748427904201197
0.17428530281053828
0.1737282892140671
0.17317176869945253
0.17261576023865488
0.17206028270342233
0.17150535486191062
0.17095099537535005
0.17039722279476133
0.16984405555772233
0.16929151198518472
0.16873961027834508
0.16818836851556898
0.1676378046493711
0.1670879365034503
0.16653878176978423
0.16599035800578038
0.16544268263148784
0.16489577292686927
0.1643496460291341
0.1638043189301333
0.16325980847381844
0.16271613135376267
0.1621733041107482
0.16163134313041655
0.16109026464098594
0.16055008471103438
0.160010819247349
0.1594724839928429
0.15893509452453927
0.15839866625162288
0.15786321441356108
0.15732875407829017
0.1567953001404736
0.15626286731982725
0.155731470159512
0.15520112302459807
0.15467184010059581
0.15414363539205572
0.15361652272123816
0.15309051572684979
0.1525656278628501
0.15204187239732464
0.1515192624114275
0.1509978107983892
0.15047753026259514
0.14995843331872732
0.14944053229097487
0.14892383931231049
0.1484083663238301
0.14789412507416105
0.14738112711893192
0.14686938382030768
0.14635890634658733
0.14584970567186462
0.14534179257575092
0.1448351776431587
0.14432987126414598
0.14382588363381965
0.1433232247523001
0.14282190442474177
0.14232193226141107
0.14182331767782247
0.14132606989492938
0.14083019793936924
0.1403357106437633
0.13984261664706862
0.13935092439498387
0.1388606421404029
0.1383717779439224
0.13788433967439484
0.13739833500953302
0.13691377143655856
0.13643065625289935
0.1359489965669306
0.13546879929875952
0.13499007118105477
0.13451281875991578
0.13403704839578529
0.13356276626440028
0.1330899783577819
0.13261869048526423
0.13214890827455844
0.13168063717285394
0.13121388244795285
0.13074864918943965
0.1302849423098823
0.12982276654606484
0.12936212646025091
0.12890302644147716
0.12844547070687296
0.12798946330301067
0.12753500810727914
0.12708210882928436
0.12663076901227419
0.12618099203458572
0.12573278111111486
0.12528613929480925
0.12484106947817802
0.12439757439482403
0.12395565662099294
0.12351531857714003
0.12307656252951354
0.12263939059175434
0.12220380472650838
0.12176980674705538
0.12133739831894824
0.12090658096166594
0.12047735605027687
0.12004972481711287
0.11962368835345163
0.11919924761121037
0.11877640340464324
0.11835515641205044
0.11793550717748995
0.11751745611249638
0.11710100349780422
0.11668614948507575
0.11627289409863076
0.1158612372371807
0.11545117867556318
0.11504271806647867
0.1146358549422273
0.11423058871644623
0.11382691868584485
0.11342484403194054
0.113024363822791
0.11262547701472517
0.1122281824540704
0.11183247887887603
0.11143836492063364
0.11104583910599111
0.1106548998584632
0.11026554550013476
0.10987777425335976
0.10949158424245185
0.10910697349536844
0.10872393994538812
0.10834248143277908
0.10796259570645979
0.10758428042565067
0.10720753316151685
0.10683235139880135
0.10645873253744847
0.10608667389421791
0.10571617270428597
0.10534722612283914
0.10497983122665411
0.10461398501566832
0.10424968441453655
0.10388692627417881
0.1035257073733124
0.10316602441997488
0.10280787405303257
0.10245125284367644
0.10209615729690572
0.10174258385299709
0.10139052888896208
0.1010399887199894
0.10069095960087457
0.10034343772743469
0.0999974192379106
0.09965290021435329
0.09930987668399785
0.09896834462062068
0.09862829994588507
0.09828973853066955
0.09795265619638382
0.09761704871626803
0.09728291181667868
0.0969502411783592
0.09661903243769526
0.0962892811879562
0.0959609829805194
0.09563413332608234
0.09530872769585809
0.09498476152275517
0.09466223020254359
0.09434112909500603
0.09402145352507209
0.09370319878393965
0.09338636013018017
0.09307093279082876
0.09275691196246029
0.09244429281224864
0.092133070479014
0.09182324007425235
0.09151479668315199
0.09120773536559429
0.09090205115714071
0.09059773907000437
0.09029479409400684
0.08999321119752217
0.0896929853284036
0.08939411141489845
0.0890965843665481
0.08880039907507255
0.08850555041524263
0.08821203324573662
0.08791984240998435
0.08762897273699662
0.08733941904218061
0.08705117612814291
0.08676423878547737
0.08647860179354114
0.08619425992121615
0.0859112079276583
0.08562944056303246
0.08534895256923575
0.08506973868060724
0.08479179362462488
0.08451511212258994
0.0842396888902989
0.08396551863870322
0.08369259607455609
0.08342091590104797
0.08315047281842952
0.08288126152462287
0.08261327671582054
0.08234651308707353
0.08208096533286777
0.08181662814768854
0.081553496226574
0.08129156426565781
0.08103082696270039
0.08077127901760944
0.08051291513294977
0.08025573001444207
0.07999971837145209
0.07974487491746843
0.07949119437057088
0.07923867145388773
0.07898730089604467
0.07873707743160194
0.07848799580148313
0.07824005075339406
0.07799323704223138
0.07774754943048365
0.07750298268862074
0.0772595315954765
0.07701719093862117
0.0767759555147246
0.07653582012991275
0.0762967796001128
0.07605882875139204
0.0758219624202875
0.07558617545412738
0.07535146271134434
0.07511781906178164
0.07488523938698965
0.07465371858051684
0.07442325154819127
0.07419383320839552
0.07396545849233425
0.07373812234429417
0.07351181972189694
0.07328654559634512
0.07306229495266114
0.0728390627899194
0.07261684412147193
0.07239563397516673
0.07217542739356098
0.07195621943412618
0.07173800516944812
0.07152077968742084
0.07130453809143361
0.07108927550055275
0.07087498704969701
0.0706616678898076
0.07044931318801262
0.07023791812778565
0.07002747790909852
0.06981798774857019
0.06960944287960821
0.06940183855254703
0.06919517003477992
0.06898943261088625
0.06878462158275422
0.06858073226969871
0.06837776000857346
0.06817570015388014
0.06797454807787195
0.06777429917065261
0.06757494884027174
0.06737649251281515
0.06717892563249164
0.06698224366171535
0.06678644208118342
0.06659151638995134
0.06639746210550239
0.06620427476381503
0.06601194991942541
0.06582048314548687
0.06562987003382524
0.06544010619499138
0.06525118725830954
0.06506310887192336
0.06487586670283704
0.06468945643695478
0.06450387377911626
0.06431911445312916
0.06413517420179884
0.0639520487869549
0.06376973398947461
0.06358822560930397
0.0634075194654759
0.06322761139612525
0.06304849725850195
0.0628701729289804
0.06269263430306789
0.06251587729540903
0.062339897839788744
0.0621646918891326
0.06199025541550426
0.06181658441010211
0.06164367488325187
0.06147152286439842
0.06130012440209533
0.061129475563990975
0.06095957243681521
0.06079041112636145
0.060621987757468306
0.06045429847399941
0.06028733943882072
0.06012110683377629
0.05995559685966284
0.059790805736201894
0.059626729702010606
0.05946336501457117
0.05930070795019857
0.05913875480400646
0.058977501889871865
0.058816945540398735
0.058657082106879574
0.058497907959256246
0.058339419486078285
0.0581816130944621
0.05802448521004642
0.05786803227694841
0.05771225075771773
0.05755713713328983
0.05740268790293733
0.0572488995842218
0.05709576871294288
0.05694329184308755
0.05679146554677807
0.056640286414218366
0.05648975105364066
0.05633985609125024
0.056190598171169434
0.05604197395538176
0.055893980123673706
0.05574661337357683
0.05559987042030892
0.05545374799671418
0.055308242853202905
0.055163351757690146
0.055019071495534165
0.05487539886947428
0.05473233069956739
0.0545898638231248
0.05444799509464792
0.05430672138576356
0.05416603958515889
0.05402594659851563
0.05388643934844364
0.05374751477441496
0.05360916983269593
0.05347140149628021
0.053334206754821
0.05319758261456195
0.05306152609826956
0.05292603424516376
0.05279110411084813
0.052656732767241275
0.05252291730250587
0.05238965482097926
0.05225694244310253
0.05212477730535012
0.05199315656015864
0.05186207737585578
0.05173153693658917
0.0516015324422545
0.05147206110842406
0.05134312016627486
0.051214706862516564
0.051086818459319214
0.05095945223424111
0.05083260548015643
0.05070627550518291
0.05058045963260879
0.05045515520082068
0.05033035956323078
0.05020607008820384
0.0500822841589849
0.04995899917362585
