0.5034641565689936
0.5260006008133917
0.5259280749281277
0.5257616118598163
0.525637985772375
0.5255450035135735
0.5254735709087955
0.5254173148240227
0.525371769093143
0.5253338013989218
0.525301212326418
0.5252724551430206
0.5252464400412535
0.5252223973943031
0.5251997822109256
0.5251782073430431
0.5251573967585204
0.5251371528191862
0.5251173333382608
0.5250978354704575
0.525078584379675
0.5250595252505751
0.5250406176433889
0.5250218314930873
0.5250031442644696
0.5249845389214449
0.5249660024711672
0.5249475249151576
0.5249290984894902
0.5249107171110401
0.5248923759712396
0.5248740712359324
0.5248557998219415
0.5248375592294359
0.5248193474151412
0.524801162695661
0.5247830036731532
0.5247648691777417
0.5247467582225503
0.524728669968338
0.5247106036954966
0.5246925587817385
0.5246745346842183
0.5246565309251333
0.5246385470800725
0.5246205827685525
0.5246026376463028
0.5245847113989561
0.5245668037368779
0.5245489143909162
0.5245310431089028
0.5245131896527684
0.5244953537961603
0.5244775353224738
0.5244597340232203
0.5244419496966795
0.5244241821467788
0.524406431182166
0.5243886966154399
0.5243709782625094
0.524353275942065
0.5243355894751355
0.5243179186847223
0.524300263395496
0.5242826234335409
0.5242649986261462
0.5242473888016295
0.5242297937891911
0.5242122134187931
0.5241946475210577
0.5241770959271832
0.524159558468873
0.5241420349782775
0.5241245252879455
0.524107029230782
0.5240895466400153
0.5240720773491674
0.5240546211920301
0.5240371780026447
0.5240197476152858
0.5240023298644446
0.5239849245848194
0.5239675316113032
0.5239501507789759
0.5239327819230961
0.5239154248790948
0.5238980794825695
0.5238807455692795
0.5238634229751412
0.5238461115362241
0.5238288110887481
0.5238115214690795
0.5237942425137283
0.5237769740593463
0.5237597159427234
0.5237424680007869
0.523725230070598
0.5237080019893507
0.5236907835943692
0.5236735747231069
0.5236563752131438
0.5236391849021848
0.523622003628059
0.5236048312287169
0.5235876675422295
0.5235705124067862
0.5235533656606939
0.5235362271423744
0.5235190966903636
0.5235019741433105
0.523484859339974
0.5234677521192233
0.5234506523200344
0.5234335597814906
0.5234164743427794
0.5233993958431917
0.5233823241221203
0.5233652590190578
0.5233482003735964
0.5233311480254247
0.5233141018143272
0.5232970615801831
0.5232800271629634
0.5232629984027306
0.5232459751396372
0.5232289572139234
0.5232119444659158
0.5231949367360264
0.5231779338647505
0.5231609356926656
0.5231439420604291
0.5231269528087781
0.523109967778526
0.5230929868105629
0.5230760097458524
0.523059036425432
0.5230420666904085
0.5230251003819598
0.5230081373413316
0.5229911774098349
0.5229742204288473
0.5229572662398084
0.5229403146842203
0.5229233656036446
0.5229064188397023
0.5228894742340708
0.522872531628483
0.5228555908647261
0.522838651784639
0.5228217142301113
0.5228047780430818
0.522787843065537
0.522770909139509
0.5227539761070737
0.5227370438103506
0.5227201120914994
0.5227031807927196
0.5226862497562482
0.5226693188243585
0.5226523878393585
0.5226354566435886
0.522618525079421
0.5226015929892571
0.5225846602155266
0.5225677266006854
0.5225507919872137
0.5225338562176152
0.5225169191344151
0.5224999805801577
0.5224830403974056
0.5224660984287379
0.5224491545167484
0.522432208504044
0.5224152602332425
0.5223983095469715
0.522381356287867
0.5223644002985707
0.5223474414217295
0.5223304794999926
0.5223135143760103
0.5222965458924334
0.5222795738919089
0.5222625982170814
0.5222456187105884
0.5222286352150614
0.5222116475731213
0.5221946556273795
0.5221776592204338
0.5221606581948681
0.5221436523932502
0.52212664165813
0.5221096258320378
0.5220926047574824
0.5220755782769495
0.5220585462329008
0.5220415084677696
0.5220244648239625
0.5220074151438545
0.5219903592697899
0.521973297044078
0.5219562283089935
0.5219391529067728
0.521922070679614
0.5219049814696737
0.5218878851190656
0.521870781469859
0.5218536703640768
0.5218365516436936
0.5218194251506334
0.5218022907267691
0.5217851482139191
0.5217679974538462
0.5217508382882564
0.5217336705587955
0.5217164941070483
0.5216993087745372
0.5216821144027187
0.5216649108329829
0.5216476979066511
0.5216304754649743
0.5216132433491303
0.5215960014002232
0.5215787494592808
0.5215614873672517
0.5215442149650057
0.5215269320933296
0.5215096385929269
0.5214923343044142
0.5214750190683217
0.5214576927250884
0.5214403551150625
0.5214230060784981
0.521405645455554
0.5213882730862909
0.52137088881067
0.5213534924685513
0.5213360838996913
0.5213186629437403
0.5213012294402417
0.5212837832286294
0.5212663241482255
0.5212488520382385
0.5212313667377615
0.5212138680857702
0.5211963559211205
0.5211788300825463
0.5211612904086587
0.5211437367379423
0.5211261689087543
0.5211085867593221
0.5210909901277407
0.5210733788519719
0.5210557527698407
0.5210381117190346
0.5210204555371001
0.5210027840614425
0.5209850971293214
0.5209673945778509
0.520949676243996
0.5209319419645708
0.5209141915762365
0.5208964249154999
0.5208786418187096
0.520860842122056
0.5208430256615667
0.5208251922731069
0.5208073417923753
0.520789474054903
0.5207715888960502
0.5207536861510056
0.520735765654783
0.520717827242219
0.5206998707479722
0.5206818960065189
0.5206639028521529
0.5206458911189821
0.5206278606409261
0.520609811251715
0.520591742784886
0.5205736550737821
0.5205555479515488
0.5205374212511333
0.5205192748052808
0.5205011084465326
0.5204829220072245
0.5204647153194836
0.5204464882152262
0.520428240526156
0.5204099720837615
0.520391682719313
0.5203733722638617
0.5203550405482358
0.5203366874030387
0.5203183126586477
0.52029991614521
0.5202814976926411
0.5202630571306226
0.5202445942885991
0.520226108995777
0.520207601081121
0.5201890703733516
0.5201705167009437
0.5201519398921235
0.5201333397748661
0.5201147161768928
0.5200960689256695
0.520077397848403
0.5200587027720402
0.5200399835232637
0.5200212399284908
0.5200024718138702
0.5199836790052796
0.5199648613283242
0.519946018608332
0.5199271506703541
0.5199082573391594
0.5198893384392338
0.5198703937947777
0.5198514232297019
0.5198324265676272
0.5198134036318796
0.5197943542454894
0.5197752782311876
0.5197561754114045
0.5197370456082655
0.5197178886435896
0.5196987043388863
0.5196794925153532
0.5196602529938734
0.5196409855950126
0.5196216901390164
0.5196023664458078
0.5195830143349851
0.5195636336258179
0.5195442241372455
0.5195247856878736
0.5195053180959723
0.5194858211794723
0.5194662947559632
0.5194467386426901
0.519427152656551
0.5194075366140947
0.5193878903315167
0.5193682136246576
0.5193485063090001
0.5193287681996654
0.5193089991114119
0.5192891988586306
0.5192693672553437
0.5192495041152012
0.5192296092514784
0.5192096824770721
0.519189723604499
0.5191697324458918
0.5191497088129978
0.5191296525171736
0.5191095633693849
0.5190894411802012
0.5190692857597952
0.5190490969179378
0.5190288744639964
0.5190086182069316
0.5189883279552944
0.5189680035172232
0.5189476447004404
0.5189272513122504
0.5189068231595355
0.5188863600487537
0.5188658617859352
0.51884532817668
0.5188247590261543
0.518804154139088
0.5187835133197705
0.5187628363720492
0.5187421230993259
0.518721373304553
0.5187005867902315
0.5186797633584072
0.5186589028106674
0.5186380049481393
0.5186170695714849
0.518596096480899
0.518575085476106
0.5185540363563568
0.5185329489204247
0.5185118229666043
0.5184906582927057
0.5184694546960538
0.518448211973483
0.518426929921336
0.5184056083354585
0.518384247011198
0.5183628457433991
0.5183414043264012
0.5183199225540346
0.5182984002196173
0.5182768371159525
0.5182552330353245
0.5182335877694958
0.5182119011097035
0.5181901728466566
0.5181684027705317
0.5181465906709711
0.5181247363370778
0.5181028395574138
0.5180809001199954
0.518058917812291
0.5180368924212165
0.518014823733133
0.5179927115338432
0.5179705556085872
0.5179483557420399
0.5179261117183083
0.5179038233209258
0.5178814903328509
0.5178591125364631
0.5178366897135591
0.5178142216453496
0.5177917081124561
0.517769148894907
0.517746543772134
0.5177238925229695
0.5177011949256421
0.5176784507577734
0.517655659796375
0.5176328218178441
0.5176099365979606
0.5175870039118832
0.5175640235341462
0.5175409952386554
0.5175179187986853
0.5174947939868746
0.5174716205752237
0.5174483983350895
0.5174251270371839
0.5174018064515682
0.5173784363476506
0.5173550164941826
0.5173315466592543
0.5173080266102925
0.5172844561140552
0.5172608349366292
0.5172371628434257
0.5172134395991772
0.5171896649679333
0.5171658387130571
0.5171419605972223
0.5171180303824077
0.5170940478298955
0.517070012700266
0.5170459247533951
0.5170217837484488
0.5169975894438817
0.5169733415974317
0.5169490399661166
0.5169246843062305
0.5169002743733393
0.5168758099222783
0.5168512907071467
0.5168267164813054
0.5168020869973717
0.5167774020072167
0.5167526612619608
0.51672786451197
0.5167030115068519
0.5166781019954522
0.5166531357258507
0.5166281124453573
0.5166030319005079
0.5165778938370613
0.5165526979999943
0.5165274441334987
0.516502131980977
0.516476761285038
0.5164513317874941
0.5164258432293561
0.5164002953508302
0.5163746878913134
0.5163490205893899
0.5163232931828272
0.516297505408572
0.5162716570027464
0.5162457477006435
0.5162197772367239
0.5161937453446116
0.5161676517570899
0.5161414962060977
0.5161152784227252
0.5160889981372094
0.516062655078932
0.5160362489764125
0.5160097795573073
0.515983246548403
0.5159566496756137
0.5159299886639777
0.5159032632376512
0.5158764731199068
0.5158496180331277
0.5158226976988043
0.5157957118375299
0.5157686601689975
0.5157415424119943
0.5157143582843992
0.5156871075031769
0.5156597897843761
0.5156324048431234
0.5156049523936204
0.5155774321491389
0.5155498438220177
0.5155221871236577
0.5154944617645182
0.5154666674541126
0.515438803901005
0.5154108708128047
0.5153828678961636
0.5153547948567714
0.5153266513993513
0.5152984372276563
0.5152701520444654
0.5152417955515781
0.5152133674498127
0.5151848674389995
0.5151562952179787
0.5151276504845949
0.5150989329356948
0.5150701422671209
0.515041278173709
0.5150123403492834
0.5149833284866531
0.5149542422776074
0.514925081412912
0.5148958455823053
0.5148665344744927
0.5148371477771453
0.5148076851768928
0.5147781463593214
0.5147485310089694
0.5147188388093217
0.5146890694428077
0.5146592225907966
0.5146292979335918
0.5145992951504295
0.5145692139194721
0.5145390539178059
0.5145088148214357
0.5144784963052822
0.5144480980431765
0.5144176197078567
0.514387060970964
0.5143564215030382
0.5143257009735145
0.5142948990507182
0.5142640154018616
0.51423304969304
0.5142020015892268
0.5141708707542706
0.5141396568508905
0.5141083595406719
0.5140769784840635
0.5140455133403725
0.5140139637677603
0.5139823294232397
0.5139506099626701
0.5139188050407533
0.5138869143110301
0.5138549374258767
0.5138228740364996
0.5137907237929327
0.5137584863440331
0.5137261613374768
0.5136937484197557
0.5136612472361726
0.5136286574308382
0.5135959786466667
0.5135632105253721
0.5135303527074649
0.5134974048322475
0.5134643665378105
0.5134312374610291
0.5133980172375601
0.5133647055018357
0.5133313018870628
0.5132978060252171
0.51326421754704
0.5132305360820354
0.5131967612584649
0.5131628927033451
0.5131289300424433
0.5130948729002742
0.5130607209000961
0.5130264736639072
0.5129921308124419
0.5129576919651678
0.512923156740281
0.5128885247547039
0.5128537956240803
0.512818968962773
0.5127840443838595
0.5127490214991288
0.5127138999190783
0.512678679252909
0.5126433591085245
0.5126079390925246
0.5125724188102042
0.5125367978655491
0.5125010758612324
0.5124652523986115
0.5124293270777248
0.5123932994972883
0.5123571692546921
0.5123209359459979
0.5122845991659347
0.5122481585078966
0.5122116135639389
0.5121749639247752
0.5121382091797747
0.5121013489169582
0.5120643827229963
0.5120273101832042
0.5119901308815413
0.5119528444006065
0.5119154503216358
0.5118779482244988
0.5118403376876964
0.5118026182883579
0.5117647896022377
0.5117268512037132
0.5116888026657803
0.5116506435600532
0.5116123734567594
0.5115739919247381
0.5115354985314373
0.5114968928429111
0.5114581744238169
0.5114193428374132
0.5113803976455567
0.5113413384087
0.511302164685889
0.5112628760347602
0.5112234720115387
0.5111839521710355
0.5111443160666459
0.5111045632503453
0.511064693272689
0.511024705682809
0.5109846000284115
0.5109443758557756
0.5109040327097502
0.5108635701337525
0.5108229876697655
0.5107822848583368
0.5107414612385751
0.5107005163481505
0.5106594497232897
0.5106182608987769
0.5105769494079503
0.5105355147827003
0.5104939565534689
0.5104522742492468
0.5104104673975722
0.5103685355245297
0.5103264781547474
0.5102842948113967
0.5102419850161897
0.5101995482893785
0.510156984149754
0.5101142921146432
0.5100714716999092
0.5100285224199494
0.5099854437876945
0.5099422353146066
0.509898896510679
0.5098554268844344
0.5098118259429243
0.5097680931917278
0.5097242281349506
0.5096802302752238
0.5096360991137039
0.5095918341500711
0.5095474348825291
0.5095029008078038
0.5094582314211434
0.5094134262163171
0.5093684846856147
0.5093234063198466
0.5092781906083426
0.5092328370389518
0.5091873450980424
0.509141714270501
0.5090959440397328
0.5090500338876607
0.5090039832947263
0.5089577917398883
0.5089114587006239
0.5088649836529274
0.508818366071312
0.5087716054288077
0.5087247011969639
0.5086776528458472
0.5086304598440436
0.5085831216586582
0.5085356377553144
0.5084880075981568
0.5084402306498496
0.5083923063715774
0.5083442342230473
0.5082960136624878
0.5082476441466501
0.5081991251308098
0.5081504560687662
0.5081016364128441
0.5080526656138947
0.5080035431212966
0.5079542683829567
0.5079048408453111
0.5078552599533265
0.507805525150502
0.5077556358788698
0.5077055915789961
0.5076553916899834
0.5076050356494718
0.5075545228936398
0.507503852857207
0.5074530249734347
0.5074020386741284
0.507350893389639
0.5072995885488654
0.507248123579255
0.5071964979068069
0.5071447109560734
0.5070927621501627
0.5070406509107396
0.5069883766580288
0.5069359388108171
0.5068833367864553
0.5068305700008604
0.506777637868519
0.5067245398024884
0.5066712752144004
0.5066178435144626
0.5065642441114622
0.5065104764127683
0.5064565398243343
0.5064024337507013
0.5063481575950002
0.506293710758956
0.5062390926428891
0.5061843026457193
0.5061293401649691
0.5060742045967664
0.5060188953358478
0.5059634117755616
0.5059077533078719
0.5058519193233613
0.5057959092112345
0.5057397223593225
0.5056833581540847
0.5056268159806135
0.5055700952226383
0.5055131952625279
0.5054561154812957
0.5053988552586024
0.5053414139727608
0.5052837910007391
0.5052259857181647
0.5051679974993292
0.5051098257171911
0.5050514697433812
0.5049929289482064
0.5049342027006528
0.5048752903683924
0.5048161913177844
0.5047569049138824
0.5046974305204367
0.5046377674999
0.5045779152134313
0.5045178730209009
0.5044576402808948
0.5043972163507185
0.5043366005864038
0.5042757923427111
0.5042147909731356
0.5041535958299121
0.504092206264019
0.504030621625184
0.5039688412618885
0.5039068645213729
0.5038446907496419
0.5037823192914683
0.5037197494903994
0.5036569806887616
0.5035940122276652
0.5035308434470103
0.5034674736854915
0.5034039022806027
0.5033401285686435
0.5032761518847239
0.5032119715627689
0.5031475869355251
0.5030829973345655
0.5030182020902947
0.5029532005319544
0.5028879919876292
0.5028225757842517
0.502756951247608
0.5026911177023434
0.5026250744719675
0.5025588208788606
0.5024923562442782
0.5024256798883572
0.502358791130121
0.5022916892874861
0.5022243736772665
0.5021568436151795
0.5020890984158526
0.5020211373928272
0.5019529598585655
0.501884565124456
0.501815952500819
0.5017471212969113
0.5016780708209341
0.5016088003800361
0.5015393092803209
0.5014695968268519
0.501399662323658
0.501329505073739
0.5012591243790718
0.5011885195406158
0.5011176898583182
0.5010466346311195
0.5009753531569594
0.5009038447327827
0.5008321086545436
0.5007601442172129
0.5006879507147817
0.5006155274402682
0.5005428736857227
0.5004699887422331
0.50039687189993
0.5003235224479923
0.5002499396746527
0.5001761228672027
0.500102071311998
0.500027784294464
0.4999532610991003
0.49987850100948705
0.49980350330828865
0.4997282672772599
0.49965279219725045
0.49957707734821044
0.4995011220091949
0.4994249254583689
0.49934848697301215
0.49927180582952435
0.49919488130342926
0.49911771266937993
0.4990402992011634
0.4989626401717049
0.49888473485307255
0.49880658251648213
0.4987281824323008
0.49864953387005234
0.4985706360984207
0.4984914883852548
0.4984120899975723
0.4983324402015638
0.49825253826259686
0.4981723834452196
0.4980919750131657
0.4980113122293569
0.49793039435590714
0.4978492206541265
0.4977677903845248
0.497686102806814
0.4976041571799133
0.49752195276195105
0.49743948881026884
0.4973567645814239
0.49727377933119266
0.497190532314574
0.49710702278579083
0.49702324999829456
0.4969392132047664
0.4968549116571208
0.49677034460650726
0.49668551130331334
0.4966004109971664
0.4965150429369363
0.49642940637073724
0.4963435005459292
0.49625732470912076
0.4961708781061705
0.49608415998218813
0.4959971695815369
0.49590990614783437
0.49582236892395404
0.49573455715202663
0.49564647007344076
0.4955581069288443
0.4954694669581454
0.49538054940051285
0.49529135349437686
0.4952018784774297
0.49511212358662593
0.49502208805818265
0.4949317711275801
0.49484117202956096
0.4947502899981313
0.4946591242665591
0.49456767406737484
0.49447593863237105
0.4943839171926012
0.4942916089783795
0.4941990132192798
0.4941061291441347
0.49401295598103484
0.49391949295732684
0.49382573929961276
0.49373169423374885
0.49363735698484285
0.4935427267772535
0.49344780283458806
0.4933525843797004
0.49325707063468915
0.4931612608208951
0.4930651541588997
0.49296874986852157
0.4928720471688143
0.4927750452780644
0.49267774341378734
0.4925801407927253
0.492482236630844
0.49238403014332965
0.4922855205445847
0.4921867070482259
0.4920875888670795
0.4919881652131776
0.4918884352977556
0.4917883983312462
0.49168805352327766
0.49158740008266755
0.4914864372174198
0.49138516413471994
0.4912835800409301
0.49118168414158486
0.4910794756413869
0.4909769537442009
0.4908741176530499
0.4907709665701093
0.4906674996967026
0.4905637162332944
0.49045961537948723
0.4903551963340145
0.49025045829473535
0.490145400458629
0.4900400220217892
0.48993432217941774
0.4898283001258191
0.48972195505439375
0.4896152861576328
0.489508292627111
0.489400973653481
0.4892933284264663
0.48918535613485564
0.4890770559664953
0.48896842710828414
0.48885946874616515
0.4887501800651193
0.4886405602491593
0.48853060848132207
0.4884203239436619
0.4883097058172434
0.4881987532821347
0.4880874655174001
0.48797584170109287
0.48786388101024825
0.4877515826208758
0.48763894570795263
0.48752596944541593
0.4874126530061552
0.48729899556200523
0.4871849962837391
0.4870706543410597
0.48695596890259313
0.48684093913588133
0.48672556420737373
0.4866098432824209
0.4864937755252661
0.4863773600990386
0.4862605961657455
0.4861434828862651
0.48602601942033885
0.48590820492656384
0.4857900385623863
0.4856715194840929
0.4855526468468048
0.4854334198044694
0.4853138375098537
0.48519389911453625
0.4850736037689012
0.4849529506221306
0.4848319388221968
0.4847105675158563
0.4845888358486431
0.4844667429648604
0.48434428800757573
0.4842214701186128
0.48409828843854597
0.4839747421066932
0.4838508302611096
0.48372655203858167
0.4836019065746209
0.4834768930034573
0.4833515104580342
0.4832257580700023
0.48309963496971325
0.4829731402862152
0.48284627314724693
0.48271903267923233
0.482591418007276
0.48246342825515726
0.48233506254532676
0.4822063199989008
0.48207719973565744
0.4819477008740318
0.4818178225311128
0.4816875638226386
0.48155692386299304
0.48142590176520234
0.4812944966409317
0.48116270760048285
0.4810305337527899
0.4808979742054185
0.4807650280645619
0.4806316944350394
0.4804979724202951
0.4803638611223954
0.48022935964202756
0.4800944670784996
0.479959182529738
0.47982350509228866
0.47968743386131485
0.47955096793059887
0.47941410639254123
0.47927684833816153
0.47913919285709894
0.479001139037614
0.47886268596658993
0.47872383272953345
0.47858457841057844
0.4784449220924869
0.4783048628566524
0.4781643997831035
0.47802353195050634
0.4778822584361687
0.47774057831604444
0.47759849066473786
0.477455994555508
0.4773130890602748
0.4771697732496239
0.4770260461928124
0.4768819069577766
0.47673735461113675
0.47659238821820615
0.47644700684299673
0.4763012095482287
0.47615499539533773
0.47600836344448433
0.47586131275456245
0.4757138423832096
0.4755659513868162
0.47541763882053706
0.4752689037383008
0.47511974519282285
0.47497016223561533
0.47482015391700083
0.47466971928612395
0.4745188573909655
0.4743675672783546
0.474215847993984
0.47406369858242375
0.47391111808713676
0.4737581055504938
0.4736046600137892
0.47345078051725764
0.47329646610009113
0.47314171580045544
0.4729865286555095
0.4728309037014221
0.4726748399733915
0.4725183365056644
0.4723613923315566
0.47220400648347205
0.4720461779929243
0.47188790589055807
0.47172918920617046
0.47157002696873357
0.47141041820641727
0.47125036194661296
0.4710898572159565
0.4709289030403533
0.47076749844500315
0.47060564245442515
0.47044333409248434
0.4702805723824174
0.47011735634685986
0.4699536850078738
0.4697895573869757
0.46962497250516455
0.46945992938295145
0.46929442704038843
0.4691284644970997
0.4689620407723104
0.46879515488487955
0.4686278058533303
0.4684599926958824
0.4682917144304857
0.4681229700748511
0.4679537586464868
0.4677840791627304
0.4676139306407846
0.46744331209775175
0.46727222255067025
0.4671006610165493
0.4669286265124072
0.46675611805530726
0.4665831346623955
0.46640967535093913
0.466235739138365
0.46606132504229875
0.46588643208060343
0.4657110592714204
0.46553520563320994
0.46535887018479066
0.46518205194538265
0.4650047499346475
0.46482696317273237
0.46464869068031067
0.4644699314786267
0.4642906845895382
0.46411094903556055
0.4639307238399113
0.46375000802655436
0.46356880062024586
0.4633871006465786
0.463204907132029
0.46302221910400226
0.46283903559088035
0.4626553556220678
0.46247117822803896
0.46228650244038677
0.4621013272918694
0.46191565181645955
0.46172947504939266
0.46154279602721543
0.4613556137878361
0.4611679273705726
0.4609797358162032
0.4607910381670164
0.46060183346686034
0.4604121207611948
0.4602218990971407
0.4600311675235312
0.45983992509096333
0.4596481708518489
0.45945590386046586
0.45926312317301105
0.45906982784764977
0.4588760169445704
0.4586816895260345
0.4584868446564297
0.4582914814023221
0.45809559883250855
0.4578991960180691
0.4577022720324191
0.4575048259513619
0.45730685685314243
0.4571083638184978
0.45690934593071175
0.45670980227566593
0.4565097319418928
0.4563091340206284
0.45610800760586423
0.45590635179439953
0.45570416568589395
0.4555014483829194
0.4552981989910114
0.45509441661872174
0.45489010037766947
0.45468524938259247
0.4544798627513989
0.45427393960521745
0.45406747906844896
0.4538604802688161
0.4536529423374136
0.4534448644087593
0.45323624562084197
0.4530270851151712
0.4528173820368271
0.45260713553450704
0.4523963447605754
0.45218500887111013
0.45197312702594994
0.451760698388742
0.451547722126987
0.4513341974120859
0.4511201234193839
0.4509054993282168
0.4506903243219537
0.450474597588041
0.45025831831804536
0.45004148570769636
0.44982409895692693
0.44960615726991593
0.4493876598551269
0.449168605925349
0.4489489946977344
0.4487288253938375
0.4485080972396517
0.4482868094656457
0.4480649613067995
0.4478425520026391
0.4476195807972702
0.4473960469394112
0.4471719496824259
0.44694728828435387
0.4467220620079414
0.44649627012067006
0.4462699118947853
0.44604298660732383
0.44581549354013894
0.44558743197992684
0.4453588012182496
0.44512960055155837
0.4448998292812154
0.44466948671351414
0.44443857215969895
0.44420708493598315
0.44397502436356584
0.44374238976864805
0.44350918048244725
0.44327539584120945
0.44304103518622273
0.44280609786382613
0.44257058322542026
0.4423344906274739
0.442097819431531
0.44186056900421605
0.44162273871723684
0.441384327947387
0.4411453360765466
0.44090576249168134
0.4406656065848405
0.44042486775315187
0.44018354539881793
0.4399416389291074
0.4396991477563477
0.4394560712979144
0.43921240897621905
0.4389681602186959
0.4387233244577872
0.43847790113092594
0.43823188968051746
0.4379852895539193
0.4377381002034195
0.43749032108621233
0.4372419516643738
0.4369929914048337
0.43674343977934676
0.43649329626446276
0.43624256034149256
0.4359912314964754
0.4357393092201405
0.43548679300787163
0.43523368235966486
0.4349799767800884
0.4347256757782382
0.4344707788676923
0.4342152855664636
0.43395919539695105
0.4337025078858874
0.4334452225642861
0.4331873389673874
0.43292885663459996
0.4326697751094418
0.4324100939394804
0.4321498126762691
0.4318889308752818
0.43162744809584674
0.43136536390107794
0.4311026778578031
0.43083938953649203
0.43057549851118154
0.43031100435939823
0.4300459066620804
0.4297802050034971
0.42951389897116476
0.42924698815576373
0.42897947215105103
0.428711350553771
0.42844262296356583
0.4281732889828824
0.4279033482168777
0.4276328002733224
0.42736164476250266
0.4270898812971191
0.4268175094921848
0.4265445289649209
0.4262709393346512
0.425996740222692
0.42572193125224445
0.42544651204828077
0.4251704822374314
0.424893841447869
0.424616589309191
0.4243387254522997
0.42406024950928217
0.42378116111328595
0.4235014598983947
0.42322114549950185
0.42294021755218175
0.42265867569255955
0.4223765195571796
0.42209374878287165
0.42181036300661545
0.4215263618654041
0.4212417449961048
0.4209565120353197
0.4206706626192429
0.4203841963835175
0.4200971129630908
0.41980941199206734
0.4195210931035614
0.4192321559295468
0.4189426001007069
0.4186524252462809
0.4183616309939116
0.41807021696948854
0.4177781827969933
0.4174855280983401
0.417192252493218
0.4168983555989295
0.4166038370302301
0.4163086963991647
0.4160129333149042
0.4157165473835803
0.41541953820812016
0.4151219053880782
0.4148236485194691
0.4145247671945982
0.4142252610018914
0.4139251295257256
0.4136243723462549
0.4133229890392401
0.4130209791758744
0.41271834232260984
0.4124150780409821
0.4121111858874359
0.41180666541314936
0.41150151616385555
0.41119573767966866
0.41088932949490387
0.410582291137901
0.4102746221308457
0.40996632198959126
0.40965739022347936
0.4093478263351619
0.40903762982041975
0.4087268001679863
0.4084153368593654
0.4081032393686532
0.40779050716235826
0.4074771396992224
0.4071631364300407
0.4068484967974827
0.40653322023591376
0.40621730617121604
0.4059007540206097
0.4055835631924761
0.4052657330861783
0.4049472630918862
0.4046281525903981
0.40430840095296555
0.40398800754111763
0.4036669717064869
0.4033452927906345
0.40302297012487803
0.40270000303011844
0.4023763908166693
0.40205213278408614
0.40172722822099693
0.4014016764049342
0.4010754766021682
0.4007486280675397
0.4004211300442971
0.40009298176393193
0.3997641824460171
0.3994347312980469
0.39910462751527753
0.39877387028057015
0.39844245876423423
0.3981103921238743
0.39777766950423726
0.39744429003706194
0.3971102528409303
0.3967755570211204
0.3964402016694614
0.39610418586419294
0.3957675086698214
0.3954301691369832
0.3950921663023092
0.3947534991882895
0.3944141668031425
0.39407416814068635
0.39373350218021114
0.3933921678863563
0.3930501642089887
0.39270749008308353
0.3923641444286092
0.39202012615041415
0.39167543413811606
0.3913300672659952
0.3909840243928908
0.3906373043620993
0.3902899060012762
0.38994182812234246
0.38959306952139244
0.38924362897860665
0.38889350525816624
0.38854269710817335
0.388191203260573
0.3878390224310793
0.3874861533191064
0.38713259460770133
0.3867783449634826
0.3864234030365814
0.386067767460588
0.3857114368525008
0.38535440981268143
0.384996684924812
0.3846382607558585
0.3842791358560384
0.38391930875879077
0.3835587779807539
0.38319754202174516
0.3828355993647473
0.3824729484758985
0.38210958780448717
0.381745515782953
0.38138073082689244
0.3810152313350677
0.3806490156894243
0.3802820822551102
0.3799144293805042
0.3795460553972458
0.379176958620274
0.37880713734786986
0.3784365898617055
0.3780653144268984
0.3776933092920721
0.3773205726894232
0.37694710283479355
0.37657289792774856
0.3761979561516636
0.37582227567381493
0.37544585464547714
0.37506869120202785
0.37469078346305945
0.37431212953249615
0.3739327274987197
0.37355257543469933
0.3731716713981326
0.37279001343158913
0.37240759956266495
0.3720244278041419
0.37164049615415623
0.3712558025963727
0.3708703451001687
0.3704841216208231
0.3700971300997158
0.36970936846453384
0.3693208346294843
0.3689315264955183
0.36854144195056
0.3681505788697464
0.3677589351156727
0.3673665085386499
0.36697329697696723
0.3665792982571662
0.3661845101943206
0.3657889305923287
0.36539255724421044
0.3649953879324178
0.36459742042915066
0.36419865249668404
0.36379908188770443
0.36339870634565474
0.36299752360508913
0.3625955313920372
0.36219272742437936
0.36178910941222864
0.36138467505832556
0.3609794220584424
0.3605733481017941
0.36016645087146476
0.3597587280448399
0.35935017729405
0.35894079628642567
0.35853058268496146
0.3581195341487909
0.35770764833367186
0.3572949228924828
0.3568813554757287
0.3564669437320587
0.35605168530879344
0.3556355778524637
0.3552186190093595
0.3548008064260909
0.3543821377501584
0.3539626106305346
0.3535422227182565
0.35312097166703116
0.35269885513384835
0.3522758707796061
0.3518520162697485
0.3514272892749123
0.3510016874715858
0.35057520854277796
0.3501478501786987
0.3497196100774514
0.34929048594573375
0.34886047549955124
0.34842957646494277
0.3479977865787127
0.34756510358917947
0.3471315252569299
0.34669704935558754
0.3462616736725895
0.3458253960099753
0.34538821418518567
0.3449501260318713
0.3445111294007119
0.34407122216024716
0.3436304021977154
0.34318866741990317
0.3427460157540063
0.34230244514849717
0.3418579535740057
0.3414125390242062
0.34096619951671636
0.34051893309400383
0.3400707378243021
0.3396216118025356
0.3391715531512529
0.33872056002156953
0.33826863059411716
0.33781576308000333
0.3373619557217765
0.3369072067944012
0.336451514606238
0.335994877500035
0.33553729385391945
0.3350787620824039
0.33461928063739255
0.3341588480091976
0.33369746272755996
0.33323512336267536
0.33277182852622733
0.33230757687242407
0.33184236709903914
0.33137619794845996
0.3309090682087365
0.3304409767146367
0.32997192234870365
0.3295019040423175
0.32903092077675805
0.3285589715842716
0.32808605554913994
0.32761217180874935
0.3271373195546629
0.32666149803369215
0.3261847065489711
0.3257069444610281
0.3252282111888605
0.32474850621100526
0.32426782906661167
0.32378617935651116
0.32330355674428435
0.3228199609573284
0.3223353917879187
0.3218498490942699
0.32136333280159124
0.32087584290314036
0.3203873794612696
0.3198979426084698
0.31940753254840776
0.3189161495569577
0.31842379398322673
0.31793046625057353
0.31743616685761966
0.3169408963792534
0.3164446554676246
0.31594744485313264
0.31544926534540296
0.31495011783425564
0.31445000329066336
0.3139489227676991
0.31344687740147187
0.3129438684120526
0.3124398971043855
0.3119349648691906
0.31142907318384955
0.3109222236132798
0.31041441781079615
0.3099056575189548
0.30939594457038555
0.30888528088860767
0.30837366848882847
0.30786110947872847
0.3073476060592278
0.30683316052523646
0.3063177752663867
0.30580145276774723
0.3052841956105191
0.3047660064727133
0.30424688812980727
0.3037268434553848
0.30320587542175265
0.3026839871005378
0.30216118166326444
0.3016374623819089
0.30111283262943234
0.3005872958802924
0.30006085571093283
0.2995335158002468
0.29900527993002196
0.29847615198535815
0.29794613595506325
0.2974152359320234
0.29688345611354994
0.2963508008017006
0.2958172744035763
0.2952828814315914
0.29474762650371944
0.2942115143437116
0.2936745497812907
0.2931367377523172
0.29259808329892817
0.2920585915696512
0.29151826781948953
0.2909771174099797
0.2904351458092235
0.28989235859189016
0.2893487614391906
0.2888043601388262
0.28825916058490697
0.2877131687778416
0.2871663908241999
0.28661883293654733
0.2860705014332486
0.28552140273824506
0.28497154338080255
0.28442092999522994
0.2838695693205692
0.2833174682002571
0.2827646335817579
0.2822110725161665
0.2816567921577839
0.28110179976366356
0.2805461026931285
0.27998970840726106
0.27943262446836303
0.2788748585393867
0.2783164183833402
0.2777573118626617
0.2771975469385677
0.27663713167037157
0.2760760742147764
0.27551438282513846
0.27495206585070375
0.27438913173581747
0.27382558901910814
0.27326144633264093
0.27269671240104953
0.2721313960406364
0.2715655061584529
0.27099905175134803
0.2704320419049958
0.2698644857928959
0.269296392675349
0.26872777189840946
0.2681586328928107
0.2675889851728718
0.26701883833537443
0.2664482020584227
0.26587708610027566
0.26530550029816075
0.2647334545670633
0.26416095889849533
0.26358802335924375
0.2630146580900975
0.2624408733045539
0.26186667928750657
0.2612920863939127
0.26071710504744294
0.2601417457391112
0.259566019025889
0.2589899355292999
0.258413505933998
0.25783674098633186
0.2572596514928891
0.2566822483190285
0.25610454238739677
0.2555265446764291
0.2549482662188384
0.25436971810009046
0.2537909114568652
0.25321185747550784
0.25263256739046636
0.25205305248272025
0.2514733240781963
0.2508933935461756
0.25031327229769224
0.24973297178392062
0.24915250349455678
0.24857187895619146
0.2479911097306745
0.24741020741347522
0.24682918363203493
0.24624805004411388
0.24566681833613555
0.24508550022152326
0.24450410743903664
0.24392265175110148
0.2433411449421397
0.2427595988168954
0.24217802519876133
0.2415964359281021
0.24101484286057784
0.24043325786547062
0.2398516928240066
0.2392701596276834
0.238688670176598
0.23810723637777725
0.23752587014350957
0.23694458338968302
0.23636338803412496
0.23578229599494613
0.23520131918889206
0.23462046952969676
0.234039758926444
0.2334591992819359
0.23287880249106604
0.23229858043920226
0.2317185450005759
0.2311387080366803
0.23055908139467748
0.2299796769058138
0.2294005063838473
0.228821581623482
0.22824291439881528
0.2276645164617962
0.227086399540693
0.226508575338575
0.22593105553180604
0.225353851768548
0.22477697566728272
0.22420043881534107
0.22362425276745013
0.22304842904429348
0.2224729791310836
0.22189791447615304
0.2213232464895574
0.22074898654169461
0.22017514596194082
0.21960173603730185
0.2190287680110795
0.2184562530815573
0.21788420240070025
0.21731262707287358
0.21674153815357847
0.2161709466482041
0.21560086351080052
0.21503129964286458
0.21446226589215106
0.21389377305149562
0.2133258318576604
0.212758452990197
0.21219164707032917
0.21162542465985415
0.21105979626006385
0.21049477231068464
0.20993036318883862
0.2093665792080223
0.20880343061710707
0.20824092759935878
0.20767908027147727
0.2071178986826568
0.20655739281366634
0.20599757257594964
0.20543844781074772
0.20488002828823848
0.2043223237067002
0.2037653436916938
0.20320909779526572
0.2026535954951715
0.2020988461941211
0.20154485921904322
0.20099164382037094
0.20043920917134814
0.19988756436735666
0.19933671842526277
0.19878668028278626
0.1982374587978878
0.19768906274817882
0.19714150083034992
0.1965947816596208
0.19604891376921063
0.19550390560982683
0.19495976554917624
0.194416501871495
0.19387412277709826
0.19333263638195064
0.19279205071725533
0.1922523737290634
0.1917136132779021
0.19117577713842382
0.1906388729990726
0.19010290846176994
0.18956789104162153
0.18903382816663966
0.18850072717748767
0.1879685953272393
0.18743743978115995
0.18690726761650353
0.1863780858223284
0.18584990129933104
0.1853227208596974
0.18479655122697147
0.18427139903594175
0.18374727083254414
0.1832241730737821
0.18270211212766388
0.18218109427315565
0.1816611257001511
0.18114221250945828
0.1806243607128002
0.18010757623283377
0.17959186490318174
0.17907723246848267
0.17856368458445282
0.17805122681796606
0.17753986464714627
0.17702960346147564
0.17652044856191618
0.1760124051610453
0.17550547838320626
0.17499967326467092
0.17449499475381716
0.17399144771131808
0.17348903691034467
0.17298776703678145
0.17248764268945482
0.17198866838037236
0.17149084853497512
0.17099418749240203
0.1704986895057647
0.17000435874243452
0.16951119928434077
0.16901921512827872
0.16852841018622905
0.16803878828568844
0.16755035317000838
0.16706310849874584
0.166577057848023
0.16609220471089572
0.1656085524977323
0.16512610453660176
0.16464486407366852
0.16416483427359918
0.16368601821997464
0.1632084189157118
0.1627320392834941
0.1622568821662069
0.1617829503273844
0.16131024645166017
0.1608387731452265
0.16036853293630188
0.15989952827560183
0.15943176153681982
0.15896523501711152
0.15849995093758756
0.15803591144381
0.15757311860629608
0.1571115744210271
0.15665128080996107
0.1561922396215529
0.1557344526312778
0.15527792154215966
0.154822647985304
0.15436863352043628
0.15391587963644182
0.1534643877519122
0.1530141592156945
0.1525651953074436
0.15211749723817886
0.15167106615084286
0.15122590312086473
0.1507820091567251
0.15033938520052412
0.1498980321285526
0.14945795075186485
0.14901914181685352
0.14858160600582837
0.148145343937594
0.14771035616803227
0.1472766431906845
0.1468442054373359
0.1464130432786011
0.14598315702451084
0.14555454692509961
0.14512721317099517
0.1447011558940072
0.14427637516771774
0.14385287100807198
0.14343064337396905
0.14300969216785364
0.14259001723630674
0.1421716183706379
0.14175449530747591
0.14133864772936008
0.1409240752653308
0.14051077749151986
0.14009875393174004
0.1396880040580747
0.1392785272914641
0.13887032300229596
0.13846339051098772
0.13805772908857533
0.13765333795729506
0.13725021629116693
0.1368483632165762
0.13644777781285286
0.13604845911285016
0.13565040610352114
0.13525361772649372
0.1348580928786437
0.13446383041266596
0.1340708291376439
0.13367908781961602
0.1332886051821417
0.13289937990686387
0.13251141063406913
0.13212469596324708
0.13173923445364452
0.13135502462482124
0.1309720649571985
0.1305903538926086
0.13020988983484005
0.12983067115018135
0.12945269616796015
0.12907596318108128
0.12870047044656074
0.12832621618605747
0.1279531985864026
0.12758141580012422
0.12721086594597034
0.1268415471094281
0.12647345734324092
0.12610659466792046
0.12574095707225774
0.12537654251382854
0.1250133489194982
0.12465137418592073
0.124290616180036
0.12393107273956284
0.12357274167348883
0.12321562076255756
0.12285970775975083
0.12250500039076792
0.12215149635450308
0.1217991933235163
0.12144808894450332
0.12109818083876017
0.12074946660264571
0.12040194380803897
0.120055610002794
0.1197104627111906
0.11936649943438138
0.11902371765083565
0.11868211481677807
0.11834168836662637
0.11800243571342235
0.11766435424926075
0.11732744134571493
0.11699169435425726
0.1166571106066767
0.11632368741549283
0.11599142207436518
0.11566031185850038
0.1153303540250534
0.11500154581352737
0.11467388444616755
0.11434736712835347
0.1140219910489852
0.11369775338086803
0.11337465128109203
0.11305268189140794
0.11273184233860013
0.11241212973485463
0.11209354117812544
0.11177607375249367
0.1114597245285271
0.11114449056363286
0.11083036890240794
0.11051735657698562
0.11020545060737812
0.10989464800181553
0.10958494575708219
0.10927634085884702
0.10896883028199264
0.10866241099094015
0.10835707993996911
0.10805283407353497
0.1077496703265842
0.10744758562486292
0.10714657688522375
0.10684664101592994
0.10654777491695366
0.10624997548027294
0.10595323959016369
0.10565756412348917
0.10536294594998578
0.10506938193254434
0.10477686892749016
0.10448540378485746
0.10419498334866203
0.10390560445716937
0.10361726394316023
0.10332995863419259
0.1030436853528606
0.10275844091704908
0.10247422214018667
0.10219102583149452
0.10190884879623108
0.10162768783593572
0.10134753974866723
0.10106840132924051
0.10079026936945881
0.10051314065834423
0.10023701198236401
0.09996188012565523
0.09968774187024379
0.09941459399626332
0.09914243328216968
0.09887125650495177
0.09860106044034131
0.09833184186301736
0.09806359754681016
0.09779632426490042
0.09753001879001705
0.09726467789463038
0.09700029835114399
0.09673687693208383
0.09647441041028347
0.0962128955590667
0.0959523291524288
0.09569270796521356
0.09543402877328858
0.0951762883537169
0.09491948348492728
0.09466361094688092
0.0944086675212359
0.09415464999150917
0.0939015551432355
0.09364937976412482
0.09339812064421586
0.09314777457602864
0.09289833835471357
0.09264980877819783
0.092402182647331
0.09215545676602635
0.09190962794140119
0.09166469298391387
0.09142064870749898
0.09117749192970082
0.09093521947180316
0.09069382815895842
0.09045331482031303
0.09021367628913203
0.08997490940292048
0.08973701100354288
0.08949997793734131
0.08926380705525
0.08902849521290944
0.08879403927077723
0.0885604360942366
0.08832768255370516
0.08809577552473825
0.08786471188813388
0.0876344885300325
0.08740510234201707
0.08717655022121039
0.0869488290703706
0.08672193579798476
0.08649586731836041
0.08627062055171626
0.08604619242426928
0.08582257986832234
0.08559977982234768
0.08537778923107037
0.08515660504554952
0.08493622422325724
0.08471664372815722
0.08449786053077976
0.08427987160829736
0.08406267394459661
0.08384626453034999
0.08363064036308535
0.08341579844725378
0.08320173579429672
0.08298844942271033
0.08277593635810906
0.08256419363328825
0.08235321828828428
0.08214300737043337
0.08193355793442962
0.08172486704238105
0.08151693176386514
0.08130974917598059
0.08110331636340168
0.08089763041842697
0.0806926884410302
0.08048848753890767
0.08028502482752509
0.08008229743016318
0.07988030247796261
0.07967903710996586
0.07947849847315992
0.07927868372251662
0.07907959002103232
0.07888121453976553
0.07868355445787482
0.07848660696265378
0.07829036924956706
0.07809483852228273
0.07790001199270608
0.07770588688101027
0.07751246041566737
0.07731972983347735
0.07712769237959656
0.07693634530756503
0.07674568587933331
0.07655571136528695
0.07636641904427131
0.0761778062036153
0.07598987013915291
0.07580260815524573
0.07561601756480266
0.07543009568930029
0.0752448398588013
0.07506024741197212
0.07487631569610044
0.07469304206711147
0.07451042388958225
0.07432845853675736
0.07414714339056222
0.0739664758416152
0.07378645328924086
0.07360707314148034
0.07342833281510239
0.07325022973561285
0.07307276133726372
0.07289592506306164
0.07271971836477509
0.07254413870294188
0.07236918354687404
0.07219485037466487
0.07202113667319283
0.07184803993812548
0.07167555767392327
0.07150368739384261
0.0713324266199375
0.07116177288306169
0.07099172372286881
0.07082227668781368
0.07065342933515122
0.07048517923093624
0.07031752395002153
0.07015046107605644
0.06998398820148355
0.06981810292753671
0.0696528028642365
0.06948808563038651
0.06932394885356857
0.06916039017013766
0.06899740722521641
0.06883499767268847
0.06867315917519273
0.06851188940411543
0.06835118603958296
0.06819104677045383
0.0680314692943103
0.06787245131744904
0.0677139905548727
0.06755608473027933
0.06739873157605247
0.06724192883325081
0.06708567425159699
0.06692996558946616
0.06677480061387471
0.06662017710046772
0.06646609283350668
0.06631254560585642
0.06615953321897226
0.06600705348288631
0.06585510421619321
0.06570368324603681
0.06555278840809478
0.06540241754656417
0.06525256851414604
0.06510323917203023
0.06495442738987911
0.06480613104581223
0.06465834802638934
0.06451107622659394
0.06436431354981634
0.06421805790783656
0.06407230722080709
0.06392705941723441
0.06378231243396196
0.06363806421615129
0.0634943127172638
0.06335105589904244
0.06320829173149213
0.06306601819286103
0.06292423326962121
0.06278293495644878
0.06264212125620451
0.06250179017991357
0.06236193974674551
0.062222567983993726
0.06208367292705517
0.061945252619409155
0.061807305112597084
0.06166982846620065
0.06153282074782111
0.06139628003305766
0.061260204405485644
0.061124591956635346
0.060989440785969344
0.06085474900086122
0.060720514716572714
0.06058673605623216
0.06045341115081103
0.06032053813910231
0.060188115167696885
0.060056140390961674
0.05992461197101583
0.05979352807770784
0.05966288688859282
0.059532686588908715
0.059402925371553
0.05927360143705899
0.059144712993572816
0.05901625825682934
0.058888235450128015
0.05876064280430986
0.058633478557732654
0.05850674095624735
0.05838042825317398
0.05825453870927736
0.05812907059274262
0.058004022179151134
0.05787939175145603
0.05775517759995799
0.05763137802228005
0.05750799132334359
0.05738501581534393
0.05726244981772484
0.05714029165715429
0.05701853966749978
0.05689719218980328
0.05677624757225645
0.056655704170175805
0.056535560345977474
0.05641581446915284
0.05629646491624282
0.056177510070813265
0.05605894832343013
0.05594077807163335
0.055822997719913364
0.05570560567968459
0.05558860036926076
0.055471980213829986
0.055355743645429265
0.05523988910291976
0.055124415031960944
0.05500931988498586
0.05489460212117598
0.05478026020643574
0.05466629261336734
0.05455269782124589
0.054439474315994
0.0543266205901562
0.05421413514287445
0.05410201647986258
0.053990263113380996
0.05387887356221201
0.05376784635163387
0.053657180013396574
0.05354687308569626
0.053436924113149785
0.05332733164677046
0.053218094243942235
0.05310921046839509
0.05300067889017992
0.05289249808564331
0.052784666637403284
0.052677183134323194
0.052570046171487916
0.05246325435017836
0.05235680627784707
0.05225070056809276
0.05214493584063605
0.05203951072129466
0.05193442384195841
0.05182967384056522
0.05172525936107531
0.05162117905344799
0.051517431573615935
0.05141401558346126
0.05131092975079114
0.05120817274931293
0.05110574325861028
0.051003639964118226
0.050901861557099456
0.05080040673461976
0.05069927419952404
0.05059846266041174
0.050497970831613205
0.05039779743316573
0.05029794119078862
0.05019840083586056
0.0500991751053947
0.05000026274201549
0.049901662493934566
