0.5031997660138544
0.5125594524247777
0.5130389243352453
0.5140723828401073
0.5133040838419896
0.5132903676209231
0.513811051739663
0.513222888711931
0.5120089105379035
0.511383478913001
0.5113442415955354
0.511391217410831
0.5114220770768266
0.5114223427172538
0.5112579240587897
0.510933785281405
0.5106197398288113
0.5104212317622219
0.5103126627629176
0.5102342952222677
0.5101429667262118
0.5100100126479372
0.509833461719479
0.5096418363408296
0.5094670351796361
0.5093198005468533
0.5091912275097071
0.5090661025868142
0.5089326064662456
0.5087871343501204
0.5086345380448349
0.5084832114222293
0.50833884816874
0.5082018306677469
0.5080688114540646
0.5079358264349598
0.5078006776514732
0.5076636733607024
0.5075267651122103
0.5073919452884733
0.5072600775356215
0.5071307555711263
0.5070029422992973
0.5068757643247148
0.5067489714435806
0.5066229071792296
0.5064981463482912
0.5063751039889307
0.5062538530875401
0.5061341944644807
0.5060158608230121
0.5058986972146454
0.505782722530872
0.5056680724059621
0.5055548912519008
0.5054432506550931
0.5053331333136987
0.5052244720292985
0.5051172047674054
0.5050113094327394
0.5049068045327916
0.5048037255171377
0.5047020976045967
0.5046019217394009
0.5045031778052764
0.5044058380784959
0.5043098801358576
0.5042152919781469
0.5041220687520609
0.5040302054518085
0.5039396909817138
0.5038505065765135
0.5037626281820541
0.5036760302464671
0.5035906883249041
0.5035065793565893
0.5034236801487344
0.5033419654720852
0.5032614069782739
0.503181973317959
0.5031036310374065
0.5030263455108153
0.5029500813670071
0.5028748023213583
0.5028004706928708
0.5027270469849585
0.5026544897604194
0.5025827558045108
0.502511800407214
0.5024415775783964
0.5023720401045003
0.50230313947475
0.502234825772771
0.5021670476221469
0.5020997522182887
0.5020328854208501
0.5019663918548266
0.5019002149800081
0.5018342971198336
0.5017685794679703
0.5017030020995896
0.5016375040048533
0.5015720231453183
0.5015064965217226
0.5014408602396139
0.5013750495656748
0.5013089989762144
0.5012426422044698
0.5011759122931289
0.501108741654541
0.5010410621367959
0.5009728050917994
0.5009039014421641
0.5008342817459587
0.5007638762603548
0.5006926150058734
0.5006204278322473
0.5005472444856653
0.5004729946762113
0.5003976081441094
0.5003210147238217
0.5002431444056358
0.5001639273947394
0.5000832941677352
0.5000011755262185
0.4999175026466922
0.49983220712591564
0.49974522102080166
0.49965647688212644
0.49956590778143917
0.49947344733059507
0.4993790296932704
0.4992825895877166
0.49918406227994205
0.49908338356650545
0.4989804897461566
0.49887531757962456
0.49876780423691425
0.49865788723150967
0.4985455043409009
0.4984305935128882
0.4983130927571695
0.4981929400217945
0.49807007305416634
0.49794442924637167
0.4978159454647187
0.49768455786346133
0.4975502016827898
0.49741281103127144
0.4972723186530407
0.4971286556801572
0.49698175137066364
0.49683153283299647
0.49667792473750044
0.49652084901591004
0.4963602245497397
0.49619596684862316
0.4960279877197087
0.4958561949292878
0.4956804918578812
0.49550077715004825
0.49531694436020174
0.4951288815957231
0.4949364711586565
0.4947395891872478
0.4945381052985431
0.49433188223322494
0.4941207755037849
0.49390463304706445
0.49368329488209983
0.4934565927741161
0.4932243499054013
0.49298638055369115
0.49274248977856966
0.4924924731162818
0.49223611628322883
0.49197319488830926
0.4917034741541473
0.49142670864714794
0.4911426420162125
0.49085100673985926
0.49055152388140244
0.4902439028517758
0.48992784117951943
0.48960302428739577
0.4892691252750686
0.4889258047072454
0.4885727104066767
0.4882094772514055
0.48783572697567723
0.4874510679739452
0.48705509510745837
0.48664738951296577
0.48622751841315326
0.4857950349285071
0.48534947789040667
0.48489037165535875
0.48441722592042324
0.48392953554003126
0.48342678034455816
0.48290842496121433
0.48237391863802104
0.4818226950718817
0.48125417224202854
0.4806677522504297
0.4800628211710807
0.4794387489105084
0.4787948890822433
0.47813057889854116
0.4774451390832018
0.4767378738100031
0.47600807067201667
0.4752550006879348
0.4744779183525135
0.4736760617393386
0.47284865266536413
0.47199489692806523
0.47111398462758647
0.47020509058797455
0.46926737489343695
0.4682999835575714
0.4673020493456478
0.4662726927722556
0.4652110232989326
0.46411614075869617
0.46298713703664823
0.46182309803792315
0.46062310597609335
0.45938624201660283
0.4581115893107237
0.45679823645575557
0.45544528141651497
0.45405183594140114
0.45261703050326907
0.4511400197907544
0.4496199887694087
0.4480561593238067
0.44644779748153407
0.4447942212075691
0.4430948087429742
0.4413490074450888
0.4395563430676892
0.43771642939915645
0.4358289781549381
0.4338938089980831
0.43191085953904373
0.4298801951441234
0.4278020183618606
0.42567667775935686
0.4235046759472071
0.42128667656342966
0.4190235099847206
0.41671617753846085
0.41436585400195036
0.41197388819684866
0.40954180151687797
0.4070712842652193
0.404564189723939
0.40202252592997934
0.3994484451890358
0.39684423141791675
0.3942122854653344
0.3915551086179378
0.38887528455017284
0.3861754600208207
0.3834583246537109
0.3807265901635175
0.37798296939866016
0.37523015557179884
0.3724708020345154
0.3697075029274819
0.36694277500223305
0.3641790408675503
0.36141861386469887
0.35866368472369614
0.3559163100998267
0.3531784030379335
0.35045172536353086
0.34773788195604427
0.3450383168216282
0.34235431085174195
0.3396869811292702
0.3370372816264
0.3344060051273019
0.33179378620331956
0.3292011050680327
0.32662829214337336
0.3240755331749956
0.3215428747444639
0.31903023003667885
0.3165373847325574
0.3140640029087038
0.3116096328370957
0.30917371258827475
0.3067555753508324
0.3043544543879291
0.3019694875580025
0.29959972133165563
0.2972441142399172
0.29490153969065747
0.2925707880899428
0.2902505682035859
0.28793950769116744
0.28563615274043985
0.28333896672442627
0.28104632779679384
0.278756525333451
0.2764677551200504
0.2741781131765472
0.27188558810174274
0.26958805181358436
0.2672832485559756
0.26496878204148355
0.2626421006036602
0.26030048024551383
0.2579410054957214
0.2555605480264311
0.25315574305248995
0.25072296362997576
0.24825829311270103
0.2457574962219607
0.24321598945313272
0.24062881190113422
0.23799059805551495
0.2352955547155478
0.2325374449237619
0.22970958272256145
0.2268048435964466
0.22381569663759773
0.22073426568712207
0.21755242781666873
0.21426195829920514
0.2108547313447982
0.20732298491051754
0.20365965530993435
0.1998587826042657
0.19591598042202085
0.19182895380920587
0.18759803641465872
0.18322670505598404
0.17872201776324706
0.17409491389558476
0.16936031534523202
0.1645369790341276
0.15964707386550359
0.1547154880878525
0.14976891047072283
0.14483476316871063
0.13994008763962124
0.13511049161386895
0.1303692532290737
0.12573665122373143
0.1212295543973051
0.11686126758551393
0.11264160214937638
0.10857712049647178
0.10467149717558996
0.10092594171952504
0.0973396373914063
0.09391016189568316
0.09063386817999677
0.08750621390307387
0.08452203615233989
0.08167577345365043
0.07896164034455354
0.07637376128888268
0.0739062710222336
0.07155338799221415
0.06930946674516017
0.06716903415587948
0.06512681345167853
0.06317773913049052
0.061316965151973636
0.059539868196682555
0.05784204733165797
0.05621932107290287
0.054667722575786296
0.053183493493980036
0.05176307690915328
0.05040310963353719
0.049100414114863884
