0.5105575384404751
0.5171185046150671
0.5181975986493588
0.519514514545019
0.5183749140033422
0.5186044134708847
0.5194563034017623
0.5186424292342808
0.5171638559180021
0.5165816857546255
0.5166085288490099
0.5166445298995183
0.516712952768662
0.5167397694560896
0.5165024930436466
0.5160873780513109
0.5157477242401114
0.5155605095119805
0.5154573869030381
0.5153725365686127
0.5152550320344376
0.5150697094761896
0.5148325906576092
0.514594475380002
0.5143882801812163
0.514212056896151
0.5140463236359142
0.5138708092503089
0.5136741898711226
0.5134591177852663
0.5132376457162695
0.513020297276867
0.512809481940198
0.5126007618178293
0.5123876770013228
0.5121660111329523
0.5119356477688763
0.5116994865450057
0.511460664016071
0.5112204059143179
0.510977774249292
0.5107308293132787
0.5104780309235966
0.5102189885741173
0.5099542933597452
0.5096847778469259
0.5094108337581678
0.5091322086841414
0.508848264771192
0.5085583975070449
0.5082623093635565
0.507960011235802
0.5076516278513782
0.5073371856870824
0.5070165227254632
0.5066893412256882
0.5063553280888695
0.506014247408308
0.5056659549964408
0.5053103480364971
0.504947300255655
0.5045766278038177
0.5041980984496405
0.5038114655009442
0.5034164975374853
0.5030129860264615
0.5026007320863715
0.5021795265926385
0.5017491380072776
0.5013093132304918
0.500859786880587
0.5004002902934893
0.4999305541845384
0.49945030470743657
0.4989592569672093
0.49845711052287633
0.49794354882216135
0.49741824139104773
0.49688084612900946
0.4963310097293879
0.4957683660173495
0.4951925334096999
0.49460311292960973
0.4939996874353524
0.49338182173358724
0.4927490627553365
0.4921009391636768
0.4914369603208393
0.4907566149973301
0.4900593702839511
0.48934467092167
0.4886119389483231
0.48786057340650585
0.48708994992388527
0.4862994201606966
0.48548831126470926
0.4846559254946086
0.48380154008979853
0.4829244073639216
0.4820237549556676
0.4810987861993632
0.48014868064120025
0.47917259477318175
0.4781696630599451
0.47713899930419956
0.47607969836466557
0.474990838229591
0.4738714824613913
0.4727206830486939
0.4715374837138419
0.47032092371979944
0.4690700422058933
0.4677838830675728
0.4664615003881872
0.46510196442976687
0.4637043681889243
0.46226783451773273
0.46079152379653837
0.45927464212896024
0.4577164500126117
0.4561162714242266
0.4544735032440498
0.4527876249295739
0.45105820833174903
0.4492849275282616
0.44746756853015024
0.4456060387017372
0.4437003757204938
0.44175075589312396
0.43975750163680444
0.43772108793052383
0.43564214754180486
0.43352147483981
0.43136002801769474
0.4291589295652304
0.4269194648569254
0.42464307875062535
0.4223313701263981
0.4199860843347132
0.4176091035656416
0.4152024351957199
0.4127681982146736
0.41030860787863743
0.4078259587781364
0.4053226065463034
0.4028009484641991
0.4002634032444231
0.39771239029049343
0.39515030873707646
0.39257951657483225
0.3900023101535819
0.3874209043393254
0.38483741357525736
0.3822538340655815
0.3796720272650296
0.37709370481810084
0.3745204150517617
0.3719535310852823
0.3693942405824887
0.36684353713630474
0.36430221324409606
0.36177085480587323
0.3592498370563941
0.3567393218269633
0.35423925602331197
0.3517493712021514
0.3492691841304546
0.34679799821762936
0.34433490572072184
0.3418787906357558
0.3394283322032026
0.3369820089712576
0.33453810337587614
0.33209470681011405
0.32964972516604374
0.3272008848392455
0.3247457391877401
0.3222816754337331
0.31980592198773544
0.31731555616128143
0.31480751221832837
0.3122785896992115
0.3097254619386296
0.30714468469534517
0.3045327048216129
0.3018858689303914
0.2992004320731135
0.29647256652356435
0.29369837087500184
0.29087387979538476
0.28799507494264537
0.28505789770749246
0.282058264610721
0.27899208631850025
0.2758552913348947
0.2726438554693166
0.26935383814401326
0.2659814264935034
0.26252298800935014
0.25897513219972984
0.2553347813677912
0.2515992501727998
0.24776633313296684
0.24383439867059026
0.23980248770399812
0.23567041417705886
0.23143886431307376
0.22710949082180992
0.22268499782192896
0.2181692119199498
0.21356713476972727
0.20888497257997957
0.20413013848839662
0.19931122450608163
0.19443794085337085
0.18952102191946507
0.1845720997076374
0.1796035473639968
0.1746282970944027
0.1696596383038903
0.164711003005932
0.15979574633055058
0.1549269302371725
0.1501171182872609
0.14537818858335366
0.14072117081320795
0.13615611186477466
0.131691972834797
0.12733655857985818
0.12309647938068066
0.118977142911533
0.11498277359851744
0.11111645565144157
0.10738019557027245
0.10377499973867782
0.10030096278425649
0.09695736265630164
0.09374275879126193
0.09065509024864767
0.08769177125680366
0.08484978216784533
0.0821257543527517
0.07951604804921278
0.07701682259310813
0.07462409881343662
0.07233381364988822
0.0701418672658668
0.06804416308420339
0.06603664127604755
0.06411530629405673
0.06227624906741885
0.060515664476234625
0.05882986470322668
0.05721528902754194
0.05566851058338146
0.05418624055921363
0.05276533026436306
0.05140277144103638
0.05009569515291097
0.04884136953732618
