0.5194839327635424
0.5458046698694525
0.5246827468243599
0.5389630733633793
0.5398322848770258
0.5243463058356547
0.5182513033797538
0.5214343552513441
0.5209435969206601
0.5196210698838658
0.5210881053305008
0.5214406190235257
0.5194796769917683
0.518040106404279
0.517967120396815
0.5181353494416423
0.5183015500664773
0.5185691786368234
0.5185523271128472
0.5181452916188725
0.5177314658773237
0.5175492125210299
0.517530640833757
0.5175706443718112
0.5175941491438898
0.517528990789636
0.5173722535511682
0.5171982148256218
0.5170708353263105
0.5169974127539605
0.5169516334758208
0.5169016398909345
0.5168258790281294
0.5167243820900054
0.516615080822131
0.5165161149942205
0.5164332056215389
0.5163604969740636
0.5162879976615139
0.5162086148369178
0.516121722930781
0.5160318929337676
0.5159444234828331
0.5158616604540259
0.5157824318365184
0.5157038638458216
0.515623654012816
0.5155413358794956
0.515458046640716
0.5153753323492958
0.5152940365662448
0.5152139733042176
0.515134348346411
0.5150544324974289
0.514973995626391
0.5148933016093156
0.5148127925763966
0.5147327528493708
0.5146531725809858
0.5145738375529065
0.5144945207029439
0.5144151251852604
0.5143357036052695
0.5142563775634863
0.5141772374899405
0.5140982918348573
0.5140194830185365
0.5139407402759308
0.5138620252585417
0.5137833438803386
0.513704726902274
0.5136262006851916
0.513547769425558
0.5134694166575723
0.5133911193740612
0.5133128621545969
0.513234642415373
0.513156466098299
0.5130783393292577
0.5130002624790593
0.5129222296492981
0.5128442323008575
0.512766263517975
0.512688320037862
0.5126104014277213
0.5125325077662859
0.5124546377262889
0.512376788142333
0.5122989548949063
0.5122211341643844
0.5121433231559394
0.5120655199942448
0.5119877230973875
0.5119099305752992
0.5118321400216942
0.5117543487124664
0.5116765539644593
0.5115987533805443
0.5115209448593386
0.5114431264317052
0.5113652960767059
0.5112874516376115
0.5112095908602362
0.5111317114925764
0.5110538113643337
0.5109758884016422
0.5108979405862634
0.5108199659007211
0.5107419622975106
0.5106639277042194
0.5105858600504174
0.5105077572927367
0.5104296174226869
0.5103514384571871
0.510273218422664
0.5101949553444218
0.510116647246224
0.5100382921571462
0.5099598881190333
0.50988143318943
0.5098029254391527
0.5097243629471864
0.5096457437963919
0.5095670660718478
0.5094883278613208
0.5094095272560185
0.5093306623499538
0.5092517312374173
0.509172732009155
0.5090936627482399
0.5090145215262446
0.5089353063996599
0.5088560154060364
0.5087766465593052
0.5086971978440341
0.5086176672087147
0.5085380525583327
0.5084583517463988
0.5083785625664355
0.5082986827427624
0.5082187099203892
0.5081386416539144
0.5080584753954136
0.5079782084813789
0.5078978381187478
0.5078173613700216
0.5077367751374251
0.5076560761460451
0.5075752609259127
0.5074943257930161
0.5074132668292682
0.5073320798614456
0.5072507604391129
0.507169303811537
0.5070877049035869
0.5070059582906312
0.5069240581724515
0.5068419983462049
0.506759772178474
0.5066773725764397
0.5065947919582202
0.5065120222224105
0.5064290547168734
0.5063458802068264
0.5062624888422849
0.5061788701249206
0.5060950128743958
0.506010905194239
0.505926534437324
0.5058418871710213
0.5057569491420867
0.505671705241361
0.5055861394683466
0.5055002348957358
0.5054139736339538
0.5053273367957917
0.505240304461189
0.5051528556422343
0.5050649682484446
0.50497661905238
0.5048877836556557
0.5047984364553945
0.5047085506111736
0.5046180980125047
0.5045270492468837
0.504435373568444
0.504343038867237
0.5042500116391593
0.5041562569565397
0.5040617384393916
0.5039664182273305
0.5038702569521448
0.5037732137110081
0.5036752460403086
0.5035763098900595
0.5034763595988606
0.5033753478693542
0.5032732257441278
0.5031699425819982
0.5030654460346058
0.5029596820232424
0.5028525947158236
0.5027441265039162
0.502634217979713
0.5025228079128518
0.5024098332269545
0.5022952289757703
0.5021789283187811
0.5020608624961398
0.5019409608027865
0.5018191505615938
0.5016953570953769
0.5015695036976028
0.5014415116016187
0.5013112999482213
0.5011787857513721
0.5010438838618643
0.5009065069287315
0.50076656535819
0.5006239672698874
0.500478618450234
0.5003304223025724
0.5001792797939427
0.5000250893981872
0.4998677470351244
0.4997071460055214
0.49954317692157385
0.49937572763259935
0.49920468314563116
0.49902992554059367
0.49885133387972114
0.4986687841108746
0.49848214896438986
0.4982912978430804
0.49809609670499877
0.4978964079385465
0.49769209022949856
0.49748299841949856
0.49726898335555464
0.4970498917300454
0.4968255659107301
0.4965958437602285
0.496360558444417
0.49611953822916516
0.49587260626480933
0.49561958035774034
0.49536027272845623
0.49509448975540765
0.4948220317039409
0.4945426924396198
0.49425625912518756
0.49396251190041074
0.4936612235440277
0.49335215911701447
0.49303507558636395
0.49270972142857533
0.4923758362120465
0.49203315015756854
0.49168138367614145
0.49132024688334797
0.4909494390895681
0.49056864826535923
0.4901775504813976
0.48977580932246545
0.48936307527506995
0.4889389850884147
0.4885031611086111
0.4880552105862058
0.4875947249573367
0.4871212790991075
0.4866344305600966
0.4861337187672946
0.4856186642112135
0.4850887676114219
0.48454350906535343
0.4839823471839163
0.48340471821820663
0.48281003518250964
0.48219768697977017
0.4815670375368365
0.4809174249580344
0.4802481607070356
0.4795585288285289
0.4788477852229168
0.47811515698912777
0.47735984185266833
0.4765810076982261
0.4757777922284819
0.47494930277324987
0.4740946162756586
0.4732127794847342
0.47230280938643643
0.47136369390785204
0.4703943929317984
0.4693938396614428
0.4683609423765747
0.4672945866247683
0.4661936378916625
0.4650569447948075
0.4638833428447752
0.4626716588152924
0.4614207157608077
0.46012933871489947
0.4587963610960393
0.45742063183822523
0.4560010232526668
0.45453643961289925
0.45302582643929484
0.45146818043991743
0.44986256004306846
0.44820809643292375
0.44650400497364584
0.4447495968797819
0.4429442909622869
0.4410876252509317
0.4391792682662127
0.4372190296882776
0.43520687014810927
0.43314290984858317
0.4310274357113647
0.4288609067411932
0.42664395730296323
0.4243773980199798
0.42206221402422456
0.4196995603213944
0.4172907540742752
0.4148372636565433
0.4123406943836293
0.409802770885587
0.40722531614632257
0.40461022729111507
0.401959448257009
0.3992749395254576
0.3965586451308694
0.3938124571803406
0.39103817812746156
0.3882374810361612
0.3854118680496297
0.3825626272461292
0.3796907880208657
0.3767970750852331
0.37388186112727856
0.37094511813721026
0.3679863673779371
0.365004627983581
0.36199836421132614
0.3589654314689811
0.35590302140985797
0.3528076066482072
0.34967488602481134
0.3464997318665912
0.34327614135797907
0.33999719499147224
0.3366550260942389
0.3332408066194264
0.3297447556932681
0.32615617872096336
0.32246354600848104
0.31865462060750666
0.314716645107364
0.3106365959842894
0.3064015114575104
0.30199889424176335
0.2974171839710902
0.2926462855951398
0.2876781304118113
0.2825072368654114
0.2771312305690522
0.27155127917795
0.2657723994513046
0.25980360194994334
0.2536578528510243
0.24735185036431684
0.24090563209626875
0.23434204593402913
0.22768612770856111
0.22096443254485815
0.21420436366148873
0.20743353418174693
0.20067918681509234
0.19396768559616412
0.18732408509739928
0.1807717765574515
0.17433220717307116
0.16802466774593317
0.1618661440618458
0.15587122796680317
0.1500520844942636
0.14441847129560342
0.13897780600460471
0.13373527618588946
0.12869398542444943
0.12385512816270307
0.11921818528343875
0.11478113228745207
0.11054065224827987
0.10649234648948551
0.10263093701492182
0.09895045599637123
0.09544441895338694
0.09210597953379897
0.08892806493695121
0.0859034919648622
0.0830250644187863
0.08028565308355025
0.07767825987946121
0.07519606794081884
0.07283247943396401
0.07058114288859138
0.06843597171261538
0.06639115541745486
0.06444116491632595
0.06258075308732577
0.06080495162582898
0.059109065053582446
0.057488662608743774
0.05593956861379727
0.054457851807221604
0.053039814029434515
0.05168197857279327
0.05038107843785787
0.04913404468217536
