2.0393968311809165
2.3131279932413973
2.2630338843582303
2.192763345526809
2.1497853182933846
2.1236334961978884
2.1053027235045696
2.0903667602629064
2.076995220703144
2.0644802022939737
2.0525522700835572
2.041109269717761
2.0301147185316943
2.01955977013265
2.009448316242007
1.9997905808969236
1.9905999712177394
1.981891283134563
1.9736795394451174
1.9659791642507791
1.958803360638551
1.9521636259700001
1.9460693699695382
1.9405276161101561
1.9355427747476739
1.9311164805800498
1.9272474890329578
1.9239316270387277
1.921161793930457
1.9189280081407438
1.91721749526188
1.9160148128921444
1.9153020076075167
1.9150587993743113
1.9152627887531364
1.9158896823283496
1.9169135319186323
1.9183069832748771
1.9200415301462554
1.9220877697928256
1.9244156562448833
1.9269947478584077
1.9297944459953038
1.9327842219685119
1.9359338297350654
1.9392135021918193
1.9425941293234965
1.9460474168628403
1.9495460245386347
1.9530636833985577
1.9565752920896224
1.9600569923492408
1.9634862242959952
1.96684176240391
1.9701037332924236
1.973253616663643
1.9762742308680126
1.9791497046806374
1.9818654369259878
1.9844080456028252
1.9867653081390506
1.9889260943534661
1.9908802936240872
1.9926187376665332
1.994133120216654
1.9954159147941495
1.996460291602924
1.9972600345032947
1.9978094588741158
1.998103331072052
1.9981367900925568
1.997905271944131
1.9974044371650532
1.9966301018405468
1.995578172418572
1.994244584573966
1.9926252463332803
1.990715985645955
1.9885125025708663
1.9860103262401188
1.983204776763602
1.9800909322474818
1.9766636011166216
1.9729172999542177
1.9688462371005806
1.964444302286169
1.9597050626104262
1.9546217652164897
1.949187347050818
1.9433944521344952
1.937235456807234
1.9307025034332943
1.9237875430776623
1.9164823876671624
1.9087787721405214
1.9006684270588456
1.892143162088091
1.883194960671942
1.8738160860808386
1.8639991988445894
1.8537374853463024
1.8430247970698082
1.8318557996484828
1.8202261304606653
1.8081325630594236
1.7955731762210814
1.7825475248621125
1.7690568095287849
1.7551040406360034
1.7406941931554996
1.7258343470683706
1.7105338086457766
1.6948042075474155
1.6786595648692155
1.662116327660185
1.6451933660806723
1.6279119302897123
1.6102955653057998
1.5923699834387004
1.5741628953735007
1.5557038025179422
1.5370237547045327
1.5181550786718672
1.499131083843814
1.4799857527065499
1.4607534235023638
1.4414684729966272
1.4221650067428906
1.4028765636129052
1.3836358404391522
1.3644744415181922
1.3454226565304699
1.3265092692290459
1.3077613981077454
1.2892043692332429
1.2708616205516516
1.2527546362751574
1.2349029094190407
1.2173239301822298
1.2000331976256267
1.1830442519781903
1.1663687248671655
1.1500164048040755
1.1339953153437488
1.1183118034553339
1.1029706357913966
1.0879751007060405
1.0733271140503866
1.059027326959537
1.0450752340362863
1.031469280530297
1.018206967304421
1.0052849525693892
0.992699149551326
0.9804448194307747
0.9685166590547158
0.9569088830723602
0.9456153002799282
0.9346293840781272
0.9239443370483198
0.9135531497395373
0.9034486538291133
0.8936235698757714
0.8840705499266086
0.8747822152700924
0.8657511896472389
0.8569701282441993
0.8484317427928816
0.8401288231034537
0.8320542553447647
0.824201037377115
0.8165622914273339
0.8091312743796474
0.8019013859381349
0.7948661748981294
0.7880193437453894
0.7813547517834534
0.774866416971743
0.768548516639766
0.7623953872265029
0.7564015231786779
0.7505615751273307
0.7448703474488033
0.7393227953040483
0.7339140212389433
0.7286392714180873
0.7234939315552416
0.718473522595193
0.713573696194203
0.7087902300393679
0.7041190230410952
0.6995560904273632
0.6950975587635094
0.6907396609168839
0.6864787309817464
0.6823111991762562
0.6782335867202506
0.6742425006996853
0.6703346289210578
0.6665067347569071
0.6627556519813793
0.6590782795930865
0.6554715766207708
0.6519325569058266
0.6484582838544057
0.6450458651505772
0.6416924474209952
0.6383952108405351
0.6351513636675631
0.6319581366967811
0.6288127776170798
0.6257125452613812
0.6226547037352865
0.6196365164112996
0.6166552397756342
0.6137081171151378
0.6107923720326908
0.6079052017807359
0.6050437704042866
0.6022052016870931
0.5993865718976082
0.596584902335145
0.5937971516813257
0.5910202081676464
0.588250881577018
0.5854858951055443
0.5827218771208796
0.5799553528653997
0.5771827361664091
0.5744003212318706
0.5716042746289172
0.5687906275639236
0.5659552686072599
0.5630939370332164
0.5602022169759265
0.5572755326353572
0.5543091448033213
0.5512981490174971
0.5482374756909371
0.5451218926043976
0.5419460101876519
0.5387042900518412
0.5353910572655463
0.5320005168896929
0.5285267752972517
0.5249638667989542
0.5213057860716155
0.5175465268364117
0.5136801271559459
0.5097007216067027
0.5056026004338233
0.5013802756055468
0.4970285534544455
0.4925426133235971
0.4879180913328596
0.4831511680519988
0.4782386585259003
0.4731781027588828
0.467967854450159
0.46260716550350156
0.4570962636353294
0.4514364203004775
0.44563000616499143
0.43968053149661784
0.4335926691251033
0.4273722580456911
0.42102628628963856
0.41456285234368623
0.4079911051350524
0.4013211633704302
0.39456401578269606
0.3877314045520845
0.3808356947868372
0.3738897334353401
0.366906701330624
0.3598999622235204
0.3528829126398792
0.34586883620936476
0.33887076577843706
0.3319013561663813
0.324972769884267
0.3180965775482655
0.3112836741158542
0.30454421148792593
0.29788754747835694
0.291322210675529
0.2848558803213695
0.27849538001967766
0.2722466838580936
0.26611493338327313
0.2601044637992407
0.25421883775449594
0.24846088513286363
0.24283274735452748
0.23733592481568766
0.2319713262373492
0.2267393188466672
0.2216397784703345
0.21667213877255354
0.21183543901554674
0.20712836985501673
0.20254931680440827
0.1980964011091349
0.1937675178647995
0.18956037129219974
0.1854725071472678
0.18150134229712073
0.1776441915353016
0.17389829174135507
0.17026082351342733
0.16672893041886763
0.1632997360180215
0.15997035882161872
0.15673792534335373
0.15359958140728844
0.15055250186527874
0.14759389887342098
0.14472102886900082
0.1419311983810771
0.13922176879897794
0.1365901602139273
0.13403385443994587
0.13155039731129015
0.12913740034510088
0.12679254184973082
0.12451356755147058
0.12229829080513493
0.12014459244720607
0.1180504203439951
0.11601378868153979
0.11403277703870127
0.11210552928015294
0.11023025230160828
0.10840521465572574
0.10662874508359298
0.10489923097353127
0.10321511676612508
0.10157490232184811
0.09997714126540509
0.09842043931891394
0.09690345263426788
0.09542488613346477
0.09398349186430101
0.09257806737761735
0.09120745413121674
0.0898705359246463
0.08856623736821649
0.08729352238893147
0.0860513927753803
0.08483888676311932
0.08365507766161105
0.08249907252339464
0.08137001085583062
0.08026706337547242
0.07918943080488412
0.07813634271151233
0.07710705638806006
0.07610085577366935
0.0751170504151022
0.0741549744670252
0.0732139857304292
0.07229346472815547
0.07139281381647263
0.07051145633160384
0.06964883577010245
0.06880441500195254
0.06797767551528251
0.06716811669157166
0.06637525511025565
0.06559862388163977
0.06483777200705447
0.0640922637652105
0.06336167812372873
0.06264560817485541
0.061943660594393185
0.06125545512291149
0.06058062406832716
0.059918811828978014
0.059269674436338675
0.05863287911656206
0.058008103870056574
0.057395037068338046
0.056793377067429984
0.056202831837102694
0.055623118605284655
0.055053963516993584
0.05449510130716656
0.05394627498679642
0.05340723554179957
0.05287774164407243
0.05235755937421046
0.05184646195538912
0.051344229497927295
0.050850648754074385
0.05036551288258125
0.04988862122263674
